0000407
0001222
0003026
0004191
0005006
0006810
0007858
0005122
0000873
-000699
0000000
0000523
0000523
-000117
-001281
-002329
-003202
-004075
-004890
-005356
-005589
-006054
-005763
-002445
0001338
0001164
-001514
-002736
-002096
-000175
0002095
0003085
0002677
0001280
0000174
0001280
0003434
0003725
0002735
0002328
0002270
0001688
0001164
0001571
0002270
0001862
0000873
0000582
0000931
0001920
0002677
0001629
-000059
-000350
0000756
0002794
0003900
0001222
-002678
-002620
0000000
0001047
0000814
0000873
0001047
0000989
0000814
0000523
0000349
0000407
0000407
-000233
-000990
-001107
-000175
0002153
0004016
0002095
-001863
-004017
-003842
-001747
0000931
0002270
0002212
0001862
0001629
0002794
0002561
-003901
-012807
-017056
-016416
-013913
-010187
-005880
-002213
0000232
0000698
-000874
-002969
-003144
-001630
0000640
0002270
0001397
-000583
-000408
0000931
0000582
-000350
0000640
0002444
0002677
0001688
0001047
0001047
0001979
0003085
0002561
0001571
0002794
0004889
0005122
0003609
0001280
-000059
0002212
0006461
0009313
0009488
0006403
0002619
0003492
0005995
0002968
-002329
-002387
0000873
0002037
0001513
0001164
0001106
0001280
0001338
0000349
-000815
-000350
0000698
0000058
-001514
-002154
-001921
-001572
-000815
0000814
0002095
0000756
-001689
-002213
-000990
0000523
0001397
0000291
-001281
0000058
0002328
0001106
-001747
-001980
-000583
-000524
-000932
0000232
0002037
0002328
0001804
0002794
0003900
0002212
0000174
0002677
0007043
0007392
0004947
0003725
0004016
0005180
0006403
0006228
0005006
0003725
0003026
0003725
0004947
0005355
0004249
0000989
-002154
-000874
0001688
-001689
-007219
-006637
-002620
-001921
-004017
-006113
-007393
-007219
-005705
-003493
-001398
-000233
-000117
-000059
-000292
-001456
-002736
-002678
-001980
-002387
-002969
-001747
0000756
0003434
0005413
0006228
0005355
0002328
-000757
0000116
0002910
0002503
0001164
0004365
0008789
0007625
0002910
-000059
-000815
-000699
0000174
0001688
0002270
-000350
-003842
-003493
-000699
0000407
0000232
0000582
0000756
-000524
-002504
-003842
-004425
-005007
-005298
-004716
-003435
-001747
-000233
0000116
-000233
0000174
0000989
0001280
0001280
0001746
0002735
0004482
0005762
0004365
0002212
0003143
0005471
0004773
0002677
0003085
0004831
0004889
0003143
0000291
-002154
-001921
0000232
0002328
0003026
0000582
-002969
-004017
-002562
0000058
0002270
0002619
-000641
-009605
-019094
-020724
-016300
-012632
-009489
-004017
0001455
0004424
0003841
-000990
-006113
-005239
-000583
0001629
0001804
0002794
0003492
0002212
0000291
0000640
0002503
0003667
0003900
0003550
0003143
0003725
0004831
0005006
0004831
0005995
0007392
0007159
0005588
0003958
0002561
0001513
0000756
-000175
-000874
-000699
0000058
0001106
0001862
0001688
0000698
-001339
-002678
-000408
0002852
0001746
-001630
-001863
-000233
-000292
-001048
0000232
0002328
0002386
0001280
0001455
0001920
-000059
-002154
0000058
0003958
0004074
0001688
0000582
0001164
0002561
0004424
0005704
0006228
0006519
0006170
0004715
0002852
0001862
0001571
0000873
0000465
0001862
0003376
0001629
-001630
-002504
-001805
-002329
-003377
-003260
-002562
-002445
-002445
-001339
0000058
-000059
-001048
-001339
-001107
-001223
-001165
0000232
0001629
0000349
-002154
-002795
-001921
-001281
-000874
-000408
-000059
-000292
-000583
0000058
0001338
0002677
0003376
0002328
0000640
0000640
0001920
0002852
0003026
0002037
0001164
0003085
0005937
0005646
0003725
0004365
0005530
0002619
-001456
-000524
0002852
0002386
-000233
-000350
0000931
0000698
-000757
-001863
-002795
-004308
-005763
-005996
-005647
-006229
-006811
-005065
-002678
-003086
-005239
-006171
-005996
-005647
-005181
-004657
-004366
-004483
-004774
-004890
-004017
-000466
0003434
0003783
0001746
0000931
0001455
0002619
0003900
0004715
0005006
0005413
0005180
0003085
0000931
0002037
0004715
0004947
0003085
0001222
-000292
-001572
-002154
-002213
-001747
-000815
-000233
-001514
-003260
-002620
-000466
0000989
0001746
0002677
0002794
0000407
-002736
-003610
-002678
-002329
-002620
-001921
-003493
-013622
-024973
-024682
-016358
-010944
-008732
-006928
-005239
-002096
0000989
0001455
0000000
-001456
-001689
0000698
0003725
0003434
0001222
0001106
0001862
0000174
-002038
-000583
0002561
0002968
0001222
-000292
-000583
0001629
0004482
0004656
0002852
0001920
0001455
-000350
-002096
-001689
0000116
0000873
0001106
0002386
0003434
0001979
-000641
-001514
-001456
-003202
-004890
-003377
0000174
0003026
0004656
0005588
0005355
0003900
0002037
0000814
0000407
0000698
0001164
0000698
-000233
-000524
-000292
-000059
-000466
-002562
-005414
-007451
-008034
-007044
-005181
-004133
-003260
-000466
0002444
0002037
0000058
0000989
0003026
0002153
-000524
-002154
-002562
-002678
-001921
0000931
0003201
0000174
-004832
-005007
-001805
0000291
0000640
-000699
-002329
-002096
-000175
0002444
0004307
0003143
0000931
0001979
0005006
0006403
0006636
0007800
0008498
0006577
0003376
0001397
0000873
0001047
0000931
-001223
-004075
-004774
-004075
-004192
-004599
-003901
-002271
0000116
0001513
-000815
-005007
-006811
-006578
-006404
-005938
-004425
-002154
0000232
0001979
0002619
0001688
-001339
-004308
-003493
-000233
0001804
0002328
0001979
0001513
0002270
0004132
0007043
0008789
0006286
0001862
0000116
0001047
0002968
0005006
0005762
0005821
0006927
0007858
0005937
0003143
0003259
0004947
0004191
0002386
0003085
0004482
0002503
-000815
-001165
0000116
-000815
-002620
-002096
-000757
-002271
-004890
-004832
-002969
-001689
-001572
-002620
-004133
-005356
-004948
-001339
0002852
0002852
0000116
-000990
-000641
-000292
0000000
0000058
0000000
0000058
0000465
0001280
0002444
0003725
0005006
0006636
0006985
0003201
-001398
-000059
0003026
-001398
-009955
-015019
-015892
-014611
-011584
-008150
-004599
-000117
0003318
0003492
0001338
-000874
-001747
0000407
0003550
0003783
0001571
-001048
-003144
-004133
-003668
-001921
0000000
0000058
-000815
-000059
0001280
0001106
-000524
-003319
-004890
-001805
0003259
0004482
0002852
0002212
0002677
0003667
0004307
0003143
0001338
0001397
0002794
0003900
0004656
0005297
0005297
0003725
0001746
0001571
0002328
0001629
0000349
0000058
0000698
0001571
0002386
0002794
0003201
0004715
0006519
0007043
0006053
0003492
0000756
-000408
0000349
0002503
0004540
0004074
0001862
0000000
-001223
-002213
-001863
0001920
0006053
0005413
0001688
-000408
-000175
0001979
0004715
0005879
0005180
0002561
0001047
0005879
0012573
0012107
0006694
0002852
0001397
0001571
0002386
0001920
0000116
-002620
-004425
-002096
0001804
0002212
-000408
-003610
-005647
-004657
-001630
0000523
0001164
0000814
-000583
-002736
-004250
-003610
-001747
-000815
-001514
-003901
-006404
-006229
-003784
-000874
0001688
0003609
0004307
0003085
0001455
0002153
0004074
0004307
0003841
0005122
0006927
0007043
0005413
0002153
-000583
0000814
0003841
0002561
0000000
0002910
0007916
0008149
0004016
-002213
-006695
-003901
0002153
0002270
-001747
-004133
-004133
-002038
0000523
0000465
-001398
-002213
-002387
-003319
-004832
-006986
-007917
-004483
0000291
0000523
-001689
-000350
0001920
-000757
-005239
-005414
-001805
0002794
0006461
0007451
0005995
0004191
0002444
0000756
0000058
0001280
0003492
0004889
0005238
0005238
0004656
0003085
0001397
0000814
0001513
0003318
0005064
0005122
0004132
0004132
0004482
0003201
0001455
0002037
0003318
0002153
-000466
-001398
-003027
-010595
-019385
-021480
-017755
-012690
-008558
-007917
-008325
-003784
0001804
0000698
-004774
-008092
-008441
-006986
-004075
-000815
0001804
0003259
0003434
0002910
0002619
0004191
0006112
0005530
0004016
0005180
0007625
0008091
0006752
0005064
0003667
0003143
0003376
0003318
0003318
0004307
0005180
0003900
0001571
0000756
0001106
0000931
0000931
0002503
0004016
0002328
-000699
-001107
0000174
0000232
-000815
-002445
-003551
-002562
-000583
0000000
-000350
0000116
0000814
0000582
-000466
-002154
-003144
-001630
0001280
0002503
0002794
0005064
0007043
0004598
0000174
-000932
0000523
0001804
0002328
0001455
0000232
0000989
0002910
0003958
0003609
0001979
-000175
-001456
-001805
-001921
-001107
0001688
0005064
0006694
0006228
0004307
0001455
-002213
-004599
-003202
0000174
0001804
0001629
0001047
0000582
0001106
0001979
0001513
0000698
0001688
0003434
0003259
0002212
0003201
0004365
0001455
-002271
-000990
0003667
0007101
0008265
0006985
0004598
0003958
0004831
0006053
0006286
0003900
0000407
-000990
-000699
-000757
-001165
-002096
-002853
-002213
-001048
-000757
-001630
-003260
-004716
-004599
-003551
-003144
-003784
-005472
-007510
-008965
-009081
-007102
-003901
-000874
0000582
-000990
-003842
-004599
-003610
-003027
-002736
-002329
-002038
-002213
-001980
0000116
0002794
0003318
0002212
0001280
0001106
0002794
0004773
0004540
0002735
0001397
0000582
-000932
-001572
0001338
0004656
0002677
-002213
-004017
-003086
-002213
-001165
0001280
0003085
0001222
-002504
-004250
-004716
-007219
-009140
-005298
0000349
-000233
-004948
-007684
-008266
-008383
-007277
-003319
0000698
0000407
-002445
-003144
-001980
-000175
-000233
-006113
-014379
-018686
-019035
-018919
-017289
-012167
-005414
0000174
0002910
0001979
-000932
-002387
-001689
0001106
0003550
0000814
-003668
-002678
0001688
0003783
0003550
0002444
0001746
0003725
0006053
0003492
-001281
-002562
-000990
0000640
0001280
-000350
-003027
-004017
-003668
-003726
-003784
-003260
-002329
-001107
-000466
-001398
-003377
-005647
-006986
-005880
-003726
-003842
-005356
-006229
-005472
-002096
0001571
0001280
-001456
-002562
-002154
-001630
-000815
0000698
0002212
0003143
0002677
-000117
-002969
-002154
0000989
0002735
0002561
0000640
-001223
0000232
0003376
0004424
0003026
-000583
-004075
-003668
-000699
0000989
0001106
0000465
-000641
-001863
-002213
-000466
0002212
0003550
0003259
0001862
-000233
-002853
-004308
-001921
0001804
0001746
-000466
-000059
0002037
0003550
0004016
0003609
0002735
0002328
0002037
0000640
-000641
0000407
0002212
0001397
-000815
-001805
-001456
-000408
0000698
0000698
-000233
-001514
-001863
0001571
0004656
-000874
-008907
-007510
0000058
0004831
0005588
0003550
-000292
-003726
-005763
-006404
-005472
-003610
-001630
-000233
-000233
-002213
-004599
-004832
-003260
-002271
-000874
0003434
0007625
0006577
0002270
-000466
-000292
0003667
0008149
0006694
0002561
0003667
0007451
0007509
0004656
0001629
-000408
0000000
0001280
-000350
-003086
-002620
-000815
-002096
-004483
-003610
-000990
0000058
-000699
-002911
-004832
-003842
-001165
0000465
0000058
-003202
-006811
-006287
-003144
-001921
-002096
-001107
0000116
-000175
-001339
-001747
-001514
-001456
-001223
-000292
0001397
0004365
0006868
0006461
0004016
0002037
0001164
0001338
0002386
0003841
0004656
0004540
0001862
-005763
-014088
-016067
-013156
-011293
-010129
-007568
-004657
-002853
-002387
-002504
-002911
-002853
-002562
-002969
-003435
-002620
-000990
0000582
0001222
0000174
-001339
-000757
0000989
0001106
0000582
0001455
0002910
0002794
0002037
0002968
0004365
0003259
0001338
0001688
0003492
0004598
0004715
0003841
0003201
0004831
0006985
0005995
0003434
0003318
0004656
0004715
0004365
0006170
0007858
0005180
0000640
-000583
0000873
0001862
0001746
0000116
-001630
-001107
0001106
0003085
0004016
0002852
0000989
0001455
0002386
-000757
-005356
-006404
-004483
-002271
-000583
-000292
-000583
0000349
0002212
0004191
0005064
0003085
0000116
-000117
0001804
0003609
0004540
0003492
0001804
0002095
0003434
0003318
0002212
0001455
0001047
0000349
0000232
0002037
0004249
0004249
0002619
0001688
0001338
0000582
0000232
0001280
0002852
0003026
0002153
0001222
0000640
0000523
0000698
0000698
0000407
-000408
-000874
0000931
0003026
0001571
-001630
-002387
-001514
-002038
-002620
-000117
0003085
0002677
0000174
-000874
-000059
0002444
0004831
0003958
0001688
0002270
0004424
0004656
0003550
0002735
0003026
0005588
0007858
0004947
-000350
-002213
-001398
-001281
-001863
-002678
-003319
-003435
-002678
-001048
0000931
0002968
0003783
0002095
-000350
-000117
0001571
0001397
-000641
-004133
-006811
-005531
-002271
-001863
-003377
-003784
-003493
-003726
-004017
-003551
-002445
-000874
0000523
0001164
0001280
0002270
0003259
0002503
0001979
0005995
0010652
0008615
0002677
-000583
-000699
0001222
0003434
0002968
0000931
0000989
0002153
0002212
0001047
-001456
-003260
-000699
0003026
0001688
-002445
-003551
-002154
-001339
-001456
-001572
-004133
-013447
-023285
-022994
-016241
-014146
-014379
-009955
-003842
-001805
-003086
-004017
-004425
-004890
-004308
-000641
0003550
0003318
0000756
0001047
0003259
0004132
0004132
0004540
0005006
0004889
0004249
0003143
0002735
0005122
0007974
0007101
0003667
0000989
0000407
0003259
0006694
0004831
0000523
0000000
0002444
0004191
0004656
0003725
0001571
-001223
-003493
-003901
-002620
-001048
0000174
0000407
-000175
-001048
-001747
-001398
-000815
-001863
-003086
-001863
0001164
0004424
0006053
0003667
-000117
-000292
0002386
0004656
0005995
0006810
0006403
0004132
0001513
0001455
0002852
0002619
0001338
0001222
0001804
0002328
0002328
0001397
0000291
0000640
0001979
0002794
0003201
0003900
0004132
0002852
0000640
-001514
-002911
-003551
-002620
0001280
0004715
0001280
-004657
-003668
0001513
0003609
0002619
0000989
-000641
-001630
-001572
-000583
0000756
0001629
0001455
-000524
-002154
0000174
0004540
0006636
0006112
0003958
0001629
0001629
0002735
0001571
-000524
-000874
0000523
0003143
0004773
0001571
-003319
-003610
-000932
-000466
-001747
-002911
-003027
-000524
0002503
0001920
-000524
-000175
0001455
0000116
-002213
-000641
0002037
-000292
-004541
-003668
-000117
-000233
-002445
-002678
-001048
0001047
0002619
0002095
0000698
0001222
0002444
0001164
-000815
0000232
0002794
0003201
0002386
0003201
0004540
0004365
0002852
0000989
-000292
0000232
0001746
0002794
0002270
-001223
-005181
-005356
-002911
-001980
-002038
-000699
0000698
-000292
-002329
-001863
-000583
-002213
-004890
-004948
-003027
-001456
-000466
0000349
0000232
-002562
-005181
-002620
0001862
0001106
-002562
-003027
-001165
0000407
0000058
-003784
-009838
-015834
-019210
-018046
-013273
-007626
-003086
-001456
-001456
0000989
0003667
0001804
-001630
-000292
0003725
0005355
0004424
0002386
0000291
-000117
0000465
-000408
-001456
0000582
0003376
0002444
-000757
-002445
-002329
-001165
0000349
0000756
-000175
-002445
-004425
-003726
-001514
-000815
-001223
-000932
-000874
-003319
-006229
-005938
-003610
-002387
-001980
-000815
0000349
0000058
-000815
-000408
0000873
0001979
0002968
0004540
0005879
0005879
0004656
0003143
0001513
-000233
-001456
-001281
0000000
0001338
0002677
0004540
0005995
0005879
0004715
0004074
0003609
0001862
0000407
0001979
0004132
0001746
-002678
-003610
-002213
-002562
-003726
-003144
-001514
-000641
-000408
0000349
0000523
-001747
-004308
-002911
0000407
0000698
-000699
-000117
0001455
0001455
0000582
0001338
0002037
-001048
-004832
-003260
0000873
0000640
-002154
-002562
-000874
0001746
0002910
-001223
-007219
-008325
-005356
-002096
0000523
0002037
0002153
0001222
0000000
-000699
-000757
-000874
-001048
-001514
-002154
-002445
-002271
-001630
-000641
0000989
0001862
0000058
-002620
-002562
-000874
-000874
-001921
-002329
-002038
-001107
-000583
-002387
-004541
-003551
-000292
0002794
0004249
0002444
-000292
0001106
0004074
0002328
-001398
-000524
0002270
0000291
-003842
-004366
-002154
-000059
0001280
0001746
0001106
-000757
-002911
-004483
-004774
-003144
-001398
-003377
-006113
-003027
0001804
-000583
-006113
-005472
-001223
0000058
-001281
-002620
-003435
-003202
-002038
-000583
0000349
-000874
-002096
0000989
0005180
0004365
0000523
-001107
-000175
0002270
0004947
0006053
0004889
0001106
-002736
-001514
0000931
-003493
-011643
-016823
-017871
-015601
-011235
-007451
-004832
-002678
-001223
0000000
0000698
0000349
-000292
0000582
0001746
0001047
-001165
-003668
-005123
-003842
-001281
-000583
-001281
-001456
-001165
-000874
-000583
-000524
-000408
0000640
0001513
-000466
-002038
0003259
0010361
0008964
0003143
0003085
0006577
0007276
0005762
0004365
0003725
0004365
0005530
0005530
0004831
0005180
0005762
0004889
0003434
0003841
0004365
0001804
-002387
-004832
-005239
-004890
-003202
0001338
0005530
0004773
0000756
-001689
-002562
-003377
-004250
-005531
-006229
-004483
-001630
-000292
-000059
0001280
0002212
-000292
-004133
-005589
-004425
-002154
0000291
0001862
0001804
-000641
-003319
-002620
0000291
0002153
0002910
0003434
0003667
0003783
0003725
0003492
0003318
0004016
0004540
0002968
0000232
-001456
-002096
-003027
-002853
0001047
0005646
0005413
0002212
0001338
0002153
0002037
0001164
0000116
-000815
-001048
-001165
-002620
-004308
-004250
-002911
-001921
-001514
-001398
-001456
-001339
-000699
0001164
0003026
0002677
0001222
0001106
0001804
0001804
0001397
0001338
0001862
0003492
0004831
0003609
0001397
0001688
0003085
0002270
0000349
-000175
0000582
0001979
0002968
0002328
0000582
-000932
-001805
-002038
-001747
-001863
-001398
0002153
0005762
0004598
0000407
-002271
-003086
-003493
-003260
-002271
-000990
0000058
0000523
0000698
0000465
-000524
-001398
-000815
0000582
0000989
0000989
0002212
0003841
0004598
0004365
0003376
0002444
0003026
0003667
0001397
-001689
-001223
0001629
0003667
0003783
0000873
-002445
-001223
0002153
0001571
-000932
-000117
0002386
0002561
0000931
-000641
-001572
-000990
-000757
-003901
-009722
-016882
-021888
-020200
-014495
-011701
-010770
-007743
-003668
0000116
0001862
-000874
-004774
-003551
0000931
0003725
0004598
0004947
0004831
0004947
0004947
0004016
0002852
0002794
0003667
0004540
0005530
0006985
0008265
0008382
0007451
0006112
0004947
0004889
0005064
0003550
0001106
-000932
-001572
-000175
0002386
0004482
0004656
0001338
-002620
-001689
0001862
0002503
0000756
-000932
-002038
-002620
-002678
-002678
-002445
-001281
-000292
-000932
-002562
-003784
-003435
0000174
0004132
0003434
0000116
-001048
0000465
0004132
0007858
0008557
0006927
0006112
0005530
0003259
0001164
0002910
0005821
0004715
0001164
-000117
0000174
-000990
-002271
-001456
0000756
0002619
0003550
0003434
0002677
0002677
0002619
0000640
-001921
-002911
-002154
0000116
0001979
0000291
-003086
-004192
-002969
-000699
0001106
0000232
-002387
-004133
-004483
-003377
-001921
-002154
-002969
-001107
0001164
-000932
-004425
-002736
0001397
0001571
-000641
-000815
0000756
0002561
0003841
0003667
0002677
0002503
0002910
0003143
0003376
0003841
0004191
0004191
0003318
0000349
-002154
0000349
0004889
0004947
0001746
-000117
-000932
-002329
-003435
-002445
-001048
-002620
-005356
-005298
-003842
-004948
-006869
-005880
-003260
-002678
-002969
-001107
0001571
0002386
0001862
0001862
0002852
0005530
0007625
0004831
0000232
0000465
0002968
0001455
-002213
-003610
-002562
-000117
0002444
0003201
0002619
0002794
0002968
0001629
-000815
-003784
-005414
-002969
0001280
0002503
0001222
0000349
-000292
-002154
-003726
-002911
-000408
0001920
0002968
0001513
-000641
0000756
0003259
0001455
-002387
-002853
-000641
0001629
0003026
0003609
0001222
-007626
-017115
-016940
-010944
-009838
-011410
-008790
-003726
-000350
0001280
0002968
0003609
0001455
-001107
0000407
0004016
0004831
0003550
0002968
0002910
0002619
0001571
-000699
-003435
-005414
-005938
-004716
-002387
-000350
0000698
0000465
-000641
-001805
-002271
-001107
0000756
0001688
0001629
0001397
0000873
0000291
-000524
-001980
-003144
-002853
-001339
0000989
0002561
0001629
-000583
-001398
-000175
0003376
0006694
0005122
0001688
0003725
0007974
0007334
0003900
0003434
0004424
0002444
-000350
0000582
0003376
0003667
0001920
-000175
-001456
-000292
0001571
0000640
-001689
-002154
-001165
-000524
-000292
0000058
0000232
0000116
-000524
-002387
-004017
-002736
-000292
-000641
-002387
-002504
-000874
0002328
0004540
0001222
-004192
-004366
-001456
-001747
-003319
-001281
0001862
0000756
-002213
-001689
0001455
0004540
0006461
0006344
0004365
0001338
-000757
0001280
0004656
0002968
-000466
0001920
0006752
0006403
0002444
-000175
-001048
-000990
-000233
0000582
0000873
-000059
-001048
0000291
0002212
0001106
-001805
-003319
-003493
-003319
-003610
-005705
-007859
-006811
-003959
-002620
-002795
-002911
-002969
-003377
-003260
-001281
0000931
0000349
-001572
-001514
0000058
0001455
0001862
0000349
-001805
-002154
-000932
0000349
0001571
0002910
0003667
0002852
0001280
0000640
0001164
0002735
0003958
0002619
-000524
-004075
-006113
-004192
-000932
-001805
-005298
-007044
-006695
-004832
-003027
-003842
-006345
-008441
-008558
-005181
-000815
-000408
-002795
-004425
-004250
-001398
0001746
0000523
-002853
-003435
-001281
0002212
0005122
0004715
0002677
0003667
0005471
0003026
-001165
-001398
0000232
-001165
-005531
-011643
-016707
-017522
-014146
-008266
-002911
-001805
-003551
-003610
-002678
-003901
-005123
-002445
0001746
0003085
0001222
-003027
-006637
-005065
-000117
0004016
0005006
0000640
-005123
-004366
0000291
0001455
0000407
0001804
0004191
0004540
0003783
0004307
0005006
0003318
0001047
0001106
0003259
0006636
0009080
0007625
0004191
0003026
0003958
0005413
0006344
0005530
0003259
0000291
-001921
-001689
-000292
-000815
-002271
-002329
-001339
-000466
0000232
0001047
0001571
0001513
0000814
-000408
-001398
-000815
0000349
-000059
-001747
-003726
-005414
-006404
-006404
-005938
-004483
-000583
0002619
-000117
-005298
-005356
-001398
0002561
0004715
0003318
0000349
0000174
0001920
0002212
0001979
0003609
0005530
0004947
0002561
0000232
-000350
0003609
0008265
0006810
0001397
-001863
-002213
-000292
0002561
0003434
0002503
0001106
-000175
-000408
-000350
-002096
-004192
-004017
-002329
-001398
-001747
-003551
-005647
-006229
-005007
-001980
0000814
0000000
-002620
-002678
-001107
-000350
-000699
-002038
-002678
0000232
0004889
0007567
0008033
0007742
0006752
0004773
0002852
0002095
0002503
0003434
0003841
0002153
-000408
-001048
-000350
-000175
-000059
0001746
0003550
0002270
-000292
-000059
0001571
0000931
-000932
-001630
-001281
-001223
-001107
0000000
0000989
0000407
-001107
-002096
-001980
-000059
0001862
0000640
-002329
-004017
-004308
-004308
-004192
-004774
-005123
-003202
-000874
-001456
-003493
-003493
-001921
-000641
0000232
0001047
0001688
0001862
0001746
0001920
0001862
0000873
-000175
0000523
0001920
0001746
0000116
-002620
-004017
-000350
0005006
0005122
0002212
0002677
0004947
0005122
0003085
0000058
-004716
-012982
-020724
-022412
-018628
-012982
-007975
-007102
-008034
-004366
0000814
0000931
-001863
-002329
-000990
-000583
-000815
-000815
-000583
-000408
0000058
0001280
0002910
0004482
0005064
0003201
0001164
0003550
0007683
0007974
0005355
0003318
0002153
0001280
0001164
0002270
0003609
0003667
0002270
-000059
-002271
-002678
-001689
-000990
-000699
-000117
0000000
-001689
-003901
-004948
-004192
-001514
0001513
0002037
0001106
0001804
0003376
0003841
0003318
0002619
0001862
0001222
0000349
-001863
-003901
-003610
-001456
0000698
0001862
0000698
-001048
0000000
0002910
0005355
0006461
0005821
0003841
0001571
-000059
-000117
0000931
0001513
0001688
0001979
0002037
0001047
-000175
-000117
0000407
-000815
-003027
-004366
-004832
-005065
-004483
-002387
-000059
0000000
-001048
-000292
0001222
0001164
-000117
-001572
-002213
-000583
0001222
-001281
-004716
-001689
0004132
0004365
0001222
0000931
0002852
0004307
0005180
0006170
0006636
0006112
0005006
0004249
0003609
0001862
0000523
0002153
0004947
0005006
0002852
0000640
-000815
-000583
0000407
0000000
-001398
-002736
-003377
-002562
-001398
-002387
-004017
-002853
-000583
-001048
-003086
-003726
-003027
-001805
-001107
-003202
-005763
-004075
-000583
-000874
-002795
-000990
0002212
0001746
-000874
-001339
-000233
0000349
0000640
0001047
0001688
0003201
0004773
0005413
0004889
0003201
0001455
0001164
0001862
0001629
0000931
0001106
0001804
0002212
0002270
0002386
0002037
0000116
-001863
-001630
0000291
0002270
0002968
0000814
-002329
-002678
-001107
-000815
-001339
-000990
-000641
-002038
-003784
-002795
-000233
0000989
0001338
0002677
0003259
0000291
-005589
-013214
-019152
-019734
-015776
-010828
-006171
-002271
-000175
-000641
-002038
-001456
0000582
0002270
0002735
0001047
-001747
-003610
-004075
-003377
-001805
0000582
0002386
0001746
0000000
-000117
0001280
0003434
0004831
0003259
0000407
0000000
0001688
0003725
0004831
0003201
0000232
-000874
-000524
-000699
-000990
-000408
0000000
-001980
-004366
-003551
-000641
0001397
0002037
0001455
0000756
0002095
0004249
0004074
0003318
0006053
0009371
0007916
0003201
-000932
-002911
-001630
0000989
0000931
-000990
-001921
-001514
-000117
0001455
0001979
0001513
0000698
-000583
-003260
-005472
-005065
-002038
0002677
0006286
0005064
0000814
-001572
-001921
-001863
-001630
-001980
-002562
-002096
-001398
-001747
-002678
-003202
-002853
-001398
0000814
0003085
0004249
0002852
0000640
0001106
0003259
0004132
0003900
0003900
0003725
0002852
0002095
0002561
0004132
0006636
0008207
0006461
0002794
0000174
-000583
0000174
0001513
0001571
0000349
-001514
-002969
-002445
-000990
-000874
-002038
-003377
-004425
-004716
-004541
-004716
-005007
-004308
-003435
-003842
-004948
-005239
-005123
-005705
-006054
-004075
-001980
-003901
-007044
-005007
-000583
-000874
-003027
0000174
0005355
0005530
0002561
0001920
0002503
0000640
-001747
-001107
0001513
0002910
0002968
0002212
0001222
0001106
0001164
0000000
-001980
-003959
-004774
-003202
-000233
0002153
0003318
0003318
0002677
0002619
0002677
0001338
-000874
-002969
-004541
-005414
-005938
-007743
-009198
-007219
-003784
-002795
-003959
-005531
-006229
-004075
-000699
0000814
0000523
-000466
-001107
0000407
0002503
0001513
-000874
-001048
0000640
0002619
0003143
0000174
-005356
-011352
-015485
-015485
-012283
-008849
-006229
-005007
-004716
-003493
-001980
-001514
-001805
-001805
-001630
-001398
-001572
-003027
-004541
-004366
-002969
-001689
-000815
-000350
-000117
0000291
0000698
0000640
0000523
0001106
0002270
0004132
0004715
0001164
-003842
-005531
-003377
0001804
0006461
0004889
0000523
0001804
0005821
0005238
0001513
-001689
-002678
0000349
0004540
0004482
0001455
-000524
-000641
0001222
0003143
0001222
-002154
-002154
0000407
0002677
0003667
0002852
0000814
-001107
-002213
-002445
-001805
-000466
0000116
-002678
-006404
-006520
-003901
-001223
0000407
0000174
-000874
-000175
0001280
0000814
-000466
0000058
0001280
0000756
-000175
0001862
0005122
0006228
0005530
0004947
0004656
0004947
0005006
0003259
0001106
0001338
0002677
0002328
0000465
-002445
-004366
-002445
0001106
0001513
-000292
-000641
-000350
-001689
-003319
-002853
-001281
-001223
-001863
-000932
0000232
-001223
-003668
-003668
-002096
-000990
-000932
-002271
-003551
-002387
0000349
0002677
0003783
0003492
0002328
0001629
0001629
0002328
0002968
0001629
0000116
0002153
0005530
0005530
0003725
0004249
0005646
0004132
0001571
0001746
0003667
0004540
0004482
0004656
0004482
0002561
0000756
0002328
0005297
0005704
0003725
0001222
-000757
-001339
-000699
-000233
-000408
-001689
-003726
-006287
-007626
-005239
-001805
-002504
-005647
-006695
-005705
-004366
-003144
-002329
-002271
-002969
-003551
-002387
-000583
-000350
-001107
-000874
0000407
0002503
0004249
0003725
0001920
0001164
0001455
0002037
0002968
0004656
0005588
0003550
0000232
-000815
0000058
0000698
0000989
0001106
0001106
0001513
0002037
0002328
0002328
0003201
0001629
-008499
-020549
-022936
-017638
-013273
-010071
-006113
-003144
-002795
-004075
-004599
-004017
-002853
-000815
0002910
0005588
0002735
-002096
-001572
0001920
0001629
-000233
0001746
0005064
0003900
0000756
0001455
0004540
0006053
0006286
0007159
0007916
0006985
0005471
0005588
0006577
0006810
0006170
0005238
0004074
0002444
0001513
0003434
0006170
0005937
0003725
0002619
0002444
0001571
0000989
0002328
0004074
0003492
0001164
-001048
-002213
-001456
0000465
0001804
0002328
0002619
0002968
0004191
0004947
0002968
0000116
0000291
0002561
0004016
0004773
0006170
0006868
0004482
0000814
-000466
0000116
0000174
-000117
0000232
0000873
0001571
0002037
0001979
0001571
0000989
0000407
-000292
-000524
0000698
0002328
0002386
0001106
-000350
-001572
-001980
-002271
-004250
-005763
-002504
0002328
0002328
-000583
-000815
0000349
-000932
-002504
-000175
0003783
0004191
0002270
0001455
0001804
0002561
0003201
0002328
0001280
0002735
0005122
0004715
0003085
0004191
0006344
0005879
0003725
0002561
0002503
0003085
0003841
0003958
0002910
-000292
-003435
-002678
-000059
-000466
-002678
-003377
-002445
-000641
0001164
0001629
0000523
-001747
-004192
-005589
-005531
-004250
-002736
-002678
-003144
-001398
0001222
0001804
0000756
-000583
-001456
-000699
0000698
0000931
0000058
-001048
-001572
-000233
0002095
0003609
0004307
0005180
0006112
0007509
0007625
0003841
-001048
-002038
0000523
0004365
0007043
0005588
0001862
0000989
0001920
0001455
0000407
0001280
0002503
0000989
-001805
-002678
-002445
-003726
-005298
-004541
-002620
-002096
-002678
-003027
-003144
-003610
-004192
-005123
-005123
-002504
0001338
0004598
0004365
-002678
-012574
-017929
-018162
-016416
-013040
-008441
-004133
-001456
-000233
0001455
0002503
0001047
-001048
0000116
0002794
0002561
0000698
0000407
0001164
0001746
0001804
0000989
0000407
0001979
0004191
0004074
0002153
0000058
-001107
-000175
0001746
0002270
0001629
0001280
0001164
0001106
0000582
-001514
-003377
-002038
0001397
0004016
0005238
0005646
0004889
0002561
0000523
0001629
0004074
0003550
0001280
0000640
0001455
0002619
0003026
0000640
-001921
0000582
0004947
0004482
0001164
0000291
0001513
0002328
0003026
0004598
0005471
0002910
-001048
-002445
-001514
-000466
0000582
0001571
0002212
0002503
0002328
0001804
0000931
0000058
-000699
-000874
-000815
-001398
-001921
-000757
0001222
0002386
0002328
0001280
-000292
-001223
-001689
-002445
-002853
-002154
-000292
0002153
0004365
0005355
0005471
0006344
0006752
0004656
0001688
0001397
0002619
0002037
0000640
0000698
0001804
0002852
0002735
-000350
-003784
-002678
0000931
0001862
0000873
0000873
0001164
-000059
-001747
-002096
-001339
-000874
-000641
-000059
-000175
-003260
-006753
-006345
-003319
-001048
-000117
-000117
-001107
-002911
-003901
-001689
0001513
0000931
-001980
-003610
-003377
-001921
0000582
0003609
0005762
0005530
0003609
0001920
0001106
0001455
0001862
0000116
-002213
-001398
0000407
-001630
-004599
-001863
0002968
0002619
-001456
-004948
-006113
-003260
0000756
-000117
-003551
-003842
-001921
-000990
-000757
0000174
0000873
0000116
-001921
-005007
-006986
-004366
-000292
-001689
-005414
-003959
-000175
-000815
-004366
-006695
-007219
-006578
-004541
-001048
0002444
0004540
0004598
0003085
0000523
-002620
-004250
-001107
0002561
-001398
-009605
-013971
-014146
-012807
-010071
-005880
-002387
-002329
-004192
-004133
-002504
-001165
0000232
0002910
0004889
0002794
-000932
-001514
0000349
0001629
0002153
0002677
0002677
0001804
0000174
-001980
-003668
-003144
-001863
-002736
-004657
-004599
-003377
-003027
-003086
-002096
-000815
-000583
-001107
-001514
-001514
-000990
-000059
0001106
0002037
0001688
0001106
0002212
0003900
0003550
0001920
0001338
0001164
-000699
-002736
-002213
-000350
0000116
-000524
-000757
-000466
0000582
0001280
-000233
-002678
-003319
-002154
-000233
0001397
0001746
0000814
-000699
-001863
-000990
0000465
-000815
-003144
-002853
-001107
-000699
-001456
-002620
-003086
-000990
0001920
0002037
0000407
0000349
0001047
0000349
-000466
0000814
0003201
0004715
0004424
0001106
-002562
-001863
0001397
0002561
0001571
-000233
-002154
-002795
-002795
-004017
-005065
-002620
0000756
0000058
-003260
-005123
-005414
-005298
-004716
-003726
-002853
-002795
-003202
-003144
-002445
-000641
0001047
0000873
-000466
-001689
-001863
-000350
0001979
0003143
0003434
0004598
0005006
0001222
-002853
0000174
0006228
0005704
0001571
0001862
0004365
0003026
0000058
0000349
0002561
0003550
0002735
-000175
-003319
-003668
-002213
-001980
-002736
-003668
-003901
-001398
0001106
-001107
-005822
-007510
-006578
-005763
-004774
-002504
-000583
-001398
-003784
-004890
-004599
-003784
-002853
-001921
-002038
-004774
-007219
-004308
0000989
0001688
-000350
0000465
0002561
0001979
0000291
0000989
0003201
0005006
0005471
0004132
0001746
-000233
-000932
0000232
0001920
0001164
-000932
-001514
-001281
-002504
-003726
-002096
0000582
0000407
-001921
-003144
-005298
-013098
-021247
-020665
-014728
-012923
-013447
-010246
-005356
-002853
-003027
-004948
-006462
-004075
0000116
0001106
-000117
-000641
-000233
0000349
0001455
0003550
0005646
0006403
0005879
0004947
0004307
0005180
0006577
0006403
0005297
0005180
0005762
0006577
0006927
0005937
0004889
0007334
0009721
0005180
-001689
-000874
0003783
0002619
-001689
-002562
-000466
0001920
0003376
0002270
0000000
-000233
0000931
0001222
0000989
0001397
0001804
0000640
-000757
-000175
0001280
0000873
-000874
-002620
-003435
-002271
-000059
0000931
0000640
-000175
-001048
-001281
-000932
-000874
-000466
0001106
0003143
0004365
0004365
0003201
0001338
-000874
-001921
0000465
0003900
0003667
0001455
0001688
0003434
0004074
0003492
0002037
0000582
0000582
0001513
0002037
0002153
0002212
0002095
0001804
0001222
0000291
-000757
-001456
-001747
-001980
-002096
-002096
-001980
-001921
-001630
-001107
0000116
0003201
0005646
0003667
-000815
-003668
-004017
-002213
0000349
0000873
-000059
-000466
-000117
0000582
0001455
0002444
0002794
0001804
0000465
0001164
0002794
0002852
0001513
-000583
-002329
-002562
-001572
-000233
0000232
-001980
-004657
-003551
-000292
0001164
0000873
0000349
-000583
-002213
-003959
-004890
-004948
-004366
-003377
-002620
-001980
-001107
-000350
-000233
-000233
0000756
0002561
0004307
0005821
0006868
0007276
0007276
0006461
0003900
0001164
0000698
0002561
0006577
0009604
0006985
0001979
0002270
0005122
0003143
-001281
-002853
-001339
0002270
0005180
0002794
-002445
-004890
-003959
-000117
0003667
0002212
-001630
-001339
0001106
0000407
-002504
-005123
-006345
-005298
-003202
-003086
-003959
-003319
-002271
-002329
-005181
-013564
-021830
-021131
-014379
-010071
-008383
-006869
-004890
-000874
0003259
0004365
0003318
0002677
0002852
0004307
0005355
0002852
-000641
0000000
0003492
0006112
0006985
0005937
0004132
0004249
0005238
0004424
0002852
0003085
0004074
0003201
0001106
-000699
-001339
-000233
0002095
0004540
0005064
0000523
-005356
-005589
-002038
-000874
-001398
-000583
0000174
-001805
-004425
-003610
-000815
0000291
-000059
-000583
-000699
0000232
0002328
0005646
0008382
0007858
0005413
0004540
0004365
0002153
-000059
0001746
0005064
0004947
0002561
0001280
0001338
0002153
0002968
0002444
0001397
0001629
0002677
0003026
0002910
0003550
0003783
0001513
-001107
0000116
0003085
0002968
0000756
-000990
-001572
-000408
0001397
0001513
0000291
-001107
-002329
-003493
-004017
-003086
-001514
-001048
-000815
0001862
0005064
0005238
0003550
0003550
0003900
0001513
-001980
-003144
-002445
-001805
-001281
-000466
-000117
-001048
-002504
-003144
-002445
-000292
0002212
0002968
0002735
0003958
0005297
0004132
0001571
0000232
-000175
-000932
-002271
-004774
-006462
-004075
0000000
0000931
-000815
-002969
-003959
-001281
0001920
-000874
-005531
-003086
0002852
0003783
0000873
-001281
-002038
-001165
0000756
0002794
0003958
0003376
0001920
0001513
0001746
0001280
0000582
0000465
0001047
0002444
0003725
0003085
0001455
0000756
0000465
-001107
-002969
-003202
-002445
-002271
-002736
-003784
-004133
-001107
0002619
0002503
-000350
-002038
-002795
-004541
-005822
-003842
-001165
-002853
-006986
-009140
-008383
-004366
0000582
0002503
0001571
-000175
-001689
-001398
-000117
-000117
-000641
0000058
0001397
0001920
0001920
0002328
0002735
0002794
0000814
-005763
-013855
-018104
-018046
-015892
-012283
-008034
-004832
-004308
-005472
-005414
-004483
-004075
-003784
-002213
-000583
-001281
-003144
-003726
-003086
-002096
-001339
-001281
-001805
-002736
-003260
-002271
-001048
-002329
-004716
-005239
-004192
-003435
-002795
-001456
0000000
0000640
0001047
0002503
0004424
0005762
0006228
0005995
0005471
0005413
0005355
0004074
0002095
0000291
-000466
0000814
0002619
0001920
0000116
0000582
0002444
0003783
0003492
0000291
-003202
-001630
0001979
0001047
-002445
-002678
-001048
-001281
-002445
-001572
-000466
-002853
-006171
-004890
-001339
-001339
-003086
-001514
0001222
0000523
-001689
-000932
0001513
0002328
0001979
0002212
0002677
0002852
0002386
0000756
-000641
0000582
0002852
0002503
0000698
0000640
0001571
0001688
0000873
-000583
-001689
-000641
0000989
0000174
-001921
-002445
-001689
-001281
-001223
-001048
-001339
-003377
-005414
-004017
-001165
-001281
-003260
-004075
-003610
-002969
-002271
-001805
-001863
-002853
-003784
-002911
-000815
0001222
0002212
0001280
-000350
0000116
0001688
0001804
0001106
0001513
0002735
0004249
0004773
0002852
-000699
-004425
-006287
-003784
0000523
0001571
0000291
0000407
0001164
0000582
-000292
0000349
0001920
0002910
0002503
-000175
-003202
-002853
-000932
-002213
-004832
-004250
-002271
-002911
-005181
-006578
-006404
-004250
-001398
-000175
-000466
-000932
-001223
-000815
-000466
-002154
-004075
-002562
0000814
0002328
0002270
0002794
0002968
0000814
-001048
0002968
0007974
0004249
-003493
-004250
-000408
0000407
-000757
-000583
0000698
0002153
0002561
0000407
-002795
-003842
-002911
-001980
-000757
0002910
0004424
-003959
-016532
-022295
-021597
-020141
-017580
-012167
-006695
-004541
-005531
-007568
-008558
-005938
-001223
0001920
0003026
0003201
0002794
0002968
0003259
0002503
0001513
0002095
0003376
0003026
0002212
0003492
0005471
0005180
0003958
0005530
0007334
0004132
-000350
0001688
0006868
0007451
0004365
0001047
-000815
0000582
0003376
0003434
0001920
0002794
0003958
0000873
-003551
-003784
-001165
0000000
-000059
0000116
0000232
-000117
-000757
-001572
-002445
-003260
-003901
-004541
-004366
-002038
0000931
0002153
0001920
0002095
0002386
0002212
0001746
0001571
0001804
0002677
0003609
0003026
0002677
0006403
0010303
0006810
0000291
0000000
0004016
0006286
0006403
0005588
0004249
0003376
0002968
0002386
0002037
0002561
0003201
0002619
0001338
0000582
0000523
0001106
0001862
0002037
0001513
0000698
-000583
-002853
-004774
-004017
-001863
-001398
-001805
-001048
0000465
0002037
0002619
0000814
-001689
-001921
-000233
0001571
0002503
0001164
-000408
0002270
0006228
0005297
0001571
0000698
0002153
0003434
0004132
0003958
0002910
0000989
-000583
0000116
0001629
0000291
-002213
-002038
-000466
-000524
-001281
0000000
0002037
0002037
0000931
0001746
0002503
-001048
-005589
-005181
-001223
0002037
0003376
0002270
0000116
-000233
0000698
0000582
0000116
0000756
0001804
0001746
0001164
0001455
0002561
0003958
0005006
0005122
0004074
0001629
-000117
0002328
0006170
0005413
0001862
0000349
0000523
0000349
0000291
0001571
0002794
0001513
-000699
-000524
0000814
-000117
-001805
-000874
0001455
0002444
0001746
-000292
-002911
-004890
-005472
-004425
-002562
-001747
-001805
-001572
-001107
-000350
0000000
-001165
-002969
-002911
-003493
-010304
-018162
-018046
-012108
-007743
-004890
-000815
0002735
0003143
0001746
0001397
0002037
0002503
0002735
0002619
0001979
0000349
-000524
0002386
0006868
0008615
0007800
0006927
0005821
0003492
0001280
0001222
0002503
0003143
0002910
0001979
0001047
0001862
0002910
0000814
-002387
-002853
-001165
0000698
0001920
0001688
0000873
0001338
0002270
0001571
0000116
0000174
0001047
0000931
0000407
0001280
0002677
0002677
0001979
0002386
0003550
0004773
0005471
0004889
0004424
0006985
0009837
0007509
0002910
0002561
0004365
0002677
-000641
-001514
-000292
0000582
0001338
0002852
0004132
0003841
0002328
0000756
-000815
-003435
-005123
-002678
0001629
0003609
0002386
-001863
-006054
-004948
-000815
0000116
-001281
-001921
-001689
-000874
-000059
-000408
-001398
-001689
-001165
0000058
0001571
0003201
0004307
0004424
0003609
0002212
0000698
-000757
-000990
0001862
0004947
0003026
-001048
-000583
0002794
0003900
0003259
0003026
0002561
0000582
-001514
-000874
0000931
0000698
-000990
-002038
-002038
-000874
0000640
0001338
0000523
-002504
-005705
-005763
-003610
-002096
-001572
-001689
-001747
0000116
0002037
0000058
-003260
-002562
0000582
0002212
0001979
0000058
-001456
0001338
0005530
0004889
0001629
0001338
0002910
0002910
0002212
0003376
0004947
0004016
0002153
0003026
0005006
0004191
0001455
-001048
-002271
-001572
0000407
0002095
0002619
0001571
-000408
-001689
-002096
-002038
-001689
-001107
-000757
-001048
-001863
-003202
-003726
-001165
0002037
0001222
-001456
-000990
0001746
0004191
0004656
0000931
-004017
-004250
-001339
-000583
-001223
-000874
0000465
0002444
0003958
0003143
0001047
0001222
0000349
-008616
-019734
-022004
-017406
-013447
-010478
-006928
-003610
-001048
0000058
-000757
-002504
-003260
-003027
-002445
-002038
-002736
-003551
-001921
0000000
-002271
-005880
-004250
-000175
-000350
-002969
-003435
-001921
0000291
0002037
0001979
0000465
-001572
-002504
-000175
0003085
0002735
0000174
-000874
-000466
-000292
0000640
0004424
0008207
0006810
0002677
0001688
0002794
0002328
0000931
0000640
0001164
0001862
0002270
0001688
0000989
0002270
0003725
0001804
-001456
-001572
0000407
0001338
0001222
0000873
0000116
-001456
-002969
-003435
-002620
-000874
0000873
0001397
0000407
-001863
-003610
-001689
0001920
0002910
0001688
0000116
-000699
0000931
0003492
0003958
0002561
0000582
-000117
0003318
0007858
0007392
0004074
0003783
0005238
0004831
0003667
0004540
0005704
0003609
0000349
0000523
0001920
-000757
-004716
-003726
0000000
0000814
-000583
-001339
-001747
-003086
-004133
-002504
-000292
-001805
-004890
-004541
-002329
-002678
-004192
-003551
-001805
-001514
-002678
-004774
-006695
-007044
-005822
-003610
-001398
-000292
-000699
-002853
-004716
-002562
0001280
0001746
-000175
-001339
-001398
-000524
0000698
0001164
0001047
0001338
0001862
0002619
0002444
-000757
-004366
-003551
-000175
0001571
0000640
-003377
-007451
-006113
-001921
-001514
-003551
-003435
-002445
-003610
-005880
-007044
-006753
-005239
-003027
-000932
0000174
-000641
-002795
-005414
-007219
-006695
-004832
-003551
-003086
-003086
-003260
-003086
-002678
-002445
-001980
-000524
0001047
0001455
0000523
-001398
-002795
-001514
0001513
0003783
0004132
0001338
-002445
-003027
-001572
-001689
-002620
-002038
-001048
-001281
-004250
-012458
-021422
-023692
-020607
-018628
-016532
-009896
-002853
-002387
-005822
-006345
-004250
-002038
0000232
0002852
0004656
0004132
0002270
0001222
0001629
0003492
0005879
0007625
0007683
0005355
0002619
0003609
0005588
0001920
-003086
-000292
0005879
0005355
0000873
0000058
0001455
0000349
-001630
-000990
0000989
0001455
0000989
0001862
0003085
0002794
0001455
0000291
-000175
0000698
0002037
0002386
0001280
-001398
-004657
-007277
-008092
-006869
-004017
-000757
0001688
0002503
0001397
-001630
-004483
-003842
-000757
0002153
0003783
0003201
0001979
0003667
0006636
0007159
0006112
0006519
0007218
0005762
0003434
0002968
0004074
0005646
0006461
0004947
0002444
0001629
0002212
0003026
0003318
0001746
0000640
0004889
0010361
0008731
0003143
0001280
0002037
0001338
-000583
-002736
-003901
-002387
0000000
-000175
-002271
-003959
-004716
-004133
-002853
-002445
-002562
-002445
-001921
-000641
0000465
-000408
-001689
-000408
0002270
0003958
0003841
0001338
-000699
0003143
0008848
0008033
0003143
0000931
0001688
0003725
0005937
0006577
0005995
0006228
0006170
0003492
-000292
-003086
-003493
-000408
0003725
0004074
0001979
0001338
0002037
0002677
0003434
0005122
0005937
0002677
-002271
-004366
-003668
-002271
-001456
-003319
-005880
-004832
-002038
-001863
-003202
-002911
-001689
-001339
-001980
-003260
-004308
-004017
-002154
0001106
0004249
0005413
0004482
0002270
0000349
0000873
0002794
0003318
0002212
0000000
-002154
-002911
-002038
-000292
0001455
0001746
0000873
-000350
-000990
0000116
0001920
0002270
0001513
0000698
0000640
0003026
0005530
0004074
0000232
-001805
-002154
-002969
-003202
-000059
0001455
-008150
-021189
-022353
-015426
-012283
-011876
-009314
-005705
-002911
-001572
-002096
-003027
-001921
0001164
0006286
0009663
0005588
-001689
-003260
0000058
0004132
0006577
0004249
0000698
0003143
0008848
0011001
0009954
0009022
0007916
0005180
0002561
0002968
0004540
0002619
-000175
0001804
0005821
0006053
0003259
0000000
-001921
-000117
0003085
0002968
0000814
0000698
0001862
0002212
0001979
0002037
0002444
0003201
0003900
0003783
0003376
0003725
0004365
0004365
0003783
0002910
0002444
0003725
0005297
0004132
0001920
0002444
0004365
0004307
0003085
0002852
0003725
0005180
0006170
0005122
0002735
0000931
-000117
-000815
-000757
0000640
0002503
0003143
0002503
0001280
-000233
-001630
-002795
-004075
-005123
-005705
-005414
-003319
-001339
-002387
-004832
-004774
-002387
0001222
0004424
0005122
0003783
0002328
0001513
0001920
0003085
0003783
0004016
0004715
0005180
0004307
0002328
-000175
-002096
-002387
-001339
-000350
0000873
0003376
0005413
0003841
0000989
0001513
0003725
0003201
0000931
-000233
0000174
0002677
0004831
0002386
-002038
-002795
-000815
0000465
0000756
0000523
-000292
-001456
-002795
-004599
-005938
-005763
-004425
-002969
-001689
-000524
0000465
0001629
0002503
0002503
0001746
0000465
-000059
0002095
0005413
0006868
0006053
0003667
0000989
-000059
0000232
0000174
0000174
0001338
0002270
0000058
-002736
-000699
0003434
0003492
0000582
-002096
-003202
-001572
0001106
0001571
0000465
0000349
0001106
0002270
0002968
0001629
-000583
-001398
-001223
-001398
-001747
-001805
-001339
0000116
0000989
-001456
-005123
-006171
-004774
-002736
-000932
-000117
-000059
0000640
0001222
-000117
-001980
-000757
0000000
-007044
-016474
-017638
-013040
-010711
-010246
-008907
-006869
-003901
-001689
-002969
-005298
-003668
0000465
0003259
0003900
0002386
0000291
0000291
0001979
0003434
0004132
0004249
0003609
0002270
0001513
0003434
0006344
0006752
0005297
0004307
0003492
0001862
0000232
-000583
-000292
0000873
0001804
0000291
-001980
-001805
0000349
0002270
0003667
0004831
0005355
0005180
0004132
0001920
-000117
0000349
0002037
0002270
0001164
-000233
-000932
0000640
0002910
0002735
0000873
0000116
0000000
-001223
-002562
-002096
-000757
-000757
-001456
-001223
-000583
-000757
-001339
-001747
-001572
-000583
0000814
0001804
0002386
0003026
0003259
0002328
0001164
0001629
0002561
0001513
-000350
-000292
0001397
0003667
0005704
0006519
0006636
0007683
0008557
0006927
0004307
0003900
0004715
0004074
0002386
0000873
-000233
-001107
-001339
-000583
0000640
0001513
0001164
-001456
-004541
-004774
-003202
-002853
-003027
-001456
0000058
-001514
-004948
-007277
-007743
-006462
-004250
-002678
-002387
-003551
-005007
-004716
-003551
-003668
-004483
-004716
-003959
-001747
0000407
-000117
-001805
-001339
0000349
0000640
-000059
-000699
-000641
0001222
0002910
0000523
-003027
-001572
0002270
0002153
-000233
-000117
0001455
0001571
0000640
0000291
0000232
-000292
-000699
0000000
0000640
-001223
-003668
-002853
-000524
-000641
-002795
-005531
-007102
-005181
-001921
-001572
-003551
-005239
-006287
-007219
-007277
-005880
-003784
-002678
-002562
-002736
-002795
-001921
-000408
0001338
0002677
0003143
0002794
0001920
0001338
0002270
0003958
0004947
0004540
0001746
-001048
0000174
0003434
0003725
0001979
0001338
0001106
-000408
-003319
-007102
-011468
-016765
-020316
-018686
-013855
-010362
-008616
-007160
-006287
-006171
-006171
-005531
-004075
-001572
0000174
-001456
-004483
-004366
-001980
-000350
0000523
0001455
0001979
0001222
0000232
0000756
0002503
0004424
0005937
0006636
0005879
0002910
-000292
-000583
0001222
0002561
0002852
0002212
0000814
-000815
-001630
0000291
0002561
0000407
-003435
-002445
0000465
-001805
-006054
-004774
-000641
-000117
-002038
-002504
-002038
-002096
-002329
-001921
-001048
-000233
0000174
-000292
-001165
-001805
-001805
-001107
0000058
0000931
0001688
0003259
0004074
0001338
-002271
-001921
0001513
0004773
0006519
0005297
0002968
0003492
0005413
0004831
0003143
0003609
0005180
0005413
0003958
0000640
-002562
-002445
-000524
-000932
-002562
-002911
-001921
0000116
0001920
0001397
-000524
-001281
-001572
-003319
-005298
-004890
-002969
-001980
-001339
0000756
0002794
0001920
-000175
0000232
0001688
0000058
-002504
-001514
0001513
0002910
0003026
0004016
0004715
0003143
0000873
0000756
0002212
0003085
0003492
0004249
0004715
0004132
0002677
0000989
-000524
-002038
-002620
-001165
0000873
0000465
-000932
0000174
0002153
0001222
-001339
-002504
-002329
-002387
-002096
0000000
0001397
-002213
-007859
-009431
-007975
-007684
-008150
-007801
-006753
-005705
-004599
-003260
-001863
-000408
0000931
0002328
