-010653
-008441
-008383
-005123
-001456
-002329
-005880
-007743
-007160
-004133
-000874
-001572
-004308
-004541
-002853
-001863
-001572
-000932
-000641
-001863
-003319
-002271
-000699
-003027
-006928
-007393
-004890
-001281
0001106
-001107
-005705
-007568
-006869
-005647
-004541
-004366
-005007
-005531
-005996
-007102
-007684
-005589
-002911
-003319
-005589
-006578
-005531
-001689
0002037
0000814
-002853
-002504
0000000
-000757
-002445
0000407
0004773
0004656
0001047
-002271
-004017
-002795
-000524
-001223
-003784
-005414
-004890
-000932
0003783
0004016
0001571
0001804
0002794
0000349
-004366
-010129
-012050
-002154
0010245
0007683
-003144
-004250
0000640
0000000
-003551
-003959
-000990
0004249
0009430
0011351
0010186
0008033
0005530
0002968
0002037
0005180
0008964
0007567
0002270
-003551
-005705
0001629
0011933
0012107
0005704
0003143
0003376
0001571
-000641
-000583
0001571
0004889
0007509
0006519
0004249
0006228
0009546
0007567
0003143
0002677
0004947
0005762
0005180
0004307
0003143
0001804
0000873
0001047
0002153
0003201
0004307
0006461
0007625
0004540
0000523
0001979
0006868
0009895
0010361
0008557
0006636
0008906
0011700
0007101
0000058
0000698
0006053
0008091
0007043
0005238
0004016
0005297
0007159
0005006
0001688
0003725
0007800
0006636
0002794
0002794
0004889
0004191
0002153
0002328
0004132
0005821
0006344
0003958
0000989
0001746
0004307
0003725
0001280
0000407
0000873
0001513
0002095
0002095
0002968
0008615
0013504
0007334
-002795
-001630
0005821
0005995
0001746
0001979
0003725
-000874
-005763
0001804
0013330
0011351
0001862
0001280
0005530
0002386
-002678
0002677
0011642
0009895
0002270
0000989
0004307
0005937
0005588
0004132
0002852
0004016
0006344
0007334
0006403
0003492
0000814
0002444
0006228
0007683
0006228
0002037
-001630
0000349
0005646
0008964
0008906
0005180
0000931
0001338
0005355
0009313
0011001
0008033
0002561
-000641
-001223
-001107
0000523
0005064
0009721
0009837
0007334
0007742
0009546
0009022
0006228
0001979
-001281
0000116
0003725
0004191
0002212
0000814
0000582
0001629
0003667
0006112
0007509
0005879
0003026
0002910
0004715
0006344
0006228
0001804
-003202
-001572
0003434
0003259
0000931
0004016
0009080
0009139
0005413
0002095
0000465
0001338
0003376
0003667
0002503
0000698
0000116
0003725
0008615
0009430
0006985
0004656
0003085
0001862
0001629
0002794
0004540
0005530
0005297
0003841
0001804
0000058
-000175
0002503
0006228
0007625
0007276
0007683
0008440
0008440
0008033
0008091
0007625
0004773
0000989
-001281
-001223
0001629
0004598
0003143
-000408
0000058
0002328
0000291
-002853
-000408
0004482
0004540
0001455
0000291
0000582
0000174
-000350
-000059
0000873
0002212
0002735
0000291
-002736
-001689
0001164
0000232
-002562
-002562
-001339
-003144
-005356
-001980
0003143
0002328
-002038
-003377
-002562
-003260
-004308
-003260
-001980
-003726
-007335
-010129
-010478
-006928
-001863
0000174
-000583
-001339
-002154
-003144
-004075
-004890
-005007
-003842
-002445
-002969
-004425
-004599
-004017
-004541
-005123
-003377
-001398
-003493
-007277
-007626
-005880
-006287
-007044
-003610
0000582
-001048
-005065
-003377
0000523
-002154
-007160
-004716
0000989
0000756
-003551
-005472
-005880
-008266
-010246
-007451
-002736
-002096
-004425
-005356
-005705
-008208
-010537
-008499
-004832
-005705
-008907
-008616
-006695
-007743
-010013
-009489
-007277
-006345
-006171
-005181
-003319
0000116
0001688
-004599
-013971
-017464
-015194
-011119
-006695
-003377
-001747
-000757
-000583
-000932
-001689
-002969
-004075
-004192
-003726
-004192
-004366
-001223
0001920
-001339
-006928
-006171
-001339
0001338
0001455
0000523
-001048
-002620
-003027
-000059
0002910
-000233
-006171
-008034
-005996
-002562
0000407
0000698
-001048
-002445
-003260
-004192
-004541
-003027
-001223
-002387
-004308
-002445
0001629
0003783
0003900
0003085
0001280
-001863
-004250
-002853
0000582
0001804
0001397
0001164
0002212
0006694
0011060
0009255
0003259
-001863
-003668
-000292
0005355
0007451
0006228
0004715
0003841
0004889
0006810
0007509
0005995
0000873
-004425
-004366
-000874
0000291
-000641
-001630
-001921
-000059
0002619
0003434
0002852
0002794
0003434
0004889
0006810
0008789
0009837
0009022
0006810
0004307
0002503
0002503
0003434
0002561
0002212
0007683
0014145
0012806
0007218
0006519
0008789
0008382
0006170
0004540
0004598
0008091
0011700
0008964
0003783
0004715
0009430
0011118
0010419
0010186
0010128
0009954
0008964
0006053
0002968
0002212
0003725
0006461
0008615
0008033
0005937
0005238
0006461
0010012
0013155
0010710
0006636
0009663
0015949
0016822
0013213
0009488
0006461
0003725
0003318
0007800
0013737
0015076
0012631
0010536
0008964
0006868
0005413
0005762
0007625
0010477
0012107
0008848
0004249
0005471
0010012
0011001
0009430
0009022
0009837
0011525
0012806
0011118
0008440
0008498
0010710
0012922
0013679
0011525
0007509
0003492
0001804
0004889
0010245
0012806
0011933
0008789
0004947
0002561
0002619
0005297
0008906
0010652
0010361
0009197
0007567
0005937
0004831
0005006
0005122
0002503
-000466
0001106
0004831
0005355
0003667
0002735
0003376
0006636
0009837
0008091
0003783
0002328
0003550
0005704
0007043
0004831
0001688
0003550
0007451
0006752
0004191
0006752
0010943
0008731
0004074
0005762
0010186
0008673
0003609
0001455
0001979
0002794
0003259
0002503
0000523
-002853
-005065
-002154
0002735
0002735
-000175
-000524
0000873
0001397
0000989
-000117
-000932
0000116
0002561
0005355
0007218
0007334
0004947
-001398
-006986
-003668
0003143
0001106
-004948
-003319
0002503
0003492
0000873
-001107
-001980
-001980
-001980
-004250
-007102
-007451
-005996
-005181
-004774
-003377
-001863
-001572
-002329
-003551
-004483
-003959
-002911
-003377
-004308
-002911
-000990
-002038
-004657
-005007
-004250
-005996
-007626
-004133
0001222
0001688
-001689
-004599
-006520
-007859
-008208
-007743
-006811
-005763
-005822
-008849
-012225
-011177
-007102
-004192
-003027
-002853
-003842
-006345
-008383
-006811
-004483
-007510
-012923
-014088
-011817
-009547
-007917
-007335
-007626
-007917
-009023
-012865
-016882
-016940
-014088
-011876
-010828
-010478
-010770
-010537
-010537
-012341
-014088
-012632
-009431
-007743
-007626
-008150
-008790
-008790
-009081
-012341
-015601
-013738
-008907
-006404
-007044
-010362
-014088
-013971
-011643
-011992
-013447
-011759
-009314
-010828
-014204
-014786
-012923
-011119
-009722
-009081
-008849
-007393
-006345
-008790
-012399
-012516
-010420
-010537
-011235
-007568
-004541
-011584
-021830
-021597
-014029
-008849
-007102
-006986
-008849
-012923
-015892
-011876
-006113
-010013
-017638
-015485
-008150
-007393
-010420
-008790
-005647
-007859
-013040
-015892
-015543
-012283
-007975
-005880
-006287
-007510
-009314
-011701
-013505
-012982
-011468
-012458
-013855
-011061
-007102
-008441
-012458
-012982
-011177
-010944
-011584
-011293
-010362
-010071
-009256
-005763
-001805
-000408
-003377
-012399
-022761
-027651
-025555
-018861
-008965
0003201
0012224
0012922
0006519
-001281
-008674
-015834
-019152
-014611
-006869
-005472
-008092
-007102
-004308
-004425
-006113
-005996
-005065
-006287
-007684
-005239
-000990
0000349
-000350
0000116
0000989
0000582
-000292
0000349
0000756
-002795
-007451
-008092
-005531
-003027
-001630
-002795
-004599
-003027
-000524
-002736
-007044
-007801
-006171
-005880
-006462
-006113
-004890
-003260
-001281
0001629
0003841
0003376
0001280
0000523
0000640
-000524
-001630
-000117
0002561
0003492
0002561
0000058
-001805
0000640
0004831
0005180
0003259
0004132
0005704
0003376
-000466
-000757
0001455
0003026
0003318
0001804
0000349
0003026
0006170
0001629
-004308
0001106
0011351
0011875
0006112
0005180
0006694
0003609
-000583
0001164
0006344
0009430
0009139
0005355
0000873
0000523
0003492
0006636
0008382
0007276
0005006
0005646
0007858
0007800
0006577
0007509
0009139
0008033
0005937
0006985
0009663
0010477
0009721
0009139
0008789
0008498
0007916
0006170
0004540
0005355
0007509
0008324
0008265
0008789
0009721
0010477
0010419
0008382
0006053
0006985
0009139
0007625
0005122
0007974
0012748
0012398
0008731
0006927
0006810
0006694
0006577
0006403
0006694
0008557
0010827
0011118
0010419
0011525
0012981
0011933
0009488
0008848
0008731
0005238
0002037
0005704
0011991
0011525
0007159
0006636
0008906
0009954
0010245
0011234
0012398
0012689
0011933
0010186
0008557
0008265
0009779
0013388
0016939
0017463
0014902
0010245
0005995
0005413
0008207
0012457
0015542
0013504
0009255
0009546
0011642
0008207
0002735
0002794
0006344
0007043
0006461
0008731
0012457
0015251
0015600
0011467
0006636
0008440
0012748
0009313
0003376
0006810
0014087
0012515
0006170
0005588
0008673
0009371
0008440
0008207
0008731
0009895
0011001
0011118
0010128
0008207
0005995
0004715
0003783
0001338
-000292
0002910
0007916
0008498
0006286
0006170
0007218
0006577
0005238
0004947
0005995
0008789
0011118
0009255
0005937
0007276
0011234
0013039
0012340
0010128
0007683
0006752
0007683
0010070
0012049
0011118
0007742
0003841
0001397
0002735
0006053
0006868
0006053
0006461
0007392
0007625
0006228
0001629
-002620
-000583
0005238
0008731
0009080
0006927
0004074
0003900
0005064
0004191
0001862
-000059
-000408
0002328
0005879
0005762
0003550
0003958
0005064
0002386
-001107
0000931
0005180
0004191
0000407
0000058
0002212
0004074
0004831
0003492
0001571
0002153
0003958
0003900
0002677
0002212
0002037
0000232
-000932
0002968
0008265
0007509
0003318
0002677
0004191
0003376
0001280
0000174
0000116
0000232
0000174
-000175
-000932
-001805
-002678
-003551
-004308
-005065
-005298
-004250
-002795
-002620
-003319
-003668
-003668
-004075
-003842
-001165
0002270
0003667
0002561
-000757
-004657
-006928
-007044
-005705
-004017
-003959
-004948
-005123
-004425
-002969
-001747
-002736
-004425
-004017
-002329
-001514
-002329
-005472
-008674
-007626
-004716
-006113
-008790
-005589
-000641
-002795
-008558
-009431
-007451
-009431
-012050
-007975
-001630
-002154
-007102
-009256
-009896
-013447
-016649
-013040
-007160
-008150
-013273
-014611
-013505
-014437
-015659
-013564
-009722
-007160
-007102
-010420
-014670
-015834
-013913
-009780
-007102
-011410
-018453
-019268
-015252
-011759
-010246
-011701
-014379
-014437
-012865
-012341
-013214
-015659
-017638
-015717
-012167
-011934
-013680
-012982
-011235
-012516
-013738
-008674
-002329
-005007
-012341
-014262
-011817
-010013
-009140
-008616
-008674
-009140
-010304
-013331
-015717
-013214
-008383
-006404
-007451
-009431
-011352
-012399
-011759
-008907
-005356
-003027
-003260
-006695
-011410
-013855
-013971
-013680
-012632
-009605
-006345
-005356
-006637
-008558
-010711
-012690
-013738
-012690
-010944
-011293
-012632
-012458
-010537
-006695
-003726
-006345
-011002
-010246
-005880
-002853
-002271
-004366
-007626
-008849
-009256
-012574
-015776
-012807
-007277
-006637
-009256
-009372
-007975
-007917
-008325
-006986
-004948
-004599
-005472
-006462
-006404
-003377
0000698
0002503
0002037
0000756
-001048
-003027
-004832
-006869
-008092
-006986
-004716
-003551
-003551
-004192
-004483
-001921
0000582
-002387
-007451
-007044
-003726
-003959
-006637
-008266
-008616
-007917
-007102
-008034
-009140
-006695
-002795
-002038
-003086
-002038
-000408
-001630
-004017
-003784
-002213
-002620
-003901
-003668
-002154
-000466
0000582
-000175
-001281
0000582
0002619
-001223
-006928
-005996
-001107
0001047
0000232
-002096
-004075
-001980
0000989
-002562
-007917
-005414
0001455
0003725
0002270
0001106
0000640
0000582
0000989
0000931
0001513
0004947
0007916
0004191
-002096
-001863
0002095
0002852
0000523
-003144
-005763
-004017
0000291
0002852
0003376
0002735
0002444
0005238
0009080
0010012
0008207
0005588
0003085
0001397
0001106
0001804
0003376
0006053
0008265
0008033
0005762
0002561
0000174
0000349
0002503
0005006
0005937
0002619
-001747
-000524
0003143
0001629
-001921
0000116
0004598
0004365
0001338
0000931
0002270
0002619
0002328
0002037
0002968
0007159
0011700
0011642
0008207
0005180
0003550
0003434
0004831
0007392
0009546
0008964
0006985
0006927
0008265
0008964
0009022
0009197
0009313
0009371
0009139
0008498
0007101
0003958
0001106
0001804
0005006
0008149
0009895
0009197
0007101
0006286
0006519
0006461
0006694
0008615
0010536
0009488
0006461
0003376
0002037
0005006
0008673
0002677
0000116
0028406
0032752
0032752
0004307
-032752
-032752
-031609
0032752
0032752
0000582
-011468
0007567
0017055
0014960
0002735
-008907
0000407
0018918
0020257
0009255
0002386
0000698
0000640
0003900
0013097
0021014
0016706
0004715
-003668
-006462
-005007
-000757
0003026
0005646
0008265
0009313
0007218
0002968
-001863
-004192
0000232
0007101
0007742
0004424
0004715
0006577
0004424
0001688
0005471
0011292
0010186
0004482
0000407
-000524
0002270
0005530
0002561
-003319
-005065
-002562
0002212
0006228
0004598
0000873
0003085
0007916
0007509
0003783
0001920
0002270
0004132
0006170
0005821
0003900
0002619
0002153
0001746
0001746
0003143
0004016
0001106
-003377
-004774
-003435
-001980
-000874
-000524
-000233
0002444
0004889
0002503
-002445
-004774
-004948
-006054
-006520
-003144
0001047
0000523
-003144
-005356
-005822
-006113
-005414
-002329
0001047
0000989
-000932
-000583
0000756
-000350
-001863
0000756
0004482
0003259
-001107
-003144
-004192
-009081
-013331
-009198
-001456
-000350
-003901
-005298
-005239
-007160
-008849
-006287
-001980
-001572
-003319
-002213
-000233
-001747
-004890
-005239
-004017
-004774
-005880
-003144
0000000
-004075
-010129
-007510
-000815
-000524
-005589
-011410
-014961
-012574
-007568
-007684
-010187
-007859
-003377
-002911
-005181
-006287
-006287
-006287
-006520
-007160
-007917
-007743
-007684
-010129
-012225
-008499
-002213
-000408
-002329
-003842
-005007
-007102
-008790
-008150
-005996
-004075
-003144
-003901
-005239
-005007
-004075
-005065
-006578
-005763
-003668
-002504
-002853
-004948
-007335
-007451
-005996
-004832
-004250
-004483
-004599
-002795
-000874
-002562
-005880
-006404
-005065
-004599
-005007
-005763
-006229
-005065
-003726
-005065
-007160
-005472
-002504
-004017
-006928
-004366
0000523
0000523
-002678
-003784
-003726
-005589
-007510
-005938
-002969
-003086
-004599
-002853
-000175
-001398
-004483
-004366
-002562
-002678
-004425
-006404
-007626
-006986
-005007
-003260
-001398
0001862
0004656
0004947
0001629
-006345
-014029
-013389
-007801
-006404
-007044
-003726
0002037
0007159
0009197
0005530
-000990
-005123
-005531
-002096
0002095
0001571
-001863
-002562
-002096
-004483
-008092
-009605
-009140
-009081
-006986
0002212
0011642
0007218
-000350
0014261
0031724
0012515
-022877
-030212
-014786
0000465
0008789
0003667
-007335
-006462
0000989
-000233
-006171
-006811
-003551
-001165
-000350
-001689
-003202
-001107
0003085
0005762
0006810
0008207
0008382
0005122
0000407
-002038
-001921
-000350
0001804
0003318
0003841
0002619
0002444
0008615
0015484
0012631
0003143
-005123
-008034
-001689
0008615
0012922
0010070
0001397
-005705
0001979
0013795
0006868
-009081
-011293
-003493
0000989
0002910
0006403
0010594
0014552
0016997
0017172
0013854
0005238
-003901
-006171
-003377
-003493
-003202
0004889
0015658
0020490
0018336
0011292
0003609
0002037
0004074
0001979
-001689
-000874
0002794
0004598
0005471
0008265
0011758
0013912
0013854
0011875
0007916
0001862
-003319
-004308
-000524
0006927
0014785
0018627
0018452
0016939
0014727
0012398
0010361
0008382
0006519
0004191
0003201
0006577
0011816
0013912
0013446
0013213
0013272
0013446
0012631
0008731
0003900
0001746
0002212
0003201
0005006
0008265
0011409
0012398
0011467
0009954
0008382
0006927
0005937
0004773
0004831
0008265
0012806
0014203
0012922
0011642
0011060
0011700
0013272
0015193
0015076
0008848
0001513
0002561
0009022
0013330
0014145
0011758
0008382
0008207
0010070
0009954
0008906
0009255
0011176
0014785
0017521
0014727
0010128
0011933
0016648
0016590
0012573
0008033
0005122
0006403
0009488
0008207
0005588
0008848
0013854
0011700
0006403
0007159
0011176
0010769
0007916
0008207
0009954
0008848
0005879
0003550
0002677
0003609
0005762
0007392
0008440
0009721
0009721
0005937
0001106
0000349
0002619
0004249
0005122
0006286
0006927
0006170
0004889
0005064
0006286
0007159
0007567
0007800
0007683
0007276
0006577
0005471
0004540
0004656
0005238
0005355
0004773
0003318
0002095
0002619
0004191
0005180
0005238
0004482
0003725
0004715
0005821
0003318
0000000
0001920
0005762
0004191
-000175
-001165
0000407
0001455
0001920
0002153
0002852
0005937
0008673
0005995
0001047
0000698
0003143
0002794
0000989
0001280
0001862
-001456
-005647
-005298
-001805
0000814
0001280
-001339
-004948
-005938
-004483
-002096
-000117
0000000
-001398
-002736
-003784
-004832
-005181
-004075
-002504
-002096
-002736
-003377
-003493
-002329
-001048
-002154
-004075
-003493
-001980
-003668
-006695
-007510
-006462
-005822
-005298
-004075
-002213
0000989
0002910
-000932
-006811
-007451
-004657
-004599
-005996
-005181
-003726
-004774
-007393
-009372
-009547
-006578
-003202
-005123
-008907
-006229
-001572
-004657
-010828
-010013
-004425
-000466
0000698
0000058
-002853
-008499
-013505
-013505
-009605
-005880
-004192
-006345
-010362
-012458
-011817
-009081
-005705
-004250
-004774
-006345
-008034
-008266
-008092
-010246
-012516
-010420
-006986
-009198
-013156
-009955
-004133
-005589
-011119
-012341
-010537
-010420
-011119
-010246
-008441
-006928
-006753
-009605
-013098
-012399
-009722
-011293
-013738
-009547
-002853
-001572
-004948
-008616
-011584
-013913
-014204
-010944
-006520
-005007
-005880
-006113
-006462
-008907
-011119
-008907
-005239
-006811
-010944
-011177
-009140
-009023
-011002
-015019
-017697
-013564
-006753
-006462
-010129
-009955
-008092
-010478
-013564
-009664
-003027
-003668
-007219
-002853
0004249
0003725
-003610
-013447
-022062
-026195
-024158
-016940
-006637
0004132
0011176
0011292
0005821
0000058
-006054
-015834
-023110
-018861
-008325
-003027
-003086
-004366
-005822
-005822
-005589
-008732
-012108
-010129
-004832
-001456
-000233
0000873
0000640
-003551
-008383
-007626
-004716
-007975
-013738
-013796
-009780
-006753
-005123
-003901
-003144
-003027
-002504
0000465
0003201
0000349
-004890
-005763
-003319
-000641
-000117
-005298
-011061
-007684
0000407
0002910
0000814
-000466
-001165
-003202
-004483
-000932
0002852
-002969
-010886
-004948
0006694
0005937
-002329
-004250
-002096
-003435
-006637
-007859
-006869
-004075
-000990
-000117
-000699
0000058
0001455
0002037
0001455
-000350
-002038
-001165
0000582
-000874
-003668
-003901
-001921
0000873
0002677
0000931
-002154
-001805
0000465
0000232
-000932
0001164
0004424
0004074
0002095
0003609
0006286
0005006
0001571
0000756
0001688
0001164
0000407
0002328
0005006
0004482
0002503
0004307
0005762
-002678
-011817
-003668
0011583
0011467
0001920
0000174
0004424
0007451
0008382
0006985
0005064
0006403
0010012
0013039
0014261
0012748
0009895
0008440
0008906
0011118
0013621
0014203
0012515
0008265
0004947
0008498
0014902
0016240
0012340
0005646
0000000
0000931
0006344
0010303
0012282
0013970
0014494
0013097
0011409
0012689
0014785
0012981
0009488
0009488
0011467
0011351
0009255
0005413
0003026
0007276
0013388
0011642
0005297
0002852
0003841
0005297
0006344
0006112
0005530
0006694
0008964
0011234
0011991
0009488
0005471
0003318
0003609
0005762
0008848
0011525
0012457
0009837
0006985
0010070
0015891
0017463
0015134
0011875
0009197
0009022
0010419
0011001
0010419
0008964
0007567
0007742
0008964
0009197
0009313
0011467
0013854
0013446
0010594
0006694
0003900
0004947
0007974
0008498
0007043
0006170
0006053
0006694
0007567
0007974
0007334
0004773
0001979
0001397
0003259
0007218
0010361
0007567
0002444
0003085
0006752
0006461
0003900
0003958
0005238
0004365
0002735
0003201
0005588
0009255
0011758
0009371
0005297
0006752
0010769
0010070
0006694
0006344
0007451
0005180
0002328
0004598
0008848
0007451
0004132
0007218
0012922
0012922
0008673
0005180
0003492
0004016
0005471
0004715
0003143
0004598
0006636
0004074
0000349
0002794
0008033
0008615
0005297
0001746
-001107
-002969
-002678
0001688
0005937
0003026
-003610
-006462
-004890
-000292
0003900
0001804
-003726
-005414
-004657
-006695
-009372
-008616
-005414
-002445
-000059
0001688
0003783
0008324
0013155
0014785
0013330
0010710
0007218
0002852
-001747
-007044
-010595
-009140
-004657
-001514
-000466
-001048
-002620
-004366
-004483
-000175
0004947
0004191
0000000
-001107
0000407
0001979
0002968
0002968
0001513
-002096
-005763
-006578
-004948
-002911
-001223
-000117
-000408
-003027
-005822
-005472
-002736
0000000
0001047
-001398
-005705
-008790
-009547
-007917
-005181
-003842
-003610
-002387
-001689
-004774
-008266
-005763
-000524
0000058
-002969
-005938
-006986
-003784
0000698
0000232
-002911
-002562
-000350
-000466
-002213
-003610
-004657
-006345
-007917
-008558
-008150
-007160
-005414
-001863
0000349
-004308
-010711
-008499
-001339
0001222
-000059
-000757
-001921
-006811
-011352
-008732
-002445
-000233
-001980
-005065
-007510
-005763
-002853
-005123
-009955
-011293
-010129
-010653
-011002
-007393
-002795
-002678
-005938
-009023
-010013
-006578
-002271
-003959
-008616
-008325
-005356
-005938
-007510
-004133
0001513
0003609
0003143
0004016
0004715
0001746
-001921
-001048
0002037
0001164
-001630
-000990
0001397
0001979
0000058
-004599
-008907
-007160
-003086
-004774
-009198
-009256
-005705
-001921
0000640
0000698
-000757
-001048
-000292
0000349
0001222
0003434
0004947
0002270
-001863
-001339
0001338
-000059
-003668
-004832
-004541
-005705
-007743
-009780
-010013
-005880
-000059
0003026
0002503
-001630
-005298
-000932
0006053
0003900
-002736
-001921
0002270
-000874
-006229
-002329
0005413
0005297
-000408
-004308
-005414
-003551
-000932
-002387
-005239
-003610
0000232
0000989
-001048
-004774
-006462
0000407
0009022
0006170
-002853
-005007
-001107
0003958
0007159
0004482
-001107
-002213
-001048
-004250
-008849
-009314
-006113
-001980
0001397
0002561
0001571
-000059
-001572
-002213
-001980
-001921
-001630
-000350
0000756
0000000
-002213
-004948
-006404
-004192
-000699
-000466
-002969
-005880
-007684
-006287
-003377
-002620
-003027
-001456
0000523
-000699
-003319
-003551
-002329
-002096
-002678
-003144
-003551
-004308
-004890
-004599
-002853
0000931
0004831
0005879
0004424
0002794
0000698
-003668
-007626
-006986
-003726
-002620
-003144
-003027
-001980
0000756
0003085
0001455
-001863
-001747
0000640
0001513
0001106
0000814
0000582
0000523
0000000
-002213
-004599
-004541
-002213
0001164
0003609
0002095
-001223
-001572
0000116
0000814
0000756
0000756
0000814
0001047
0000407
-003319
-006811
-004133
0001280
0001455
-001048
0000523
0004191
0005530
0004424
0002619
0000116
-003901
-007160
-006462
-003260
-001165
-000583
-000583
-001107
-001689
-002445
-004308
-005705
-004425
-001863
-001281
-002445
-004075
-005123
-004308
-002096
0000407
0001920
0000640
-001630
-001339
0000814
0002968
0003783
0001804
-001339
-002154
-001107
-000408
-000292
-000699
-001281
-000757
-000408
-002620
-005705
-006637
-005356
-003202
-001165
-000757
-001572
-002445
-002678
-002096
-000175
0004307
0007742
0004249
-002329
-003784
-001805
-002504
-004250
-002795
0000058
0001047
0000116
-001805
-002795
-000292
0004191
0007858
0008673
0004773
-000815
-002504
-000583
0001804
0003841
0005297
0004715
-000408
-005356
-001514
0005821
0004715
-000990
-001339
0001746
0002328
0001629
0003026
0004947
0004715
0002328
-001747
-004483
-001165
0005064
0007742
0006868
0005006
0002677
-000175
-001805
0000174
0003201
0002037
-001398
-002387
-001165
0000349
0001397
0000931
-000175
0000349
0001746
0002328
0002270
0002619
0003201
0003609
0003434
0001164
-000466
0003318
0009080
0010070
0006636
0001629
-002620
-003493
-002096
-002329
-003610
-004017
-003959
-004425
-005472
-008266
-009372
-002853
0005995
0006868
0002095
-000408
-000932
-002096
-002736
-000641
0002095
0001571
-000874
-001572
-000583
0001164
0003143
0004482
0005238
0006810
0006752
0000698
-006404
-005763
0000291
0004540
0005704
0004424
0001106
-002853
-005472
-004425
-001107
0000465
0001397
0005238
0009022
0007800
0003143
-000524
-001980
-000815
0001571
0001920
0001047
0001571
0002735
0002503
0001920
0003026
0005006
0006228
0005646
0001688
-002213
0000465
0005471
0003376
-002096
-002154
0001106
0001746
0000756
0001338
0002561
0002561
0001862
0001920
0002270
0001513
0000349
0000116
0000523
0000698
0000582
-000117
-000641
0000640
0001979
-000350
-003027
0000756
0007567
0010245
0008964
0006461
0004249
0004656
0005879
0003434
-000292
-000117
0002328
0002968
0001688
-000932
-002969
-001165
0002619
0004191
0003841
0003318
0002910
0002561
0002444
0002503
0002037
-000466
-003144
-002562
-000117
0000873
0000640
0000698
0000523
-000641
-002387
-004657
-005589
-002329
0002386
0002910
0000873
0001513
0002910
0000698
-002736
-002853
-000233
0002212
0004074
0005471
0005879
0004132
0002852
0007625
0012398
0004831
-006811
-005647
0003259
0005821
0003667
0004365
0005064
-000874
-007568
-003668
0004889
0004424
-001572
-003027
-001281
-001514
-002678
-002271
-001456
-002620
-004133
-002096
0000523
-002213
-006928
-006287
-002096
0000523
0001164
0000349
-000641
0000931
0003026
0001280
-002445
-003842
-003551
-004599
-005647
-004425
-001689
0000291
0001455
0002677
0003492
0003841
0003143
0000640
-002387
-003551
-003551
-004832
-006113
-004832
-002096
0000000
0000232
-002678
-006578
-007451
-005880
-004657
-003901
-003202
-002969
-003610
-004541
-004483
-004308
-006054
-008441
-009081
-008150
-007277
-006404
-004774
-003901
-006637
-009547
-006287
-000059
0002153
0000873
-000117
-001281
-004192
-007335
-008558
-008558
-010187
-011701
-009838
-006578
-005938
-007510
-009489
-009955
-005996
-001398
-003435
-009547
-012982
-013680
-013273
-013273
-016416
-020141
-019210
-015194
-012225
-010828
-010246
-010362
-011002
-010420
-005414
0000407
0000698
-003086
-006054
-007626
-007743
-008616
-015077
-022761
-024216
-020141
-014844
-009838
-005822
-004366
-006695
-010129
-009722
-006753
-005705
-005472
-003377
-000641
0000873
0000291
-002969
-006811
-007451
-005938
-005822
-006578
-006287
-005763
-006404
-007335
-006578
-004890
-004308
-004250
-003319
-001980
-000815
-001456
-007160
-012749
-008616
-000466
-001048
-006928
-007975
-005880
-006171
-007451
-006171
-003842
-003377
-004483
-005996
-006695
-004948
-002096
-000641
-000874
-002038
-003260
-003144
-002154
-002213
-002620
-002445
-001048
0002852
0006112
0002968
-002562
-002154
0002095
0003841
0002968
0001164
-000524
-000233
0001164
0001164
0000873
0003026
0005879
0005995
0004365
0003259
0003841
0007276
0011933
0015542
0016066
0011700
0005762
0003550
0006170
0013621
0020432
0017812
0009779
0006577
0007916
0008964
0010477
0014727
0018103
0014785
0008557
0007509
0010070
0010012
0009837
0015775
0022236
0018802
0010477
0008615
0011583
0012631
0012107
0011875
0011758
0011176
0010943
0012689
0014669
0013330
0010419
0010594
0011700
0008324
0004249
0006927
0013213
0015891
0015309
0014669
0014028
0013388
0012806
0011234
0010361
0013272
0016531
0013272
0007159
0005995
0009371
0014203
0018103
0017928
0014902
0013097
0012398
0011060
0010477
0013213
0016764
0016008
0013504
0015134
0018918
0020024
0018627
0016531
0014727
0014494
0015018
0014145
0012806
0012981
0014552
0016590
0018743
0021363
0022178
0017812
0011875
0011234
0014087
0014669
0013563
0013504
0013912
0013446
0012573
0012049
0012224
0013563
0015018
0014610
0013795
0015716
0018627
0018394
0016299
0015425
0015949
0017812
0018918
0015309
0010477
0011700
0015833
0014902
0011467
0012224
0014843
0013795
0011351
0013213
0016881
0016473
0014494
0017870
0022120
0018452
0011060
0008906
0011176
0013737
0014610
0011176
0006344
0005995
0008731
0010245
0009954
0007683
0005355
0006636
0009430
0008673
0005995
0005704
0006636
0005180
0003492
0006636
0010652
0007625
0001629
0002328
0005995
0003201
-002154
-001223
0003434
0005064
0004715
0005879
0007858
0009197
0008848
0005413
0001629
0002503
0006053
0007159
0006228
0004715
0004249
0007334
0011001
0009954
0005530
0001164
-000874
0002153
0006228
0002561
-003493
-000175
0007451
0007858
0003667
0002910
0004132
0002503
0000291
0002328
0005704
0004016
-000583
-002562
-003144
-007044
-010013
-003901
0004482
0001513
-007510
-008790
-005531
-007451
-011759
-011352
-008616
-013331
-012690
0021654
0032752
0025903
-032752
-032752
-032752
-027069
0032752
0032752
-022353
-030911
-005356
0000232
-009780
-018279
-021364
-014262
-003901
-003668
-011701
-020433
-025206
-021539
-012225
-004192
-001107
-005763
-014495
-019385
-019967
-019618
-017755
-013098
-008732
-008558
-012108
-016649
-019909
-019152
-015368
-011293
-009140
-011468
-015543
-015135
-012283
-012283
-013913
-013447
-012167
-012458
-014379
-017638
-020316
-019850
-016998
-014204
-012807
-014204
-017115
-018453
-018512
-018570
-019035
-020898
-022645
-021946
-019618
-017929
-016940
-015485
-014437
-015019
-016707
-018279
-019210
-020083
-019559
-015368
-011352
-014495
-020607
-020258
-016823
-019268
-024274
-023925
-020141
-018162
-017929
-018221
-018453
-017231
-015892
-016882
-018861
-018861
-016998
-014262
-012167
-012632
-014670
-016067
-015834
-012923
-010595
-014786
-022004
-025148
-023751
-020025
-015601
-012399
-011643
-013564
-017173
-020840
-022295
-019210
-014262
-012982
-014379
-014379
-013564
-013505
-014320
-016241
-017871
-017289
-015252
-014029
-012807
-009314
-005822
-006404
-009314
-010071
-009722
-011701
-013796
-011876
-008441
-008907
-011584
-011584
-010071
-010362
-011759
-012341
-012283
-012167
-012516
-014495
-016009
-013331
-008441
-005589
-004948
-004716
-005239
-007451
-009605
-008616
-006404
-007335
-009780
-009431
-007160
-005589
-004948
-005181
-005880
-006345
-006578
-007219
-007684
-007102
-006054
-005822
-006520
-008092
-009372
-008849
-006928
-005531
-004133
-001048
0001688
0000291
-002562
-001572
0001862
0003958
0003958
0001688
-001107
-001339
0000349
0001804
0002037
0000291
-002504
-004599
-004948
-002038
0001338
-000059
-003493
-002678
0000756
0001979
0002153
0005180
0007916
0004249
-001514
-000466
0004482
0005646
0004307
0005180
0007392
0009022
0009197
0007043
0004307
0004074
0005995
0008091
0009837
0011467
0011875
0009663
0006810
0006752
0008149
0006810
0005297
0009139
0014436
0013039
0008498
0009604
0013737
0014436
0012573
0011816
0011583
0010012
0008207
0007916
0009022
0010769
0011583
0008848
0005530
0007683
0011642
0008731
0003376
0005122
0011060
0014261
0014028
0011351
0008673
0011060
0013912
0007218
-001689
0001862
0013213
0020432
0022469
0020257
0020199
0032752
0032752
0027650
-012574
-015194
0008265
0021246
0021479
0014552
0006694
0010303
0019442
0019034
0013213
0013155
0016764
0017521
0016764
0018569
0020839
0019733
0016590
0014494
0014378
0017172
0019209
0013621
0005122
0002794
0006752
0013854
0020082
0019500
0015484
0017405
0021188
0017055
0009895
0010070
0014319
0014203
0011118
0009721
0010128
0011875
0013563
0012748
0011351
0013970
0017637
0016531
0012864
0012049
0013563
0014669
0015076
0014843
0014436
0015076
0016240
0017288
0017114
0014028
0010710
0012282
0016124
0016415
0013737
0010769
0009430
0012340
0016066
0013679
0008731
0009604
0013621
0013621
0011176
0010419
0011642
0014203
0016473
0016124
0013563
0010245
0008440
0011875
0016124
0011991
0005064
0007392
0014261
0013795
0008731
0006927
0007392
0006286
0004947
0006112
0008440
0009488
0008789
0006810
0004889
0005238
0007043
0007858
0008091
0009139
0010303
0010361
0009371
0007683
0005995
0005646
0005646
0002968
0000931
0006985
0013854
0007218
-004599
-003377
0005297
0006170
0002037
0001746
0003085
-000466
-004133
0001280
0009895
0009663
0003201
-000990
-002736
-004716
-005531
-002969
0000349
-000466
-003668
-004716
-003784
-002911
-001165
0003958
0008091
0004016
-003726
-005065
-001689
0000116
0000640
0002037
0003085
0002095
-000408
-003202
-004774
-002969
-000641
-003435
-008499
-009664
-006928
-001572
0001862
-004075
-013505
-014088
-008266
-004308
-003202
-004250
-006811
-009023
-010653
-012690
-013738
-012283
-009023
-004948
-002387
-004075
-007859
-009023
-008266
-008732
-009955
-010886
-011352
-011584
-011235
-009605
-007743
-007451
-008034
-007568
-007219
-010013
-012923
-010304
-005414
-005647
-008616
-007568
-005298
-007917
-013273
-016765
-017289
-014495
-010711
-010187
-011817
-011876
-011468
-013331
-016067
-017173
-016474
-014961
-012982
-010944
-009896
-010595
-012807
-015776
-017522
-015019
-010711
-009664
-011352
-013214
-014437
-014262
-013098
-011817
-011119
-011468
-012341
-012865
-012749
-011584
-010770
-013156
-016067
-013913
-009547
-009023
-011119
-011876
-011119
-009256
-007684
-009081
-011817
-012458
-011235
-009372
-008150
-009314
-011817
-013040
-012982
-012632
-012399
-013098
-013738
-012516
-009780
-006113
-004366
-009023
-015543
-014844
-009896
-009023
-010770
-010129
-008325
-007684
-008441
-010304
-012283
-013098
-012341
-009896
-007684
-008965
-011817
-011177
-009023
-010246
-012749
-011817
-009023
-008208
-008965
-009198
-009372
-011002
-012923
-013098
-011992
-011119
-010770
-011177
-011293
-008790
-005880
-006928
-009838
-008965
-007102
-010886
-016125
-014146
-008732
-009664
-012516
-005822
0002968
-001572
-011934
-011177
-003435
-000757
-002445
-003493
-005007
-010246
-014204
-008266
0001222
0000873
-005705
-007626
-005938
-005414
-004832
-001514
0002328
0003026
0000523
-003435
-007102
-008790
-007102
-000524
0005704
0003026
-004308
-005822
-002678
0000407
0001513
-001747
-006462
-006229
-003202
-003260
-004366
-001456
0002852
0003725
0001338
-002853
-006171
-004657
-000641
0000291
-000990
-000932
-000350
-001281
-002271
0000465
0003376
-000757
-006986
-005007
0001397
0002386
0000465
0002910
0006927
0006461
0003026
0000698
0000291
0001688
0004598
0008149
0011060
0012107
0011060
0009430
0006170
-001281
-007510
-003784
0005413
0009604
0008673
0006228
0003376
0001455
0001571
0004365
0008091
0009721
0008731
0005646
0001979
-000292
-000350
0001746
0005006
0008033
0009546
0009022
0006694
0003376
0000814
0001047
0003026
0003783
0004307
0007858
0011176
0008033
0002270
0002503
0006112
0005530
0003376
0005937
0010594
0011642
0009779
0008440
0007218
0004831
0002386
0001222
0001571
0003725
0005646
0003609
0000582
0002619
0007101
0007683
0005995
0007043
0008789
0005879
0002153
0005355
0011292
0010419
0005646
0004307
0005879
0007276
0007858
0006403
0004598
0005530
0008149
0009604
0010070
0011351
0011758
0008498
0004016
0003434
0005355
0005064
0004191
0006694
0009954
0008673
0005355
0005704
0008324
0009197
0008382
0007392
0005995
0002968
0000814
0003725
0008207
0006636
0002328
0002910
0006286
0006985
0005530
0003900
0002910
0004132
0005530
0003026
-000233
0002677
0007800
0006344
0001746
0002561
0006228
0006461
0004074
0001979
0000698
0000058
0000291
0001222
0002212
0001688
0001455
0004715
0009837
0013621
0014261
0010070
0004307
0002677
0004540
0006927
0007858
0005006
0000232
-002795
-003144
-001281
0001397
0002619
0002037
0000291
-001048
0000814
0003841
0003900
0001513
-001223
-002853
-001921
0000873
0004016
0005355
0002153
-002445
-002213
0001222
0003259
0002968
-000292
-003901
-002736
0000756
0000756
-001456
-002038
-001339
-001339
-001339
0000058
0001513
0000873
-000990
-002038
-001747
0000291
0001979
-000874
-005007
-004017
0000174
0002794
0002619
-000990
-004541
-001572
0003841
0002852
-002504
-006811
-007743
-002969
0003376
0003550
-000292
-000874
0000174
-002154
-005007
-002911
0001047
0000349
-003901
-008208
-009896
-005065
0001746
0001513
-002329
-000175
0004191
0002619
-002853
-006637
-007917
-007102
-005763
-006869
-008965
-007975
-005705
-006811
-008732
-005822
-000990
-000583
-002271
0000407
0003958
0001222
-005065
-008849
-009198
-007277
-004308
-003202
-003493
-002678
-002445
-006171
-010595
-009372
-005239
-005123
-007044
-005647
-002736
-002387
-004483
-007684
-010537
-011701
-010304
-005531
-000932
-002736
-006986
-004425
0000873
-000641
-005647
-006113
-003260
-001165
-000466
-001398
-002969
-003144
-002678
-004133
-005472
-002387
0002095
0001746
-000932
0001106
0004016
-000990
-008849
-009489
-004599
-000292
0001397
-001165
-005705
-007859
-006695
-001863
0002503
-000524
-006869
-007743
-003901
0001338
0004540
0001629
-005298
-011643
-013389
-006229
0004132
0006403
0002852
0001746
0002328
0001513
-000757
-004832
-008790
-010420
-008674
-002795
0003609
0004540
0002212
0002561
0005006
0007567
0007974
0003667
-003726
-011061
-015485
-015135
-010013
-002096
0005762
0010419
0011176
0010128
0007276
0002735
-001805
-004599
-005589
-006404
-005822
-001281
0004424
0005937
0005238
0008382
0011875
0009371
0002212
-005647
-011934
-015368
-014379
-008325
-000350
0004773
0005704
0003026
-000641
-000059
0002386
0000465
-003027
-002154
0001571
0003376
0004365
0008382
0012457
0011292
0006927
0005471
0004773
-000874
-007102
-006229
-000408
0003900
0005762
0005762
0005006
0006344
0008033
0006228
0002794
0002037
0002561
0000291
-002329
-000466
0003667
0004773
0004365
0007392
0011001
0009895
0005704
0002619
0001629
0002561
0004482
0005064
0004656
0004540
0005064
0006636
0007800
0005413
0002328
0004482
0008557
0007334
0003026
0000931
0001571
0004191
0006694
0005704
0002677
0001688
0002503
0003550
0004249
0004016
0003434
0003550
0004656
0006810
0008848
0009080
0008265
0008440
0009080
0009022
0007858
0005064
0002444
0002677
0005646
0010361
0014378
0014552
0011816
0009546
0008324
0008033
0008731
0010361
0011176
0008382
0004191
0003550
0005355
0006228
0005588
0002561
-000233
0001979
0006927
0009663
0009837
0008731
0006985
0005821
0005238
0004656
0004598
0005762
0007392
0008207
0008033
0007101
0005762
0003958
0002910
0004482
0007218
0008149
0007509
0006519
0005821
0005704
0007218
0012166
0016648
0013970
0007043
0002910
0002328
0003667
0006170
0008091
0008848
0008673
0007625
0006228
0005064
0004540
0004947
0006752
0008324
0006694
0003725
0003492
0005238
0006170
0006519
0007625
0008440
0007451
0006228
0008091
0010594
0008324
0004424
0005879
0009954
0009721
0006752
0005704
0005762
0004365
0002386
0001571
0001804
0002444
0002968
0002212
0001513
0003434
0006228
0006577
0005180
0004482
0003841
0000873
-001514
0002037
0008091
0009954
0007043
0000058
-005531
-000699
0007916
0005471
-002620
-001805
0003085
-000524
-006811
-002736
0005937
0006286
0001106
-000874
-000408
-001630
-002445
0001455
0006752
0006927
0003609
0001571
0001338
0002037
0003085
0003434
0002910
0002153
0000989
-001223
-003493
-004832
-004541
-001339
0001688
-000583
-005239
-005414
-002387
-000408
-000233
-002096
-004657
-005298
-004017
-001572
0000640
0000291
-000815
0001746
0004831
0002270
-003202
-005763
-005239
-002969
-001689
-006345
-012050
-009256
-001980
0000931
-001339
-007393
-012982
-010944
-004541
-001863
-002562
-003144
-003435
-003493
-003377
-003842
-004250
-002387
-001398
-007160
-014379
-012807
-006578
-006345
-009431
-008150
-004774
-004716
-006753
-007160
-006113
-004832
-003435
-001805
-000757
-001805
-003435
-002678
-000815
-001107
-002329
-000815
0000814
-002795
-007568
-004832
0000756
-001281
-007277
-008325
-005763
-004425
-004308
-003959
-003901
-005239
-006345
-003901
-000583
-001689
-005531
-007510
-007684
-007917
-007743
-006229
-004890
-006753
-009372
-007917
-004541
-004250
-005996
-006578
-005880
-004192
-002736
-002969
-004890
-007568
-009838
-010886
-009314
-002969
0003434
0001513
-004890
-006462
-004250
-003144
-002969
-002504
-002387
-003144
-004948
-008790
-010828
-004192
0004715
0003376
-004308
-007684
-006695
-004774
-002620
-001048
-001107
-003726
-007510
-010304
-010653
-007393
-002969
-001863
-003027
-002969
-001980
-000874
-000699
-002678
-005414
-006869
-005822
-001398
0003259
0002270
-001630
-001747
0000407
0000582
-001456
-005414
-008616
-007102
-003144
-002445
-003842
-003493
-002329
-002504
-003668
-005356
-005647
-000757
0003900
-001980
-011759
-011293
-004425
-001980
-003260
-003144
-003260
-007684
-011876
-007451
0000058
-000874
-006578
-007044
-004483
-005531
-007801
-005705
-001747
-001281
-003784
-006869
-008907
-007568
-005239
-007568
-011235
-009140
-003610
0000174
0000756
-002387
-006986
-008616
-007975
-008499
-009023
-007451
-003551
0002852
0008731
0010361
0007974
0004074
0000698
0000116
0002386
0006927
0009604
0003841
-005589
-009664
-007044
0001513
0009837
0008207
0000291
-004250
-004250
-001107
0003143
0004889
0004016
0002270
0000582
0000174
0000523
-000059
-000990
-000815
0000523
0003201
0005355
0004249
0001688
0002212
0004016
0002095
-000641
0002270
0007159
0006868
0002561
-001921
-004133
-001456
0003550
0004715
0003143
0002619
0003143
0004132
0004482
0002037
-001107
-000699
0001804
0002386
0001804
0002794
0004365
0004307
0003434
0003434
0003958
0003434
0002968
0004598
0007159
0008498
0008382
0007043
0005471
0004715
0004947
0005937
0006694
0005704
0003376
0000698
-001048
-000641
0001338
0003259
0004482
0004947
0004482
0003085
0001804
0001979
0003318
0004482
0004889
0004307
0003143
0002444
0002212
0002095
0002270
0003085
0004831
0008207
0011467
0012282
0010477
0006636
0003318
0004540
0007683
0006519
0002852
0001571
0002153
0001920
0002270
0005879
0010186
0010303
0007567
0006170
0005937
0005471
0004773
0003667
0002735
0002561
0003201
0004191
0005064
0004889
0004074
0003434
0003609
0005355
0007509
0008033
0006868
0004831
0003143
0003841
0005413
0004191
0001862
0002212
0004424
0006810
0007567
0004074
-000175
0001688
0006752
0007974
0005995
0003958
0003143
0005413
0008324
0006752
0003492
0004889
0008789
0009895
0008091
0004773
0001455
0000058
0001338
0005821
0009954
0008091
0003143
0002561
0004540
0003143
0001047
0004831
0009371
0004307
-004133
-002911
0004482
0008498
0008673
0007218
0004831
0002619
0001455
0001397
0002910
0006519
0010245
0011583
0010419
0008265
0005646
0002444
0000232
0000582
0002328
0002561
0001920
0002503
0003434
0002270
0001047
0003958
0008440
0009604
0007218
0002444
-002213
-002795
-000757
-000583
-001223
-000117
0002328
0005122
0006694
0004307
0001222
0004482
0009430
0006112
-001048
-001689
0001979
0003143
0001979
0000349
-000874
-000408
0000931
0000582
0000000
0002212
0005297
0005413
0003318
0001688
0001106
0001746
0002619
0001338
-000815
-001107
-000292
-000466
-001223
-000932
-000350
-000932
-002038
-002445
-001747
0000291
0002677
0003725
0003667
0004191
0004191
0001222
-002096
-000932
0002386
0002270
0000407
0001164
0003201
0003259
0001746
0000465
-000292
-000408
-000408
-001456
-002911
-003435
-002911
-001339
0000232
0000232
0000000
0003143
0006810
0005297
0001338
0001513
0003609
0001979
-001281
-001281
0001047
0003085
0003318
-000292
-005123
-006113
-004133
-002562
-001805
-001689
-001747
-000990
0000000
-000583
-001398
0000465
0003085
0002735
0000756
0000814
0001571
-000757
-003668
-002329
0001164
0001688
0000291
0000465
0001688
0002503
0002386
0001106
-000757
-001980
-001863
0000814
0003318
0001047
-003551
-004716
-003377
-003377
-003551
-001048
0001862
0000698
-002271
-001339
0000989
-000932
-004716
-004948
-002911
-002620
-003551
-003435
-003377
-005996
-008790
-007510
-003784
-002271
-002271
-000990
0000465
0000116
-001456
-002969
-003610
-002329
-000583
-001165
-003610
-006928
-008849
-005996
-001107
0000640
-001165
-004948
-008674
-008965
-006811
-005181
-004308
-003144
-002795
-005356
-008034
-005298
-000990
-003377
-009256
-010886
-009081
-007801
-006753
-004832
-002678
-001339
-000932
-000874
-001223
-001863
-003260
-006928
-010013
-007568
-002795
-002911
-005880
-005705
-003726
-003959
-005065
-004250
-002387
-002038
-002620
-002445
-002154
-003086
-004716
-005531
-006229
-008965
-011061
-007568
-002329
-003901
-008499
-006928
-002504
-003435
-006637
-004425
0000407
0001571
0000000
-001048
-000699
0001862
0004598
0003725
0001455
0003318
0006810
0006868
0003783
-000932
-004192
-001339
0004074
0004598
0001164
-001689
-003551
-004890
-005123
-003842
-001398
0001629
0003958
0003725
0002328
0003085
0004482
0003550
0000698
-003027
-005298
-002911
0000756
-001572
-006345
-005356
-000757
0000989
0000698
0001746
0003085
0002095
0000989
0004365
0008615
0006694
0001280
-001398
-001107
0000174
0001746
0002852
0002677
0000116
-001747
0002386
0008731
0009488
0006403
0005355
0005704
0004656
0003725
0005821
0008789
0008731
0006170
0003143
0002444
0005238
0015018
0032752
0032752
-007393
-032752
-032752
-005531
0032752
0032752
0019849
-008732
-002736
0019849
0011525
-012399
-014670
-001048
0009488
0013155
0008906
0000698
-003086
-001281
0004831
0011060
0010594
0005471
0002212
0000465
-003202
-005822
-002445
0003550
0005006
0002852
0001222
-000117
-002853
-004716
-002329
0001862
0003434
0001280
-005647
-011410
-005589
0004482
0002503
-005472
-004017
0002444
0002677
-001863
-006229
-008499
-006695
-003319
-004133
-006695
-005239
-001921
-001747
-003668
-004541
-004716
-005996
-007510
-007451
-006520
-006404
-006520
-005298
-004308
-007277
-010537
-006520
-000117
-001398
-007451
-010537
-009722
-006054
-001747
-000466
-002213
-005647
-008034
-004657
0000232
-001980
-007859
-008558
-005938
-006287
-007335
-003959
0000756
0000756
-002620
-005298
-006171
-004425
-002271
-004250
-007917
-007743
-005414
-005356
-006520
-006054
-005065
-006345
-008034
-006171
-003144
-003726
-007219
-011293
-013273
-009256
-002736
-000524
-002271
-004541
-006695
-008441
-009140
-008674
-006986
-004133
-001980
-003551
-006928
-007626
-006753
-007917
-009605
-008208
-005589
-005356
-007219
-009198
-010653
-010770
-010071
-009955
-010129
-009605
-008674
-007975
-007859
-009023
-010246
-008965
-006520
-005822
-006462
-006520
-006928
-009722
-012865
-012341
-009780
-009431
-010013
-007684
-004774
-006520
-009722
-007335
-003551
-007975
-015368
-014088
-008558
-010478
-014786
-010071
-001107
0001513
-001456
-005531
-008732
-009256
-006869
-002504
0001397
0001629
-001107
-004366
-006462
-006229
-004308
-002562
-002213
-004832
-008732
-010362
-010246
-010828
-010770
-007160
-002736
-002154
-004716
-007684
-009372
-008034
-004716
-001514
-000292
-002562
-006637
-008616
-008965
-010653
-011526
-007626
-002504
-002911
-006753
-008325
-007393
-004657
-002504
-005239
-009140
-006345
0000232
0003609
0003434
0001280
-000932
0000000
0002153
0000873
-001980
-002213
-000117
0002735
0004598
0002619
-000292
0002212
0006344
0003841
-002271
-004716
-004192
-003784
-004308
-007277
-009140
-002678
0006286
0006170
0000582
-000583
0001688
0003026
0003026
0001746
-000059
-000641
-000524
-000990
-002853
-007393
-012341
-015019
-013098
-003377
0006752
0002794
-003668
0014203
0032752
0030502
0002503
-021422
-030328
-014088
0010710
0010477
-005647
-010770
-005239
0004191
0011001
0004773
-006695
-005647
0002037
0000582
-005472
-004483
0000756
0002212
0001979
0006286
0010594
0005821
-002213
-000641
0005646
0003958
-001048
0002270
0008673
0005937
-000874
0000407
0005762
0004889
0000931
0001629
0004773
0004365
0002328
0003609
0005879
0003841
0000058
0000116
0002677
0004074
0003725
0001455
-000932
0000058
0002910
0003841
0003550
0004482
0005995
0006752
0006228
0004016
0001222
0000232
0000058
-002154
-004192
-001805
0002910
0005006
0005122
0006112
0007451
0008033
0007974
0007625
0007334
0007509
0008149
0009313
0009721
0007509
0004016
0001222
0000756
0004656
0009139
0007159
0001979
0001571
0003841
0002794
0000698
0002852
0006985
0007567
0006519
0008906
0011875
0009313
0004132
0003026
0004307
0002910
0000640
0001455
0004249
0005879
0006694
0008498
0009546
0006286
0002212
0004016
0008731
0009197
0006752
0005821
0005530
0003201
0000814
0001979
0004656
0004540
0002910
0003725
0005646
0005471
0004598
0006577
0009837
0011816
0011292
0007625
0002968
0001455
0002037
0000931
-000932
-001339
0000174
0003841
0007625
0008265
0005937
0002561
-000757
-002911
-002795
0000756
0004889
0004656
0001688
0000814
0002037
0003900
0005588
0006519
0005297
-000292
-006345
-006753
-002620
0002153
0004889
0002386
-002329
-002504
-000175
-001339
-003435
-000466
0004424
0004889
0002212
0001047
0000873
-000757
-001980
0000873
0004889
0004831
0001688
-001281
-003086
-003551
-002678
-001398
-000117
0001222
0001513
-000990
-003493
-000815
0004249
0005530
0003609
0001688
0000000
-001980
-003319
-002678
-001281
-002154
-003144
0001222
0005762
0000116
-008790
-006287
0002270
0003492
-000699
-003319
-004366
-006054
-006171
-000524
0006112
0005006
-000874
-003551
-003377
-004017
-004017
-000059
0004424
0003550
-000408
-001630
-000583
0000174
0000000
-001456
-003842
-006578
-007684
-004308
0000989
0003550
0002386
-002853
-007510
-003784
0003376
0002852
-002620
-005065
-004948
-005181
-005938
-007451
-008325
-005938
-002795
-003901
-006462
-003842
0000873
0000873
-001630
-000641
0002677
0005006
0005821
0005413
0003609
0000000
-002795
-000990
0003318
0005413
0005006
0003492
0001164
-001689
-003610
-002504
0000232
0001513
0001397
0001338
0001397
0001338
0001338
0001164
0001047
0001455
0001920
0001513
0000523
-000699
-000815
0002503
