0002153
0002212
0001571
0001280
0001164
0000582
0000000
0000407
0001106
0000116
-001107
0000116
0002328
0002444
0000582
-002445
-004366
-001398
0003143
0002503
-001456
-003610
-003202
0000000
0003318
0001920
-001805
-001863
0000232
0000407
-000990
-002445
-003319
-003086
-001863
-000408
0000814
0001338
0001688
0003201
0005180
0006577
0006577
0004307
0001688
0002095
0004074
0004074
0002561
0001280
0000873
0002444
0004074
0002270
-001107
-002038
-000990
-000466
0000174
0002619
0005064
0004482
0001920
0000116
-000815
-001921
-002445
-000990
0000814
-000466
-002969
-002387
0000000
0001164
0000523
-002562
-005356
-003377
0000989
0002153
0000407
-002329
-004192
-002154
0001338
0000407
-002096
0000640
0005238
0004831
0000698
-003086
-004657
-002096
0002328
0004074
0003026
0001047
-001107
-002504
-003086
-003435
-003086
-001048
0001164
0000989
-000524
-000292
0000465
-001339
-003726
-003086
-000524
0001280
0001280
-001339
-004308
-002795
0000698
0000523
-001689
-001863
-000641
-000699
-001165
-000059
0001164
-000583
-003551
-004366
-002795
0000640
0003783
0003259
0000465
-000757
-000524
0000116
0000756
0000407
0000232
0002561
0005530
0005413
0003434
0002852
0003201
0002677
0001571
0000931
0000407
-000641
-001514
-000990
-000175
-001689
-003086
0000989
0005879
0002444
-004832
-005472
-002096
-002038
-004716
-007859
-008849
-003726
0002968
0002794
-002387
-007044
-007335
0001571
0013504
0017870
0013679
0003318
-006287
-005007
0003550
0009197
0009663
0004656
-002038
-003668
-000350
0004773
0008906
0008557
0004889
0001571
-000466
-001456
-000815
0001920
0004715
0004424
0001746
-000990
-002213
0000000
0003318
0002910
0000232
-000874
-000583
-000699
-000583
0001338
0003318
0002735
0000349
-001689
-002678
-002853
-001747
0000989
0003376
0001979
-001048
-001048
0001106
0001979
0002386
0004540
0007101
0008207
0007509
0004947
0002503
0003143
0005413
0005180
0003900
0005471
0007858
0006985
0004424
0004016
0004424
0002212
-000874
-000932
0000698
0000582
-000175
0001047
0003434
0005297
0005238
0001920
-002620
-004657
-003842
-001223
0001047
-000641
-003551
-001223
0002968
0001629
-002969
-005065
-004483
-002271
-000117
-000583
-002562
-003435
-002562
0000058
0003201
0004656
0004598
0004249
0003667
0002794
0001746
0000640
-000059
0000523
0001804
0002212
0002677
0005238
0008033
0007742
0005180
0002735
0000989
0000349
0000407
-000175
-000641
0000523
0002270
0002444
0001513
0000349
-000117
0001222
0003085
0003318
0002037
0000523
-000466
0000000
0000873
0000174
-001398
-002213
-002271
-002271
-002445
-003610
-004483
-002271
0000756
0000232
-002271
-002562
-001048
0000989
0002503
0001920
0000814
0003259
0006519
0005297
0001338
-000932
-001048
0000349
0001979
0000989
-000815
0000116
0002735
0004715
0004482
-000175
-005123
-002736
0003085
0003085
-000932
-003260
-003319
-001980
0000232
0002212
0002910
0001804
-000699
-003435
-004948
-003435
-000641
-000117
-001107
-000932
-000059
0000465
0000698
0001106
0000814
-001398
-004774
-008441
-009722
-005531
0001280
0005646
0005180
-002504
-009955
-004250
0008265
0013039
0009604
0002037
-005763
-008616
-005763
0001338
0008033
0007334
0002386
0001688
0003900
0004132
0003026
0002910
0003143
0002095
0000407
-000699
-001223
-001863
-001980
-000233
0001804
0001397
-001048
-004425
-006753
-005531
-002329
-000990
-001107
-000641
0000291
0001280
0001571
-000117
-002329
-001863
0000000
-000466
-001281
0002095
0006752
0007043
0003841
0000174
-002271
-001863
0000232
0001106
0000873
0000873
0001513
0003550
0005355
0004540
0001688
-001398
-002795
0000058
0004074
0002735
-001339
-001630
0000407
0000814
-000699
-004250
-007044
-004425
0000873
0002794
0001222
-002154
-005705
-007160
-006404
-004774
-003319
-003668
-004599
-003202
-000874
-001048
-002329
-001107
0000814
-000175
-002504
-002504
-000175
0003958
0007334
0006286
0002503
0000058
0000058
0002561
0005704
0006170
0004191
0001629
-000524
-001456
-000757
0001280
0003259
0002677
0000698
0000523
0001222
0000465
-001281
-003086
-004366
-004425
-004308
-006637
-008849
-005880
-000524
0001571
0000116
-003202
-006345
-006229
-003610
-000874
0000756
-000059
-001921
-001921
-000757
-000641
-001107
-001281
-000990
0000058
0001164
0001222
0000814
0001688
0002503
0000640
-002096
-001863
0000174
0000989
0000756
0000989
0001513
0002095
0002328
0001804
0000582
-001107
-002562
-002911
-002271
-001456
-000466
0001164
0002328
0001164
-000699
0000756
0002735
-000408
-005763
-007568
-005181
0000873
0006170
0003376
-003493
-005123
-002562
-000815
0000116
0001455
0002270
0001862
0000291
-002387
-004483
-003726
-000699
0003026
0005471
0003550
0000116
0001862
0004715
-000641
-008732
-008558
-002620
0001804
0002677
-000990
-006404
-008965
-006753
0001513
0010245
0010943
0004249
-006054
-013622
-009896
-000233
0002503
-000292
-002038
-002504
-002271
-001689
-001863
-002504
-002911
-002678
-001398
0000756
0003725
0005762
0004249
0001222
0001338
0003143
0002794
0001047
0000174
0000349
0001164
0002444
0004249
0005064
0003143
-000292
-002911
-003842
-002445
-000233
0000349
-000583
-001281
-002213
-004425
-006462
-005996
-003959
-002736
-002445
-002096
-002038
-002504
-003202
-003784
-003377
-000699
0002561
0003259
0001688
-000233
-001921
-003086
-002620
0001164
0004831
0002212
-003493
-004716
-002387
-000233
0000756
-000175
-001921
-001863
-000583
-000292
-000175
0002037
0004249
0002735
-000350
0000116
0002968
0004831
0005064
0003725
0001397
-000641
-001572
-000699
0000931
0001338
0000640
-000117
-000641
-000583
-000117
0000465
0000931
0001397
0001280
-000233
-002329
-003784
-004075
-002969
-001339
-000990
-001281
-000175
0001338
0001804
0001164
0000000
-000815
-000233
0000931
0000698
-000175
0000116
0000873
0000058
-000641
0002444
0006053
0003958
-000932
-002154
0000116
0003492
0006053
0005238
0001804
-001980
-003959
-001398
0003026
0003900
0001920
0000582
0000058
0000000
0000058
-000874
-001572
0000349
0003259
0004307
0003259
0001164
-000932
-001630
-000815
0001338
0003318
0002968
0000989
-000641
-001572
-002154
-001805
0000291
0002619
0002561
0001106
0000873
0001571
0001920
0002212
0003434
0004715
0004715
0003550
0001920
0000698
0001047
0001804
0000291
-001863
-001456
0000756
0002561
0003259
0002328
0000931
0001280
0002270
0001571
-000641
-003842
-005996
-003784
-000874
-005123
-011468
-009722
-002853
0001280
0001688
-000233
-004017
-009780
-011876
-001572
0013388
0018976
0013854
0001047
-010828
-008150
0003609
0009663
0009313
0006461
0002852
0001222
0001746
0003143
0004016
0002328
-000583
-001805
-001281
-000466
0001047
0004424
0007392
0006461
0002852
0000000
-001165
-000815
0000756
0002444
0003376
0002677
0001571
0002561
0004365
0004424
0002619
-000408
-003260
-004308
-003319
-000583
0001513
-001223
-005414
-004425
0000174
0003958
0005588
0004889
0002270
-000990
-003086
-001630
0001338
0001455
-000292
-000583
0000116
0000523
0000058
-002154
-004133
-001921
0002212
0003434
0002037
0000349
-001165
-002620
-002678
0000349
0004365
0005355
0004191
0004132
0004889
0005821
0006053
0004540
0002095
0000523
-000292
-001398
-002154
-001514
-000233
0000465
-000233
-003319
-006578
-006520
-003784
-001165
0000465
0000349
-000757
-000932
-000524
-000815
-001048
0000349
0002386
0003434
0003318
0002212
0001338
0002386
0004307
0004307
0003026
0002561
0002561
0002328
0001862
0000873
0000291
0001979
0004424
0004773
0003550
0002794
0001920
-000757
-003144
-001921
0001513
0004074
0004540
0001746
-001980
-001747
0000116
-002445
-006113
-003784
0001280
0001746
-000932
-001689
-001107
-001398
-001863
-001107
-000350
-002445
-004716
-001572
0003550
0003026
-000874
-002213
-001514
-001339
-001514
-001572
-001456
-000990
-000292
0000640
0001047
-000466
-002387
-002213
-000583
0000523
0000756
0000349
-000466
-001048
-001048
-000117
0000989
0001047
0000116
-001398
-002213
0000058
0003259
0002968
0000349
-001398
-002096
-002620
-002736
-001921
-000815
-000175
-000350
-001921
-003027
0000407
0003725
-002678
-012283
-012458
-005239
0002270
0005646
-000408
-010013
-011352
-005647
0000582
0005122
0007043
0004773
-003319
-010828
-007335
0002386
0006403
0005180
0003667
0001804
-001107
-003435
-003027
-001339
-001863
-003842
-004948
-004948
-004075
-003144
-003377
-004366
-004657
-004017
-002387
-000699
-000699
-001630
-001398
-000757
-001921
-002911
0000407
0005064
0005297
0002212
-000233
-001339
-001048
0000291
0001338
0001746
0001280
0000756
0002095
0003492
0001222
-002562
-003493
-001863
0001047
0002910
0000465
-003842
-004948
-002795
0001106
0003667
-000175
-006287
-006113
-001689
0000814
0000465
-002911
-006811
-006404
-003377
-002678
-003435
-002504
-001281
-002911
-005472
-004832
-002213
-000641
-000583
-001805
-003202
-002911
-001747
-002096
-002795
-001165
0001455
0002328
0001455
-000175
-001281
0000058
0002735
0004424
0004424
0002677
0000058
-002271
-002504
0001280
0006286
0007334
0005355
0003900
0003085
0001979
0000640
-001456
-002329
0001571
0006403
0004715
-000815
-003144
-002736
-002678
-003144
-004250
-005589
-006637
-006637
-004832
-002678
-002969
-004308
-003260
-001165
-001514
-002969
-002271
-000641
-001630
-003027
-000350
0003725
0003492
0000756
0000116
0000931
0000698
-000524
-002096
-003610
-005007
-005239
-002620
0000756
0001047
-000641
-000932
-000350
-000350
-000874
-002038
-002678
-000874
0001571
0001106
-000874
-001048
0000000
0000174
-000350
-001107
-001689
-001921
-001572
-000699
0000232
0000291
0000000
0000523
0001338
0001571
0000698
-001689
-004425
-005705
-005181
-003260
-001398
-001630
-003086
-002911
-001863
-002271
-002445
0001047
0005646
0006403
0004424
0003667
0003201
0000640
-003202
-007568
-009431
-004250
0003667
0006636
0003725
-003784
-010013
-005472
0004831
0010361
0008615
-000292
-010653
-013156
-008150
-000408
0005821
0004715
-000932
-003901
-003842
-003027
-001689
0000058
0000989
-000583
-002969
-002562
-000466
0000407
0000058
-001107
-001921
-000583
0001920
0003318
0003783
0004540
0005064
0004773
0003900
0003259
0002852
0002561
0002444
0002503
0002503
0002153
0001513
0000931
0000756
0001164
0001862
0002153
0001455
-001048
-003435
-001863
0001397
0001397
-000524
-000641
0000174
-000583
-002154
-002969
-003144
-003668
-003784
-001980
0000291
0000232
-001223
-001980
-001398
0001397
0003958
0001688
-001805
0000814
0006868
0009837
0009488
0007800
0005821
0005006
0005297
0005355
0005006
0004191
0003550
0004947
0006636
0005297
0002968
0003900
0006461
0006927
0005704
0004889
0004074
0002270
0000349
-000757
-000524
0002037
0003783
-000815
-007219
-006054
-000466
0001513
0000116
-001689
-002969
-002504
-000815
0000640
0001106
0000407
-000757
-000699
0000116
-000292
-000641
0001804
0004947
0005122
0002968
0000873
-000117
0001106
0003026
0002386
0000232
-000175
0000407
-000583
-001456
0000756
0004074
0004365
0002270
0000174
-000815
0000698
0002968
0002735
0000756
-000874
-001339
-000350
0001164
0001047
-000408
-001863
-003086
-004308
-004774
-003202
-001107
-001048
-002154
-001863
-000583
0000465
0000582
-001456
-003959
-004075
-002736
-002678
-002969
-000583
0002095
0000582
-002445
-000699
0003550
0005064
0004249
0003085
0002270
0002735
0003667
0003026
0001804
0002386
0003376
0001920
-000874
-002736
-002853
-000932
0001688
0002270
0001513
0001571
0002095
0002212
0001629
0000291
-002154
-006637
-009955
-007102
-001107
0001629
0000058
-006287
-011934
-007917
0001862
0008382
0009313
0004831
-002329
-007568
-007917
-000874
0007742
0006985
0000523
-001514
-000059
0000465
0000291
-000117
-000117
0001804
0004191
0004482
0002852
0000174
-001921
-001165
0001106
0001338
0000814
0003085
0006170
0006577
0004773
0002677
0001688
0003783
0006112
0002677
-003202
-004075
-001572
-000932
-001630
-002213
-001805
0000814
0003725
0003550
0000814
-002271
-004541
-005298
-004308
-001921
0000523
0000873
0000058
0000349
0001280
0001746
0001571
0000756
0000291
0001629
0003958
0005471
0005704
0004598
0002910
0002037
0002270
0003667
0004715
0003201
-000059
-003202
-004425
-001514
0003492
0006519
0006519
0003434
-000815
-003086
-002853
-000990
0001164
0001455
0000232
-000874
-001339
-000466
0000756
0000116
-001223
-000408
0001222
0000582
-000874
0000465
0002619
0001455
-001165
-000990
0001106
0002561
0002852
0002095
0000523
-000932
-002154
-003784
-004366
-001572
0002212
0002619
0000989
0001338
0002503
0001513
-000175
0000174
0001804
0002852
0002968
0002328
0001047
-000874
-002038
-000583
0001688
0001106
-001398
-003086
-003842
-004425
-004483
-003493
-002213
-001805
-002213
-002620
-002678
-001689
-000524
-000466
-001747
-004366
-006404
-005298
-002154
-000059
0000873
0001571
0001804
0001513
0000989
0000640
0000349
0000291
-000408
-003260
-006054
-004948
-001514
0000174
0000232
0000116
0000116
0000756
0000873
-001747
-005239
-006113
-004366
-001398
0001397
0002619
0001513
-002445
-006287
-005181
-001398
-000815
-002387
-002154
-001223
-001863
-003551
-004890
-005589
-005647
-004832
-003377
-001747
0000232
0000640
-003610
-008499
-006811
-000990
0003201
0003376
-002795
-009605
-007277
0001513
0009197
0012515
0009430
0002270
-004425
-006986
-001339
0006112
0002910
-005647
-006520
-002038
0000232
0000407
0000873
0000640
-002096
-005239
-005181
-002911
-001805
-001398
0000116
0001455
0000523
-001689
-002562
-002038
-000815
0000931
0003376
0004831
0002735
-000990
-002387
-001630
-000466
0000232
-000815
-002387
-002038
-000059
0002444
0004074
0002852
0000582
0001338
0003492
0003143
0001338
0001222
0002095
0002677
0002212
-000233
-003027
-003784
-002504
-000059
0001979
0001222
-000932
-001223
-000466
-001456
-002736
-000524
0001862
-002445
-008499
-006811
0000058
0005530
0006985
0002677
-003668
-004832
-001921
0000814
0001862
-000117
-002795
-001456
0002328
0004656
0004598
0001920
-001398
-001980
-000117
0002212
0003667
0002503
-000117
-001165
-000757
0000116
0000873
0000640
0000407
0002037
0004074
0003318
0000989
0000058
0000291
0000232
0000291
0001222
0002386
0002794
0002037
-000175
-002329
-001805
0000000
-000175
-001747
-002678
-003319
-005065
-006578
-005880
-003901
-002678
-002445
-002678
-002795
-001689
-000466
-001630
-003784
-003959
-002678
-001689
-000874
0000698
0001804
0000232
-001863
-000059
0003318
0002910
0000116
-001630
-001572
0000465
0002968
0003143
0001688
0001222
0001397
0000756
0000000
0000523
0001455
0000756
-000815
-001630
-001107
0001746
0003958
0000232
-005996
-007510
-005647
-005472
-006404
-006520
-005763
-004250
-002911
-003377
-004832
-005647
-005181
-003435
-000874
0001455
0002794
0002444
0001338
0001338
0001920
0001222
-000117
-000583
-000699
-002213
-003493
-002096
0000814
0003667
0003609
-003784
-012341
-011235
-003144
0003958
0006810
0002328
-004657
-004541
0001047
0006053
0008498
0007509
0002852
-005763
-011526
-003319
0010245
0011234
0004016
0002328
0004016
0001804
-001572
-000233
0003259
0002968
0000523
0000582
0001629
-000408
-003260
-002154
0001106
0002270
0001280
-000815
-002504
-001514
0001164
0002852
0003783
0005006
0006461
0008382
0008615
0003376
-003260
-003901
0000407
0005355
0008557
0007625
0004249
0002852
0003318
0003725
0004365
0006112
0007276
0004831
0000931
-000117
0000640
-000233
-001630
-000757
0000582
-001165
-004192
-004657
-003202
-002213
-001980
-002678
-003668
-003842
-002969
-001165
0000407
-000175
-001747
-001805
-000292
0002153
0004074
0003492
0001455
0000174
0000756
0004074
0007974
0009022
0007218
0004540
0002095
0001397
0001688
0000756
-000583
-000874
0000232
0003026
0005355
0003376
-000233
0000523
0003376
0002561
-001048
-004657
-006637
-004832
-001398
-000699
-001863
-001805
-000641
0000873
0002212
0003259
0003201
0001222
-001107
-001107
0000291
0000523
0000058
0000000
0000523
0001862
0002910
0001688
-000350
-000350
0001164
0001804
0001920
0003026
0003492
0000174
-003959
-002562
0000989
-001572
-006113
-003668
0002095
0002328
-000524
0000174
0003085
0004773
0004656
0002503
-000059
-000059
0001571
0002444
0001920
-000641
-002969
-001048
0002677
0002735
-000117
-003144
-004774
-002736
0000523
0000349
-002213
-003668
-003842
-003668
-002911
-001223
0000174
-000699
-002387
-001805
0000465
0002735
0004132
0003376
0002095
0004132
0006636
0003492
-001805
-002096
0000931
0002153
0001455
-000059
-001398
-000990
0000291
0000058
-000815
0000000
0001338
0001338
-001223
-008674
-015135
-010770
-000524
0004889
0003958
-002154
-008092
-004483
0004365
0008091
0006170
0001455
-004599
-010886
-013156
-005356
0005471
0005588
-000815
-001456
0001629
0001513
0000291
0002968
0006868
0006868
0003725
0000349
-001863
-002038
0000116
0004656
0008557
0007567
0003259
-000292
-001747
-000524
0001920
0002153
0001164
0002153
0003434
0001455
-001165
0000814
0004831
0005413
0002852
-000641
-003377
-003784
-001980
0000407
0001979
0001280
-000990
-002736
-003260
-002213
-000524
-000059
-000815
-001980
-003435
-005531
-006753
-005123
-001980
0000291
0000698
-001048
-003377
-003202
-001514
-001048
-001689
-002795
-003027
-000117
0003841
0005297
0003900
0000407
-003144
-004017
-002387
0000000
0002037
0002386
0001222
-000932
-002271
0000000
0003434
0002910
-000059
-001165
-000524
0000407
0000931
-000466
-002154
-000699
0002212
0002619
0001222
0000349
0000000
-000466
-001165
-002445
-003377
-002387
-000292
0001106
0001455
0000989
0000582
0002328
0004482
0003550
0000989
0000174
0000582
-000059
-001048
-000874
-000175
-000233
-000699
-000175
0000407
-000641
-002504
-003551
-003377
-002271
-000815
-000117
-000350
-001223
-002271
-002271
-001747
-001805
-002271
-002096
-002038
-003610
-004890
-002271
0002037
0003783
0002386
-001398
-005007
-004366
-001223
-000175
-000757
-000757
-000466
-000932
-001165
0000873
0003609
0004307
0003201
0001804
0001222
0003318
0005646
0003201
-001165
-001107
0001222
0000291
-002271
-002387
-001339
-002562
-004308
-002387
0000756
0000116
-002562
-002736
-001223
-000524
-001165
-004250
-006986
-004657
0000174
0002037
0000523
-003144
-006637
-006404
-003610
-001165
-000874
-005007
-009605
-007219
-000874
0002852
0002212
-003784
-009547
-005472
0004424
0010245
0011176
0010070
0006694
0000349
-004890
-002911
0002444
0002037
-001514
-000408
0002386
0000116
-003784
-001921
0002794
0003318
0000698
-001572
-002271
-000408
0002328
0002735
0001106
-001048
-002038
0000931
0004831
0004016
-000292
-004541
-006695
-004657
-000874
-000524
-002620
-003202
-003027
-004425
-006113
-006287
-004657
-001398
0002037
0003900
0003434
0000291
-002911
-001921
0001222
0001397
-000641
-002853
-003610
-000641
0003609
0004132
0001920
0000523
0000058
-000059
0000291
0001222
0002270
0003026
0002794
0000698
-001747
-001398
0000349
0000523
-000583
-001223
-001281
-000990
-000466
0000174
-000292
-003784
-007684
-006986
-003377
-001398
-001281
-001805
-002853
-004483
-005007
-001689
0002270
0000873
-003551
-004948
-003842
-002795
-002271
-003086
-003551
-000583
0003609
0004365
0003085
0003900
0005646
0005646
0003958
0000814
-001863
-000757
0001397
-001921
-006811
-005356
-000350
0000814
-000466
0000407
0002095
0001397
-000350
-000059
0000873
-000641
-002969
-002445
-000233
0000523
-000059
-000815
-001223
-000466
0000465
-000524
-002154
-001572
0000232
0000989
0000523
-001048
-002038
0000174
0003667
0004307
0002735
0001280
0000349
0000000
0000349
0001106
0001920
0002037
0001629
0000814
0000174
0000523
0001338
0001571
0001222
0001164
0001047
0000756
0000000
-001747
-003202
-002387
-000059
0002212
0002735
-000641
-005181
-005065
-002213
-001805
-002445
0000291
0003841
0003550
0000873
0000058
0000465
-000059
-000932
-001165
-000815
0000116
0000989
0000698
0000291
0001746
0004191
0005995
0005995
0003201
-001281
-006054
-008266
-004948
0001164
0005122
0004831
-001281
-007044
-001398
0009604
0012806
0008498
0002328
-004075
-010362
-012341
-004541
0006112
0006461
0000174
-001339
0000116
-001805
-004425
-001980
0002270
0001746
-001863
-003551
-002969
-000583
0001920
0001106
-001048
-000117
0002328
0001979
0000407
0001222
0003376
0004307
0003725
0001979
0000174
0000058
0001338
0002794
0003725
0003434
0002735
0003259
0004249
0003725
0002677
0003143
0004365
0004365
0003667
0003958
0004598
0004016
0002619
0001164
-000059
-001107
-001398
0000407
0002328
0000814
-002387
-003319
-002387
-001572
-001281
-002038
-002736
-001456
0000465
0000000
-001805
-001863
-001514
-003784
-006637
-005938
-003435
-003377
-004366
-002504
0000232
-000292
-003202
-006287
-007219
-002620
0003201
0002095
-002795
-003551
-000524
0003434
0006286
0005588
0002619
0000814
0000640
0001338
0002910
0005471
0007276
0005937
0002503
-000815
-002504
-001281
0000698
-001572
-004948
-002271
0002619
0001280
-003610
-005065
-003610
-002271
-001165
-000175
0000291
-000524
-001339
0000698
0002735
-000815
-006229
-005589
-001456
-000699
-002213
-002445
-001514
-000292
0001164
0003318
0004831
0003609
0001222
0000756
0002037
0003492
0004424
0004307
0003143
0001222
-000059
0001106
0003376
0003550
0002037
0000349
-000815
-000815
0000116
0000814
0001280
0001629
0001920
0002619
0002561
-000059
-003144
-002620
-000292
-000583
-002096
-000932
0000756
-001630
-005007
-003027
0002212
0005646
0006519
0005530
0003143
0000349
-000990
0001513
0005180
0004715
0001688
0000582
0001106
0001338
0001397
0001746
0002270
0003026
0003143
0000873
-002154
-002387
-002096
-006695
-012050
-011002
-005065
0001629
0004365
-003377
-014029
-013040
-003901
0002677
0005122
0005355
0001629
-008907
-017871
-011526
0001746
0002386
-004308
-002853
0002910
0002968
-000175
0000407
0002561
0001106
-002038
-003027
-001689
0000465
0002968
0005355
0006403
0004831
0002270
0001804
0003318
0005588
0007159
0005937
0002968
0000756
-000524
-001921
-002329
0000291
0003318
0001920
-001630
-001514
0000814
0001629
0000407
-003319
-006171
-002504
0003900
0004656
0001688
0000873
0001455
0000756
-000583
-000932
-001107
-003319
-005472
-003493
0000000
-000524
-003610
-005298
-005123
-003202
-000990
-001630
-003377
-002271
0000174
0000291
-000699
0000291
0002328
0003492
0003026
0000174
-002969
-003086
-001165
-000524
-000990
-001689
-002096
-001107
0000058
-001339
-004017
-005356
-004425
-000466
0004074
0005180
0002852
-001223
-004832
-005356
-003260
-000932
0000232
-001223
-003726
-003959
-002445
-000932
-000059
-000524
-001223
0000116
0001746
-000292
-003435
-002154
0001047
0000174
-002562
-001747
0000873
0000640
-001223
-001514
-000699
-000059
0000058
-000641
-001107
0000582
0003259
0005122
0005122
0002386
-000815
-000059
0002153
-000350
-004657
-004192
-000757
0001106
0000814
-000699
-002736
-004017
-004075
-003435
-001863
0001047
0003434
0002794
0000000
-002271
-003551
-004075
-003668
-002154
-000583
-001165
-002096
0000523
0004132
0003550
0000523
-000699
0000116
0001979
0003492
0002212
-000641
-002329
-002329
-000990
0000814
0001397
0000814
-000233
-001165
-001165
-000524
-000117
0000291
0001280
0002270
0002444
0001688
0000000
-001514
-000757
0000523
-001107
-004483
-007393
-008266
-005938
-002329
-000699
-002445
-008790
-014495
-011061
-001630
0006868
0009139
-001572
-014495
-009838
0005471
0013563
0012922
0007625
0000058
-006404
-008441
-002853
0004889
0003841
-001747
-000524
0004074
0003318
-000524
-001514
-000641
-001339
-002504
-001805
0000116
0001920
0002910
0002735
0001338
-001339
-003435
-002213
0000407
0000582
-001630
-005472
-008092
-005181
0000058
0000698
-002271
-004948
-006345
-006287
-005298
-005239
-005531
-004483
-002911
-002504
-002562
-000757
0001222
0000465
-001805
-002736
-002271
-001398
-000175
0001106
0002212
0003085
0002794
-000117
-003668
-004890
-003610
-001107
0001746
0004191
0004947
0002910
0000000
0000174
0001862
0000582
-001805
-000815
0001397
-000175
-004017
-006345
-006869
-006462
-005123
-003027
-001281
-001281
-002562
-003901
-004599
-004192
-002969
-001863
-000874
0000523
0001804
0002037
0001688
0002095
0002794
0002794
0002503
0003201
0003958
0002852
0000931
0000174
0000814
0002794
0004598
0004074
0002153
0001222
0001629
0002968
0004307
0004307
0003026
0001164
-000350
-000583
0000582
0003201
0005530
0005006
0002794
0002037
0002386
0002444
0002037
0001455
0000465
-001514
-003319
-003377
-001980
-000117
0001164
0000582
-000990
-001456
-000815
-000233
0000465
0001804
0002794
0001746
-000059
0000291
0001513
0000407
-001514
-001048
0000931
0002153
0002503
0002561
0002677
0003318
0004016
0003725
0002328
-000583
-003144
-002795
-000815
-001165
-002271
-000292
0002386
0000465
-002969
-000990
0003318
0002968
-000408
-002504
-002795
-001514
-000233
-001921
-004657
-004366
-002038
-000408
0000058
-000641
-001514
-001048
0000232
0000989
0000873
-000175
-000815
0001862
0004947
0003201
-002213
-008383
-011759
-008732
-001339
0005995
0009197
0004016
-004250
-005298
0000116
0006752
0011467
0011467
0006286
-003668
-011643
-007335
0003201
0005297
0001571
0001106
0002619
0002153
0000698
0000523
0000931
0000000
-001514
-001921
-001572
-001514
-001747
-001921
-002096
-002853
-002795
0000582
0004482
0003376
-000466
-001689
-000524
0001222
0002270
0001222
-000990
-001980
-001805
-001165
-000932
-002562
-004366
-002795
0000465
0001688
0001280
0001106
0001397
0002386
0003667
0004773
0005064
0003725
0001455
-001107
-002387
-000408
0002910
0003841
0002852
0002153
0001513
-000059
-001980
-003726
-004250
-002445
-000059
-000757
-003027
-002736
-001281
-002213
-004133
-004017
-002504
-001339
-000932
-001107
-001339
0000000
0001688
0001746
0000291
-001805
-002969
-001165
0001979
0002968
0002153
0001280
0000989
0001979
0003143
0002095
0000349
0001222
0003259
0002619
0001222
0003783
0007334
0005937
0001688
-000583
-000233
0002328
0004889
0003550
-000292
-003260
-003726
-000175
0004598
0005413
0003026
0001106
-000117
-001107
-001921
-003377
-004657
-004948
-003959
-001805
0000407
0000873
-000059
-000757
-000932
-000408
0000931
0003026
0004889
0004947
0004074
0004424
0004598
0001571
-002562
-004075
-002387
0002444
0006927
0005064
0000000
-000466
0001397
-000583
-003726
-001805
0002270
0002212
-000699
-002678
-003027
-001630
-000175
-002154
-005123
-004250
-000874
0001571
0002386
0001979
0000814
-000059
-000466
-000466
-000583
-002213
-003377
-000583
0003376
0002677
-000874
-002445
-002213
-001863
-001456
-001048
-000699
-000292
-000059
-000350
-000990
-001980
-002969
-003784
-003551
-000815
0002095
0000931
-001805
0000465
0003318
-002562
-011584
-012749
-007393
-001281
0002735
0002386
-002038
-009140
-013564
-007801
0002386
0004773
0000232
-005822
-010129
-008558
-003260
0000407
0001338
-000233
-002736
-003202
-001863
-000350
0000523
-000059
-001339
-001630
-000990
-000292
0000174
0000116
0000116
0001455
0002852
0002095
0000000
-001921
-002562
-001339
0001164
0003376
0004773
0005530
0004947
0002095
-000990
-001107
0000931
0002619
0002852
0000814
-002096
-003144
-002678
-002387
-002154
-001398
-000757
-001281
-002736
-004541
-005472
-004133
-001572
-000350
-000292
0000232
0000873
0001338
0000756
-002445
-005239
-001921
0003958
0005006
0002095
-001398
-003202
0000058
0004598
0002735
-002504
-003260
-000757
0000523
0000873
0002037
0003026
0002619
0000931
-002154
-004133
-000699
0004365
0003434
-000699
-000641
0001629
0000407
-001689
0001164
0005704
0005180
0001397
-000175
-000350
-002271
-004366
-003901
-001572
0001106
0002794
0001979
-000059
0000174
0001280
-000408
-002911
-002213
0000349
0000989
0000523
0000873
0002212
0004598
0006403
0004598
0001222
0000582
0001455
0000174
-002096
-003027
-002445
-000524
0001222
0000582
-001456
-002387
-002154
-001747
-001107
-000117
0000756
0000640
0000000
-000059
0000407
0001338
0001862
0000232
-001921
-000932
0000698
-003027
-007743
-004890
0001513
0001804
-001747
-002795
-001747
-000932
-000524
-000757
-001048
-000059
0001280
0001106
-000117
-000583
-000757
-001747
-002271
0000232
0004074
0005879
0005762
0005646
0004947
0002561
-000117
-001048
-000233
0001688
0003143
0001455
-001398
-001223
0000523
-000292
-002154
-001456
0000465
0000931
-000175
-002096
-003551
-002387
-000175
-000699
-002154
0000174
0002386
-003842
-012225
-010362
-002329
0001629
0000058
-006986
-014088
-012690
-004308
0005355
0011991
0012166
0005879
-005123
-012865
-005356
0008673
0010070
0003201
0002386
0004598
0000465
-005007
-001747
0005180
0004307
-001281
-003610
-002387
0000931
0003725
0001280
-003144
-001747
0002037
-000059
-004832
-004832
-002038
-001980
-003202
-001863
0000349
-000408
-002504
-002445
-000874
0000407
0000465
-002329
-005239
-002969
0001688
0002270
0000407
0000465
0001804
0001920
0001862
0004773
0007334
0003376
-002969
-003027
0001106
0003026
0002852
0002503
0001629
-000699
-002562
-000757
0002794
0003609
0002794
0003783
0005297
0004889
0002735
-000757
-002736
0001455
0007742
0008091
0004016
0001164
0000000
-000408
-000233
-000292
-000524
-000874
-000815
0000640
0001862
-000350
-003784
-004075
-001980
-000059
0000814
0000291
-000932
-001223
-000583
0000116
0000873
0001862
0002386
0001397
0000058
0001047
0002794
0001629
-000466
0000931
0003900
0004365
0002852
0001280
0000756
0003143
0005762
0003725
-000699
-002562
-001630
0000989
0003841
0005122
0004307
0001455
-001980
-003551
-003493
-003202
-002562
-001223
0000582
0002677
0003492
0000698
-003027
-002271
0000756
0000232
-002213
-002562
-001223
0000116
0001164
0001920
0001862
0000116
-001805
-001281
0000465
0000698
-000408
-001863
-002795
-002213
-000583
0000465
0001280
0003085
0004773
0004889
0003667
0001979
0000640
0000756
0001571
0001338
0000523
0000582
0000756
-000874
-002620
-000990
0002037
0002270
0000523
-000350
-000350
0000465
0001164
-000292
-001921
0000407
0003783
0002328
-001572
-001747
0000058
-001048
-003086
-001630
0001688
0003259
0002677
0000407
-001863
-000524
0001164
-004425
-011526
-008674
-000350
0003026
0000756
-005647
-010711
-006054
0004656
0012748
0015309
0011758
0004074
-003901
-007510
-000990
0008731
0007742
0000465
-000524
0002328
0001629
-001281
-002678
-002445
-001456
-000175
0000873
0000989
-000641
-002445
-001689
0000698
0002794
0003434
0001338
-001107
0000582
0004074
0004016
0001397
-000757
-001572
-000699
0001455
0003609
0005064
0005704
0005180
0003550
0001862
0002037
0003550
0004889
0005821
0007218
0006985
0001571
-004599
-003610
0001629
0003609
0002619
0001513
0000523
-000757
-001339
0000000
0002153
0002794
0002095
0001222
0000291
-000815
-001281
-000292
0001397
0002444
0002153
0000000
-002387
-002213
-000757
-001980
-003726
-001572
0002095
0002212
0000058
-000350
0000523
0001164
0001629
0001979
0002386
0002910
0003201
0002677
0001862
0001920
0002328
0001571
0000640
0001862
0003434
0001688
-001048
0000232
0003609
0004074
0002619
0002386
0002968
0003492
0003318
0001571
-000757
-001921
-001630
-000524
0001164
0003550
0004889
0002910
-000874
-003260
-003901
-003842
-003144
-002271
-001339
-000292
0000116
-000932
-002445
-002038
-000757
-000757
-001921
-003260
-004075
-003551
-001921
0000000
0001862
0004016
0005180
0003667
0001106
0001106
0002619
0002328
0001164
0001455
0002386
0002095
0001164
0001222
0001280
-000524
-003144
-004716
-004483
-002038
0000756
0000523
-001689
-002620
-002678
-003377
-004425
-005414
-005705
-003959
-001921
-002969
-005239
-004192
-001456
-000932
-002038
-002969
-002562
0001222
0005355
0004074
0000000
-000524
0001164
0000582
-000757
0000814
0003376
0002910
0000873
0000756
0001804
0001804
0000814
-000932
-002504
-001630
-000932
-006345
-011934
-006462
0004191
0007858
0003376
-007801
-017347
-012341
0001513
0010303
0011525
0007392
-000408
-008732
-012749
-006462
0003609
0004191
-001398
-002620
-000815
-000583
-001863
-004133
-006113
-006054
-003901
-000233
0003492
0005355
0005238
0004074
0002561
0001338
0000873
0000756
0001397
0004132
0005995
0001979
-003784
-002620
0002503
0003667
0001629
0000000
-001165
-002445
-002795
-001048
0001688
0003609
0003550
0000465
-003202
-003551
-000757
0003026
0005762
0005006
0001397
-002853
-006171
-007102
-005880
-004250
-002504
-000408
0001047
0000523
-001048
-001863
-001281
0001106
0003434
0002444
-000117
0000116
0001571
0000523
-001747
-002096
-001281
-001805
-002795
-002329
-001107
-000699
-000874
-001107
-001223
-000990
-000757
-001398
-002387
-002853
-002795
-002562
-002329
-002329
-002213
-001048
0000174
-000466
-002154
-003319
-003610
-002969
-001747
-000874
0000174
0003026
0005180
0002328
-002736
-004075
-002329
-000699
0000582
0001920
0002735
0002212
0001571
0003434
0006170
0006344
0004656
0003434
0002794
0002444
0002095
0001106
-000350
-002096
-002969
-001281
0001397
0001688
0000465
0000582
0001338
0000814
-000408
-000932
-000874
-000815
-000990
-001514
-002154
-002678
-002911
-002678
-002504
-003319
-004541
-004716
-004017
-003086
-002678
-003959
-005589
-004832
-002678
-001630
-001223
0000756
0002444
0000232
-002969
-001107
0002852
0002037
-001107
-000757
0002037
0004656
0005471
0002386
-001398
0000582
0005355
0005995
0003783
0003492
0003900
0002153
-000699
-002969
-003493
-001281
0002037
0003259
0002735
0002910
0002561
-000815
-004657
-004483
-001689
-000233
-000408
-001281
-002969
-005239
-007568
-010304
-011061
-005996
0000756
0002328
-001281
-008034
-012690
-007975
0002095
0008731
0009313
0003550
-004599
-008208
-006113
0000640
0007451
0006868
0001920
0000989
0002852
0003259
0002852
0004074
0004831
0001629
-003319
-005705
-005065
-003086
-000233
0002677
0004540
0004191
0002677
0002444
0003026
0003085
0002561
0001338
0000174
-000175
0000174
0000174
-000059
-000117
-000059
0000058
-000233
-001747
-003551
-003901
-003086
-002271
-001514
-000932
-000466
0000116
0000989
0002444
0003783
0003900
0003085
0001804
0001047
0002270
0004074
0003376
0001571
0001688
0002968
0003143
0002677
0003492
0003900
0000698
-003668
-004657
-003027
-001689
-001223
-001805
-002562
-001689
-000175
-000641
-002038
-002445
-001921
-001165
-000408
0000174
0000989
0003492
0005530
0004074
0000116
-003610
-005414
-003959
-000874
0000407
-000350
-002504
-004192
-002038
0001629
0001862
-000059
-000641
0000698
0004540
0007043
0001455
-006578
-005705
0000931
0004191
0004540
0006053
0006694
0002910
-002504
-004425
-003202
-001281
-000175
-002154
-005298
-005472
-003551
-002562
-002504
-002795
-003377
-003901
-004250
-004541
-004133
-001805
0000407
-001223
-004425
-003668
-001048
-001630
-003959
-004483
-003377
-001980
-000932
-001165
-001630
-000175
0002037
0002677
0001920
0000931
-000175
-001863
-002736
-000874
0002386
0004365
0004249
0001862
-000932
-000524
0001804
0002561
0001804
0000232
-000641
0002037
0005471
0004074
0000523
0001280
0003783
0001629
-002562
-002911
-000641
0000465
0000232
-001107
-002504
-001863
-000408
-000466
-002271
-005996
-008558
-005298
0001222
0005355
0005646
0001979
-003377
-006753
-006637
-002445
0002677
0003609
0000582
-004192
-007044
-002154
0005238
0004598
-001223
-004657
-003726
0002561
0010361
0013388
0010361
0001280
-007277
-004890
0003609
0005704
0002968
0002270
0002328
-000699
-003901
-001689
0002444
0000989
-003202
-003551
-000874
0001513
0002503
0000989
-001456
-001223
-000117
-002678
-006054
-004657
-000699
0000523
-000408
-001107
-001281
-001107
-000699
-000408
-000175
0000291
0000640
-000175
-000524
0002619
0006228
0004249
-000641
-002678
-001630
0000465
0002561
0002968
0001979
0000756
0000174
0001513
0003318
0002910
0000640
-002038
-004192
-005065
-005181
-006229
-007160
-006171
-003784
-001456
-000175
-001223
-002911
-001747
0000291
-001514
-004890
-005007
-002795
-001572
-001398
-001689
-002271
-003086
-002911
0000000
0003376
0003143
0000873
0000698
0001804
0001571
0000407
-000117
-000932
-004017
-007044
-005472
-001863
-002154
-004250
-002969
0000640
0004249
0005413
0000989
-005065
-005356
-001165
0002910
0004598
0001280
-003842
-004425
-001456
0001280
0002735
0002328
0000640
-000815
-001398
-000699
0000232
-001165
-003027
-001048
0001979
0000116
-004017
-004250
-001863
-000932
-000990
-000408
0000873
0003434
0005588
0004831
0001979
-000990
-002620
-001339
0000756
-001107
-004366
-002853
0000814
0000582
-001805
-001630
0000058
0000349
-000583
-001514
-002620
-004948
-006578
-004657
-001165
-000292
-001514
-002038
-002038
-001747
-001805
-003086
-005007
-006229
-006695
-007102
-006520
-003202
0000349
-000699
-003726
-002853
0000407
0001862
0001629
0000931
0000116
0000174
0000291
-001805
-003377
0000582
0006403
0006927
0003609
0001106
0000232
0001047
0002386
0001571
-000466
-001281
-000583
0002386
0004074
-002038
-009780
-007102
0001222
0003667
0000349
-005181
-009256
-007102
-000059
0007392
0011875
0010652
0004249
-005356
-012341
-008849
-000175
0001164
-002271
-001630
0000931
-000466
-003260
-001689
0001804
0001920
-000175
-001165
-000990
-000466
0000582
0002735
0004307
0002386
-000815
-000641
0001455
0001164
-000408
-000757
0000349
0002444
0004365
0004016
0002328
0001513
0001397
0000814
0000058
-000408
-000583
-000932
-001165
-000874
-000408
-000466
-001048
-001980
-002504
-001223
0000291
-000932
-003202
-003086
-000932
0001571
0002735
-000117
-004192
-003784
-001223
-002387
-005531
-006637
-005356
-002154
0000873
0000756
-001456
-002853
-002736
-001281
0000756
0002095
0001862
-000699
-003319
-002154
0001222
0002328
0001804
0002153
0002794
0002328
0001338
0001222
0001397
0000582
-000815
-001747
-002329
-003027
-003784
-004483
-004366
-002562
-000233
-000117
-000757
0001164
0003725
0003376
0000756
-002154
-003493
-000466
0003376
0000640
-004890
-004308
-000175
0000407
-001107
-000350
0001280
0000756
-001107
-001863
-001805
-001980
-002038
-001398
0000058
0002794
0005064
0003667
0000756
0001164
0003492
0004482
0003667
0000814
-002271
-002620
-001165
-000699
-001398
-002911
-004425
-004599
-003493
-001921
-000524
0000058
0000407
0002270
0003900
0002328
-000815
-001980
-001398
-000815
-000466
-000874
-001165
0000698
0003026
0002444
0000291
-000408
0000756
0004016
0006636
0003783
-000815
0000349
0005238
0008207
0008324
0005588
0001804
0000407
0001455
0003550
0005238
0004424
0002095
0001455
0001397
-001223
-003493
0000640
0006461
0004773
-001223
-003260
-002213
-002154
-002678
-002853
-002271
0000058
0001804
-000408
-005472
-011177
-013971
-009023
-001165
0000465
-003493
-009489
-012574
-005647
0005762
0010943
0008906
0002852
-003784
-005822
-003260
0001106
0005064
0005879
0004307
0003609
0003434
0001862
0000407
0001862
0004249
0002968
0000465
0002386
0006053
0005588
0002503
0000989
0001164
0001979
0002968
0003259
0002561
0000873
-000757
-000699
0000291
0000349
-000524
-001689
-002387
-001514
0000232
0001164
0001338
0001746
0001804
0000989
-000466
-001921
-002853
-002795
-002213
-002271
-002213
-000466
0001746
0001920
0000465
-001514
-002853
-002387
-000641
0000640
0001222
0001397
0001106
0000058
-000874
-000583
0000058
-001165
-002969
-002678
-000932
0000523
0001106
0000582
-000350
0000116
0000989
0000291
-001223
-001456
-001223
-002387
-004192
-005472
-005531
-003493
-001339
-003027
-005938
-004541
-000350
0002619
0003434
0002037
-000524
-002329
-002504
-000524
0001688
0000349
-002678
-002969
-000932
0001629
0003841
0004482
0004074
0004191
0005180
0007451
0009022
0006344
0001455
-001572
-001863
0000174
0003259
0005646
0006170
0004191
0001047
-000583
-000699
-000524
-000292
0000000
-000233
-002096
-003959
-002853
-000408
-000233
-001689
-002620
-002154
0000698
0003667
0002852
-000350
-002620
-002562
0000931
0005006
0004656
0001164
-001863
-002504
0000814
0005704
0007567
0006286
0003609
0001047
0001164
0002444
0001106
-000874
0000931
0004307
0004365
0002503
0002270
0003492
0005006
0005588
0003201
-000175
-000466
0000582
-001514
-005007
-006229
-005356
-004133
-002736
-001048
-000059
-001689
-003726
-001863
0001513
0000640
-002213
-001514
0000873
0000407
-001805
-002969
-002620
-000466
0002095
0002794
0002212
0003085
0002968
-003551
-010770
-008907
-001165
0004482
0005588
0000291
-005822
-002445
0006170
0009139
0007334
0005995
0004132
-001921
-007044
-002562
0005879
0005879
0000756
0000756
0002852
-000699
-006287
-006345
-003493
-004774
-007451
-005414
-000874
0000814
0000058
-001165
-001863
-001107
0000640
0001862
0002212
0001688
0000582
-000350
-000874
-001165
-000874
0000814
0002444
0001106
-001107
0000116
0002968
0003201
0002153
0003609
0005937
0005588
0003376
0001746
0001047
0001513
0002386
0002212
0001338
0000931
0001047
0001338
0001455
0000523
-000524
0000291
0001979
0002852
0002212
-000641
-003901
-004657
-003260
-001514
-000641
-002271
-005007
-005705
-004541
-002795
-001048
0000465
0001164
0000873
-000350
-002329
-003377
-000815
0002444
0000232
-004483
-005123
-002620
-000641
0000291
0000523
-000117
-001048
-002213
-003726
-004133
-000874
0002968
0001280
-003027
-002969
-000408
-000990
-003027
-002504
-000466
0000291
0000232
0001513
0002677
0000989
-002038
-003435
-002911
-001107
0000465
-000990
-003086
-000524
0003725
0003318
0000000
-001689
-001689
-001456
-001456
-002678
-003726
-002154
0000873
0002561
0002852
0003085
0002794
0001164
-000524
-000117
0001397
0001629
0000931
0000640
0000640
0000349
0000291
0001979
0003550
0001688
-001048
0000698
0004074
0002212
-002096
-002154
0000116
-000408
-002504
-003027
-002329
-001572
-001165
-001689
-002329
-001223
0000291
-000699
-002969
-003784
-003493
-003551
-003435
-001805
0000116
0000174
-000932
-001339
-001223
-001223
-001223
-000583
-000117
-001165
-002620
-002387
-000990
0000232
0000349
-001863
-004308
-003144
0000523
0004016
0005704
0003667
0000000
-000990
-000292
-001339
-003435
-005822
-006345
-001456
0004540
0004773
-000641
-009547
-015776
-010478
0000989
0006636
0005821
0002037
-002911
-006753
-007510
-003260
0002095
0001280
-002969
-003319
-001223
-000990
-001572
0000291
0002503
0000989
-002213
-002678
-000757
0001338
0003201
0004540
0004831
0004016
0002503
0000989
0000407
0001979
0004365
0004831
0003900
0003376
0003026
0002095
0000931
-000350
-000757
0001338
0004016
0003259
0000873
0001164
0002677
0001688
-000815
-002678
-003086
-001339
0000698
-000524
-003377
-003610
-002620
-004425
-006928
-006171
-003319
-001747
-001339
-000699
0000174
0001862
0003318
0002968
0001397
0000291
-000059
0000814
0001397
-001339
-005123
-004948
-002445
-002213
-003144
-002795
-001165
0000873
0002677
0003550
0002852
-000117
-003319
-003435
-000990
0002153
0004482
0004540
0002619
0000407
-001048
-000350
0001688
0003318
0003725
0002561
0000116
-003086
-004832
-002154
0002328
0003201
0000989
-001456
-003377
-004774
-005123
-004483
-002969
-000815
0001280
0002910
0002968
-000059
-003784
-004308
-001514
0003609
0007858
0006868
0002503
-000117
-000932
-002154
-002445
0000291
0003900
0004132
0002212
0001629
0001979
0001513
0000465
-000641
-001281
-000641
0000582
0000931
0000698
0001047
0001338
0000174
-001223
-000175
0002037
0002677
0002037
0001513
0001338
0001455
0001513
0000116
-001339
-000292
0001571
0000291
-002504
-003086
-001456
0001280
0003492
0003085
0000640
-001630
-002678
-001281
0000931
0000291
-001281
0000407
0003900
0006636
0006810
0002677
-002969
-005065
-003668
-001107
0001164
0001222
-000350
-001747
-002620
-003377
-003260
-001223
0000814
-000583
-003202
-001980
0000756
-000757
-004017
-002736
-000233
-004366
-010537
-009372
-003377
0001222
0001920
-003202
-009664
-009838
-003493
0006636
0015251
0016473
0009546
-004774
-015950
-007859
0009313
0012224
0004947
0002619
0003667
0001979
-000292
0001222
0004074
0003492
0000698
-000757
-000815
-000641
0000058
0001920
0003900
0004889
0004482
0002561
0000407
0000291
0001047
-000466
-003086
-004075
-003726
-003726
-003551
-002387
-000815
-000117
-000175
-000408
-000815
-001165
-001456
-001805
-001980
-001805
-001456
-001572
-001456
0000232
0002153
0001746
0000058
-000408
0000174
0000465
0001164
0004598
0007509
0003725
-002096
-000466
0005238
0006577
0004249
0001920
0000582
0000989
0002677
0003958
0004831
0005937
0006519
0005704
0003376
-000175
-003668
-005938
-005705
-001630
0002910
0002328
-001165
-001747
0000058
0001920
0003026
0002444
0000989
0000756
0000989
0000000
-001339
-000932
0000349
0000349
-000175
0000291
0001280
0001571
0001397
0001164
0000989
0000756
0000814
0001338
0002619
0005297
0007159
0004249
-000466
-001339
0000814
0002735
0003550
0003143
0001397
-001805
-003784
-000524
0004947
0006577
0004656
0001979
0000116
0000931
0003143
0003609
0002852
0002910
0002794
0000698
-002620
-005880
-007219
-004192
0000640
0002503
0001513
0000174
-000815
-000757
0000116
0000756
0000873
0000000
-000932
-000350
0000931
0001280
0000407
-002038
-004133
-002969
0000116
0001804
0002037
0002153
0001979
0001338
0000465
0000116
-000641
-003551
-006578
-006287
-003726
-001805
-001223
-002387
-004075
-003959
-002795
-002736
-003377
-003435
-003086
-003144
-002736
-000233
0002444
0001571
-001165
-002096
-001223
-000117
0001106
0002910
0003609
0000174
-003842
-000641
0003958
-002736
-012982
-011061
-000990
0006461
0007451
-001514
-012632
-011817
-002096
0006636
0011234
0011176
0005879
-004832
-013273
-007451
0005006
0006461
0000582
-000117
0001862
-000641
-004308
-001980
0002503
0000698
-004483
-005996
-004366
-002387
-000699
0000640
0000582
-001863
-005065
-006578
-005239
-000233
0005006
0004715
0000931
-000524
0000000
0000407
0000698
0000873
0000873
0000931
0000873
0000349
-000292
-000583
-000117
0001688
0003376
0002561
0000523
0000174
0001397
0002619
0003492
0003900
0003492
0001397
-000175
0003085
0007218
0004365
-002213
-005181
-004425
-002096
-000233
-002271
-005880
-005763
-002969
-000990
0000174
0001629
0002386
0000523
-001921
-001223
0001280
0001979
0001338
0000698
0000582
0001920
0002968
0000523
-002911
-002562
0000407
0002910
0003667
0001280
-001805
-000524
0002619
0001280
-002038
-001281
0001455
0000989
-001165
-001514
-000408
0000814
0001164
-001107
-003202
0000174
0005413
0005122
0000989
-002329
-003435
-001107
0001862
-000175
-004366
-004075
-001165
-000990
-002387
-001689
-000815
-004075
-008092
-006054
-000699
0001513
0000931
0000523
0000174
-000524
-001281
-001980
-001863
0000000
0002735
0005355
0006461
0004889
0001920
0000116
0000058
0001513
0003085
0002386
0000291
-000583
-000408
0000000
0000232
-000583
-001165
0001047
0004191
0005064
0003318
-000757
-004425
-003377
-000059
-000350
-003027
-004308
-003959
-002271
-000408
-000350
-001514
-001630
-001863
-004716
-007743
-006811
-003086
0000116
0001688
0001280
-000815
-003610
-005414
-004366
-001398
0001164
0002153
0000873
-001572
-002736
-002329
-001223
0000349
0002503
0003434
0000523
-003202
-001456
0002910
0003900
0001047
-004832
-009547
-006986
-000292
0003492
0002561
-004192
-010653
-006345
0004074
0009604
0009022
0004715
-001572
-007568
-009372
-002213
0007218
0005937
-001805
-003901
-002096
-002969
-004133
0000000
0005297
0003841
-001514
-003959
-003027
-000175
0002794
0002444
0000465
0001047
0003259
0004132
0004191
0004947
0005530
0003900
0001862
0002503
0005006
0007159
0008033
0007276
0005064
0002095
-000350
-001456
-000757
0002095
0004540
0002794
-001689
-005181
-006404
-004716
-001689
-000175
-000524
-002038
-003493
-002678
-000815
-000874
-001921
-001339
-000059
0000174
-000583
-002038
-002736
-000524
0002968
0004424
0004249
0004715
0005006
0003550
0001397
0000582
0000814
0000873
0000989
0001513
0002677
0005180
0006810
0003667
-001165
-001223
0001571
0001920
0000523
-000408
-000466
0000465
0001629
0001222
0000582
0002677
0005704
0006228
0004249
0001397
-001630
-005007
-006171
-001689
0004307
0003550
-001514
-004133
-004366
-004425
-004192
-003435
-002620
-002620
-002678
-001281
0000756
0001920
0001920
0000523
-000408
0003085
0007101
0004016
-002271
-002969
0000232
0001629
0001804
0003318
0004831
0003841
0001571
0000582
0001164
0002852
0004191
0003201
0000523
-001572
-002678
-003260
-002853
-000932
0000814
-000350
-003202
-004541
-004599
-005007
-005181
-003493
-001398
-001572
-002911
-002736
-001339
0000349
0001455
0000989
-000466
-001398
-001514
-001223
-000408
0001222
0002503
0001688
-000117
-000292
0000465
-000175
-000990
0000989
0003550
0002270
-001281
-003726
-004133
-001980
0000873
0001397
-000233
-002445
-004075
-003784
-002154
-000699
-000292
-001921
-004133
-003842
-002504
-003901
-005996
-004425
-001048
0000756
-000233
-005589
-010478
-006695
0001455
0004656
0002212
-004250
-010129
-008499
-001165
0005821
0009954
0010477
0006403
-003086
-010828
-005414
0006228
0007683
0002794
0003609
0007276
0006577
0003492
0003201
0003667
-000233
-005414
-005996
-002911
0000232
0002619
0004016
0004132
0003609
0002328
-000524
-002853
-001339
0001746
0001106
-001398
-001223
0000523
0000756
-000233
-001165
-001689
-001805
-001398
-000524
0000349
0000756
0000640
0000407
0000232
0000232
0000523
0000989
0001513
0002270
0002677
0001862
0000640
0000349
0000756
0000640
0000291
0000582
0000873
-000466
-001747
0000640
0004307
0004307
0002328
0003201
0005006
0003667
0000465
-001863
-002096
0000698
0004424
0005355
0003376
-000583
-003842
-002387
0001571
0002735
0001397
-000117
-001514
-002678
-003493
-003901
-004250
-005123
-005647
-004308
