-003959
-002329
0000465
0001862
0001106
-001689
-004483
-003726
-000932
-000466
-001223
-000117
0001804
0002153
0001455
0001222
0001164
0000407
-000583
-001398
-000990
0001804
0005238
0006112
0005064
0004540
0004540
0004715
0005238
0006228
0007218
0007276
0006752
0006286
0005879
0005297
0004307
0002212
0000116
-000350
0000523
0001397
0002270
0003783
0004947
0004365
0002910
0002735
0003026
0001746
-000524
-002387
-003377
-003377
-003027
-003551
-004366
-003901
-002736
-002271
-002154
-000932
0000174
-001572
-003435
0000000
0005180
0004540
0000756
0000523
0002677
0003143
0002910
0004482
0006519
0006461
0004715
0002852
0001222
-000757
-001805
0000523
0001979
-005531
-016300
-019501
-015601
-009489
-003668
-000932
-000699
0000407
0001455
-000175
-002504
-001863
0000698
0002794
0003376
0001338
-001281
-000932
0001629
0003958
0005238
0005355
0004365
0002735
0001164
0000291
0000232
0000465
0000465
-000815
-001921
-000175
0003201
0005413
0006577
0008033
0009139
0009313
0008265
0005471
0002735
0003259
0005122
0003783
0000873
0000291
0001280
0001688
0001338
0000291
-000641
-000175
0001164
0002095
0002270
0001629
0000465
-000932
-001398
0000756
0003841
0004773
0003783
0002444
0001280
0000873
0000931
0000523
-000350
-001107
-001630
-001630
-000757
0002037
0004715
0003550
0001222
0003667
0008440
0010128
0009430
0009663
0009779
0007218
0003725
0002619
0003609
0005180
0006519
0007101
0006461
0005122
0002968
0000000
-002620
-003435
-002795
-002445
-002213
-001339
-000524
-000990
-002096
-002445
-002445
-003435
-004483
-003726
-002154
-002038
-002620
-001921
-000874
-001689
-003319
-003493
-002678
-002445
-002795
-003319
-003842
-004425
-004075
-001398
0002444
0005238
0006286
0005471
0003725
0002794
0002561
0002153
0001338
-000233
-001689
-001165
0000174
-000059
-001107
-001165
-000175
0001397
0002619
0002212
0000640
-001048
-001747
0000116
0002503
0001106
-001863
-001048
0001280
-000408
-003901
-004192
-002154
-000874
-000292
0000640
0001164
0000582
-000815
-002271
-002911
-001630
0000582
0001804
0001629
0000291
-000641
0001920
0005413
0004715
0001629
0001047
0002095
0001629
0001047
0003434
0006577
0006170
0003318
0001397
0000814
0001571
0002503
0001629
-000175
-001165
-001048
-000233
0001047
0002503
0003900
0005413
0005995
0003841
0000756
0000058
0000931
0001164
-001514
-010653
-020956
-023168
-018861
-014379
-011002
-008558
-007510
-007044
-006986
-006753
-006171
-005705
-004541
-001281
0002212
0002270
0000814
0002386
0005122
0004365
0001920
0002153
0003609
0002503
0000756
0002735
0006286
0006636
0004715
0003667
0003376
0003201
0002910
0001920
0000814
0000232
0000407
0001455
0002619
0002735
0001920
0000756
0000058
0001397
0003026
0001862
-001048
-002736
-003144
-003435
-003319
-002271
-001165
-001281
-002504
-004250
-005763
-006345
-005589
-003086
-000059
0001746
0002328
0002852
0003026
0002677
0002095
0001688
0001804
0002677
0003550
0003026
0002037
0002619
0004191
0005297
0005238
0003550
0001106
-000466
-001107
-001223
-001165
-001747
-002038
-000117
0002328
0002037
0000058
-000932
-000408
0002153
0004249
0000989
-004483
-005181
-002853
-003086
-004425
-002853
-000408
-000990
-003435
-004716
-004366
-002445
-000524
-001689
-003901
-003086
0000174
0003434
0005530
0005297
0003609
0002735
0003085
0004540
0005995
0005704
0004365
0004365
0004831
0003900
0002037
-000059
-001514
-001747
-000932
0000465
0001222
-000583
-003551
-004832
-004483
-003784
-003377
-004250
-005763
-006578
-006811
-007451
-007801
-006637
-004657
-003377
-002969
-002795
-003027
-003726
-004599
-005356
-005356
-003610
-001339
-000641
-000990
-000466
0000756
0001746
0002561
0003318
0004074
0004947
0005821
0006636
0007043
0006577
0005413
0003783
0002270
0001338
0001047
0000873
0000523
-000641
-001630
-000932
0000640
0000756
0000058
0000407
0000989
0000000
-002038
-003901
-004890
-004308
-003144
-003959
-005065
-002795
0000523
0000174
-002387
-003377
-003202
-003377
-003901
-004541
-004832
-004541
-003319
0000116
0001338
-007568
-019152
-019559
-012167
-008092
-006637
-003668
-000117
0002968
0004191
0001688
-001980
-002329
0000349
0004016
0006170
0003143
-001747
-001281
0002735
0005471
0005762
0003376
0000523
0001455
0004424
0004365
0002677
0003143
0004365
0002968
0000058
-002387
-003202
-001630
0000640
0000000
-001980
-001398
0000523
0000523
-000641
-001107
-000757
0000116
0001047
0000989
0000756
0002095
0003783
0003201
0001688
0002270
0003783
0003259
0001571
0000523
0000407
0000989
0001513
0000931
-000292
-000874
-000350
0001571
0003550
0003318
0001746
0001280
0001979
0003376
0004132
0001862
-001165
-000350
0002444
0002503
0000523
-001048
-001805
-001689
-000815
0000698
0001513
-000466
-003260
-002795
-000408
-000059
-001107
-001339
-000815
0000116
0001047
0001280
0001106
0001397
0002153
0003492
0004424
0003026
0000931
0001688
0003725
0002968
0000931
0001455
0003143
0002677
0000814
-000233
-000699
-001805
-002911
-003027
-002387
-002096
-001630
0000814
0003143
0001629
-001572
-001572
0000174
-000233
-001863
-002329
-002096
-003144
-003842
-001339
0002153
0002444
0000174
-002387
-003842
-002271
0000174
-001048
-004017
-003726
-001980
-003726
-005822
-001223
0005762
0005879
0002619
0005122
0009895
0008673
0004074
0002794
0003434
0001688
-000815
-000583
0001280
0002037
0001746
0001164
0000349
-000524
-000990
-000059
0001280
0001106
0000116
0000349
0001338
0001629
0001280
0000814
0000349
0000232
0000116
-000641
-001747
-002329
-002911
-004483
-005938
-005356
-003551
-002911
-002853
-001398
0000523
0000814
0000058
-000292
0000000
0001106
0002328
0002212
0001804
0003725
0005937
0004424
0001106
0000407
0001862
0003026
0003143
0001920
-001630
-009198
-016765
-018512
-015601
-012982
-010653
-007160
-003610
-000757
0000000
-002969
-006520
-004774
-000233
0001164
-000175
-001863
-002911
-002387
-000757
0000814
0001513
0000407
-001107
-000233
0002212
0004249
0005471
0006053
0006053
0005646
0005297
0005646
0005937
0004540
0002386
0000873
0000349
0000698
0001397
0001106
0000873
0003085
0005821
0005821
0003958
0002910
0002561
0001804
0001397
0002444
0003900
0003434
0001746
0000814
0000523
0000000
-000408
0000000
0000349
-001165
-003027
-002445
-000583
-000466
-000874
0001280
0003958
0003259
0000640
-000466
-000292
-000932
-001456
-000233
0001338
0000407
-001456
-000641
0001688
0002444
0001979
0001862
0001629
-000175
-001980
-001339
0000756
0001746
0001688
0001513
0001397
0002037
0002794
0002619
0001862
0001513
0001280
0000582
-000583
-002387
-003202
-000175
0003667
0002852
-000874
-002562
-002038
-000117
0001629
0000349
-002038
-000524
0002153
0000465
-003551
-004948
-003668
-001107
0001047
0000232
-002038
-002213
-000699
0000349
0001164
0002503
0003783
0004016
0003667
0003376
0003783
0005995
0008033
0006403
0002794
0000989
0000465
-001165
-002795
-002504
-001048
-000699
-000932
-000350
0000756
0001920
0002212
0000465
-002387
-004657
-005472
-004192
-002154
-001572
-002504
-004075
-005181
-003901
-001980
-003202
-005239
-002795
0001397
0001746
-000466
-000932
0000000
0000931
0001571
0001746
0001688
0001979
0002503
0002852
0003376
0004831
0006286
0006286
0004773
0002153
-000117
0000291
0002212
0002794
0002037
0001047
0000291
0000582
0001222
0000582
-000583
-000932
-000408
0000698
0001280
-000815
-003493
-003144
-000874
0000465
-000583
-005065
-011352
-016882
-019909
-020141
-017697
-014146
-010013
-004890
-001165
-001921
-004657
-004075
-000990
0001688
0003026
0002444
0000698
-000815
-001165
0000291
0002968
0005937
0007276
0003900
-000524
0000989
0005413
0005413
0002328
0001106
0001164
0000349
0000000
0002503
0005821
0006170
0004074
0001688
0000407
0002212
0005064
0004598
0002153
0001513
0002212
0002444
0001513
-001921
-004890
-001980
0003841
0006053
0004656
0001629
-001165
-001456
-000175
-000641
-002038
-002271
-001514
-000524
0000232
0000174
-000175
0000523
0001920
0003376
0004249
0003609
0002444
0002561
0003376
0002968
0002212
0003259
0005064
0005646
0005064
0003609
0002619
0004016
0006868
0009080
0009313
0006403
0002037
-000583
-001630
-003144
-003901
-001572
0001455
0001047
-001514
-002562
-002445
-003027
-003668
-002911
-001572
-001339
-001514
0000232
0002503
0002852
0001862
0001571
0001338
-000757
-002736
-001223
0002153
0003492
0003259
0004132
0004773
0002444
-000699
-000059
0002386
0001571
-000524
0000989
0003609
0002212
-001805
-005356
-006462
-002853
0002037
0001571
-002387
-004716
-004250
-000699
0003318
0002852
0000116
0000989
0002735
-000874
-006229
-006287
-002154
0002503
0004831
0001455
-004425
-005996
-003842
-001398
0000349
0000640
0000000
-000641
-000059
0003667
0007509
0005646
0001280
0001629
0004715
0004831
0003201
0003609
0004598
0003026
0000814
0002212
0005064
0004715
0002270
0000756
0000407
0001047
0001513
-000233
-003027
-004308
-003842
-001921
-000117
-000757
-002969
-004541
-005123
-005065
-004599
-004366
-004250
-004075
-003493
-002038
-000874
-002154
-004599
-005531
-004948
-003784
-002329
-000874
0000174
0000931
0000174
-003901
-009489
-014204
-015892
-012807
-006986
-002795
-000466
0002037
0003900
0004249
0003492
0002619
0002852
0006112
0009546
0007858
0003143
0000873
0000814
0000523
0000232
0000640
0001222
0001338
0000640
-001339
-002620
0000058
0004074
0004016
0001164
-000583
-001339
-002911
-003726
-000757
0002735
0000582
-004017
-004017
-000874
0000756
0000698
-000175
-000990
0000058
0001455
-000059
-002911
-003784
-003144
-003377
-003202
0000232
0004598
0006053
0004831
0003201
0001804
0001338
0001455
0001164
0000582
0000116
-000699
-002911
-004716
-003144
0000291
0002328
0002328
0000523
-001747
-002445
-001514
0000232
0001688
0001222
-000815
-003377
-004774
-002853
0000931
0003318
0003725
0002561
0000407
-001281
-002562
-004250
-005065
-003202
0000291
0003667
0004831
0001397
-003493
-003610
-000350
0001513
0001979
0002212
0002444
0003201
0004307
0005238
0005646
0005180
0004016
0002794
0001746
0000523
-000117
0000814
0002037
0001222
-000641
-001223
-000699
-000292
-000292
-001456
-002562
-001339
0000640
0000465
-001456
-003610
-004832
-003726
-002038
-003377
-005531
-003202
0000873
0000640
-001921
-001805
0000000
0000058
-000583
0000407
0002212
0003259
0003026
0001513
-000292
-001048
-000466
0000931
0002153
0002037
0000465
-002562
-004890
-003377
0000116
0001338
0000232
-001863
-003784
-004133
-002678
0000465
0003026
0001338
-001921
-000874
0002212
0002153
-000350
-002445
-004017
-005472
-006287
-005996
-004716
-002736
-001223
-002213
-003842
-001980
0001397
0002153
0000698
-000699
-001630
-001630
-000815
0000058
0000756
0000873
0001164
0003201
0005471
0005413
0003667
0002503
0002095
0002153
0002561
0003026
0003085
0003143
0000873
-007859
-017813
-020258
-016241
-011584
-007684
-005007
-004075
-004192
-004890
-005356
-005239
-004599
-003144
0000116
0002794
0000814
-002853
-001689
0001920
0001571
-000874
-000466
0001397
0001455
0000058
-001048
-001805
-002329
-002329
-001630
-000059
0002212
0004656
0006810
0007625
0005995
0003492
0002852
0004249
0006636
0008964
0009895
0009313
0007800
0006636
0008149
0009837
0006985
0001979
0000174
0001047
0002153
0002444
0000756
-001747
-002387
-001630
-000874
-000932
-002911
-005298
-005531
-003842
-001339
0000465
-000466
-003086
-005239
-005705
-003027
0000349
0000058
-002096
-001514
0000698
0001280
0000814
0001397
0002386
0002328
0001862
0002503
0003550
0003085
0002037
0002328
0003085
0002153
0000873
0002153
0004249
0003201
0000698
0000232
0001920
0004947
0006927
0004074
-001165
-003610
-002911
-000699
0002153
0004540
0005122
0002677
-000757
-001165
-000117
-001921
-004599
-004017
-001398
0000291
0000465
-001223
-003319
-003144
-001107
0001047
0002386
0002270
0001047
0000174
-000233
-000292
0000174
0001571
0003026
0003085
0001979
0000523
-000292
0000640
0002328
0002677
0001629
-000292
-001572
-000350
0002270
0003841
0003609
0001571
-001048
-001980
-001398
-000408
0000291
-000233
-001456
-001980
-001805
-000932
-000350
-001747
-003668
-003202
-001281
-000233
-000408
-001921
-003784
-004133
-003202
-002213
-001339
-000757
-000757
-002038
-002736
0000291
0004715
0005588
0004016
0003434
0003667
0003667
0003492
0003318
0003143
0003376
0003259
0001455
-000292
0001280
0004191
0004132
0001338
-002620
-006171
-007568
-007044
-006287
-005356
-003784
-002038
-000757
-000059
-000175
-000350
0000349
0001338
0002037
0000523
-005531
-013738
-020083
-022819
-022353
-018686
-012923
-006928
-002562
-000699
-000641
-001863
-003493
-003784
0000116
0004947
0004307
0000931
0001338
0004132
0004715
0004482
0007043
0010186
0009604
0006577
0004540
0004249
0005937
0007742
0006170
0003085
0003026
0004831
0005238
0004424
0003259
0002153
0001571
0001513
0001338
0001047
0000931
0000407
-001107
-002911
-003551
-003027
-001805
-000583
-000292
-000699
-000815
-000583
-000408
-000292
-000408
-000641
-000757
-000524
0000349
0001280
0001222
0000931
0001862
0003259
0003434
0003026
0003841
0005355
0006752
0007043
0004889
0002386
0003492
0006286
0006170
0004249
0003434
0003667
0003783
0003550
0002095
0000698
0001397
0002910
0002212
0000349
0000349
0001106
0000116
-001456
-000699
0000931
0000116
-001689
-000815
0001106
0000116
-002329
-003144
-002562
-001980
-001630
-001339
-001572
-002911
-004483
-004774
-003842
-002329
-000757
0000640
0000931
-001689
-004250
-001048
0004191
0003318
-000524
0000698
0003958
0001629
-002853
-001747
0002095
0001397
-001514
-000815
0001571
0000640
-001863
-001747
0000465
0002910
0004365
0003201
0000523
-001165
-001456
-000641
0000465
0000291
-000874
-001863
-002154
-000699
0000931
0000058
-001747
-000408
0002095
0001455
-001223
-002795
-002795
-001630
0000465
0003143
0004598
0001920
-001747
0000407
0004715
0003085
-001456
-001747
0000582
0000698
-000466
-000117
0001280
0002619
0003026
0001455
-000466
0000116
0002328
0003318
0003143
0002444
0001804
0002095
0002561
0001397
-000815
-003144
-004308
-002329
0000582
0000407
-001980
-003959
-004716
-003784
-002038
-001281
-001398
-001514
-001689
-001805
-002038
-002620
-003435
-003435
-004599
-010595
-017347
-018104
-013680
-008266
-003726
-001863
-001747
0000174
0002270
0000582
-002329
-001398
0001455
0001338
-000932
-003027
-004192
-004308
-003377
-001980
-001048
-001921
-003551
-003551
-002213
-000815
0000116
0000058
-000815
-001805
-002562
-002678
-002387
-002271
-002445
-003377
-004017
-002329
0000523
0002212
0002270
0000756
-000932
-000524
0001397
0002561
0003376
0005238
0007043
0007392
0006403
0004831
0003376
0003143
0003143
0001222
-001223
-001456
-000233
0000174
0000291
0001571
0002735
0001746
-000874
-004366
-006345
-003842
0000814
0002619
0001920
0001280
0000814
-000059
-000932
-001514
-002096
-003610
-005181
-005123
-004075
-003202
-003202
-004716
-006287
-004948
-002678
-003784
-006462
-006986
-005239
-002154
0000407
-000466
-002969
-002678
-000815
-001165
-002504
-002096
-000350
0001629
0002910
0002503
0001397
0002386
0003609
0001106
-002678
-002271
0000349
0000000
-001398
0000989
0004482
0003841
0000698
-000466
-000292
-001165
-003086
-006345
-008732
-007160
-003319
-001107
-000699
-000641
-001107
-002504
-004366
-005996
-006811
-006404
-004890
-002853
-001223
-001281
-002329
-002620
-001747
0001047
0003667
0002386
-000699
-000757
0000814
0000174
-001747
-002853
-002911
-002154
-000874
0000698
0001629
0000698
-000641
0000640
0002444
-000059
-004250
-004599
-002504
-002504
-003319
-001747
0000931
0002212
0001804
0000058
-002271
-003959
-004250
-002736
-000699
-000874
-002329
-002678
-002271
-002271
-002736
-004366
-004948
-000466
0005588
0006636
0003958
0002270
0001455
0000116
-001107
-001107
-000699
-001980
-003784
-003901
-002562
-000874
0000349
0000523
-000757
-002969
-006637
-013505
-019618
-018919
-013971
-011701
-011061
-007801
-003493
-000641
0000407
0000349
-000292
-000233
0000407
0001106
0000814
-002620
-006229
-004483
-000117
0000523
-001281
-001456
-000466
-000175
0000000
0001513
0003143
0003026
0001920
0001804
0002677
0004016
0005238
0005762
0005471
0004365
0003376
0003841
0005355
0006577
0007451
0008615
0008789
0006053
0002444
0001688
0003026
0003550
0003318
0003376
0002735
-000524
-003610
-001572
0002735
0003259
0000814
-001165
-002154
-002504
-001863
0000349
0002212
0000640
-002620
-003377
-002445
-002387
-002853
-002795
-002387
-001805
-001456
-001572
-002096
-002969
-003086
-001048
0001920
0003085
0002968
0003609
0004947
0006868
0008207
0006810
0004307
0004016
0005355
0006519
0006636
0004191
0001513
0002619
0005821
0006636
0005530
0005006
0004540
0002852
0000582
-001456
-002504
-001863
-000408
-000466
-001223
-000699
0000698
0001862
0002328
0001862
0000291
-002329
-004657
-004716
-003202
-002213
-002154
-003202
-004250
-003377
-001223
0001047
0002037
0000349
-002271
-002445
-000350
0002444
0004947
0006519
0006228
0003259
0000058
0000756
0003725
0004773
0003958
0002328
0000756
0000291
0000814
0001047
0001222
0001862
0002444
0001920
0001106
0001629
0002677
0002153
0000873
0000698
0001280
0001513
0001047
-000583
-002736
-004483
-004774
-002736
0000291
0001688
0001513
0000931
-000175
-002620
-004483
-002678
0001280
0004132
0004889
0003725
0001338
-000932
-001863
-000059
0002561
0002619
0000698
-000466
-000990
-001805
-002271
-001572
-000233
0000465
0000698
0001804
0002735
0001862
0000232
0000058
0001222
0003201
0004482
0002561
-000233
0000698
0003318
0003318
-000583
-009489
-018686
-020607
-016532
-012167
-008383
-005007
-002329
0000291
0002037
0001804
0000523
0000291
0000465
-000990
-002038
0000698
0005297
0007451
0007392
0007218
0006868
0006228
0004889
0001455
-001630
-000350
0003492
0005762
0006112
0005413
0003900
0001688
0000349
0002095
0004715
0003143
0000000
0000989
0004482
0006170
0005879
0004773
0003434
0003376
0003434
0001047
-001863
-001281
0001106
0001455
0000174
-000641
-001165
-002096
-002736
-002271
-001165
-000292
-000059
-000524
-000874
0000756
0003085
0003376
0002735
0004191
0006112
0005122
0002794
0002794
0004307
0004889
0004540
0004132
0003376
0001571
-000059
-000117
0001164
0002910
0003841
0002386
0000232
0001164
0003143
0001688
-001863
-004250
-004250
-001048
0003143
0004132
0002619
0001629
0001455
0002328
0003085
0001920
-000524
-002620
-003959
-004832
-005007
-004308
-003435
-003610
-003610
-000815
0002910
0004424
0003900
0002968
0001920
0000407
0000232
0004191
0009080
0008731
0005180
0003783
0004191
0004191
0004249
0005530
0006985
0006927
0005704
0004482
0003143
0001222
-000757
-002154
-002329
-000699
0001455
0001804
0001047
0001629
0002735
0002444
0001106
-000350
-001689
-002795
-003377
-003901
-003435
-000292
0002619
0000174
-005065
-007160
-006462
-005705
-005007
-004366
-003726
-002387
-001165
-001456
-002387
-002329
-001165
0001280
0002968
0000291
-003551
-001921
0002270
0002095
-000524
-000233
0002037
0003841
0004715
0004889
0004424
0003958
0003026
0000407
-001980
-001048
0001629
0002153
0000814
-000524
-001689
-003027
-003668
-002213
0000058
0000814
0000291
-000117
-000175
0000465
0001106
0000349
-000815
-000175
0001047
0000291
-001805
-003959
-005414
-005123
-005589
-011584
-018861
-019967
-015368
-008616
-002562
-000292
-000815
0000640
0002153
-000408
-003842
-002154
0002386
0004132
0003143
0001280
-000350
-000117
0001280
0002153
0002270
0002270
0001746
0000000
-001689
-001048
0001047
0002386
0002852
0002910
0002503
0001571
0000698
0000873
0001397
0000640
-000350
0000465
0002270
0002735
0002444
0002968
0003550
0002619
0001222
0001746
0003026
0002328
0000873
0001222
0003143
0005704
0007509
0007159
0004831
0001397
-001572
-001921
-000466
0000174
0000058
0000058
0000000
-000350
-000583
0000232
0001280
0000814
-000233
0000174
0001804
0003841
0005064
0003783
0000756
-002154
-003842
-003610
-002096
-001048
-000815
-001456
-002271
-002038
-001398
-001921
-002795
-002271
-000757
0000698
0001804
0002386
0003026
0005180
0006927
0004715
0001397
0002619
0006519
0008557
0008091
0005588
0002794
0002910
0004889
0005646
0005006
0003783
0001920
-000699
-003086
-003668
-003202
-003842
-004657
-003377
-001107
-000175
-000059
0001571
0003026
0001047
-002620
-004541
-004832
-004948
-005239
-006404
-007568
-007219
-005996
-005356
-005356
-005356
-005647
-007219
-008092
-004366
0000640
0000349
-002911
-003027
-001165
-001398
-001980
0001397
0005704
0005588
0002328
0000291
-000757
-002795
-003784
-000466
0004424
0005530
0003085
-000641
-003551
-002795
0000174
0001571
0001862
0003143
0004424
0004016
0002503
0001571
0000989
0000291
-000990
-003551
-005531
-003551
-000059
-000408
-002678
-001572
0001047
0001222
-000350
-000990
-001281
-002853
-004832
-005996
-005822
-003901
-001339
0000000
0000232
0000698
0001047
0000698
0000058
-000466
-000408
0000873
0002095
0000873
-001281
-000641
-000175
-006113
-014320
-016591
-014670
-015252
-016009
-011701
-004890
-000583
0000349
-001165
-003784
-005065
-004425
-002038
0000407
-000117
-002096
-001863
-000292
-000117
-000117
0002444
0005355
0004773
0002270
0001862
0002910
0002794
0001862
0001164
0000640
0000058
-000059
0000756
0002212
0003376
0003841
0003143
0001571
-000408
-001863
-001747
-000466
0000931
0001280
-000699
-003319
-002853
-000990
-001630
-003668
-004250
-003260
-000990
0001164
0001047
-000757
-001980
-003144
-005880
-008092
-005996
-002329
-002969
-005763
-005531
-003260
-002038
-001630
-001048
0000000
0002153
0004249
0004424
0003143
0002095
0001513
0001047
0000814
0000582
0000465
0000465
0001106
0003143
0005413
0005937
0005180
0004831
0004656
0003958
0002735
0000756
-000990
-001281
-000757
-001630
-002911
-002853
-001747
-000874
-000466
-000815
-001689
-002736
-003260
-002562
-001223
-000292
-000524
-002445
-005065
-007160
-007102
-002504
0002561
0000523
-005007
-005123
-002038
-002271
-003901
-001572
0001920
0000873
-002271
-001630
0001513
0003492
0003958
0003318
0002037
0000523
-000059
0001804
0003783
0001164
-002911
-001514
0003085
0004947
0004132
0002153
0000814
0003201
0006461
0004656
0000174
-001805
-000932
0001746
0004598
0005588
0004249
0001047
-002329
-003784
-003493
-002911
-002911
-004541
-006869
-008150
-008208
-007451
-006637
-007160
-008034
-007044
-004657
-002271
-000990
-001863
-003726
-004075
-002795
-000175
0002153
0001455
0000000
0002968
0007101
0005355
0001164
0001862
0005704
0007509
0007334
0007101
0006403
0004598
0002270
0000116
-000874
0000465
0002386
0001513
-000874
-001572
-000757
0000232
0000873
0000989
-000292
-003726
-009023
-016416
-022819
-024740
-022004
-016707
-010653
-006345
-004133
-002445
-001921
-003551
-005239
-003319
0000349
0001338
0000407
0000174
0000931
0002794
0005006
0006403
0006403
0004656
0002037
0000291
0000116
0001746
0003841
0003725
0002386
0002794
0003900
0003026
0001338
0000931
0001688
0003085
0004365
0004424
0004074
0005821
0007159
0003201
-002213
-001107
0003318
0003667
0000407
-003551
-006171
-004366
-000932
-002038
-005065
-003668
0000291
0001979
0002037
0003201
0004365
0003434
0001688
0001397
0002561
0004424
0005471
0003492
0000349
0000174
0001629
0000814
-000699
0000989
0003783
0003201
0000174
-002853
-004192
-001630
0002270
0002212
-000350
-001107
-000524
-000699
-001398
-002678
-002911
0000814
0005064
0003550
-001223
-002969
-002445
-003086
-003901
-002678
-000815
-001107
-002445
-002096
-000932
-001572
-002387
0000174
0003725
0002910
0000174
0001047
0003958
0005006
0004132
0002503
0000989
0000523
0001397
0003376
0005064
0004307
0002444
0002503
0003841
0004947
0004715
0001222
-002387
-000233
0004191
0003143
-000990
-002154
-000583
0001920
0003725
0002503
-000292
-001281
-000583
0000232
0000814
0000698
-000408
-002853
-005181
-005065
-003377
-002969
-003086
-001747
0000000
0000349
-000408
-001107
-000990
0000989
0003085
0001862
-000874
-001223
0000349
0002037
0003201
0003318
0002619
0001862
0001629
0002503
0003783
0003958
0003085
0001338
0000000
0001164
0003143
0002503
0000349
-000699
-000292
0001047
0002968
0004831
0006112
0006577
0005995
0004598
0002619
0000116
-002154
-003144
-003377
-004308
-005007
-003610
-001514
-001223
-002736
-005589
-007393
-004250
0000232
-001339
-005996
-005880
-003668
-005996
-011410
-016882
-020025
-018919
-014262
-008266
-002853
0000291
0001571
0004016
0005704
0002735
-001107
0001455
0006461
0004365
-001107
-001456
0001920
0004249
0004889
0003725
0002328
0003434
0005471
0004540
0002037
0001106
0001571
0001979
0002619
0004715
0005530
0000291
-005938
-003260
0004016
0005530
0002503
0000232
-000466
0000989
0002968
0001688
-000932
-000408
0001746
0002270
0000989
-001572
-003610
-002329
0001280
0004424
0006286
0006752
0005995
0004947
0004016
0003609
0003492
0003376
0002677
0000640
-001456
-001456
0000349
0002561
0004132
0003841
0002503
0002328
0002968
0002735
0002095
0001804
0001688
0001222
0000232
-001223
-002969
-005239
-006811
-006287
-004774
-005065
-005938
-004308
-001048
0001979
0003900
0004191
0003259
0002619
0002328
0002212
0002386
0002794
0003550
0005238
0006170
0003376
-000641
-000874
0001629
0003900
0004482
0002212
-001514
-003493
-003668
-003784
-003610
-002911
-001980
-000990
-000233
0000174
-000408
-002853
-005531
-005472
-003959
-004366
-005763
-005938
-005123
-004133
-004075
-006869
-010071
-009081
-005414
-003319
-002678
-002096
-001572
-001165
-000699
0000000
0000698
0000814
0000698
0001047
0002037
0003725
0005180
0004773
0003550
0004074
0004889
0002270
-000757
0001164
0005646
0007276
0005762
0002328
-001398
-003260
-002969
-000874
0001047
-000466
-003202
-002038
0001047
0001106
-000815
-001456
-000990
-000699
-000641
-000524
-000990
-003144
-005647
-005996
-005181
-005647
-006695
-006811
-005822
-003842
-001747
-001048
-000932
0000873
0003085
0002794
0001513
0002503
0004540
0004656
0003376
0002619
0002386
0002619
0002503
0000407
-001805
-001048
0001397
0003026
0001455
-006113
-015252
-018104
-015485
-012632
-009372
-003959
0001164
0003026
0002212
0001688
0001280
0000000
-000757
0001280
0004249
0004074
0001862
0000931
0000989
-000059
-000641
0002386
0005530
0002212
-003668
-003726
0000116
0002037
0002153
0002677
0002677
0000407
-002387
-003319
-001689
0002328
0006752
0008789
0008149
0005995
0003434
0002386
0002328
0001629
0000814
0001047
0001920
0002270
0002153
0001746
0001280
0001047
0000989
0001047
0001280
0001979
0002677
0002910
0002328
-000117
-002213
0000000
0003492
0001804
-002795
-005007
-004250
-001572
0001629
0003026
0002444
0000465
-001572
-001165
0000349
-000350
-001863
-001048
0000582
-000524
-002853
-002795
-001048
0000116
0000698
0001338
0001862
0002386
0002794
0002968
0003201
0004074
0004715
0003085
0000523
-000175
0000232
-000466
-001747
-002678
-002154
0001688
0005879
0005297
0001280
-001980
-003901
-004832
-005356
-007393
-009023
-006404
-002387
-002795
-005589
-005531
-003086
-000233
0001688
0000989
-000874
-000641
0001397
0003434
0005006
0005879
0005530
0003318
0001106
0002270
0005180
0006403
0005762
0004249
0002852
0003609
0004715
0002153
-001980
-003377
-002678
-002329
-002329
-002387
-002154
-001281
-000175
0000174
0000291
0001862
0002968
0000407
-003901
-006462
-006520
-004599
-002213
-001747
-003377
-005880
-008325
-009780
-009256
-005763
-001572
-000699
-001980
-001921
-000699
0000465
0001397
0002095
0002444
0002794
0002735
0001106
-000117
0002561
0006927
0008557
0007276
0004074
0000873
0000698
0002153
0001280
-000350
0000814
0003318
0003958
0003026
0002095
0001164
-000641
-002038
-000990
0000407
-002504
-006637
-005531
-001398
0000058
-001572
-004890
-009489
-015252
-019676
-020200
-017580
-014320
-011817
-011119
-011235
-009547
-006869
-005589
-004832
-002329
0000814
0002270
0002212
0001571
0001280
0002270
0004191
0006228
0007392
0006810
0005180
0004132
0003667
0002503
0002212
0005879
0010070
0008382
0003201
0000523
0000640
0001804
0003201
0003783
0003143
0001804
0000407
0000349
0001106
0001688
0001629
0000698
-000408
-000233
0000174
-001514
-003435
-002096
0000756
0001164
-000292
-001514
-001689
0000349
0002677
0001571
-001398
-002620
-002445
-003202
-003726
-001398
0001746
0002328
0000814
-001456
-002562
0000116
0003783
0002619
-000874
-000292
0002386
0002153
0000756
0002677
0005471
0003725
0000291
0002037
0005646
0003085
-001863
-000583
0003609
0003143
-000583
-003202
-003784
-001863
0000989
0001688
0001047
0001571
0002212
0000640
-002096
-003842
-003842
-001572
0001222
0000989
-000583
0000873
0003550
0003783
0002270
0001513
0001455
0001571
0001280
-000757
-002911
-002562
-000175
0002328
0004074
0004307
0003434
0002503
0001688
0000640
-000117
-000350
-000175
0000058
0000174
0000349
0000116
-001863
-003435
-000292
0004132
0003143
-000874
-001572
-000408
-002038
-003959
-000990
0003725
0003900
0000523
-002795
-004483
-002911
0000232
0001397
0000523
-000990
-002038
-000874
0000989
-000059
-001805
0000582
0004947
0006694
0006170
0005530
0005122
0005297
0005530
0004598
0003259
0003318
0003725
0001629
-000815
0000698
0003492
0001804
-002096
-002445
-000408
0000232
0000174
0002270
0004016
0000756
-004308
-004599
-001747
-000874
-001514
-001165
-000874
-002562
-004657
-004017
-002213
-003086
-005123
-004832
-002969
-001572
-000815
-000292
-000117
-000233
-000757
-001339
-003377
-009780
-016474
-017056
-012458
-007102
-002562
0000116
0001047
0002153
0002794
0001629
-000117
-000117
0000989
0001047
0000640
0000873
0001979
0004191
0006228
0006170
0004598
0002968
0002037
0002910
0004074
0002561
-000059
-000117
0001571
0002910
0003259
0002212
0000232
-001572
-002736
-003086
-002504
-001456
-000117
0001338
0002386
0002444
0002037
0002561
0003143
0001862
0000116
0000873
0002968
0003492
0003143
0003841
0004889
0004656
0003609
0002794
0002677
0003725
0004889
0004016
0001920
0000058
-000466
0001804
0004365
0002212
-001514
-000117
0003667
0003026
0000000
-000117
0001804
0002852
0002910
0002328
0001688
0002037
0002735
0002037
0000582
-000583
-001048
-000757
0000000
0000523
0000756
0001106
0001164
0000116
-001048
-000583
0000582
-000059
-001339
-000990
0000756
0003026
0004424
0002910
0000116
-000641
0000465
0001688
0002910
0004656
0005355
0002444
-001630
-001980
-000175
-000466
-002038
-002213
-001398
-000757
-000350
0000349
0000698
-000292
-001747
-002038
-001223
0000232
0001164
-000117
-002329
-002504
-001281
-000175
-000175
-002387
-005123
-004948
-002445
0000407
0002212
0000873
-001456
-000117
0002444
0000291
-003610
-002969
0000698
0002735
0003085
0002619
0002270
0004191
0006228
0004249
0000640
0000407
0002503
0004074
0004249
0002153
-000408
-000233
0001746
0002968
0003143
0002910
0002037
-000175
-002329
-002271
-000990
-001048
-002038
-002795
-003144
-003202
-002678
-001048
0000523
0000523
-000757
-001921
-002678
-002853
-002096
-000117
0002153
0003318
0003259
0002328
0001746
0003958
0006868
0006403
0003900
0002561
0003026
0005646
0008091
0006461
0002212
-001281
-002853
-001689
-000932
-006520
-014844
-018337
-017406
-015892
-013855
-010770
-006986
-001863
0001746
-000641
-005414
-004890
-001107
0000000
-001107
-002329
-003086
-002620
-002038
-004075
-006345
-003842
0000465
-000117
-002969
-001863
0001979
0004715
0005821
0005297
0004074
0003900
0004656
0005180
0005238
0004656
0003550
0001979
0001397
0004132
0008149
0009663
0008440
0005471
0002270
0001280
0001804
0001222
0000756
0003201
0006403
0006752
0004889
0003434
0002852
0003376
0004191
0003492
0001804
0000407
0000232
0002619
0004831
0001455
-003784
-002969
0001106
0001338
-000815
-000932
0000000
-000757
-002038
-001165
0000756
0001571
0000931
-001048
-003027
-002969
-001165
0001106
0002910
0003434
0003085
0003318
0003725
0003492
0002735
0001746
0000989
0000873
0001106
0001106
0001338
0003143
0005238
0005879
0004598
0000989
-002271
-001398
0002444
0006053
0007683
0006170
0002503
-001339
-003668
-003144
-000990
-000117
-000292
0000000
0000291
-000292
-001281
-001921
-002096
-001805
-001689
-003377
-005298
-004599
-002154
-000117
0000931
0000873
0000582
0002037
0003900
0003201
0001106
0000523
0000756
-000408
-001921
-001514
-000059
0000698
0000814
0001106
0001106
-000175
-001514
-000641
0000989
0000291
-001572
-001805
-000990
-000815
-001747
-004192
-006404
-005763
-003493
-002329
-002853
-005763
-007626
-001572
0006170
0003143
-005531
-007102
-003784
-002736
-003435
-003377
-002678
-001863
-000990
-000175
0000174
-000408
-000815
0001513
0004540
0004540
0002503
0001280
0001222
0002212
0003026
0001338
-000641
0001629
0005238
0003667
-000233
0000756
0003783
0002153
-002154
-004017
-003493
-002038
-000408
0000349
0000116
-000524
-001339
-001398
-003144
-011584
-021597
-024391
-021015
-017056
-013156
-009198
-005705
-002096
0000058
-001572
-004250
-002795
0000814
0001629
0000582
0000814
0002212
0004365
0005937
0004773
0002677
0003318
0005646
0006927
0006868
0006228
0004831
0002153
0000291
0003259
0007451
0005995
0001280
-000583
-000117
-000059
0000058
0001455
0002910
0001804
-000292
-000175
0001222
0001804
0000640
-003435
-007451
-005938
-001747
-001398
-003901
-005298
-005531
-005007
-004133
-003784
-003551
-002329
-000699
0000291
0000232
-001165
-002562
-001572
0000582
0000814
0000116
0001222
0003259
0004365
0004656
0004656
0004482
0004540
0004191
0002153
-000466
-001572
-001165
0000116
0001280
0000698
-000699
-000932
-000175
0000582
0001164
0002037
0002095
-000583
-003551
-001805
0001571
-000233
-004774
-005880
-004366
-003668
-003435
-002096
-000466
0000116
-000175
-000757
-001048
-000292
0000756
0000582
-000350
-000641
-000815
-002387
-003610
-001048
0002794
0003143
0001164
0000407
0000698
0000523
0000116
-000175
-000292
-000233
-000408
-001689
-002736
-000990
0001688
0001280
-000815
-001223
-000466
-000524
-001456
-003202
-004832
-005239
-004250
-001980
0000000
-000292
-002154
-003668
-003901
-001398
0001280
-000350
-003959
-003959
-001398
0000000
0000291
0000116
-000117
0000523
0001397
0001455
0000814
-000292
-001165
-000815
0000465
0001804
0002212
0000232
-002504
-002969
-001572
0000058
0001222
0001164
-000059
-002271
-003959
-002736
-000292
-000699
-002329
-001281
0001106
0001629
0000582
-000175
-001107
-003377
-005647
-005705
-004192
-003086
-002154
-000292
0001455
0001746
0000931
0000116
0000058
0001979
0004132
0003259
0000640
-000408
-000350
-000350
-002271
-009722
-017755
-018162
-012574
-006869
-002620
-000175
0000873
0003259
0004947
0001338
-003668
-002853
0001455
0003434
0002677
0000407
-002038
-002387
-001514
-002213
-003144
-001165
0001979
0002444
0001513
0002852
0004656
0002735
-000466
0000465
0002968
0001397
-002504
-004366
-003959
-002387
-000233
0001862
0002852
0001455
-000757
-000350
0001455
0001571
0000873
0001688
0003434
0004889
0005762
0006053
0006053
0006577
0007043
0006519
0005355
0004249
0003318
0002503
0002212
0003085
0004540
0005238
0005238
0005355
0005413
0005588
0005122
0002735
-000117
-000990
-000408
0000058
-000059
-000932
-002213
-003260
-003842
-003901
-003842
-005181
-006287
-004250
-001107
-000815
-002678
-004075
-004599
-004192
-003027
-001456
-000466
-001630
-003260
-001863
0000989
0001688
0001280
0002444
0004424
0005646
0005530
0003318
0000989
0001862
0004074
0003143
0000582
0000174
0000989
0000465
-000932
-001689
-001630
-000990
-000175
-000059
-000524
-001048
-001281
-000641
0000407
0001047
0000523
-002387
-005472
-005181
-002620
-001281
-001456
-002795
-004250
-004133
-002504
-000059
0001571
-000583
-003435
-000815
0003609
0001804
-003144
-003551
-000990
-000583
-001223
-000059
0001804
0001862
0000931
0001338
0002037
0000989
-000990
-002154
-002504
-002853
-002736
-001514
0000640
0003841
0005995
0004482
0000640
-002387
-003377
-001456
0001280
0000232
-002213
-000699
0002852
0003783
0002270
0000291
-001630
-003202
-003435
-001107
0001979
0002561
0000698
-002562
-005007
-003377
0000407
0001804
0001280
0001106
0001455
0002503
0003201
0001455
-000524
0001338
0004656
0004132
0001280
0000232
0001397
0004191
0006694
0005821
0002153
-001630
-005647
-011235
-016183
-018104
-016707
-013331
-009314
-006113
-004541
-004541
-005298
-005123
-004133
-003493
-002678
-000408
0001513
-000233
-003377
-003551
-000757
0004249
0008149
0005821
0000640
0000174
0003143
0005006
0005238
0003725
0002270
0005006
0008964
0008091
0004656
0004482
0005937
0004598
0002270
0002910
0005413
0006810
0006868
0006170
0005006
0003841
0003026
0002735
0002444
0000814
-001107
-001339
-000292
0000582
0001047
0001280
0001397
0001920
0001979
-000233
-003202
-003901
-002795
-001921
-001165
0000000
0000756
0000116
-001514
-003435
-004599
-004308
-001980
0003026
0007334
0005413
0000058
-002038
-001281
-000757
-000292
0000814
0001746
0000814
-000175
0002153
0005762
0005937
0004191
0004831
0006461
0005355
0003026
0002794
0004132
0005238
0005297
0003201
0000523
0000058
0001688
0004365
0006170
0004598
0000756
-002678
-004366
-003144
-000292
0001629
0001920
0000523
-001165
-000583
0000931
0000465
-001630
-004425
-006229
-004774
-002213
-002969
-005589
-006637
-005647
-002911
-000117
0000232
-000815
-000233
0001222
0001746
0001513
0001222
0001222
0002153
0002910
0001222
-000990
0000232
0002852
0002095
-000524
-000874
-000292
-002504
-005065
-003086
0000814
0000349
-001921
-000117
0003783
0005588
0004424
0000174
-004075
-002795
0001222
0001164
-001398
-001980
-001281
-001456
-002154
-002329
-001630
0000814
0003318
0003318
0000873
-003319
-006345
-003260
0002153
0001804
-001572
-000583
0002852
0003841
0002968
0002677
0002619
0001920
0001106
0001513
0002095
0000698
-001398
-001863
-000699
0001280
0003085
0003667
0002910
0000756
-000874
0000989
0003900
0002561
-000641
0000000
0002328
0001571
-001805
-005472
-009314
-014553
-018279
-016649
-011643
-008092
-006404
-005123
-003959
-001630
0000116
-002154
-005298
-003027
0001513
0000931
-002445
-002911
-000990
0000873
0002444
0003841
0004656
0004773
0003900
0001629
-000583
-000641
0000640
0000989
0000116
-002096
-004425
-004599
-003377
-002620
-002445
-002154
-002213
-003260
-004425
-004017
-002445
-001165
-000641
-001107
-002096
-002795
-003027
-002911
-002678
-002853
-003027
-001747
-000059
0000058
-000757
-001223
-001048
0000000
0001222
0001571
0001338
0001513
0002037
0002619
0003026
0002735
0001979
0001338
0000814
0000000
-000408
0000407
0001862
0002910
0003318
0003201
0002444
0001164
-000292
-001689
-002154
-000583
0001397
0000232
-002038
-000815
0001862
0001280
-001572
-003901
-004948
-004075
-002795
-004599
-007393
-006928
-004308
-002969
-002736
-001980
-001630
-003260
-004948
-003202
0000407
0002386
0002153
0000000
-002154
-000932
0002037
0002968
0002037
0000756
-000175
0000000
0000931
0000989
0000931
0002386
0004191
0004365
0003143
0001397
0000116
0000349
0001513
0001979
0001629
0000407
-000524
0001106
0003085
0000989
-002736
-002154
0000174
-001572
-005356
-006404
-005298
-004716
-004366
-002969
-001398
-000874
-001514
-002504
-003784
-005065
-005880
-005880
-005065
-003377
-001572
-000699
-000408
0000640
0001629
0000873
-000699
-001048
-000815
-001863
-002795
-000641
0002386
0002037
-000641
-002445
-003027
-003202
-003086
-003202
-003493
-004308
-004483
-001630
0001571
0000465
-003086
-004425
-003610
-001921
-000757
-002096
-004657
-005705
-004948
-002969
-001107
-001572
-003202
-003086
-001747
-001165
-000641
0001920
0004540
0003550
0000814
0000640
0001979
0002270
-000292
-008325
-017115
-018628
-014495
-011061
-008790
-007102
-005531
-002154
0000814
-001107
-004832
-003784
-000583
-001514
-004657
-004716
-003086
-003493
-004599
-003202
-000583
0000814
0000582
-001281
-003260
-002504
-000175
0001047
0000873
-000641
-001980
-000641
0001920
0002561
0001571
0000523
0000349
0002153
0005006
0006985
0007159
0004656
0001338
0000523
0001455
0001455
0001106
0001979
0003550
0004947
0005122
0002328
-000874
-000059
0003318
0005180
0005122
0003725
0001804
0000989
0000989
0000465
-000524
-002038
-003202
-002562
-001165
-001048
-001921
-002329
-002445
-002562
-002853
-003377
-004133
-005007
-005414
-004832
-003377
-001281
-000175
-002562
-005647
-003319
0000698
-002038
-007335
-005298
0000116
-000350
-003784
-002387
0001397
0001979
0000349
-000466
0000232
0002852
0005821
0006286
0004656
0002852
0001222
-000175
-000990
-001107
-000815
-001048
-001339
-001281
-000466
0001571
0003318
0002095
-000408
0000116
0001397
-001514
-005996
-006404
-003726
-001339
-000292
-001689
-003959
-003726
-002154
-003202
-004599
-001572
0002561
0000814
-003551
-002736
0000873
0000989
-000990
-001107
0000291
0002270
0003667
0003201
0001571
0000465
0000931
0004365
0007742
0005180
-000059
-001107
0000931
0002328
0002153
-000524
-003435
-002795
0000349
0002968
0004191
0003841
0002677
0002328
0002561
0002619
0001688
-001863
-004832
-001223
0004656
0003492
-002038
-004832
-004890
-004599
-003610
-001107
0001047
0000291
-002562
-004832
-006287
-007917
-008034
-004017
0001397
0003259
0002386
0002270
0002677
0002386
0001979
0002910
0004016
0002735
0000407
-000350
0000058
0000116
0000232
0001629
0003085
0002444
0000058
-002387
-005705
-012458
-018570
-017813
-012516
-008674
-007160
-007743
-007743
-001572
0005588
0003667
-003086
-004133
-000874
0001629
0002444
0000931
-001048
0000349
0002968
0001920
-000815
-000641
0001804
0004016
0005297
0005122
0003958
0003085
0002735
0002794
0003201
0003492
0003958
0005122
0006577
0007742
0008091
0007334
0005413
0002037
-000583
0001106
0004831
0005646
0004249
0003667
0002735
-001165
-005414
-005531
-002387
0000756
0002735
0002968
0001571
-000408
-001921
-002329
-001048
0003085
0006403
0003201
-003144
-005239
-003319
-000233
0002328
0002270
0000640
0000000
0000756
0002561
0004482
0005413
0005297
0005180
0004889
0004074
0003725
0005588
0007916
0007625
0005297
0002444
0001106
0004191
0008731
0008906
0005821
0003376
0002212
0002153
0002561
0001979
0000465
-001689
-003202
-001980
0000291
0000058
-001339
-000292
0001397
-000175
-003377
-004425
-004017
-004425
-005356
-006229
-006462
-005298
-003784
-004017
-004599
-002620
0000640
0002561
0002794
0002212
0001164
-000175
-000466
0002561
0006053
0004831
0001280
0001222
0003259
0003667
0002852
0002794
0003318
0004016
0004191
0002503
0000640
0001338
0003609
0004715
0004715
0004773
0004656
0003667
0002444
0001979
0002095
0001862
0001455
0001280
0001222
0001106
0000407
-001689
-003959
-004425
-003551
-003319
-003319
-002504
-001281
-000117
0000349
-000292
-001398
-001456
-000524
0000931
0002270
0002968
0002735
0001397
0000058
0000582
0002095
0001979
0001455
0003026
0005238
0005006
0003143
0002153
0001862
0001047
0000523
0001571
0002968
0002095
0000291
0000640
0001920
0001338
-000117
-000175
0000873
0001397
0001746
0003492
0004831
0002619
-000874
-000175
0001338
-003668
-011992
-017289
-018570
-017115
-013622
-009547
-005763
-002096
0000000
-001223
-003726
-003784
-001398
0002037
0005006
0005704
0004715
0004482
0004715
0004656
0004016
0002677
0001280
0000640
0001164
0003434
0005704
0005297
0003026
0001164
0000465
0001164
0002386
0002037
0000873
0001106
0001979
0001571
0000407
-000233
0000058
0002153
0004132
0002968
-000292
-003319
-004483
-001863
0001746
0000523
-003027
-002911
-000292
0001280
0001746
0002328
0002677
0002968
0002619
0000465
-001456
0000000
0003492
0005704
0006053
0004715
0002735
0002037
0002561
0003725
0004365
0002503
0000174
0001629
0005064
0006694
0006228
0004773
0002910
0001455
0000873
0001164
0001920
0002386
0002212
0001280
0000174
-000175
0000000
-000641
-001281
-000524
0000698
0000349
-000757
-000815
-000408
-001281
-002620
-002795
-001805
0000232
0001862
0000698
-000990
0001513
0005530
0005122
0001920
0000756
0001047
0000407
0000000
0002561
0005588
0004132
0000582
0000756
0003376
0004598
0004249
0002619
0000698
-000233
-000408
-001398
-002329
-001514
0000058
0000349
0000058
0001338
0002503
0000058
-003842
-004483
-003377
-004890
-007219
-006753
-004599
-003842
-004017
-003319
-002504
-003027
-004133
-004192
-003027
-000757
0001222
0000931
-000874
-002154
-002271
-000641
0001280
0000523
-001281
-000408
0001920
0002677
0002503
0003434
0004307
0002968
0000698
0000058
0001047
0002095
0003376
0005588
0006927
0004947
0001047
-001863
-002736
-001689
0000756
0003434
0004656
0002386
-001514
-003377
-003260
-002678
-002271
-002853
-004133
-005531
-006171
-005007
-002969
-002038
-002154
-002504
-002736
-002620
-002096
-001398
-000641
-000699
-000408
0003434
0005471
-004308
-018162
-021306
-015601
-010129
-006054
-003027
-001514
-000408
0000291
0000814
0001222
0001571
0001920
0002386
0002328
0000756
-001456
-003319
-003551
-001223
0002212
0004016
0003550
0000756
-002329
-002096
0000232
0000989
0000931
0002503
0003900
0001397
-002154
-000524
0003376
0002619
-000699
-001223
0000174
0000698
0000873
0002444
0004424
0005413
0005355
0005006
0004365
0003376
0002212
0000873
-000059
0000465
0001397
0000814
-000815
-002271
-002853
-001747
-000524
-002504
-005472
-004774
-001921
-001339
-001921
-000059
0001862
-000990
-005123
-003202
0001688
0002037
-000874
-002620
-003260
-003784
-004133
-004774
-004192
0000174
0005471
0006577
0004132
0001280
-000990
-002154
-001572
0000931
0003609
0004074
0002212
-001339
-003668
-000233
0005355
0005297
0001746
0000407
0001397
0003143
0004715
0004482
0003318
0003376
0004132
0003958
0003085
0002153
0001164
-000350
-001863
-002387
-002387
-003493
-004657
-003493
-001689
-002911
-005239
-004017
-001281
-001398
-003319
-003901
-003202
-001980
-000699
0000291
0000407
-000408
-001921
-003784
-004599
-002387
0001222
0002910
0002561
0001222
0000174
0001629
0004307
0005530
0005122
0003725
0002153
0001746
0002270
0002037
0002095
0004715
0007509
0006286
0002910
0001629
0002444
0004249
0005297
0002852
-000932
-001805
-000408
0001106
0001688
0000582
-002038
-005472
-007917
-006811
-004075
-003726
-005298
-006753
-007102
-004832
-002154
-003493
-006520
-006113
-003668
-002969
-003610
-003726
-003668
-004250
-005239
-006462
-006462
-002795
0001688
0001629
-001048
-001048
0001047
0003085
0003958
0001862
-001165
-001048
0001164
0002386
0002444
0001571
0000174
-000350
-001747
-007568
-014029
-014379
-010478
-008150
-007219
-005880
-004133
-001980
-000233
-000175
-000757
0000640
0002386
0001106
-001805
-003027
-003086
-003551
-004541
-005647
-006695
-007451
-006986
-003959
0000000
0001979
0002270
0002503
0002619
0002328
0001979
0002386
0002735
0001106
-000524
0001862
0005413
0003725
-000117
0001106
0004947
0005879
0004191
0002212
0001047
0002444
0004598
0003609
0001164
0001222
0003026
0004249
0004365
0002968
0001571
0003085
0005588
0004773
0002270
0002212
0003259
0002444
0000291
-001689
-002271
-000233
0003026
0004773
0004365
0001804
-001281
-002329
-000932
0002619
0005879
0005180
0002386
0002328
0004074
0004074
0003492
0005297
0007218
0004831
0001047
0002212
0005471
0004074
0000291
-000059
0001920
0002852
0002328
0000349
-002096
-002911
-002736
-003493
-004133
-002271
0000407
0000756
-000641
-001281
-001339
-001863
-002445
-002853
-002736
-001747
-000874
-002038
-003726
-002969
-000874
-000408
-000990
-000990
-000524
-000059
0000232
0000000
-000059
0001862
0003550
0000465
-003901
-002736
0001979
0005355
0006112
0003376
-000117
0001047
0004482
0004365
0002037
0001338
0001455
0000232
-001339
-001281
-000350
-000292
-000815
-000815
-000699
-001514
-002445
-001747
-000524
-001398
-003144
-002504
-000757
-001048
-002096
-001281
0000523
0001106
0000814
0000873
0001455
0002735
0003900
0003900
0002852
0001862
0001280
0001746
0002794
0003550
0003958
0005006
0005471
0003026
0000000
0000698
0003026
0001746
-001048
-000233
0002212
0001804
-000059
0000465
0001920
0000814
-001223
-000815
0001164
0001862
0001571
0000989
0000814
0002503
0004249
0003026
0000174
-000990
-001048
-001339
-003901
-012283
-021830
-024624
-021655
-018512
-014902
-009140
-003319
0000465
0001338
-000408
-002969
-003435
-001630
0001746
0004540
0003434
0001047
0003318
0007392
0006519
0003026
0002561
0004191
0004831
0004715
0005238
0005646
0004656
0002852
0001746
0001338
0001397
0001338
0000000
-001048
0001455
0005355
0006636
0005006
0001397
-001921
-001456
0001047
0000931
-000815
-001339
-000699
0000291
0001047
0000291
-000874
-000117
0001397
0000523
-000815
0001280
0004249
0003143
-000466
-002445
-002562
-001863
-000292
0001920
0003958
0004656
0004424
0005064
0005530
0003725
0001222
0001106
0002677
0003900
0003958
0001979
-001048
-003260
-003901
-002504
-000117
0001047
0000989
0000640
0000116
-000757
-001048
0000989
0003318
0002095
-000583
-000059
0001920
0000814
-002096
-003377
-003319
-004075
-004483
-002445
0000291
0000349
-001048
-000815
0000407
0000814
0000756
0001164
0002444
0005471
0008091
0007101
0003841
0001862
0001746
0003259
0005530
0006403
0006228
0006985
0006985
0002735
-002795
-004308
-002504
-000699
0000232
-000699
-002387
-002504
-001339
0000174
0000931
-000932
-003202
-001165
0001979
-000641
-005647
-005589
-002213
-000233
-000350
-002387
-005007
-005938
-005123
-003901
-002504
-001107
0000116
0001513
0002444
0001746
0000407
0000407
0001222
0001280
0000931
0000873
0001280
0002095
0003143
0003783
0003958
0003609
