0000465
0000407
0000465
0000756
0000931
0000465
-000175
0000058
0000698
0000814
0000523
0000291
0000232
0000174
0000174
0000058
0000000
0000349
0000814
0000756
0000465
0000582
0000989
0001222
0001222
0001106
0000989
0000698
0000523
0000698
0001047
0001280
0001338
0001338
0001164
0000640
0000174
0000698
0001513
0001280
0000465
0000232
0000523
0000931
0001338
0001746
0001862
0001338
0000640
0000814
0001397
0001222
0000814
0001338
0002095
0001455
0000349
0000873
0002095
0002153
0001455
0001222
0001280
0001222
0001047
0000989
0001047
0001047
0001106
0001513
0001920
0001513
0000814
0000873
0001397
0001222
0000756
0001106
0001746
0001513
0000931
0001047
0001513
0001571
0001338
0001338
0001629
0002153
0002386
0001280
-000175
-000117
0001047
0001920
0002270
0002270
0001979
0001688
0001513
0001513
0001629
0001746
0001571
0000698
-000059
0000698
0002095
0002095
0001222
0001164
0001629
0001746
0001746
0002153
0002561
0002095
0001280
0001222
0001629
0001629
0001513
0001571
0001746
0001746
0001629
0001629
0001629
0001455
0001222
0001280
0001571
0001629
0001513
0001338
0001280
0001629
0001979
0001746
0001222
0001164
0001397
0001455
0001455
0001397
0001397
0001455
0001688
0002270
0002735
0002328
0001455
0001164
0001397
0001455
0001397
0001513
0001688
0001513
0001280
0001047
0001047
0001397
0001862
0001746
0001513
0002270
0003201
0002503
0001047
0000756
0001338
0001746
0001862
0001397
0000814
0000640
0000931
0001338
0001629
0001455
0001047
0001106
0001280
0001106
0000698
0000407
0000291
0000291
0000291
0000058
-000233
-000117
0000291
0000291
0000232
0000582
0001164
0001513
0001455
0000698
-000175
-000117
0000465
0000640
0000582
0000582
0000640
0000523
0000291
0000000
-000175
-000466
-000583
-000292
0000116
0000291
0000291
0000523
0000756
0000407
-000175
-000233
0000058
0000232
0000232
0000407
0000640
0000465
0000058
-000524
-000874
-000699
-000292
-000117
-000292
-000699
-000932
-000059
0000989
0000465
-000932
-001281
-000815
-000233
0000232
0000349
0000116
-000350
-000583
0000058
0000989
0000931
0000174
-000233
-000292
-000292
-000292
-000292
-000350
-000524
-000699
-000524
-000350
-000583
-000932
-000757
-000350
-000233
-000583
-001048
-001514
-001514
-001223
-001107
-001107
-001223
-001281
-001165
-000932
-000466
-000175
-000641
-001398
-001339
-000815
-001048
-001572
-001048
-000233
-000641
-001630
-001630
-000990
-000874
-000932
-000583
-000117
-000233
-000583
-000583
-000350
-000233
-000350
-001107
-001805
-001339
-000350
-000408
-001048
-001165
-000932
-000990
-001223
-001398
-001514
-001572
-001456
-001281
-001048
-000699
-000524
-001107
-001921
-002271
-002154
-002154
-002096
-001456
-000699
-000757
-001339
-001456
-001339
-001572
-001805
-001514
-000990
-000874
-001048
-001223
-001339
-001456
-001456
-001339
-001223
-001339
-001456
-001165
-000583
-000292
-000117
0000116
0000116
-000641
-001572
-001456
-000699
-000699
-001107
-001223
-001223
-001630
-002038
-001223
-000175
-000466
-001572
-001747
-001281
-001048
-001048
-001107
-001223
-001339
-001398
-001514
-001572
-001456
-001339
-001456
-001689
-001863
-001921
-001456
-000874
-000699
-000874
-000990
-001048
-001165
-001223
-001223
-001165
-001048
-000932
-001107
-001456
-001863
-002154
-001805
-001223
-001165
-001456
-001339
-000990
-001048
-001398
-002038
-002504
-002038
-001107
-000874
-001048
-001048
-000874
-000815
-000874
-001048
-001223
-001165
-000932
-000699
-000757
-001281
-001921
-001805
-001107
-000350
0000116
0000116
-000233
-000583
-000815
-000990
-001107
-000990
-000874
-001165
-001630
-001863
-001747
-001339
-000990
-001165
-001689
-001630
-001281
-001281
-001398
-001339
-001107
-000990
-000932
-000815
-000699
-000757
-000932
-000874
-000757
-001048
-001398
-001281
-000932
-000815
-001048
-001456
-001747
-001630
-001165
-000874
-000583
-000175
0000232
0000174
0000000
0000407
0000814
0000000
-001223
-001165
-000408
-000641
-001223
-000757
0000174
0000116
-000524
-000815
-000757
-000466
-000175
-000408
-000874
-001165
-001223
-000932
-000408
-000175
-000233
-000175
-000175
-000408
-000641
-000466
-000117
-000175
-000408
-000175
0000291
0000291
0000058
0000000
0000000
-000117
-000175
-000117
0000000
-000175
-000350
-000117
0000232
0000116
-000233
-000408
-000292
0000232
0000582
0000000
-000932
-001107
-000641
-000466
-000350
0000174
0000756
0000814
0000407
0000000
-000175
-000059
0000349
0000698
0000873
0000523
0000000
0000174
0000756
0000873
0000582
0000349
0000174
-000059
-000292
-000466
-000466
0000058
0000756
0000873
0000640
0000407
0000291
0000349
0000465
0000523
0000407
0000000
-000233
0000232
0001164
0001629
0001513
0000814
-000117
-000583
-000583
-000175
0000174
0000058
-000292
-000175
0000232
0000174
0000000
0000232
0000698
0000698
0000523
0000465
0000465
0000582
0000582
0000116
-000466
-000699
-000583
-000117
0000407
0000465
0000291
0000407
0000698
0000582
0000116
-000292
-000350
0000523
0001513
0001280
0000349
0000000
0000116
0000058
-000117
0000000
0000291
0000407
0000349
0000116
-000350
-001048
-001514
-000990
0000000
0000232
0000000
0000058
0000232
0000174
-000175
-000641
-000932
-000175
0000640
-000408
-001980
-001339
0000465
0000989
0000291
-000757
-001514
-001165
-000059
0000814
0001106
0000640
-000233
-000524
-000292
0000116
0000465
0000116
-000466
-000350
0000116
0000174
-000175
-000292
-000233
-000117
0000116
0000291
0000291
-000292
-000990
-001281
-001165
-000990
-000757
-000350
0000058
0000407
0000582
0000291
-000233
-000466
-000524
-000466
-000408
-000059
0000232
0000058
-000408
-000641
-000583
-000466
-000466
-000699
-001107
-001339
-001339
-000932
-000350
-000117
-000117
0000058
0000174
-000059
-000408
-000699
-000757
-000292
0000291
0000174
-000233
-000350
-000233
-000466
-000757
-000932
-000874
-000757
-000641
-000641
-000757
-000699
-000583
-000641
-000874
-000932
-000932
-001281
-001630
-001456
-000932
-000466
-000292
-000292
-000466
-000757
-001048
-001281
-001281
-001048
-000699
-000524
-000524
-000583
-000583
-000292
0000000
-000175
-000583
-000583
-000408
-000524
-000757
-000699
-000641
-001107
-001689
-001456
-000932
-000932
-001339
-001281
-000874
-000583
-000408
-000059
0000232
-000059
-000641
-001398
-001747
-001165
-000233
-000117
-000583
-000874
-000874
-000699
-000466
-000117
0000000
-000350
-000932
-001339
-001398
-001398
-001281
-001048
-000932
-001398
-001980
-001572
-000757
-000874
-001456
-001456
-001048
-000583
-000466
-000932
-001630
-001805
-001572
-001165
-000815
-000932
-001339
-001398
-001281
-001281
-001339
-000932
-000524
-001048
-001863
-001747
-001165
-001223
-001630
-001747
-001514
-001339
-001339
-001630
-001863
-001456
-000757
-000757
-001223
-001747
-002096
-002096
-001921
-001689
-001572
-001281
-001107
-001630
-002271
-001747
-000815
-000641
-001223
-002038
-002620
-002329
-001514
-001456
-001689
-001223
-000583
-001048
-001921
-001398
-000350
-000699
-001805
-001863
-001165
-000583
-000292
-000524
-000990
-001456
-001747
-001980
-002038
-001921
-001572
-001048
-000641
-000815
-001223
-001107
-000815
-001514
-002387
-001689
-000292
-000117
-000815
-000932
-000641
-000350
-000292
-000815
-001514
-001339
-000699
-000466
-000583
-000932
-001165
-001048
-000699
-000757
-001048
-000932
-000641
-000466
-000466
-000524
-000583
-000757
-000932
-000699
-000292
-000059
-000059
0000058
0000174
0000232
0000116
-000292
-000583
-000233
0000407
0000640
0000349
-000466
-001165
-000466
0000756
0000640
-000408
-000932
-000874
-000641
-000292
0000000
0000174
0000000
-000233
0000058
0000523
0000523
0000291
0000407
0000582
0000174
-000524
-000874
-000757
-000233
0000407
0000698
0000640
0000465
0000291
0000232
0000291
0000407
0000523
0000523
0000523
0000698
0000814
0000291
-000408
-000350
0000116
0000174
0000000
0000058
0000349
0000989
0001455
0001047
0000291
0000582
0001164
0000582
-000292
0000291
0001629
0001688
0001106
0001397
0001920
0001164
-000059
0000116
0001047
0000640
-000175
0000349
0001455
0001455
0000756
0000407
0000465
0000349
0000349
0000931
0001397
0000698
-000408
-000408
0000523
0001280
0001629
0001455
0000873
0000640
0000756
0000931
0001106
0001047
0000814
0001047
0001338
0001164
0000582
0000116
-000059
0000232
0000756
0001338
0001571
0000873
-000117
-000233
0000116
-000117
-000583
-000059
0000931
0001513
0001455
0000873
0000116
-000233
-000117
0000349
0000931
0001397
0001688
0001979
0001979
0001455
0000698
0000407
0000523
0000931
0001280
0001222
0000873
0000814
0000931
0000756
0000407
0000116
0000116
0000814
0001688
0001629
0001106
0001106
0001629
0002270
0002735
0002328
0001513
0000931
0000582
0000174
-000059
0000116
0000640
0001222
0001746
0002270
0002386
0001688
0000698
0000232
0000291
0000349
0000407
0000523
0000756
0001164
0001455
0001222
0000814
0001222
0001688
0000814
-000408
0000116
0001513
0001688
0001106
0001338
0001979
0002095
0001746
0001455
0001222
0000931
0000582
-000175
-000699
-000117
0001047
0001746
0001804
0001688
0001338
0000640
0000000
-000117
0000174
0000407
0000523
0000640
0000756
0001047
0001338
0001106
0000814
0001338
0002037
0001455
0000232
-000117
0000291
0000931
0001513
0001688
0001513
0001222
0001047
0001047
0001106
0000931
0000640
0000640
0000989
0001746
0002270
0001629
0000523
0000174
0000465
0000349
0000174
0000698
0001513
0001629
0001222
0000931
0000814
0000698
0000582
0000523
0000523
0000698
0000931
0000756
0000407
0000232
0000174
0000232
0000291
0000465
0000523
0000232
-000175
-000350
-000233
-000175
-000117
0000058
0000232
0000058
-000117
0000291
0000989
0001047
0000698
0000523
0000523
0000523
0000465
0000407
0000291
0000116
0000000
0000232
0000756
0001280
0001688
0001746
0001513
0000814
0000232
0000232
0000698
0000931
0000873
0000349
-000233
-000292
0000116
0000407
0000465
0000291
-000117
-000524
-000815
-000583
-000233
-000466
-000932
-000466
0000349
0000349
0000000
0000232
0000582
0000058
-000641
-000117
0000814
0000232
-001048
-001048
-000233
0000000
-000059
0000523
0000989
-000059
-001572
-001281
0000000
0000116
-000408
0000058
0000931
0001222
0000989
0000582
0000116
-000408
-000699
-000350
0000232
0000349
0000058
-000117
-000175
-000292
-000233
0000058
0000523
0000814
0000814
0000582
0000116
-000233
-000292
0000116
0000582
0000291
-000233
0000116
0000814
0000465
-000524
-000874
-000815
-000990
-000990
-000350
0000407
0000291
-000350
-000175
0000291
0000058
-000466
-000350
-000059
-000466
-000990
-000408
0000523
0000349
-000350
-000117
0000523
0000523
0000116
-000466
-000408
0001513
0003550
0002968
-000350
-006404
-010246
-003726
0006344
0005646
-001281
-001980
0001455
0002270
0000814
-001456
-002969
-001107
0001920
0001688
-000641
-001805
-001689
-000815
0000232
0000698
0000465
-000175
-000815
-001165
-001048
-000350
0000349
0000465
0000116
-000117
-000233
-000583
-000815
-000757
-000350
0000058
0000291
0000000
-000524
-000408
0000058
0000349
0000349
-000233
-000874
-000699
-000117
0000000
-000292
-000350
-000233
-000408
-000466
0000232
0001047
0000640
-000408
-000583
-000117
0000465
0000814
0000349
-000350
-000117
0000640
0000814
0000523
0000174
-000059
-000117
-000059
0000116
0000174
-000175
-000524
0000000
0000931
0000931
0000291
-000233
-000466
-000350
0000000
0000058
0000058
0000523
0001047
0000873
0000349
0000116
0000174
0000058
-000059
0000232
0000640
0000814
0000756
0000640
0000349
-000292
-000757
-000524
0000232
0000873
0001164
0001164
0000989
0000698
0000582
0000582
0000814
0001047
0001106
0000756
0000232
0000291
0000582
0000582
0000465
0000407
0000465
0000698
0000931
0000640
0000291
0000756
0001455
0000873
-000175
-000233
0000407
0001047
0001397
0001106
0000582
0000349
0000407
0000523
0000698
0001164
0001629
0001280
0000640
0000349
0000523
0000640
0000756
0000931
0001222
0001629
0001920
0001513
0000814
0000698
0001047
0001455
0001629
0001164
0000582
0000931
0001688
0001629
0001106
0001222
0001455
0000640
-000233
0000640
0002153
0001746
0000407
0000582
0001513
0001222
0000349
0000232
0000698
0001106
0001164
0000814
0000349
0000582
0001338
0001804
0001862
0001106
0000291
0000756
0001862
0001746
0001047
0000873
0001106
0001222
0001106
0000582
0000232
0001047
0002270
0002561
0002037
0001571
0001280
0001513
0001862
0001979
0001804
0001513
0001222
0000989
0000873
0000523
0000465
0001280
0002212
0001513
0000232
0000640
0002037
0002444
0002095
0001746
0001397
0001047
0001047
0001746
0002503
0002037
0000931
0000523
0000931
0001804
0002619
0002968
0002561
0001280
0000232
0000873
0002444
0003201
0003026
0002328
0001513
0001222
0001280
0000756
0000232
0000523
0001280
0001746
0001688
0001047
0000349
0000698
0001397
0001047
0000232
0000465
0001280
0001455
0001164
0000931
0000873
0001106
0001222
0000582
-000292
-000233
0000465
0001106
0001280
0000174
-000583
0002444
0005879
0003143
-002445
-003493
-001107
0000523
0000989
0000291
-000641
0000232
0001571
0000698
-001048
-000292
0001571
0001280
-000175
0000058
0001047
0000698
-000233
0000349
0001513
0001047
-000233
0000116
0001047
0000465
-000757
-000408
0000756
0000814
0000116
-000350
-000408
0000291
0001047
0000640
-000292
-000292
0000349
0000698
0000698
0000291
-000175
-000350
-000233
-000117
-000059
-000059
-000117
0000000
0000174
0000349
0000407
-000175
-000874
-000641
-000117
-000466
-001107
-000815
0000058
0000407
0000116
-000641
-001281
-000757
0000232
0000174
-000524
-000932
-000990
-000699
-000350
-000524
-001107
-001398
-001456
-001689
-001805
-001339
-000641
-000292
-000408
-001165
-001863
-001281
-000292
-000466
-001339
-001921
-002096
-001921
-001572
-001398
-001456
-001630
-001747
-001281
-000699
-000815
-001339
-001747
-001980
-002154
-002038
-000990
0000116
-000175
-001281
-001805
-001747
-001456
-001165
-001223
-001572
-001980
-002271
-002038
-001572
-001165
-000990
-001048
-001281
-001630
-001863
-001514
-000990
-000874
-001165
-001398
-001514
-001514
-001398
-001398
-001456
-001514
-001630
-001863
-002038
-001980
-001630
-001048
-000641
-001048
-001863
-002329
-002387
-001921
-001339
-001339
-001863
-002387
-002620
-002504
-002213
-002038
-001980
-001689
-001339
-001107
-001223
-002096
-002911
-002154
-000757
-000757
-001630
-001630
-001165
-001223
-001689
-002213
-002620
-002620
-002445
-002213
-002038
-001747
-001514
-001339
-001223
-001107
-001048
-001281
-001630
-001689
-001630
-001921
-002213
-002038
-001689
-001921
-002329
-001980
-001223
-000815
-000874
-001281
-001747
-001630
-001339
-001689
-002271
-002038
-001339
-000874
-000815
-001339
-001921
-001630
-000815
-000524
-000757
-001107
-001281
-001048
-000699
-000932
-001514
-001921
-001863
-001165
-000233
0000116
0000058
0000000
-000117
-000815
-001398
-000699
0000349
0000000
-001165
-001514
-001223
-001339
-001572
-001281
-000757
-000583
-000641
-000524
-000408
-000292
-000292
-000583
-000757
-000059
0000698
0000174
-000932
-001223
-000757
-000233
0000058
-000350
-001048
-001165
-000932
-000874
-000874
-000583
-000175
0000058
-000059
-000350
-000524
-000059
0000582
0000291
-000583
-001107
-000990
-000408
0000523
0001338
0001688
0000989
-000292
-001107
-001398
-001689
-001572
-000874
0000000
0000232
0000000
-000059
0000000
0000058
0000116
0000465
0000873
0001397
0001513
0000814
-000117
-000292
0000232
0000989
0001455
0000989
0000058
0000058
0000523
0000465
0000174
0000349
0000698
0000873
0000640
-000233
-000990
0000000
0001571
0001397
0000349
0000465
0001106
0000465
-000583
-000292
0000640
0000698
0000232
0000174
0000465
0000698
0000814
0000756
0000640
0000582
0000698
0001106
0001455
0000989
0000291
0000582
0001338
0001338
0000989
0001397
0001979
0001455
0000640
0001047
0001862
0001280
0000116
0000407
0001513
0001688
0001338
0001629
0002037
0001280
0000232
0000523
0001513
0001513
0000873
0000523
0000640
0001164
0001688
0001513
0000931
0000523
0000523
0000873
0001397
0001629
0001629
0001513
0001455
0001746
0002037
0001338
0000291
0000116
0000640
0001455
0001979
0001688
0000931
0000698
0000931
0001164
0001164
0000989
0000756
0000814
0001164
0001688
0002095
0002212
0002037
0001862
0001688
0001629
0001513
0001047
0000582
0000465
0000698
0001106
0001338
0001047
0000582
0000931
0001629
0001629
0001222
0001047
0001047
0000756
0000465
0000582
0000931
0000582
0000232
0001106
0002270
0001688
0000407
0000756
0001920
0002095
0001571
0001513
0001571
0000873
0000116
0000814
0001920
0001571
0000465
0000116
0000465
0000989
0001338
0001280
0001047
0001106
0001338
0001280
0001106
0001222
0001397
0000931
0000232
0000349
0000931
0001106
0000873
0000756
0000640
0000291
0000000
0000174
0000523
0000349
0000058
0000756
0001629
0001397
0000465
0000058
0000174
0000407
0000582
0000291
-000059
0000465
0001338
0001338
0000756
0000349
0000116
-000350
-000699
-000233
0000582
0000873
0000640
0000232
0000000
0000465
0001106
0000814
0000058
-000175
0000116
0000407
0000523
0000523
0000232
-000233
-000524
-000117
0000465
-000059
-000932
-000583
0000291
0000465
0000116
-000059
-000175
-000583
-000932
-000466
0000291
0000523
0000232
-000059
-000175
-000175
0000058
0000523
0000931
0000582
0000058
0000232
0000756
0000523
-000059
0000174
0000698
0000698
0000291
0000058
0000116
0000407
0000582
-000059
-000874
-000699
0000116
0000640
0000698
0000232
-000292
-000408
-000233
-000524
-000932
-000524
0000116
-000233
-001048
-000757
0000058
0000000
-000524
-000641
-000466
-000699
-000932
-000466
0000349
0000465
0000058
-000524
-000932
-000932
-000699
-000350
-000292
-000699
-001339
-001339
-000990
-000874
-000874
-000408
0000116
0000232
-000117
-000757
-001223
-000815
-000059
0000000
-000408
-000524
-000524
-000874
-001223
-001048
-000466
-000292
-000350
-000350
-000408
-000874
-001339
-001048
-000233
0000465
0000756
0000465
-000117
-000583
-000699
-000292
0000232
0000291
-000233
-000932
-001281
-000408
0000873
0000873
0000058
-000292
-000350
-000641
-001107
-001339
-001223
-000641
0000058
0000058
-000408
-000932
-001107
-000757
-000175
-000059
-000350
-000874
-001398
-001863
-001805
-000874
0000232
0000116
-000641
-000874
-000641
-000641
-000874
-001398
-001980
-002213
-002038
-001514
-000990
-000874
-001223
-001863
-002329
-002096
-001339
-000641
-000292
-000466
-000815
-000699
-000233
0000232
0000349
-000233
-000990
-001223
-001165
-001921
-002795
-002329
-001223
-001107
-001689
-001805
-001572
-001572
-001689
-001805
-001805
-001339
-000932
-001165
-001747
-001630
-001223
-001281
-001572
-001281
-000815
-000874
-001048
-000874
-000641
-001048
-001689
-001863
-001456
-000466
0000232
-000524
-001921
-001805
-000874
-001048
-001689
-001281
-000408
-000757
-001689
-001921
-001689
-001805
-001980
-001863
-001514
-001456
-001514
-001514
-001456
-001689
-001980
-001689
-001223
-001281
-001689
-002096
-002445
-002504
-002329
-002154
-002096
-002154
-002213
-001689
-001165
-001630
-002445
-002445
-001863
-001281
-000874
-000932
-001107
-000815
-000408
-000466
-000815
-001339
-001689
-001514
-001048
-000815
-000874
-000815
-000699
-000641
-000583
-000233
0000174
0000291
0000116
-000292
-000583
-000350
0000058
-000350
-001048
-001223
-000932
-000524
-000117
0000116
0000174
0000407
0000407
-000583
-001747
-001572
-000524
0000640
0001222
0000640
-000408
-000408
0000407
0001047
0001164
0000174
-000990
-000815
0000174
0000465
0000116
-000292
-000350
0000582
0001688
0001513
0000465
-000059
-000117
0000000
0000174
0000523
0000814
0000582
0000291
0000640
0001338
0001513
0001222
0000756
0000349
0000349
0000582
0000582
0000523
0000582
0000756
0000814
0000756
0000873
0000989
0001047
0001047
0000931
0000873
0001164
0001397
0000989
0000349
0000291
0000698
0001222
0001571
0001746
0001629
0001455
0001222
0001164
0001164
0001047
0000989
0001280
0001804
0002153
0002153
0001571
0000814
0000698
0000989
0001047
0001047
0001571
0002095
0002153
0001804
0001629
0001629
0001513
0001455
0001571
0001746
0001746
0001513
0001222
0001047
0001338
0001804
0002270
0002444
0002270
0001862
0000989
0000407
0001047
0002153
0001920
0001106
0001280
0001979
0001688
0001047
0001280
0002037
0002444
0002386
0002037
0001571
0001397
0001397
0000873
0000349
0000523
0001164
0001862
0002270
0001979
0001455
0001397
0001629
0001629
0001513
0001397
0001455
0001746
0002153
0002095
0001804
0001688
0001629
0001338
0001047
0001513
0002212
0002270
0001979
0001804
0001862
0001920
0001862
0001164
0000582
0001338
0002677
0002910
0002328
0002212
0002328
0002037
0001629
0001688
0001979
0001862
0001513
0001455
0001629
0001920
0002095
0001746
0001222
0001280
0001455
0000756
-000175
0000000
0000931
0001513
0001688
0001571
0001455
0001746
0002153
0002270
0002095
0002153
0002270
0002153
0001862
0001455
0001164
0001164
0001397
0001746
0001920
0001688
0001280
0001047
0000989
0001047
0001222
0001629
0002037
0001920
0001455
0000931
0000698
0001106
0001629
0001047
0000116
0000407
0001280
0000989
0000174
0000465
0001338
0001513
0001106
0000873
0000698
0000116
-000350
0000349
0001455
0000989
-000233
-000233
0000523
0000582
0000291
0000523
0000989
0001047
0000756
0000756
0000873
0000989
0000931
0000291
-000466
-000524
-000117
-000117
-000350
-000350
-000175
-000350
-000524
-000175
0000407
0000523
0000232
-000059
-000233
-000059
-000059
-001048
-002096
-001398
0000000
-000117
-001107
-001165
-000524
-000117
-000059
-000350
-000757
-000757
-000466
-000233
-000175
-000641
-001281
-001398
-001223
-001630
-002038
-001456
-000583
-001048
-002154
-002213
-001572
-001456
-001572
-000932
-000233
-000524
-001339
-001514
-001223
-001048
-001165
-001689
-002271
-002154
-001572
-000990
-000757
-001223
-001980
-002271
-002096
-001921
-001747
-001689
-001689
-001572
-001514
-001805
-002213
-002038
-001689
-002038
-002795
-003260
-003260
-002795
-002154
-001980
-002038
-002096
-002096
-002038
-002096
-002445
-002795
-002620
-002154
-002038
-002329
-003086
-003726
-003435
-002504
-001689
-001456
-001921
-002736
-003319
-003260
-002271
-000990
-000874
-001630
-002329
-002795
-003260
-003435
-003027
-002445
-002387
-002620
-002504
-002154
-001921
-001921
-002387
-002853
-002445
-001805
-001921
-002562
-002736
-002445
-002038
-001747
-001863
-002213
-002445
-002387
-002213
-002038
-002213
-002387
-001747
-000932
-001107
-001863
-002154
-002038
-001980
-001805
-000990
-000175
-000292
-001048
-001339
-001223
-001107
-001165
-001398
-001747
-001747
-001398
-000757
-000233
-000466
-001165
-001339
-001107
-000990
-000932
-000815
-000815
-001281
-001747
-001339
-000583
-000641
-001165
-001281
-001107
-000990
-000932
-000524
-000175
-000524
-001048
-000699
0000058
0000349
0000058
-000699
-001339
-001048
-000292
-000350
-000815
-000932
-000524
0000174
0000814
0000814
0000291
0000058
-000059
-000292
-000350
0000116
0000698
0000523
0000000
0000058
0000523
0000756
0000814
0000814
0000756
0000640
0000582
0000698
0000814
0000873
0000814
0000465
0000174
0000582
0001164
0000873
0000232
0000465
0001164
0001455
0001338
0001513
0001688
0001106
0000523
0001106
0002095
0001862
0000989
0000989
0001746
0002619
0003085
0002503
0001513
0001746
0002503
0002037
0000989
0000989
0001688
0001513
0001047
0001338
0001979
0001804
0001338
0001629
0002153
0001862
0001338
0002037
0003085
0002503
0001222
0001338
0002153
0001746
0000814
0001047
0002037
0002444
0002328
0001920
0001629
0001979
0002619
0002794
0002503
0002037
0001688
0001920
0002328
0001862
0001106
0001164
0001862
0002328
0002386
0001746
0000873
0000640
0001047
0001688
0002212
0002037
0001629
0001804
0002270
0002212
0001804
0001571
0001688
0002270
0002794
0002328
0001397
0001397
0001920
0001920
0001688
0002095
0002677
0002735
0002328
0001804
0001513
0001629
0001920
0001862
0001688
0001804
0002095
0001862
0001455
0001513
0001804
0002153
0002270
0001920
0001513
0002328
0003201
0001979
0000000
0000291
0001862
0002095
0001455
0001629
0002153
0002328
0002037
0001338
0000814
0001338
0002212
0001979
0001164
0001338
0002095
0002095
0001688
0001513
0001629
0001513
0001397
0001455
0001629
0001629
0001629
0002095
0002503
0002095
0001397
0001338
0001629
0001629
0001397
0001106
0000989
0001164
0001513
0001920
0002270
0002328
0002095
0001688
0001280
0001047
0000989
0001106
0001338
0001455
0001513
0001397
0001164
0001106
0001106
0000989
0000814
0000640
0000523
0000756
0001047
0001280
0001222
0000814
0000349
0000407
0000698
0000698
0000407
0000000
-000292
0000058
0000523
0000291
-000292
-000175
0000349
0000814
0000989
0000407
-000175
0000232
0001106
0000814
-000059
-000175
0000232
0000407
0000232
-000117
-000350
0000058
0000814
0000989
0000698
0000116
-000292
-000117
0000232
-000350
-001281
-001165
-000466
-000175
-000292
-000292
-000292
-000524
-000815
-001107
-001165
-000990
-000641
-000292
-000059
-000117
-000466
-000874
-001107
-000641
0000116
-000059
-000874
-001689
-002038
-001339
-000350
-000583
-001514
-001572
-001107
-001281
-001689
-001339
-000699
-000641
-001048
-001572
-001980
-001980
-001747
-001572
-001630
-001980
-002445
-002329
-002038
-002213
-002562
-002213
-001630
-001572
-001921
-002213
-002387
-002213
-001980
-002038
-002271
-002620
-002795
-002620
-002213
-001921
-001921
-002271
-002620
-002213
-001747
-002504
-003784
-003726
-002911
-002736
-002969
-002736
-002445
-003144
-004133
-004017
-003319
-003202
-003377
-003086
-002620
-002387
-002329
-002387
-002445
-002620
-002678
-002329
-002038
-002620
-003435
-003260
-002445
-002096
-002271
-002445
-002736
-003144
-003319
-002795
-002038
-001921
-002154
-002387
-002504
-002678
-002795
-002911
-003027
-003260
-003493
-003377
-003027
-002678
-002504
-002445
-002562
-002678
-002853
-003260
-003551
-003319
-002853
-002736
-002853
-002678
-002504
-002620
-002853
-002853
-002678
-002562
-002445
-002096
-001805
-001805
-001980
-002213
-002387
-002213
-001921
-002213
-002620
-002504
-002038
-001747
-001747
-001921
-002213
-002445
-002504
-002562
-002445
-001980
-001514
-001747
-002271
-002387
-002213
-002562
-002969
-002504
-001689
-001339
-001456
-001747
-001980
-001921
-001689
-001689
-001747
-001456
-000990
-000583
-000524
-001339
-002213
-001630
-000524
-001107
-002329
-002154
-001107
-000932
-001339
-001398
-001165
-000874
-000641
-000583
-000757
-000932
-001107
-001107
-000874
-000757
-000641
-000466
-000292
0000000
0000116
-000350
-000990
-001048
-000699
-000583
-000641
-000466
-000292
-000292
-000350
-000233
-000117
-000059
-000059
-000117
-000117
0000000
0000232
0000349
0000465
0000756
0000873
0000174
-000699
-000524
0000174
0000174
-000233
-000175
0000174
0000814
0001164
0000582
-000117
0000698
0002677
0005471
0006053
-000815
-009140
-007626
0000232
0005064
0005471
0002386
-001630
-001165
0001862
0002386
0001106
0000174
0000116
0001455
0002968
0002328
0000349
-000990
-001107
0000349
0002386
0003026
0002270
0001106
0000174
0000582
0001746
0002270
0002212
0002212
0002095
0001338
0000291
-000524
-000641
0000349
0001862
0002910
0002968
0001862
0000407
0000523
0001571
0001746
0001222
0000582
0000116
0000465
0001338
0002328
0002852
0002561
0001862
0001862
0002212
0001979
0001280
0000523
0000116
0000640
0001746
0002561
0002794
0002503
0001862
0001106
0000698
0001106
0001862
0001862
0001397
0001571
0002095
0002561
0002794
0002677
0002386
0002677
0002968
0002328
0001280
0000873
0000989
0001106
0001280
0001804
0002328
0002735
0002503
0001164
-000175
0000465
0002095
0002212
0001397
0001397
0001862
0001804
0001629
0001804
0002212
0002503
0002503
0002037
0001397
0001164
0001222
0001047
0000756
0000698
0001047
0001920
0002794
0002619
0001862
0001746
0001979
0001571
0000931
0000756
0000873
0000931
0001047
0001338
0001571
0001455
0001106
0001164
0001397
0001164
0000814
0000698
0000931
0001280
0001629
0001920
0002037
0001920
0001629
0001513
0001455
0001629
0001688
0001338
0000873
0000814
0001222
0001804
0002212
0001920
0001222
0000640
0000407
0000698
0001222
0001397
0001222
0001047
0000873
0000523
0000291
0000291
0000407
0000698
0000814
0000232
-000408
-000350
0000291
0000873
0001106
0000814
0000232
-000059
-000117
0000000
0000232
0000407
0000582
0000814
0001047
0001222
0001222
0000989
0000582
0000407
0000291
-000292
-000874
-000641
0000058
0000116
-000175
0000058
0000465
0000058
-000583
-000466
0000000
-000175
-000757
-001165
-001107
-000233
0000640
-000059
-001281
-000874
0000291
0000291
-000524
-000641
-000350
-000466
-000757
-000990
-000990
-000583
-000117
-000233
-000641
-000466
0000000
-000059
-000408
-000524
-000524
-000524
-000699
-000990
-001223
-001107
-000874
-001339
-001921
-001514
-000524
-000059
-000175
-000641
-001048
-000874
-000524
-000757
-001281
-001456
-001281
-000932
-000583
-000641
-000874
-000699
-000350
-000408
-000583
-000233
0000174
-000233
-001048
-001339
-001281
-001281
-001281
-001048
-000699
-000466
-000641
-001630
-002504
-001456
0000174
-000583
-002213
-001339
0000814
0001629
0000582
-002387
-005123
-003435
0000116
-000175
-002562
-002445
-000874
-000699
-001398
-001165
-000641
-000874
-001398
-001048
-000408
-000757
-001630
-001572
-001107
-001281
-001747
-001281
-000524
-000757
-001456
-001456
-000990
-000815
-000874
-001048
-001281
-001630
-001689
-000874
0000174
0000116
-000641
-001165
-001223
-000583
0000174
-000059
-000932
-001339
-001281
-000932
-000524
-000466
-000641
-000874
-000990
-000757
-000408
-000350
-000524
-000641
-000699
-000524
-000350
-000641
-001223
-001689
-001805
-001281
-000583
-000408
-000699
-001048
-001281
-001048
-000641
-000408
-000524
-001165
-001689
-001107
0000058
0000465
0000174
-000350
-000874
-001223
-001223
-000583
0000232
0000174
-000524
-000990
-001281
-001630
-001805
-001398
-000699
-000292
-000292
-000815
-001339
-001107
-000466
-000466
-000699
-000059
0000756
0000582
-000059
0000174
0000698
0000349
-000466
-000699
-000524
-000757
-000874
-000175
0000756
0000873
0000291
-000292
-000699
-000408
0000174
0000582
0000640
0000349
-000117
-000408
-000466
-000524
-000408
0000116
0000698
0000523
0000058
0000000
0000232
0000174
0000000
0000174
0000349
-000059
-000641
-000524
0000058
0000640
0000989
0001164
0000931
0000407
-000059
0000407
0001222
0001222
0000640
0000000
-000292
0000291
0001280
0001629
0001280
0000465
-000233
0000465
0001629
0001397
0000407
0000000
0000232
0000756
0001164
0000756
0000116
0000174
0000698
0001106
0001164
0000756
0000291
0000523
0001047
0000640
0000000
0000640
0001862
0002037
0001455
0001222
0001106
0000698
0000407
0000698
0001222
0001280
0000989
0000756
0000698
0000873
0001106
0001338
0001397
0001164
0000814
0001106
0001571
0001688
0001455
0001455
0001513
0001222
0000698
0000058
-000292
0000523
0001862
0002328
0002153
0001862
0001571
0000873
0000465
0001397
0002852
0003201
0002677
0002095
0001688
0001513
0001455
0001047
0000640
0000698
0001047
0001397
0001571
0001629
0001397
0000931
0000582
0000931
0001746
0002503
0002794
0002386
0001688
0001629
0001920
0001629
0001106
0000989
0001222
0001513
0001571
0000989
0000232
0000349
0001047
0001571
0001804
0001513
0001106
0001164
0001513
0001688
0001513
0000989
0000349
-000292
-000466
0000232
0001455
0002328
0002677
0002677
0002386
0001804
0001047
-000117
-000990
-000350
0001106
0001862
0001804
0001338
0000873
0001280
0001979
0001571
0000756
0001047
0001862
0001571
0000814
0001106
0001862
0001920
0001455
0001106
0000931
0000640
0000465
0000698
0001047
0000931
0000349
-000233
-000583
-000524
0000000
0000931
0001629
0001280
0000465
0000291
0000698
0000989
0000931
0000349
-000233
0000349
0001222
0000465
-000815
-000292
0001164
0001164
0000291
0000291
0000756
0000989
0000931
0000756
0000640
0000698
0000814
0000814
0000582
0000174
-000350
-001281
-001863
-000757
0000931
0000873
-000117
0000058
0000931
0001047
0000756
0000931
0001106
0000349
-000699
-000641
0000058
0000349
0000291
0000407
0000465
0000465
0000349
-000059
-000466
-000583
-000350
0000000
0000349
0000698
0000873
0000349
-000408
-000466
-000117
-000117
-000292
-000350
-000292
-000117
0000058
0000407
0000523
0000116
-000466
-000233
0000291
0000058
-000524
-000583
-000350
-000524
-000874
-000641
-000117
-000175
-000524
-000408
0000000
0000000
-000175
-000175
-000175
-000641
-001223
-001165
-000757
-000583
-000641
-000408
-000233
-000350
-000699
-000932
-000874
-000583
-000350
-000815
-001456
-000932
0000000
0000116
-000408
-000524
-000350
0000000
0000232
0000174
-000233
-000641
-000932
-000757
-000350
-000292
-000466
-000466
-000350
-000350
-000466
-000583
-000583
-000408
-000233
-000524
-000874
-000524
0000000
-000408
-001165
-000874
-000059
-000059
-000466
-000524
-000292
-000117
-000059
-000175
-000350
-000524
-000583
-000233
0000000
-000815
-001805
-001165
0000058
-000408
-001805
-001805
-000932
-000757
-000932
-000466
0000174
-000233
-001048
-000990
-000292
-000117
-000233
0000000
0000232
-000175
-000874
-000757
-000175
0000000
-000175
-000466
-000757
-000932
-000932
-000699
-000408
-000233
-000233
-000233
-000292
-000466
-000641
-000408
-000117
-000175
-000408
-000641
-000757
-000757
-000524
-000350
-000175
-000350
-000583
-000408
-000117
-000292
-000641
-000175
0000582
0000349
-000408
-000466
-000059
-000059
-000233
0000000
0000349
0000058
-000583
-000815
-000699
-000641
-000641
-000641
-000583
-000175
0000174
-000175
-000874
-001048
-000699
-000292
0000116
0000291
0000232
0000407
0000465
0000058
-000466
-000292
0000174
0000232
-000059
0000000
0000232
0000058
-000233
-000117
0000232
0000465
0000465
0000523
0000349
-000466
-001339
-000990
0000058
0000640
0000582
0000116
-000466
-000524
-000117
0000465
0000873
0000640
-000059
-000408
-000408
-000292
-000059
0000291
0000523
0000232
-000292
-000233
0000174
0000756
0001164
0000756
0000291
0001047
0001979
0000931
-000932
-000874
0000349
0000640
0000232
0000291
0000582
0000698
0000582
0000349
0000000
-000233
-000292
0000116
0000523
0000291
-000233
0000058
0000814
0000873
0000582
0000407
0000523
0000814
0000989
0000407
-000233
0000116
0000989
0001513
0001513
0001222
0000873
0000756
0000814
0000814
0000814
0000989
0001280
0001338
0001164
0000698
0000174
0000291
0000698
0000698
0000523
0000698
0000931
0000523
0000058
0000931
0002037
0001397
-000117
-000524
0000116
0000989
0001629
0001455
0000873
0000523
0000523
0000582
0000698
0001047
0001513
0001804
0001920
0001862
0001571
0001106
0000640
0000814
0001222
0001280
0001106
0001106
0001164
0001164
0000989
0000582
0000232
0000465
0000931
0000989
0000814
0000873
0001047
0001106
0001106
0001106
0001106
0000698
0000232
0000349
0000582
0000174
-000466
-000524
0000000
0000756
0001397
0001513
0001222
0000989
0000873
0000989
0001222
0001513
0001513
0001164
0000640
0000407
0000407
0000814
0001164
0000814
0000291
0000407
0000931
0001106
0000931
0000756
0000582
0000814
0001106
0000698
0000058
0000232
0000756
0000756
0000407
0000291
0000465
0000814
0001106
0000756
0000291
0000640
0001338
0001280
0000756
0000291
0000232
0000756
0001338
0000931
0000000
-000466
-000350
0000058
0000407
0000349
0000174
0000291
0000582
0000232
-000233
0000291
0001106
0000698
-000233
-000292
0000174
0000232
0000058
0000116
0000349
0000698
0000698
-000292
-001398
-001048
0000116
0000232
-000408
-000583
-000408
0000058
0000349
-000233
-001107
-000815
0000000
-000350
-001165
-001107
-000524
-000641
-000990
-000583
0000116
0000116
-000233
-000117
0000116
-000059
-000466
-000757
-000757
-000175
0000407
-000059
-000932
-000583
0000232
-000059
-000874
-000757
-000117
-000117
-000466
-000641
-000408
0000291
0000814
0000174
-000990
-001048
-000466
-000350
-000583
-000874
-000932
-000641
-000292
-000583
-001165
-001048
-000757
-001223
-001980
-001689
-000932
-000874
-001223
-000932
-000524
-000757
-001339
-001747
-001921
-002038
-002038
-001689
-001281
-001456
-001630
-000757
0000465
0000407
-000583
-001398
-001689
-001456
-001048
-000874
-000932
-000932
-000874
-000990
-001107
-000990
-000874
-001165
-001630
-001572
-001165
-000815
-000641
-000932
-001398
-001572
-001456
-001165
-000932
-001048
-001339
-001339
-001223
-001572
-002038
-001921
-001456
-001456
-001689
-001630
-001339
-001107
-001048
-001165
-001398
-001572
-001689
-001572
-001456
-001630
-001747
-001398
-000932
-000874
-001223
-001863
-002271
-001805
-000990
-000990
-001398
-001281
-000874
-001048
-001456
-001107
-000641
-001339
-002329
-001456
0000058
0000058
-001107
-001863
-002096
-001980
-001630
-001107
-000815
-001339
-001980
-001514
-000641
-001107
-002038
-001805
-000874
-000932
-001572
-001747
-001572
-001107
-000757
-001223
-001863
-001165
-000059
-000699
-001980
-001747
-000757
-001048
-001921
-001514
-000466
-000350
-000932
-001514
-001863
-001514
-000757
-000292
-000233
-000466
-000815
-000874
-000815
-000932
-001048
-000990
-000757
-000466
-000350
-000757
-001281
-001398
-001048
-000699
-000524
-000699
-001165
-001572
-001747
-001747
-001339
-000233
0000640
-000292
-001805
-001456
-000117
-000175
-001048
-001339
-001048
-000641
-000350
-000408
-000699
-000466
-000117
-000292
-000757
-000641
-000292
-000350
-000583
-000757
-000874
-001048
-001165
-001048
-000815
-000757
-000815
-000699
-000524
-000699
-000932
-000699
-000350
-000583
-001107
-000932
-000408
-000524
-000874
-000408
0000232
-000292
-001281
-001165
-000350
-000059
-000175
-000466
-000699
-000408
0000058
0000232
0000232
0000174
0000232
0000174
0000116
-000233
-000583
-000466
-000059
0000116
0000174
0000756
0001222
0000407
-000757
-000175
0001106
0000814
-000350
-000641
-000233
-000292
-000583
-000699
-000641
-000292
0000116
0000174
0000000
0000000
0000116
0000465
0000756
0000465
0000000
-000059
0000174
0000291
0000291
0000465
0000523
0000174
-000350
-000292
0000058
0000232
0000232
0000407
0000698
0000931
0000931
0000465
-000059
0000349
0001106
0000873
0000232
0000465
0001047
0000989
0000523
0000407
0000582
0000349
0000000
0000116
0000407
0000582
0000523
0000640
0000756
0000523
0000116
-000292
-000466
0000174
0000989
0001164
0000873
0000756
0000756
0000582
0000349
0000232
0000232
0000116
0000116
0000465
0000873
0000523
-000117
-000059
0000407
0000349
0000232
0000931
0001746
0001106
-000117
-000117
0000582
0000873
0000640
0000174
-000059
0000698
0001688
0001571
0000873
0001164
0001920
0002153
0001688
0000640
-000408
-000699
-000175
0000756
0001571
0001629
0001222
0000989
0000931
0000523
0000174
0000349
0000756
0000698
0000523
0000698
0001106
0001106
0001047
0001397
0001862
0001920
0001455
0000698
0000000
-000059
0000407
0000698
0000756
0000873
0000873
0000698
0000523
0000407
0000465
0000582
0000814
0001164
0001280
0000349
-000874
-000699
0000232
0000756
0000756
0000582
0000407
0000640
0001047
0001338
0001455
0001338
0001047
0000873
0000756
0000582
0000465
0000523
0000640
0000523
0000407
0000814
0001338
0000931
0000058
0000000
0000291
0000174
-000117
0000291
0001047
0001222
0000989
0000640
0000465
0000582
0000873
0000989
0000931
0000698
0000582
0000989
0001455
0000814
-000059
0000523
0001746
0001688
0000873
0000814
0001164
0001047
0000756
0000873
0001047
0000582
-000117
-000059
0000465
0000931
0000931
0000000
-001107
-001048
-000175
0000174
0000116
0000232
0000349
0000232
0000000
-000175
-000233
-000059
0000232
0000000
-000292
0000116
0000698
0000523
0000058
0000000
0000407
0000989
0001338
0000873
-000059
-000408
-000292
-000175
-000117
-000117
-000175
-000292
-000292
0000000
0000407
0000407
0000232
0000465
0000873
0000814
0000523
0000349
0000291
0000058
-000059
0000349
0001047
0001397
0001280
0000698
-000117
-000583
-000757
-000815
-000641
-000233
0000174
0000174
-000175
-000524
-000699
-000466
-000117
-000059
-000233
-000641
-000874
-000292
0000582
0000756
0000407
0000116
0000116
0000640
0001280
0001047
0000291
-000059
0000000
0000232
0000523
0000814
0000873
0000698
0000407
-000175
-000583
-000466
-000175
-000466
-000932
-000524
0000232
0000000
-000524
0000291
0001397
0000698
-000757
-000408
0000873
0001106
0000407
-000117
-000408
-000175
0000174
-000059
-000583
-000641
-000350
-000350
-000583
-000874
-000932
-000641
-000233
-000408
-000641
0000116
0001047
0000814
-000175
-000524
-000524
-000757
-001107
-001048
-000757
-000466
-000292
-000292
-000408
-000757
-000932
-000292
0000640
0000873
0000465
-000233
-000641
0000000
0000756
-000233
-001689
-000757
0001222
0001222
-000175
-001165
-001456
-001165
-000524
0000232
0000582
0000058
-000815
-000699
0000058
0000407
0000407
0000523
0000523
-000059
-000699
-000641
0000000
0000465
0000582
0000523
0000349
0000291
0000291
0000174
-000059
-000233
-000292
0000000
0000291
0000000
-000524
-000466
-000117
0000116
0000058
-000175
-000466
-000524
-000466
-000524
-000583
-000408
-000059
0000232
0000407
0000407
0000291
0000291
0000291
0000058
-000059
0000523
0001164
0000756
-000175
-000466
-000233
-000233
-000233
0000174
0000582
0000116
-000583
-000466
0000116
0000058
-000408
-000641
-000524
-000292
-000059
-000175
-000524
-000466
-000117
0000000
-000175
-000757
-001165
-000524
0000698
0000931
0000523
0000640
0000873
0000349
-000466
-000524
-000117
-000233
-000583
-000466
-000175
-000466
-000932
-000583
0000058
0000058
-000408
-000524
-000350
0000058
0000291
-000117
-000641
-000175
0000523
0000116
-000990
-001281
-001107
-001165
-001339
-001630
-001689
-000815
0000232
0000174
-000524
-000757
-000641
-000641
-000757
-000932
-000932
-000292
0000523
0000407
-000175
0000174
0000756
0000291
-000757
-000932
-000583
-000815
-001223
-000757
-000117
-000524
-001339
-001048
-000292
-000350
-000932
-001398
-001456
-001107
-000641
-000699
-000932
-000699
-000233
-000233
-000350
-000117
0000232
0000523
0000465
0000116
-000466
-000874
-001165
-002154
-002853
-001921
-000117
0000873
0001106
0001280
0001222
0000582
-000350
-000757
-000874
-001048
-001165
-000641
0000000
0000349
0000232
0000058
-000175
-000583
-000815
-000350
0000407
0000756
0000640
0000582
0000291
-000641
-001572
-001339
-000350
-000117
-000350
-000408
-000350
-000350
-000466
-000815
-000932
-000292
0000465
0000349
-000292
-000059
0000582
0000349
-000292
-000292
0000000
-000350
-000874
-000524
0000174
0000058
-000524
-000524
-000117
0000058
-000059
0000058
0000174
0000291
0000116
-000524
-001281
-001572
-001281
-000641
-000117
-000059
-000292
-000059
0000407
0000640
0000523
0000291
0000000
-000175
-000117
0000174
0000407
0000291
-000175
-000466
-000408
-000117
0000407
0000756
0000814
0000291
-000292
0000116
0000873
0000582
-000233
-000233
0000291
0000640
0000756
0000640
0000465
0000465
0000465
0000174
-000292
-000292
-000059
0000291
0000523
0000582
0000349
-000175
-000641
-000350
0000349
0000698
0000582
0000407
0000116
-000583
-000583
0001979
0004889
0004482
0000814
-005472
-009372
-002853
0007101
0006112
-001107
-001980
0001513
0002910
0002212
0000698
-000757
-000350
0001106
0001979
0001979
0001338
0000465
0000174
0000582
0001571
0002503
0002153
0001106
0000523
0000465
0000465
0000582
0000814
0001047
0001222
0001047
-000059
-001107
-000524
0000873
0001397
0001047
0000407
-000059
0000116
0000698
0001164
0001222
0000640
-000117
-000059
0000523
0000814
0000756
0000465
0000232
0000640
0001106
0000465
-000641
-000641
-000059
-000466
-001107
-000408
0000873
0000873
0000000
-000699
-000757
0000349
0001571
0000873
-000524
0000232
0001979
0002270
0001338
0000698
0000291
-000233
-000466
0000232
0001106
0000756
-000117
0000058
0000698
0000465
-000117
-000059
0000407
0000523
0000291
-000059
-000233
0000174
0000873
0001164
0001047
0000873
0000698
0000349
0000174
0000523
0001047
0000931
0000349
-000466
-000874
0000058
0001338
0000640
-000990
-001398
-000699
0000000
0000465
0000349
-000117
-000466
-000466
0000291
0001106
0000407
-000757
-000408
0000640
0000407
-000466
-000292
0000407
0000523
0000116
-000233
-000408
0000174
0000873
0000582
-000233
-000175
0000232
-000059
-000757
-000874
-000583
-000583
-000641
-000466
-000175
0000058
0000232
0000523
0000640
0000058
-000757
-000874
-000466
-000117
0000058
-000117
-000466
-000815
-001048
-000990
-000699
-000233
0000000
-000757
-001689
-001514
-000641
-000408
-000815
-001223
-001456
-000932
-000233
-000583
-001398
-001630
-001456
-001456
-001514
-001398
-001281
-001223
-001223
-001339
-001514
-001747
-001863
-001456
-001048
-001630
-002445
-001980
-000874
-001048
-001863
-001747
-001165
-001281
-001863
-002096
-002096
-002213
-002271
-001980
-001514
-001048
-000932
-001223
-001747
-001980
-001980
-002096
-002038
-001747
-001339
-000874
-000757
-001456
-002271
-001863
-001048
-001747
-002969
-002795
-001630
-000757
-000524
-001223
-002213
-002504
-002154
-001630
-001223
-001339
-001689
-001863
-001747
-001630
-001572
-001630
-001747
-001747
-001805
-002154
-002562
-002562
-002271
-002213
-002154
-001863
-001572
-001689
-002038
-002213
-002038
-001630
-001281
-001281
-001456
-001456
-001281
-000932
-000641
-000932
-001630
-002387
-002795
-002445
-001630
-000874
-000583
-001165
-001514
0001047
0003783
0001397
-003377
-004541
-002795
-000815
0000349
-000641
-002154
-000583
0002153
0001746
-000524
-000932
-000292
-001107
-002387
-001921
-000524
-000466
-000990
-000350
0000873
0001280
0000873
0000291
-000408
-001165
-001689
-001980
-001805
-001165
-000233
0000582
0001047
0000989
0000582
0000058
-000466
-001048
-001456
-001107
-000408
0000000
0000291
0001164
0002037
0001688
0000756
0000407
0000523
0000582
0000407
-000059
-000350
0000407
0001571
0001804
0001338
0000931
0000814
0000873
0001047
0001047
0000873
0000873
0000931
0000814
0000640
0000698
0000989
0001629
0002153
0002212
0001804
0001280
0000931
0000989
0001222
0000989
0000814
0001338
0002095
0002153
0001688
0001397
0001338
0001862
0002328
0001804
0000989
0001222
0001920
0001513
0000756
0001222
0002212
0002153
0001571
0001629
0002037
0001979
0001688
0001513
0001455
0001397
0001455
0001804
0002212
0002212
0001920
0001920
0002095
0002386
0002561
0002270
0001920
0002444
0003376
0003434
0002910
0002561
0002328
0001920
0001629
0001979
0002561
0002386
0001804
0001397
0001338
0001513
0001746
0001862
0001920
0002328
0002794
0002794
0002561
0002619
0002677
0001862
0000989
0001280
0002270
0002444
0002270
0002794
0003492
0002910
0001979
0002212
0003143
0003434
0003143
0002444
0001746
0001629
0001920
0002037
0002037
0002212
0002444
0002794
0003026
0002735
0002095
0001571
0001397
0001746
0002386
0002735
0002794
0002968
0003085
0002503
0001920
0002503
0003492
0003201
0002153
0001804
0001979
0001862
0001629
0001571
0001804
0002270
0002735
0002386
0001746
0001455
0001688
0002212
0002619
0002037
0001164
0001629
0002619
0002619
0002095
0002328
0002968
0002794
0002270
0002444
0002852
0002328
0001338
0001164
0001513
0001688
0001804
0002270
0002619
0002037
0001164
0001338
0002270
0002677
0002619
0002212
0001746
0001455
0001338
0001222
0001106
0001106
0001280
0001746
0002095
0001571
0000640
0000640
0001106
0001222
0000931
0000174
-000524
-000524
-000059
0000000
-000059
0000349
0000989
0000873
0000523
0000698
0001164
0001106
0000698
0000407
0000291
0000174
0000116
0000232
0000232
-000292
-000932
-000757
-000059
0000174
0000000
-000350
-000699
-000932
-001048
-001223
-001281
-000932
-000466
-000874
-001514
-001281
-000641
-000583
-000932
-000932
-000932
-001339
-001747
-001281
-000466
-000350
-000757
-000932
-001107
-001630
-002213
-002038
-001514
-001514
-001805
-001398
-000815
-001048
-001630
-001456
-001048
-001630
-002562
-002445
-001747
-001689
-001980
-001863
-001456
-001223
-001223
-001281
-001398
-001747
-002096
-002096
-001980
-001980
-002038
-001863
-001747
-001805
-002154
-002562
-002911
-002678
-002154
-001980
-002154
-002795
-003435
-003493
-003027
-002678
-002562
-002795
-003202
-003202
-003086
-003144
-003319
-003319
-003202
-003086
-002853
-002445
-002096
-001921
-002154
-002678
-003319
-003842
-004017
-003493
-002736
-002736
-003144
-003027
-002562
-002213
-002213
-003027
-003959
-003551
-002504
-002504
-002969
-002387
-001514
-002038
-003319
-003842
-003610
-003144
-002620
-002445
-002620
-002853
-003144
-003435
-003668
-003842
-003959
-003726
-003319
-003144
-003202
-003086
-002911
-002969
-003086
-002911
-002620
-002678
-002911
-002969
-002911
-003086
-003202
-003144
-002969
-003086
-003377
-003086
-002620
-003027
-003726
-003435
-002678
-002620
-002853
-002329
-001572
-001921
-002620
-002271
-001514
-002038
-003027
-002387
-001223
-001689
-003027
-002969
-002096
-001863
-002038
-001863
-001572
-001689
-001980
-001805
-001456
-001805
-002504
-002620
-002445
-002853
-003377
-002911
-001921
-001398
-001398
-001456
-001572
-001980
-002271
-001921
-001398
-001689
-002271
-002213
-001805
-001980
-002329
-001980
-001339
-001281
-001456
-001165
-000699
-000815
-001107
-000757
-000117
0000407
0000349
-000641
-001921
-002271
-001689
-001048
-000524
-000641
-001107
-001398
-001339
-000874
-000350
-000524
-000815
-000292
0000582
0000873
0000582
0000000
-000408
-000524
-000117
0000582
0001164
0000931
0000174
-000292
-000350
-000059
0000523
0001455
0002212
0002270
0001746
0001047
0000523
0000523
0000873
0000931
0000873
0001106
0001397
0001222
