0005297
0004889
0003376
0003318
0003783
0002328
0000465
0001513
0004016
0005064
0004132
0001164
-001980
-001863
0000291
0000931
0000640
0001397
0002852
0004656
0005646
0003725
0001047
0001571
0003667
0003376
0001164
-001107
-002445
-001921
0000232
0002794
0004773
0005064
0004191
0003841
0003609
0002328
0001047
0002212
0003492
-000292
-005123
-003493
0002153
0005413
0005821
0004365
0002561
0003434
0005006
0002328
-001572
-000932
0003085
0006403
0007683
0006170
0002444
-001980
-004657
-002795
0001455
0003318
0002619
0001047
-000233
0000407
0002328
0003783
0003783
0001106
-001980
-001223
0001338
0000291
-001980
-000117
0004132
0007218
0007742
0004365
0000174
0000582
0003725
0004191
0002677
0002037
0001979
0001571
0000989
-000117
-000699
0000407
0002619
0004773
0005762
0004424
0002561
0003958
0006694
0006519
0004249
0002677
0001746
0000407
-000815
-001514
-001572
-000932
-000408
-001689
-003144
-001281
0001513
-000117
-003726
-003493
-000699
0001455
0001746
-000641
-003668
-003435
-000990
0000174
0000058
-000757
-000932
0001862
0005122
0004249
0000931
-000292
0000407
0001047
0001804
0003201
0004074
0002561
0000116
-000233
0000931
0001571
0001862
0002910
0004016
0004307
0003492
0001047
-001456
-001456
0000000
0000174
-000524
-000466
-000175
-001107
-002038
-000757
0001688
0002968
0003026
0003318
0001629
-006171
-014961
-016474
-011293
-002911
0003085
-001747
-010478
-008441
0001047
0008265
0011060
0009604
0004365
-003842
-008674
-000874
0011700
0012398
0005355
0003259
0004889
0004715
0003492
0003492
0003492
0000931
-001630
0000814
0004831
0003376
-000757
-000350
0002735
0003318
0002444
0003318
0004773
0004249
0003085
0004249
0005937
0004424
0001164
-000466
0000232
0003900
0007218
0004773
-000466
-001281
0000582
0000116
-001630
-001514
-000583
-001921
-003260
0000116
0004889
0004191
0000349
-000524
0000873
0001338
0001455
0002968
0004307
0002619
-000233
-000408
0001338
0002095
0002212
0003434
0004424
0002852
0000000
-001689
-001514
0000989
0003667
0003085
-000233
-004425
-006986
-004308
0000640
0001979
0000174
-001747
-002736
-001339
0000931
0000407
-001572
-001863
-000175
0003550
0006577
0004540
-000408
-003610
-003784
-000874
0003143
0004889
0004191
0002037
0000465
0002561
0006286
0007101
0005471
0003667
0002444
0002037
0002794
0004831
0006286
0004307
0000291
-002911
-004250
-003610
-001398
0001164
0002677
0001688
-000524
-000699
0000640
0001920
0002095
0000058
-002678
-003493
-002271
0000291
0002386
0001338
-001339
-002038
-000815
0001106
0002444
0001280
-000932
-001048
0000232
0000814
0000465
-000757
-001572
0000465
0003085
0001746
-001630
-002911
-001863
0000407
0002503
0002153
0000523
0001164
0002212
-000408
-004133
-003610
-000699
-000466
-001747
-001398
0000582
0004365
0006694
0001746
-005531
-005065
-000117
0000291
-002387
-003144
-002678
-002969
-004017
-005589
-006928
-007160
-006054
-003435
-000932
-001107
-002736
-002504
-001281
-001572
-002445
-002038
-000699
0001047
0001920
-000117
-002620
0000232
0003841
-002096
-010187
-005880
0005238
0010536
0007742
-003435
-014379
-010420
0002677
0010303
0010827
0007276
0000873
-006520
-010246
-004192
0005238
0004540
-002038
-002504
0000582
-000932
-004308
-003435
-000408
-000583
-002445
-002213
-000815
-001048
-001921
-000641
0000931
-001048
-004425
-004599
-002504
-001281
-000932
-000583
-000466
-000815
-000990
0000116
0001746
0002561
0002503
0002095
0001513
0001280
0001106
-000175
-000874
0002328
0006170
0003958
-001281
-002736
-001107
0000232
0000582
-000292
-001630
-001921
-000990
0000989
0002444
0000465
-002329
-000408
0003085
0000814
-003668
-002504
0001455
0001164
-002096
-004075
-004308
-002969
-001048
-000757
-001281
-000408
0000989
0001106
0000407
0000116
0000407
0001571
0002270
-000059
-002795
-000757
0003434
0004016
0002095
0001397
0001920
0003609
0004307
-000059
-005356
-003551
0002095
0003667
0001920
0000523
0000291
0002153
0004540
0004656
0002619
-000408
-002911
-002504
-000990
-002853
-005239
-002271
0002794
0002735
-001048
-004192
-005647
-005065
-003027
-000990
0000116
-000466
-001980
-002795
-002387
-000583
0001164
-000175
-002445
-001398
0001804
0004191
0004773
0002677
-000233
-000466
0000873
0000582
-000350
0001106
0002852
0000756
-002795
-002736
-000117
0001222
0001688
0003318
0004074
0000174
-005007
-005239
-001921
0000698
0001513
-000233
-003202
-004774
-004774
-004308
-003377
-002213
-001048
-000408
0000116
0001280
0002153
0000814
-001281
-000699
0001047
0000349
-001805
-002911
-002620
-001165
0000814
0002561
0003026
0001222
-001456
-002562
-001805
0000349
0002444
0001862
0000291
0001397
0003958
0004598
0004016
0004365
0005006
0004773
0002735
-002562
-008034
-008790
-005414
-000641
0002503
0000465
-004483
-007044
-005647
0000582
0007916
0010827
0007974
-000524
-008849
-008034
-001048
0003201
0004191
0004365
0003026
-000757
-004483
-004366
-001339
0001862
0003201
0000116
-004250
-003551
0000582
0002677
0003492
0005646
0007742
0007218
0004947
0002677
0001862
0004424
0008149
0008906
0006577
0002444
-001514
-002445
-000641
0002153
0004249
0003434
0001106
0000989
0001455
-001514
-005123
-004017
0000232
0003318
0004307
0003259
0000931
-001398
-002562
-001165
0000465
-002387
-006054
-002620
0003725
0003841
-000059
-001048
-000117
-000757
-001805
-001048
0000582
0000931
0000465
0001047
0001920
0001629
0000640
-000117
0000174
0002677
0005122
0002735
-001165
0000349
0004016
0001920
-002853
-002736
0000232
0000232
-000990
0001455
0004249
0000698
-004774
-002387
0003667
0003958
0000523
0000058
0001397
0000989
-000466
-001456
-001398
0000407
0002619
0002561
0001280
0001397
0002619
0003434
0003783
0004132
0003900
0001979
-000350
-000699
0000232
0000000
-000699
-000117
0000756
-000059
-001805
-002678
-002213
0000058
0002386
0001280
-000757
0001862
0005937
0004424
0000465
0001629
0004831
0002212
-002969
-003668
-001281
-000059
-000350
-002038
-003668
-002911
-000815
-000292
-000815
-000583
-000350
-001689
-003027
-001048
0002153
0002386
0000582
0000174
0000407
-001107
-002620
-000874
0002270
0003143
0002270
0001746
0002212
0004074
0006286
0006810
0006053
0005646
0004947
0002852
0000232
-001572
-002154
-001747
-000583
0000698
0001688
0002270
0002037
0000523
-000932
0000058
0002153
0002328
0000756
-001339
-003027
-003202
-002213
-001165
-001048
-003319
-006229
-005880
-004366
-006578
-009664
-007801
-002387
0003958
0006752
-000990
-010828
-006811
0005006
0009546
0007101
0003026
-000583
-001165
0001338
0005646
0008615
0005530
0000000
-000059
0003085
0002910
0000640
0000116
0000582
-000583
-001980
-000874
0001804
0004365
0005471
0003434
0000349
0000349
0001979
0000989
-001514
-003144
-003377
-002271
-000233
0002037
0003667
0003841
0002735
0001455
0000058
-001805
-002853
-001398
0000873
0000349
-001980
-003377
-003260
-001921
-000059
0000640
0000640
0001397
0002095
0001338
-000583
-003144
-004774
-003202
-000117
0001047
0000523
0000291
0000582
0001979
0002619
-000699
-005298
-005822
-003260
-001398
-000059
0002386
0004132
0002328
-001165
-002329
-001805
-001863
-002736
-004308
-005472
-004192
-001747
-000350
-000641
-002562
-004657
-004425
-002329
0000116
0001804
0001513
0000174
-000292
0000582
0002794
0005238
0006694
0006228
0002852
-000524
0001222
0004947
0003026
-001630
-002038
0000232
0000465
-000350
0000407
0001455
0000000
-002213
-001223
0001047
0000058
-002562
-003027
-001630
0000000
0001222
0001571
0000640
-001630
-003668
-003027
-000757
0000349
-000175
-001805
-004308
-007451
-009431
-007801
-004425
-003086
-003784
-004657
-005007
-003784
-001456
0000814
0001979
0000756
-001572
-002271
-001456
-000175
0001397
0003434
0005064
0005588
0004365
0000465
-003319
-002504
0000931
0001920
0000407
-002271
-004599
-004192
-002504
-003086
-004366
-002387
0001106
0002095
0001338
0001920
0002212
-001339
-005763
-005938
-002969
-000757
-000059
-000641
-002678
-006287
-009140
-007743
-003959
-002213
-002213
-001630
-001107
-002038
-003144
-002154
0000640
0004598
0007567
0007567
0004132
-003260
-008674
-002678
0008149
0010769
0005064
-004716
-012050
-007684
0004365
0013970
0017346
0013330
0003958
-006520
-012225
-005763
0005238
0004889
-002620
-004599
-002678
-003144
-004483
-002911
-000350
-000699
-002736
-003144
-001980
-000699
0000814
0003026
0004365
0002153
-001514
-002620
-001805
-001921
-002213
-000757
0001338
0002503
0002328
0000756
-000990
-000932
0000349
0000698
0000582
0000989
0001979
0003958
0005588
0004598
0002503
0002794
0004016
0002619
-000059
-001456
-000990
0001455
0004191
0004307
0002386
0000640
-000583
-001456
-001572
-000699
0000407
0000582
-000583
-003493
-006345
-006113
-003668
-001572
-000932
-002736
-005007
-003842
-001223
-001630
-003842
-004483
-003959
-004366
-004657
-002678
0000000
-000117
-001514
-000641
0001455
0002095
0001804
0002037
0002677
0003318
0003550
0003026
0001513
-001572
-003668
-000350
0005180
0006403
0004016
0001571
-000175
-001223
-000815
0001746
0004365
0003143
0000000
-000815
0000174
0000931
0001397
0002270
0002968
0003085
0001862
-001689
-005705
-006869
-005822
-005298
-004657
-002329
0000232
0000756
-000059
0000349
0000931
-000757
-002795
-001456
0001397
0001629
0000000
-000874
-000757
0000116
0001164
0001222
0000349
-000990
-001747
0000000
0002212
0000989
-001630
-000932
0001455
0001047
-000874
-001456
-000990
-000583
-000466
-000990
-001747
-001805
-001456
-001398
-001747
-002853
-003551
-002038
0000582
0001804
0001571
0000814
0000174
0000873
0002153
0001979
0001571
0004191
0006810
0003550
-002096
-003144
-000641
0001280
0002212
0002852
0002735
0001338
0000232
0001455
0004249
0006752
0007742
0006053
0003201
0002153
0002153
0000756
-001630
-004192
-005472
-003726
-000350
0002212
0001688
-005123
-012399
-010187
-001514
0005530
0008440
0006985
0001920
-005414
-009664
-003202
0007101
0006636
-000524
-002271
-000699
-002853
-006113
-004716
-001223
-001514
-003668
-002795
-000292
-000059
-000932
-000175
0001280
0001338
0000814
0001746
0003434
0004424
0004249
0002503
0000465
0000582
0001862
0001397
0000349
0001222
0002735
0001746
-000175
0000756
0002794
0001688
-000524
0000698
0003259
0002444
-000233
-000699
0000116
-000408
-001805
-002678
-003202
-003842
-004657
-005880
-006520
-005123
-002562
-000583
0000174
-000408
-001514
-001514
-000408
0000873
0001979
0002561
0002444
0001746
0000465
-001863
-003551
-002154
0001106
0003201
0003667
0002735
0001106
0000523
0000756
0000931
0001222
0002212
0002735
0000523
-002038
-000117
0003259
0001513
-002562
-001980
0001280
0002503
0001688
0000523
-001165
-004483
-006753
-003377
0001862
0001338
-002504
-002911
-000641
0001164
0002386
0003841
0004074
0000873
-002911
-001747
0002212
0003259
0002561
0003667
0005122
0004016
0001571
0000814
0001338
0001920
0001979
0000698
-000641
0000174
0002212
0003143
0002735
0001280
-000524
-001514
-001630
-002096
-001747
0001629
0005704
0006344
0004191
0002095
-000117
-004192
-007044
-004017
0001804
0003609
0002153
0001047
0000640
0000756
0001455
0002619
0003550
0003201
0001862
0000174
-001339
-002387
-002271
-000175
0002386
0002794
0001920
0002735
0003900
0003026
0000931
-000059
-000059
0000000
0000116
0000582
0000873
0000116
-000815
-000233
0000814
-000233
-002096
-001514
-000175
-001980
-004366
-001980
0002852
0005122
0004540
0002037
-000757
-001630
-000932
0000232
-000292
-006287
-013156
-012807
-006695
0000116
0004191
0002328
-003493
-008499
-009023
-001281
0009604
0014843
0012166
0001338
-009780
-008499
0001164
0006985
0008033
0006927
0004540
0003085
0002968
0003783
0004424
0003259
0000814
-001165
-002096
-001398
-000175
-000292
-001339
-001805
-001514
-000175
0000931
-000117
-002096
-001980
-001107
-002911
-005007
-002154
0002037
0000407
-004250
-004657
-002504
-002620
-004075
-004425
-003551
-001456
0000523
0000814
-000757
-003959
-006229
-003377
0001688
0002735
0000698
-000524
-001107
-002562
-003435
-001165
0002037
0001571
-000990
-001980
-000874
0002619
0006228
0005821
0003143
0002735
0003609
0002910
0001571
0002095
0002677
-000524
-004948
-004948
-002853
-004541
-007743
-007160
-004541
-004541
-005647
-003726
-000757
-000641
-002387
-002853
-002387
-002271
-002445
-002795
-002795
-001863
-000524
0000232
0000465
0000582
0000523
0000349
0000000
-000408
-001048
-002096
-003202
-003784
-003668
-002736
-001572
-001165
-000815
0001222
0003434
0003085
0001047
-000408
-000524
0001571
0003667
0001862
-001863
-002911
-002096
-002736
-003726
-002387
0000116
0001397
0001280
0000465
-000699
-001572
-001630
-000117
0001746
0002212
0000698
-003377
-006811
-004425
0001455
0005413
0005704
0001397
-004308
-005531
-003551
-003202
-003377
-000990
0001397
-001107
-005531
-005589
-002504
-000524
0000640
0002852
0004365
0001920
-001863
-001921
0000523
0002037
0001513
-002329
-006345
-005356
-001339
0000407
-000524
-003435
-005996
-004017
0000174
0001280
-000117
-001630
-002329
-001689
0000058
0002095
0003201
0001920
-000583
-001863
-002038
-002445
-002271
-000175
0002561
0003783
0002794
-000408
-004017
-005065
-003435
-000350
0002619
0004074
0002794
-002911
-007451
-001048
0009954
0012864
0007509
-002387
-011468
-012458
-006928
-000932
0002794
0002212
-000815
-001281
0000349
0001688
0001920
-000175
-002853
-003260
-001630
0000640
0001804
-000466
-004308
-005996
-005181
-003435
-001048
0001979
0003434
-000059
-004890
-004017
-000059
0000000
-002562
-004075
-003668
-000699
0002735
0002794
0000814
0000349
0001047
0000814
0000756
0002968
0005588
0005355
0003201
0001920
0001571
0001222
0001455
0003434
0005238
0003318
-000292
-001281
-000466
-000641
-001689
-002969
-004075
-004832
-004657
-002329
-000175
-002329
-006345
-007102
-005472
-004832
-004832
-003959
-002911
-002736
-002969
-002620
-001805
-001281
-000757
0000174
0001338
0002386
0002735
0001455
-000350
-000757
0000058
0001222
0001862
0000523
-001572
-002329
-001223
0001862
0005064
0005879
0004365
0002095
0000582
0002619
0005238
0001979
-003260
-002504
0002212
0005471
0005471
0000698
-005123
-004832
-000466
0001979
0002212
0001862
0001164
0000814
0000349
-001863
-003842
-002213
0000931
0001513
-000292
-002736
-004832
-005589
-004483
-001048
0002910
0004831
0004132
0001338
-001630
-001747
0000000
0000174
-000583
-000233
0000873
0001979
0002910
0003725
0003900
0002328
0000698
0002735
0005704
0004307
0000291
-002096
-002329
-000932
0001106
0002095
0001688
0000349
-001223
-001863
-001689
-001107
-000815
-001921
-003551
-003842
-003260
-002969
-002911
-002271
-001630
-002271
-003202
-002271
-000524
-000408
-001281
-001456
-001107
-001398
-001398
0000523
0003026
0003725
0002735
0000756
-000699
0000698
0003376
0003725
0002677
0003841
0004424
-001223
-008616
-009489
-005123
-000175
0003259
0003958
0001629
-003842
-007684
-002795
0006228
0009954
0006927
-002154
-011235
-011119
-004366
0000407
0002095
0001920
0000465
-000292
-000292
0000058
0000116
-001398
-003027
-002154
0000174
0000931
0000814
0001629
0002910
0003376
0003026
0002328
0001746
0002037
0003259
0005471
0007392
0007625
0006461
0005297
0004482
0004191
0003900
0002328
0000174
-001165
-001805
-002504
-003086
-003319
-003260
-003086
-003027
-003901
-004716
-004017
-002387
-001165
-000815
-001980
-003319
-001863
0000291
-001281
-004599
-005239
-003610
-001456
-000233
-001980
-004832
-005123
-002911
0000465
0003783
0005821
0005762
0003026
-000175
0000116
0002677
0004074
0003900
0002037
0000058
0000931
0003318
0004249
0003783
0003434
0002794
0001222
-000874
-003319
-004075
0000058
0005588
0006112
0002910
0001106
0000174
-002678
-004774
-001398
0003958
0004132
0000523
-002504
-003260
-000583
0003376
0004307
0002037
-002387
-006113
-005065
-001223
0000407
-000524
-003377
-005298
-001339
0004831
0005471
0001979
-000757
-001630
-000292
0002270
0003667
0003958
0004482
0004424
0002619
0000000
-001747
-001805
0000523
0003143
0002444
-000408
-001921
-001921
-000990
0000174
0000232
-000466
-000699
-000350
0000465
0001164
0000465
-000815
-000932
-000233
0000349
-000117
-003260
-006229
-003726
0000931
0000407
-003202
-003784
-001980
-000466
0000291
0000000
-000932
-001805
-001921
-000583
0001338
0002503
0002444
0001106
-000233
0000756
0002910
0003609
0002794
0001280
-000117
0000407
0000989
-003027
-007510
-004716
0001571
0002735
0000232
-001048
-000874
0000349
0001455
0000058
-002213
-002096
-000815
-001630
-003959
-006869
-008034
-004308
0000814
0000814
-003144
-007743
-009140
-002562
0007101
0011001
0007625
-002271
-012225
-012690
-005880
0000232
0003434
0002735
-000059
-000583
0000640
0001222
0001280
0001920
0002095
-000175
-003202
-003842
-002329
-000117
0001629
0001397
0000116
0000291
0001513
0002328
0002677
0002677
0002212
0001455
0000291
-001980
-003551
-001514
0002328
0004307
0003550
-000466
-004425
-002329
0002153
0000465
-004308
-004599
-002038
-001747
-002736
-002154
-000874
-001107
-002096
-002154
-001514
-001281
-001107
-000175
0000873
0000989
0000582
0000873
0001513
0001688
0001164
-000175
-001398
-001048
0000407
0001455
0001804
0001280
0000465
0000814
0001397
0000465
-001630
-004133
-005298
-002736
0001164
0001629
-000466
-002736
-003319
0000407
0004773
0002968
-002562
-005414
-005472
-005007
-004075
-002504
-000990
0000640
0000931
-002271
-005880
-004308
0000232
0001862
0001106
0000640
0000582
0000407
0000582
0002153
0003318
0000698
-003086
-002445
0000814
0002561
0002095
-000350
-002736
-001805
0001513
0004307
0005297
0003318
0000174
-000757
0000698
0003900
0005821
0000989
-005472
-003319
0003143
0003550
-000175
-001863
-001689
-001165
-000990
-002096
-003493
-003260
-001805
-000641
-000350
-001747
-003319
-002562
-000583
-000408
-001630
-003027
-003435
-000990
0002095
0001804
-000583
-001281
-000408
0000873
0001862
0001920
0001455
0001397
0001979
0003026
0003550
0001746
-000874
-001514
-000408
0001397
0002444
0000640
-002329
-002911
-001980
-002562
-004192
-005880
-006462
-004483
-001339
0000058
-000466
-002213
-004133
-004366
-003493
-003493
-004308
-005822
-006462
-003726
0000407
0002212
0001222
-002504
-005472
-001572
0004889
0005064
0000698
-002911
-003435
0001222
0007916
0011118
0009430
0002968
-004366
-006578
-003610
0002095
0006927
0005937
0001397
-000233
0000291
-000233
-001107
-000466
0000640
-000408
-002038
-000932
0001571
0002503
0002037
0001571
0001397
0001920
0002561
0002852
0001979
-001048
-004192
-003959
-001223
0001047
0002270
0002735
0002328
0001571
0001164
0002677
0004598
0004424
0002735
0001164
0000640
0002095
0004132
0003958
0002037
-000117
-001630
-001863
-000932
0000640
0002153
0003492
0003492
0000814
-002911
-005181
-004483
0000407
0005879
0005704
0001804
0000349
0001047
0002037
0002794
0002794
0001513
-001514
-004250
-003086
-000117
-000350
-002154
-000699
0001804
0000698
-002329
-003202
-001980
0000174
0002328
0003434
0002794
-000408
-003202
-000059
0005122
0003958
-000757
-001630
0000291
0000931
0001047
0002153
0003958
0005821
0006694
0005297
0002503
-000175
-001630
-000874
0000523
-000524
-002678
-002620
-000815
0001397
0002270
-000524
-004250
-003493
0000058
0001979
0001513
-000874
-003784
-004890
-003668
0000000
0003318
0001804
-001921
-001863
0000756
0001804
0001338
0000116
-000408
0002270
0005704
0005006
0001920
0000465
0001280
0004540
0007218
0004132
-001514
-002329
-000175
-001048
-003027
-001572
0001688
0003143
0002328
-000874
-004075
-003027
-000466
-002911
-006287
-001689
0006053
0006985
0002619
-001339
-003668
-003959
-002969
-002969
-003784
-004599
-004774
-003086
-000641
0000407
0000116
-000466
-001572
-004308
-006695
-005414
-002504
-002329
-003842
-004017
-002271
0002037
0006112
0005355
0001920
0001222
0002386
0002095
0001455
0003550
0004831
-002329
-011410
-010246
-002329
0002794
0003434
-000292
-005647
-007975
-005589
0002212
0010477
0011875
0006228
-004133
-012458
-008383
0001862
0003318
-000815
0000116
0003201
0001397
-002387
-001747
0001164
0000873
-001339
-002213
-001747
-001572
-000757
0002968
0006461
0004424
0000000
0000000
0003259
0005704
0007101
0008498
0008440
0004424
-000233
0000291
0004016
0005821
0005238
0002968
0000232
-001107
-000815
0000465
0002037
0003259
0003550
0002794
0001338
-000583
-001048
0002852
0007858
0007800
0003667
-000292
-003435
-006695
-007917
-004192
0001338
0002794
0001047
-000233
-000874
-001630
-002271
-003086
-003260
-001747
0000640
0002503
0002677
-000059
-002911
-000583
0003958
0004249
0001513
-000292
-000699
0000407
0001571
-000350
-002795
0000000
0004831
0005064
0002270
0001047
0001338
0001688
0001455
-000583
-002213
0000698
0005530
0006927
0005238
0003376
0001804
0000407
-000059
0001513
0002386
-002387
-009023
-009664
-006287
-005123
-005123
-002795
-000233
-001921
-004832
-002387
0001979
0000640
-003842
-004890
-002736
0000756
0003900
0004424
0002677
0000756
-000583
-000990
-000175
0002153
0003958
0001513
-002504
-003377
-000408
0006053
0011118
0006810
-001921
-004425
-001456
0002270
0004540
0002910
-000641
-000990
0000232
-001630
-004599
-004133
-002038
-002213
-004075
-005705
-006404
-005880
-004425
-002911
-002096
-002620
-003842
-004541
-004192
-002678
-001048
-001339
-002969
-004308
-004716
-003726
-002154
-001921
-002329
-001514
-000117
0000873
0001164
0000698
0000000
0000174
0000465
-001398
-003377
-001630
0001862
0002735
0001746
0002095
0002619
0000989
-001863
-004308
-004832
-001339
0002677
0000640
-004541
-006287
-004541
-000990
0001688
-000408
-005356
-008965
-008849
-003144
0004947
0010594
0009954
-001398
-013913
-010362
0002153
0005413
0002037
0002735
0004947
0002095
-002271
-000874
0003609
0004482
0002619
0001979
0001920
0000873
-000117
0001106
0003318
0004191
0003783
0003259
0002619
0001804
0000523
-002329
-004133
-000408
0005238
0005762
0002328
-000699
-002678
-004133
-003901
-000408
0003550
0003318
0000465
-000233
0000349
-000524
-001863
-001514
-000408
-000932
-002329
-002736
-002271
-001398
-000757
-001398
-002445
-002154
-001398
-002562
-004133
-002853
-000233
0000698
-000117
-002213
-003959
-002795
0000058
0001571
0001571
0000523
-000524
0000174
0001688
0001746
0001047
0001513
0002735
0003492
0003318
0002328
0000640
-001456
-002911
-002038
-000408
-001572
-004075
-004366
-002969
-001514
-000757
-001689
-003435
-004192
-003901
-002969
-001572
0000523
0002328
0002677
0002153
0002677
0003550
0003434
0002212
-000466
-002562
-001048
0002270
0003259
0002212
0001280
0001047
0002037
0003492
0004074
0002968
-000932
-004774
-003726
0000407
0003376
0003725
0000989
-002795
-003959
-002562
-000408
0000873
-001048
-004483
-006054
-005531
-004075
-002096
0000349
0001804
0000582
-001980
-002678
-001805
-000932
-000059
0001746
0002910
0001106
-002154
-003901
-003784
-002387
-000699
0000058
-000408
-001689
-002678
-001456
0000873
0002037
0002212
0002910
0003318
0001688
-000117
0001862
0004715
0002153
-002504
-001456
0002503
0002910
0000232
-002736
-004657
-004657
-002562
0001280
0004249
0002619
-001223
-002213
-000524
0001746
0003026
0001047
-002445
-003901
-003202
-001689
-000466
-000932
-002562
-003202
-003319
-004308
-005123
-003901
-002038
-001747
-003260
-006695
-007917
-000350
0010710
0015425
0013097
0007159
-000117
-007219
-009198
0000232
0012457
0011118
0001513
-002038
-000059
0002153
0003841
0004598
0004365
0003841
0003201
0002153
0001338
0001979
0002968
0002561
0000873
-001630
-002911
0000582
0004947
0002503
-003959
-007393
-006811
-002329
0002735
0002794
-000117
0000349
0002619
0002444
0000873
0000523
0001222
0001688
0001688
0001222
0000291
-000874
-001630
-001107
0000232
0001222
0001571
0001455
0000873
-000292
-001107
-000175
0001629
0002037
0001455
0001629
0001804
0000523
-001398
-002154
-002213
-003027
-003726
-002853
-001048
0000000
0000407
0001280
0002037
0001047
-000233
0000640
0002619
0002910
0001688
-000524
-002213
-001107
0000931
-000699
-003784
-003260
-000583
0000931
0000931
0000174
-000932
-001514
-001165
0000232
0002386
0005471
0007392
0005122
0000873
-000466
0000174
-000466
-001747
-002096
-001689
-001048
-000524
-000641
-001398
-002911
-004017
-002911
-000757
0000000
-000815
-002795
-004366
-002795
-000641
-003551
-008150
-007626
-003377
0000116
0001513
0000232
-002620
-004599
-004657
-001805
0001746
0001862
0000058
0000814
0003318
0005704
0006403
0003318
-000699
-000408
0002852
0005064
0005471
0004016
0002328
0003201
0005297
0005355
0003667
0001629
0000116
0000058
0001164
0002444
0003026
0002328
0000291
-002678
-004948
-004133
-001514
-000641
-001048
-000932
-000408
0000058
0000174
-000233
-000990
-001165
-001223
-002038
-003319
-004716
-005007
-002271
0001280
0001513
-000641
-001805
-001980
-002038
-001689
-000757
0000814
0003725
0006170
0005180
0002328
0000931
0001338
0003201
0004540
0001862
-002445
-003842
-001514
0004831
0010245
0006636
-002038
-007568
-006986
0000931
0011351
0016473
0013563
0001338
-011002
-008150
0003259
0005821
0001862
0001047
0001804
-000408
-003319
-002271
0000698
0001164
-000583
-002911
-004483
-003901
-001689
0000349
0001106
-001107
-003842
-002387
0001164
0001862
0000523
-000117
0000291
0001746
0003143
0002386
0000407
-000641
-000699
-000233
0000640
0002328
0003667
0003201
0001862
0002212
0003667
0004307
0004540
0005762
0006461
0003900
-000059
-001863
-002213
-003784
-005589
-005763
-004657
-003144
-001980
-001747
-001747
0000000
0001804
0000232
-003027
-004425
-004075
-003726
-003319
-003027
-002620
-001339
-000117
-000233
-001398
-002853
-003726
-002911
-001339
-001048
-002038
-004250
-005531
-002329
0002677
0003900
0002503
0002561
0003318
0002386
0000931
0001222
0002037
0000291
-002562
-002969
-002038
-002969
-004483
-003726
-001921
-002154
-003260
-002329
-000350
0000349
0000000
-000408
-000757
-000932
-001572
-004425
-007451
-007393
-004832
-001980
0000000
-000175
-001747
-002853
-002678
-000292
0002037
-000466
-004308
-002504
0002619
0005413
0005297
0003376
0001106
0001397
0003318
0004540
0004482
0002968
0001106
0000523
0001106
0001804
0002270
0002212
0001455
-000466
-002329
-002387
-001398
-000990
-001689
-004133
-005996
-003027
0002037
0003492
0001571
-001630
-004133
-003086
-000175
0000523
-000757
-002329
-003377
-003202
-001630
0001047
0002794
0000232
-003668
-003260
0000174
0001979
0002910
0005821
0008149
0005588
0000291
-003435
-003959
-000408
0004365
0004947
0002153
-000757
-002795
-003377
-002562
-001456
-000117
0001513
0002852
0003376
0002794
0001746
-000583
-006811
-012050
-008034
0000174
0002153
-001921
-009140
-013913
-007743
0003667
0008382
0006053
0001047
-004657
-008849
-009081
-002969
0004656
0004947
0000291
-002038
-002096
-002271
-001863
0000931
0003492
0000698
-003784
-002445
0002153
0003434
0002095
0000873
0000640
0002270
0004191
0002968
0000582
0001804
0004132
0001746
-001980
0000291
0005064
0004889
0001222
-001048
-001689
-001514
-001048
-001514
-002620
-003551
-003668
-001805
0000174
-001514
-004425
-003377
-000233
0000407
-001281
-003668
-005123
-003435
-000292
0000698
-000117
-000641
-001048
-002213
-002678
0000291
0004249
0004656
0002095
-000990
-003435
-003959
-003086
-002213
-001689
-001805
-001980
-000815
0000756
0001164
0000523
-000408
-000932
-000233
0001280
0002270
0002735
0003609
0002794
-003784
-010653
-008150
-000350
0002619
0001280
0000116
-000990
-002853
-004133
-002911
-000408
0000407
-000233
-000292
-000641
-003319
-005938
-004366
-000292
0002444
0002910
0001280
-001165
-001747
-000874
-000408
-000524
-001165
-001863
-002271
-001689
0000989
0003725
0003026
0000116
-001805
-002213
-000990
0000291
-001805
-004483
-001514
0003434
0002561
-002038
-004948
-005414
-003959
-001514
0000349
0001047
0000407
-000233
0001979
0004831
0003667
0000349
-000699
0000058
0000232
0000349
0002153
0004074
0003318
0001513
0002095
0004074
0005006
0004656
0003667
0002503
0001629
0001979
0005064
0008324
0007567
0004016
0001280
0000000
-000292
0000349
0001455
0002735
0004307
0005471
0005704
0004773
0002328
-000059
-000292
0000989
0001397
0000814
-000350
-001456
-001805
-001456
-001107
-000815
-000175
0000116
-000699
-002445
-004716
-005705
-001630
0002386
-003551
-012982
-012982
-005705
0001629
0005180
0000465
-007102
-006520
0000407
0007334
0011816
0013213
0010070
0000873
-007277
-002387
0008091
0007043
-000583
-001339
0002270
0002095
0000174
0001746
0004424
0003201
-000292
-002154
-002096
-000583
0000814
-000466
-002736
-002213
0000058
0001106
0000931
0000291
-000466
-001107
-001514
-002154
-002329
-000641
0001222
0000174
-002271
-002445
-001281
-001572
-002387
-001456
0000407
0001338
0001688
0003143
0004307
0002794
0000291
0000349
0001862
0001920
0000640
-001165
-002387
-001048
0000873
-000757
-003610
-002678
0000174
0000640
-000815
-001747
-002213
-002736
-003086
-003377
-002795
0000291
0003143
0001047
-003493
-004657
-003435
-003784
-004366
-002213
0000989
0002444
0001979
0000989
-000233
-001456
-001863
-000466
0001164
-000117
-002387
-001572
0001280
0003434
0004016
0002677
0000291
-001165
-001398
-000932
-000059
0000640
0000989
0001280
0001397
0000873
0000407
0001106
0001804
0000000
-002969
-004425
-004366
-004250
-003260
0000291
0003550
0001804
-002678
-004599
-003959
-002562
-001223
-000699
-000990
-001398
-001572
-001165
-000641
-000815
-001630
-003202
-003668
0000407
0005413
0004598
0000291
-001572
-000583
0002503
0005297
0003492
0000000
0000989
0004656
0006228
0005297
0002270
-000524
0000756
0004016
0004249
0002619
0002619
0003550
0003143
0002095
0001920
0001979
0000640
-000932
-001048
0000582
0004016
0006461
0003783
-001921
-005880
-007102
-006113
-004366
-005123
-006637
-005065
-001456
0001746
0003026
0000814
-002795
-003668
-002678
-003144
-004425
-005123
-004716
-002853
-000641
-000292
-000874
0000000
0001688
0002794
0002735
0000873
-001339
-000583
0000698
-002853
-007626
-006520
-001630
0001804
0002270
-001398
-005531
-003726
0002561
0008673
0012224
0012573
0007800
-004657
-016241
-012690
-000815
0002677
-000815
-003493
-004716
-004483
-003726
-004716
-006578
-006986
-006345
-005763
-005472
-005880
-005647
-001805
0002852
0003318
0001047
0000232
0000931
0001979
0002910
0003085
0002910
0003725
0004598
0003725
0001862
0000698
0000582
0001804
0003318
0003841
0003026
0000873
-000932
0000465
0003259
0003841
0002619
0001513
0000814
0000640
0001047
0001804
0001804
-000990
-004948
-007102
-007102
-006229
-004425
-001630
0000640
0000582
-001048
-001921
-001689
-000175
0000814
-001980
-006287
-007219
-005589
-004308
-003377
-002096
-001165
-001689
-002678
-001921
0000232
0003026
0004831
0003085
-000117
-000059
0001280
-001223
-004483
-002154
0003085
0005064
0003900
0002037
0000058
-001398
-001514
0000349
0002444
0001106
-001689
-001514
0000116
-000757
-002969
-003959
-003610
-002795
-001921
-001572
-001747
-002096
-002795
-004425
-005589
-003959
-000699
0001746
0002386
0000756
-002038
-003901
-004017
-002271
-000117
-000175
-001398
-001048
0000698
0003318
0004773
0001688
-002271
0000116
0005762
0008091
0006112
0000174
-005938
-006171
-002271
-000059
0000000
-001223
-002678
-002504
-001048
0000640
0001047
-002271
-006171
-004657
-000350
0000698
-000932
-002620
-003319
-001805
0000407
-000117
-001921
-001339
0000000
-001689
-004599
-004599
-002795
-002154
-002038
-000233
0001688
0000640
-001165
0000931
0004889
0006228
0004947
0002735
0000523
-000292
0000058
0000640
0000698
-000757
-002329
-001339
0001222
0002619
0002794
0002270
0001222
-000466
-001805
-000874
-000641
-006986
-014611
-013680
-006345
0001513
0004540
-004425
-016416
-014204
-002096
0007159
0010769
0009080
0002910
-005705
-011119
-005705
0004482
0005995
0001338
-000408
0000000
-001048
-002329
-001689
-000059
0000873
0000756
-000350
-001747
-002271
-001980
-001921
-001456
0000756
0003376
0004598
0004074
0002037
0000232
0001688
0004016
0002212
-001805
-003610
-002795
-000059
0002968
0003900
0002270
-001572
-005647
-007451
-005996
-001223
0004016
0005238
0003259
0002037
0001164
-000932
-002911
-002387
-000466
-000117
-000990
-001863
-002329
-001863
-001165
-001630
-002562
-002096
-000990
-001165
-001630
-000524
0001106
0001106
0000174
0000640
0001629
0001629
0000931
0000407
0000523
0001920
0003492
0002968
0001688
0002677
0004540
0004016
0002386
0003085
0004424
0002503
-000932
-002154
-001456
-000408
0000232
-000466
-001514
-000699
0000291
-002504
-005763
-002853
0002968
0005006
0003201
-000117
-003144
-003551
-001689
0000873
0002444
0000465
-002678
-002154
0000814
0002794
0003376
0003085
0001746
-000932
-003144
-002038
0000756
0001455
0000174
-001747
-003086
-002038
0000349
0001571
0001688
0001397
0001338
0002910
0004540
0003259
0000116
-002736
-003842
-001689
0001862
0003143
0001862
-001398
-004133
-002678
0000931
0001746
0000174
-001514
-002387
-000874
0001513
0001280
0000116
0002503
0005588
0003550
-000757
-001339
0000989
0002968
0003725
0002561
0000698
0000931
0001920
0000174
-002562
-002911
-001048
0002095
0004598
0003550
0000698
0000349
0001397
0000756
-000815
-001630
-001572
-001048
-000641
-001223
-002038
-001456
-000350
-001048
-002620
-002795
-001921
-001339
-000990
-000524
-000466
-002038
-003377
-000233
0002968
-002387
-011061
-012458
-007219
0000989
0006927
0003143
-005239
-006986
-002329
0004016
0010012
0014727
0014261
0002735
-009780
-005007
0008265
0008789
0001047
-000932
0001106
0000698
-000815
0000116
0001746
0000582
-001805
-001689
0000349
0002153
0003259
0003841
0003318
0000814
-001747
-001165
0000931
0000582
-001863
-004832
-006462
-003726
0000698
0001397
-000292
-000175
0001222
0001920
0002037
0002037
0002677
0005646
0007916
0003725
-002853
-003377
0000174
0001571
0001280
0001746
0002561
0003143
0002910
0000814
-001048
0001455
0005006
0002619
-002562
-003027
-000466
-000175
-001165
-000466
0001222
0002328
0002794
0002852
0002852
0003085
0003259
0002561
0001222
-000350
-001398
-000874
0000582
0001338
0001222
0000407
-000874
-002387
-003377
-003260
-002096
-000466
0000931
0001222
0000873
0001338
0001862
0000640
-000874
0000000
0002037
0002212
0001513
0002677
0004773
0005821
0005588
0004132
0002503
0002503
0003434
0002968
0001920
0001862
0002386
0002794
0002386
-000059
-002678
-002387
-000524
-000699
-001630
-000117
0002095
0001047
-001630
-002329
-001863
-003377
-004890
-002038
0001804
0000058
-004483
-004832
-002504
-002038
-003144
-004483
-004890
-002736
0000291
0000756
-000524
-000524
0000174
-000175
-000524
0001455
0003667
0001920
-001572
-002445
-000990
0000989
0002095
0000407
-001805
0000291
0004132
0003783
0000989
0000349
0001047
0000232
-000815
0000931
0003143
0001164
-002736
-003610
-002562
-003086
-004250
-003493
-001747
-001339
-001747
-001398
-000641
-000874
-001223
0000000
0001629
0001222
-000524
-001339
-001630
-002853
-004017
-002911
-001281
-003027
-005298
-002387
0002910
0004074
0002619
0003725
0005006
0000873
-004366
-002504
0003376
0006228
0004656
-002038
-008499
-006404
0001688
0008149
0010536
0008789
0002619
-008266
-016649
-011584
-000175
0001455
-003435
-003435
-000757
-001689
-003842
-001572
0002153
0001280
-002387
-004017
-003260
-000699
0001920
0001979
0000291
-000175
-000059
-001514
-002911
-001281
0002270
0005413
0007043
0006286
0004424
0004249
0005006
0004191
0002386
0000698
-000117
0000465
0002037
0004132
0005297
0003434
0000232
-000583
0000349
0000291
-000350
-000699
-000350
0001455
0002794
0000465
-003610
-005123
-004308
-003260
-002387
-001980
-002329
-003784
-005356
-005763
-004425
-000757
0002794
0002153
-000932
-001980
-001572
-002445
-003319
-001805
0000873
0002386
0002503
0001804
0001106
0002095
0003958
0004773
0004424
0003085
0001688
0002037
0002968
0002270
0000756
0000814
0001862
0002444
0002619
0002561
0002444
0002328
0002561
0003783
0004889
0003783
0001513
0000523
0000407
-000641
-001863
-001456
-000757
-002504
-005414
-006869
-006520
-004774
-002445
-001165
-000815
-000641
-000815
-002387
-003260
0000116
0004191
0001979
-003377
-004192
-001514
0000989
0002153
0000814
-001689
-002620
-001921
-000699
0000756
0002444
0003085
0001222
-001514
-001630
0000058
0001106
0001164
0000116
-000757
0001397
0004191
0002619
-000874
-000233
0002386
0001688
-000641
-000175
0001804
0001979
0000989
0000873
0001106
0000407
-000699
-001339
-001281
-000350
0000582
-000059
-001398
-001223
-000292
-000583
-001107
0000931
0003376
0002270
-001165
-004483
-005531
-001572
0004191
0005471
0003318
0001688
0000698
-000466
-000990
0000582
0002910
0003725
0002910
0000756
-000874
0000931
0004132
0003841
0001746
0002968
0003958
-002562
-011061
-011177
-004483
0003609
0007858
0001280
-009256
-009838
-002911
0002444
0005006
0005879
0003318
-005822
-013796
-007393
0005413
0006577
0000465
0000582
0004074
0002852
-000524
0000232
0003259
0004016
0002852
0002095
0001629
0000698
0000407
0002910
0005937
0005471
0002386
-000466
-001980
-000874
0001338
0001804
0000640
-000990
-002271
-001980
-001223
-002678
-004483
-002620
0000698
0001106
-000990
-003784
-005123
-001514
0003550
0003550
-000233
-003319
-004716
-004308
-002445
-000524
0000698
0000523
-000350
-000466
0000174
0000698
0000989
0000349
0000000
0002095
0004598
0003667
0000523
-001689
-001863
0000814
0003958
0002968
0000000
0000000
0001746
0002037
0000640
-002562
-005123
-003319
0000407
0000116
-002271
-001980
-000175
0000291
-000583
-001689
-002620
-002853
-002271
-001107
0000232
0001513
0001804
-000350
-002620
-000990
0002735
0004132
0003201
0001513
-000466
-002329
-003027
-001398
0000582
-001281
-003901
-000233
0005646
0005471
0001164
-001689
-001747
0001571
0005413
0003958
0000232
0001222
0004482
0003667
0000873
0001106
0002910
0002328
0000291
-001223
-001281
0001047
0003725
0002968
0000174
-001048
-000990
-001747
-002213
-000059
0002852
0002561
0000698
0001106
0002968
0004365
0003725
-001514
-007451
-007102
-002678
-000117
-000175
-002271
-004425
-002504
0000989
0000291
-002038
0000407
0004540
0003434
-000059
0000931
0004132
0003783
0001222
-000117
-000117
0000873
0001688
-000292
-002562
-000466
0003900
0005646
0004889
0003609
0002561
0002852
0003550
0002386
0000407
0000232
0000873
-000524
-002678
-002795
-001514
-000641
0000407
0004132
0007218
0003841
-001863
-000292
0003841
-000990
-009081
-008674
-001980
0004074
0006519
0003143
-003610
-008616
-008907
-002504
0006636
0012049
0010885
0000814
-010013
-007277
0002852
0004016
-000583
-000815
0002095
0004074
0004540
0003725
0001862
-000350
-001689
-000641
0001688
0002968
0003085
0003667
0003259
-000874
-004832
-001921
0004773
0008033
0007043
0002968
-001921
-004541
-004017
-001165
0002444
0004132
0003667
0002037
0000174
-000757
-000466
0000349
0001397
0002328
0002968
0003841
0004132
0002444
0000465
0001688
0004249
0003900
0001688
0000931
0001222
0000814
0000232
0000232
0000523
0000465
0000232
0000523
0000989
0001106
0000465
-001805
-004017
-003551
-001630
-001514
-002213
-000757
0001047
-000350
-003202
-003260
-001747
-001630
-002620
-003260
-003319
-002387
-001223
-001107
-001456
-000524
0000698
0000000
-001805
-002736
-002795
-002562
-002329
-002678
-002969
-002154
-000466
0001629
0002677
0000349
-002736
-001339
0002444
0003609
0002619
0001571
0000698
-000408
-001048
-000699
0000291
0001455
0001862
0000523
-001689
-002969
-003377
-003784
-004483
-006229
-007510
-005356
-001863
-001398
-002736
-002038
-000874
-003260
-006287
-004017
0000407
0000116
-003260
-005065
-004657
-002154
0000873
0001688
0000523
-000990
-002271
-003144
-002911
-000699
0002037
0002677
0001397
-000932
-002387
0000407
0004191
0002328
-001980
-001747
0001746
0004016
0004715
0004889
0003900
0000873
-002154
-001863
0000232
0000291
-001398
-003086
-004017
-003260
-001747
-001514
-002154
-002271
-001747
-000059
0001047
-001456
-005123
-004890
-002213
-001456
-002038
-001980
-001514
-001339
-001107
0000116
0001338
0000873
-000583
-001281
-001630
-002504
-003901
-005705
-006986
-006928
-005007
-000583
0003783
0004947
0002561
-002853
-006404
-000583
0009255
0012049
0008440
0003841
-000524
-005123
-006753
-000990
0006636
0006112
0000116
-003610
-004250
-002678
-000641
-001281
-003901
-006229
-007335
-006637
-004366
-001398
0001047
0001979
0001164
-001165
-002969
-001223
0002270
0002968
0001746
0001688
0002503
0003434
0003609
0001746
-000699
-000699
0000814
0001106
0000582
0000291
0000582
0001571
0003026
0004773
0005180
0001513
-003202
-003202
-000757
-001863
-004774
-004716
-002911
-002445
-002795
-002213
-001456
-002329
-003668
-003202
-001339
0000873
0002212
0001106
-001456
-003144
-003377
-002096
-000233
0000756
0000873
0000814
0000873
0001688
0002386
0001397
0000000
0000989
0002735
0001688
-000815
-001747
-000990
0000873
0002386
0001338
-001048
-001630
-000641
0000465
0001455
0002794
0003259
0001338
-001514
-002620
-001630
0001280
0003900
0002677
-000932
-003086
-003435
-003027
-002038
-000874
-000175
-000292
-001165
-002038
-002911
-004017
-004948
-005356
-005472
-006287
-006869
-005938
-003842
-001514
0000000
-000117
-001456
-002969
-002795
0002095
0008324
0009954
0007218
0002619
-001514
-002678
-000815
0002910
0005879
0003958
-000233
-000641
0001571
0002561
0001979
0000000
-001921
-000874
0001455
0001571
-000117
-001747
-002736
-002969
-002213
-000350
0000989
-000874
-004250
-005647
-004890
-003144
-001281
-000233
-000292
-000932
-002096
-003726
-005123
-006054
-005589
-002736
0000756
0002037
0001338
0000523
-000350
-001805
-002678
-001398
0001106
0002735
0003026
0002561
0001629
0000640
0000407
0001979
0003841
0003259
0001047
-000524
-000932
-000641
0000756
0004482
0006461
-000524
-009896
-008849
-000932
0004191
0004773
0000640
-004541
-004192
0000523
0004831
0007625
0010245
0008848
-003144
-015426
-009256
0005879
0007509
0000523
0000698
0005006
0005413
0003143
0001979
0002095
0003376
0004424
0002386
-000815
-001281
0000349
0001688
0002444
0002852
0002794
0002270
0001862
0002735
0004074
0004132
0003318
0002735
0001920
-000524
-002969
-002620
-000641
-000117
-000524
-000233
0000232
-000175
-001339
-003202
-004425
-002853
-000524
-001630
-004192
-003377
-001223
-002736
-005822
-005880
-003493
-000990
0000814
0001280
0000873
0001338
0002095
0002037
0001338
0000756
0000523
0000873
0001338
0001164
0000582
0000232
-000117
-001223
-002096
-000932
0001222
0002037
0001629
0001047
0000582
0000640
0001164
0001688
0002095
0002561
0002503
0001164
-000815
-002387
-002969
-001747
-000292
-001747
-004017
-002329
0001338
0002095
0000756
0000349
0000232
-001921
-004017
-001980
0001804
0001920
-000117
-000292
0000873
0001455
0001571
0001920
0001862
-000408
-002795
-001339
0002095
0003492
0002968
0002095
0001338
0001513
0001862
0000582
-001223
-001456
-000350
0000640
0000931
-000641
-002445
-001456
0000814
0001047
-000466
-002329
-003610
-003027
-001921
-002969
-005065
-005996
-005531
-003668
-001980
-003027
-005356
-006054
-004192
0000931
0005588
0003143
-002387
-002387
0001629
0004656
0005355
0003085
0000058
0000814
0003609
0003550
0001920
0001862
0003085
0004540
0005238
0003725
0001920
0004132
0007800
0007509
0004598
0002677
0002037
0001746
0002153
0004074
0005704
0004016
0000698
-001048
-000699
0001338
0003318
0002735
0000291
-001689
-002678
-003027
-002678
-002038
-001456
-001630
-002038
-001107
-000874
-005239
-010537
-010187
-005239
0000582
0004016
0001688
-003842
-006520
-005414
-001572
0003550
0008149
0009371
0004016
-003377
-004308
-000350
0002328
0003492
0004482
0004947
0004947
0004307
0002328
0000174
-000059
0000640
-000233
-001630
-000990
0000873
0001688
0001688
0001920
0002619
0004016
0005006
0003085
0000291
0000523
0002153
0000989
-001572
-001980
-001223
-002038
-003493
-003319
-002445
-003202
-004133
-002620
0000291
0002153
0002794
0002910
0002561
0001979
0000931
-001630
-003901
-003202
-000466
0001513
0002153
0001338
-000524
-002620
-003901
-003493
-001863
-000524
0000000
-000757
-001747
-000757
0000873
-000117
-002620
-004133
-004599
-004948
-004657
-003202
-000990
0001513
0002910
0000989
-002154
-002271
-000757
-001572
-003319
-002445
-000874
-002445
-005705
-007626
-007102
-002911
0001920
0002037
-000408
0000523
0003318
0004132
0002735
-000757
-003668
-001630
0002794
0003550
0001571
0000116
-000292
0000174
0001047
0000989
0000116
-001339
-002271
-001281
0000640
0001047
0000291
-000641
-001165
-000757
0000116
0000640
0000407
-000874
-002213
-001514
0000000
-000408
-002213
-003668
-004541
-005589
-005589
-002445
0000814
-001165
-005472
-005414
-002620
-001747
-002096
-001048
0000174
-000990
-002969
-002213
-000350
-001572
-003377
-000292
0004773
0006112
0003958
0000232
-002387
0000000
0004656
0005588
0003434
0001397
-000059
-001165
-001223
0000640
0002677
0001862
-000641
-001747
-001223
0000407
0002270
0003143
0002619
0000407
-002038
-002213
-001165
-001805
-003260
-003377
-002504
-001805
-001689
-002445
-003493
-003610
-002445
0000058
0002561
0002619
0001164
0000640
0000989
0000931
0000931
0001862
0002328
0000116
-003377
-005589
-005414
-001805
0002503
0003667
0001164
-004541
-008732
-004483
0004424
0009721
0009080
0001688
-007451
-009838
-006054
-000292
0003841
0002037
-003144
-004948
-003842
-002911
-002271
-001398
-000990
-002213
-003668
-002795
-000641
0000232
-000117
-000990
-001805
-002096
-001805
-001630
-001165
0000814
0002561
0001106
-001980
-003377
-002445
0001222
0004773
0003318
-000466
0000116
0003085
0003143
0001513
0001571
0002386
0001804
0000174
-001747
-002736
-001281
0001164
0002153
0001164
-001689
-004250
-003086
0000989
0006403
0009255
0004249
-003901
-005298
-001689
0000232
0000291
-000117
-001048
-002445
-003610
-004075
-003668
-002736
-001689
-001107
-001223
-002271
-002969
-001339
0001397
0002561
0002503
0002910
0002852
0000349
-002562
-002387
0000174
0002386
0003259
0002037
-000233
-001048
-000641
-000350
-000233
-000292
-000466
-000408
-000350
-000815
-001165
0000349
0002037
0000349
-002562
-002329
-000175
0000465
-000641
-003435
-005356
-001689
0003550
0001920
-003260
-003610
-000874
-000583
-001630
-001165
0000640
0002735
0004074
0002968
0000989
0001688
0003259
0000640
-002387
0001804
0008265
0006519
0000523
0000000
0003318
0005122
0004889
0002503
-000059
0000640
0003201
0004307
0003841
0002910
0002037
0001979
0001862
-000641
-003144
-001223
0002677
0003085
0000931
-000641
-001048
-000292
0001629
0004598
0006228
0003085
-002387
-005065
-004832
-003493
-001689
-000117
0000698
0000698
0000116
-000117
-000175
-000408
-000583
-000641
-000117
0001688
0003318
0001979
-000583
-000583
0001047
0001338
0000873
0001338
0002386
0003026
0003434
0004540
0005180
0003376
0001047
0001862
0004132
0004307
0002212
-001107
-004483
-006928
-006986
-002736
0001513
-001863
-008790
-010711
-007160
-000757
0006112
0011001
0010594
0001222
-009838
-009955
-002096
0003841
0005821
0003667
-000932
-004133
-004774
-002736
0000814
0003434
0004307
0003376
0001513
0000116
0000174
0002386
0004831
0003783
0000989
0000873
0002037
0000814
-001630
-002911
-002096
0001455
0005238
0004598
0001804
0002735
0004831
0002444
-002271
-004774
-004599
-003144
-000932
0001513
0002794
0001513
-001048
-001630
-001223
-002562
-004250
-003901
-001921
0000232
0001455
0000465
-001572
-002387
-001863
-001281
-000408
0001164
0002386
0001920
0000465
-000350
-000466
-000466
-000699
-002271
-003377
-000641
0003259
0002910
0000116
-000757
0000349
0002212
0003725
0003376
0002212
0003667
0005122
0001280
-004192
-003377
0000698
0000698
-001921
-002387
-001281
-000175
0000291
-000233
-001398
-002213
-002329
-001689
-000699
-000408
0000000
0002910
0005646
0003667
-000292
-000350
0002677
0005413
0006519
0004656
0001280
-000757
-000932
-000233
0001397
0004365
0006286
0003143
-002096
-003377
-001514
-000175
0000698
0002212
0003376
0002968
0001804
0002095
0002735
0000989
-001339
-001048
0000931
0002444
0002328
-000466
-004075
-004716
-003551
-004017
-004716
-002736
0000465
0001920
0001746
0001455
0001047
0000174
-001281
-004133
-005763
-001572
0004191
0003318
-001339
-002445
-000117
0003550
0006636
0006228
0003667
0002386
0002619
0003841
0005006
0004249
0002212
0000465
0000116
0002852
0005821
0003609
-001048
-001921
0000174
0002095
0002735
0000873
-002213
-003784
-003610
-002329
-001165
-002329
-004017
-002213
0000931
0000931
-001107
-001572
-000990
-001398
-001921
-000233
0000814
-004425
-010711
-008325
-000292
0006112
0007043
-002329
-013273
-009838
0002503
0009488
0010070
0007683
0002794
-004425
-009081
-004541
0003725
0003667
-001281
-001398
0001280
0000407
-001572
0000931
0004831
0003550
-000175
0000349
0003085
0002503
0000349
0001222
0003085
0001397
-002213
-004250
-004250
-002678
-000874
-000990
-002620
-004250
-004774
-002736
0000291
0001280
0000349
-000815
-002213
-004133
-005589
-005414
-003377
0000349
0003609
0003259
0000640
-000175
0000291
-000059
-000466
0001222
0003026
0001397
-001689
-001456
0000407
-000408
-002620
-003027
-002271
-002038
-002271
-002678
-002678
-001572
0000174
0001397
0001746
0001106
0000407
0001513
0002968
0001979
-000990
-004890
-007568
-006578
-003260
-001398
-001107
-001281
-002329
-004890
-007102
-005996
