0003259
0002095
-000292
-002504
-003319
-001456
0001280
0001629
0000000
-001281
-002213
-003377
-004657
-006462
-007219
-004890
-000757
0002444
0003609
0001979
-000874
-002154
-001980
-001980
-001863
-000990
0000058
0000232
-000233
-000641
-001398
-003901
-005589
-001863
0003434
0002503
-002329
-004599
-004308
-003551
-002271
0000174
0001688
-001223
-005880
-006753
-004541
-002445
-001165
-000815
-001107
-000583
-000117
-002038
-003784
-000292
0004656
0003201
-001572
-001514
0000989
-000175
-003027
-002969
-000699
0001571
0002619
0001164
-001805
-003901
-004541
-003842
-002969
-004425
-006753
-006054
-004599
-007859
-011759
-008499
-001281
0002444
0002270
0000465
-002562
-006520
-009431
-009140
-006462
-004075
-002853
-003144
-004774
-007160
-009023
-008790
-006753
-004599
-002329
0001047
0003085
0000174
-004890
-006578
-005065
-002795
-001281
-002795
-005705
-006928
-005822
-002213
0001338
0000523
-003319
-006637
-007859
-006113
-002736
-000292
-000466
-004657
-009664
-009605
-006113
-004483
-003959
-001048
0001455
-001514
-005938
-003493
0002328
0003201
0001164
0002619
0005238
0004365
0000407
-005007
-009198
-008558
-005123
-004425
-005181
-002969
-000117
-001223
-004657
-006404
-006171
-005007
-003144
-000641
0001106
0000465
-001398
-001863
-001689
-002911
-005065
-007510
-008849
-006637
-004075
-007219
-012341
-011061
-005705
-002562
-001689
-000466
0000000
-002504
-004890
-001630
0003376
0001455
-003959
-004366
-002096
-003493
-006928
-008849
-008325
-004599
-000874
-003202
-007859
-006869
-001456
0004074
0007392
0006403
0001920
-003435
-006928
-005647
-001805
0000058
-002096
-011410
-019152
-008965
0006810
0000989
-013331
-004133
0013563
0004656
-014961
-008558
0010536
0009488
-003027
-003784
0003318
0006403
0005180
0001920
-001514
-001980
-000990
-002620
-005239
-004832
-002620
-002620
-002213
0004831
0011875
0006810
-004774
-010071
-009314
-007801
-005996
-003959
-002853
-003901
-005880
-005880
-004890
-005705
-006869
-005472
-002504
-000117
0000989
0000756
-000117
-000175
0000582
0001804
0001920
-001805
-007102
-009664
-009431
-008383
-006986
-005996
-005239
-003668
-002387
-003144
-005239
-007044
-007684
-006520
-004425
-003260
-002969
-002213
-001980
-004541
-007335
-005414
-001747
-002736
-005880
-004541
-001165
-001514
-003959
-004017
-002329
-001339
-001339
-002038
-003377
-005414
-006578
-004133
-000815
-002038
-005822
-007277
-006520
-005472
-004075
-001514
0000291
-001165
-004657
-007568
-008325
-005589
-002387
-004890
-009780
-008849
-005414
-007743
-012399
-011410
-006869
-004308
-004017
-004774
-005705
-005123
-004075
-004948
-006695
-006869
-005880
-005065
-004657
-004774
-004948
-004483
-003842
-004133
-004774
-004425
-003551
-003377
-004017
-005472
-006462
-004425
-001747
-003435
-006869
-005996
-002736
-002154
-003260
-003144
-002678
-004366
-006637
-006986
-005647
-003551
-002329
-004716
-007743
-005589
-000874
0000582
-001165
-004017
-006229
-005123
-002387
-002795
-003726
0001455
0006985
0001804
-007743
-008208
-002504
-000117
-000524
-000233
-000117
-002154
-004366
-002969
0000000
-000117
-002504
-004948
-006113
-004948
-002678
-001980
-002795
-003726
-004425
-004890
-004192
-000932
0002386
0001106
-002213
-001514
0000582
-002736
-007917
-007801
-003901
-000699
0000465
-001165
-004599
-007743
-008907
-006520
-002096
0001047
0002212
0001920
0000582
-000757
-001456
-000583
0000174
-002911
-006520
-004133
0000582
-001339
-005880
-003726
0001513
0001746
-001223
-001863
-000175
0003259
0005646
0002561
-002853
-003784
-001339
0000232
0001164
0003376
0005297
0004656
0002270
0000291
-000641
0000000
0000931
-001048
-003493
-001456
0002386
0001920
-000815
-000466
0001862
0002968
0003085
0003026
0003492
0005937
0008091
0005937
0001979
0001920
0004074
0003434
0001571
0002561
0004540
0003259
0000756
0001338
0003783
0004947
0004831
0005122
0004773
0001862
-001048
0000640
0004540
0005530
0003783
0001164
-000350
0002444
0006636
0006286
0003318
0002852
0004598
0006985
0008324
0006053
0002153
0000407
0001222
0003958
0006577
0005588
0002910
0003143
0005297
0006286
0006170
0005995
0005704
0005355
0004889
0004074
0002735
0000291
-001223
0001688
0006170
0006519
0004365
0004132
0005879
0008848
0010885
0008498
0004191
0003550
0005180
0004540
0002561
0001920
0002212
0002444
0002677
0003259
0003667
0002677
0001920
0005006
0008964
0008033
0004191
0002270
0002503
0003318
0004947
0008498
0010827
0006636
0000232
0000465
0004540
0004482
0002444
0004424
0007916
0007625
0005297
0005762
0007334
0005995
0003492
0003376
0004889
0005471
0005588
0006519
0007392
0006694
0004773
0002619
0000931
0000000
0001164
0006286
0011991
0013039
0009371
0002212
-003144
0001222
0010186
0012457
0008848
0004424
0001513
0002619
0005995
0007392
0006403
0003725
0000989
0000756
0001979
0000814
-000641
0002328
0006286
0004307
-000641
-002038
0000000
0003667
0006519
0004307
0000116
0000814
0004424
0005355
0004132
0002677
0002037
0004074
0006286
0003609
-000990
-001048
0001629
0001920
0001047
0002677
0005238
0006053
0004773
0002037
-000583
-000350
0001513
0001746
0000931
0001164
0001746
0000465
-000990
0000465
0002852
0002212
-000932
-004250
-006404
-005531
-003377
-003551
-005298
-005938
-005531
-004716
-003668
-002445
-001398
-001165
-000990
0001338
0003085
-000583
-005996
-005705
-002271
-002853
-005763
-006637
-005298
-002387
0000640
0001688
0001164
0000814
0000407
-000815
-002271
-002853
-003086
-004890
-006753
-006171
-003610
0000000
0001629
-003493
-010537
-010362
-005356
-002387
-002445
-005007
-007801
-006345
-003144
-004075
-007684
-010013
-010187
-008150
-005531
-005298
-006811
-007743
-007626
-006229
-003959
-000874
0000756
-002620
-007393
-006345
-002329
-002387
-005763
-009256
-011177
-009372
-005705
-004192
-004308
-002795
-002154
-007393
-013505
-010595
-003668
-004483
-009547
-009489
-006054
-004599
-004716
-004192
-003319
-002911
-002620
-002096
-001514
-001689
-002271
-002387
-002562
-003901
-005531
-005414
-004716
-006054
-008266
-008790
-007626
-005472
-003086
-001456
-000699
-000350
-000466
-001223
-002096
-002445
-002096
-001223
-000350
-000292
-000815
-001223
-001165
-000524
0000349
0000756
0000814
0001280
0001688
0000989
0000174
0000698
0002212
0003609
0004715
0005879
0005995
0003259
-000292
-001514
0000232
0004540
0008324
0006461
0001513
0000116
0001338
0001862
0001746
0001920
0002561
0004365
0005471
0002561
-001514
-001456
0001746
0004715
0006286
0006053
0004424
0002619
0001746
0003143
0005180
0004715
0002328
-000641
-002213
0000640
0004773
0003667
0000407
0002386
0007101
0009022
0008091
0005762
0003958
0005530
0009080
0011409
0011816
0010012
0007800
0008731
0010827
0009255
0005762
0004540
0005064
0004656
0004656
0007916
0011933
0013097
0010419
0002503
-003377
0005355
0019093
0017521
0006985
0005297
0008906
0007392
0002386
-001630
-003027
-000641
0003667
0005821
0006170
0006694
0008324
0013272
0017521
0014261
0006344
0000582
-002387
-004948
-004716
0001397
0010885
0020140
0025496
0023633
0018511
0020024
0022294
0011292
-003260
-002154
0008440
0011292
0009080
0011234
0015658
0017405
0016648
0015484
0014319
0013737
0012515
0007451
0002037
0002212
0006868
0011816
0015251
0015542
0013737
0012748
0012107
0009895
0006636
0002561
-000059
0001862
0006519
0009139
0010769
0014843
0019384
0021654
0020548
0015251
0009663
0010477
0013970
0010303
0004482
0007567
0014960
0015833
0012224
0011292
0011991
0011176
0009488
0008557
0008265
0007800
0008149
0011642
0015484
0014727
0011409
0011118
0012398
0011525
0009313
0007974
0007625
0007683
0008265
0009895
0010943
0008789
0005821
0006927
0009604
0007683
0003783
0003900
0006112
0005006
0002910
0004656
0008382
0009895
0009546
0009895
0010128
0008324
0006170
0006752
0008324
0007043
0004132
0002735
0002619
0002386
0002444
0003376
0005471
0009488
0012457
0009895
0004424
0001571
0002037
0004482
0007683
0010012
0010070
0007218
0003201
0001222
0001688
0003492
0005413
0005937
0004831
0000000
-000059
0019966
0032752
0032752
0020897
-032752
-032752
-032752
0032752
0032752
0001164
-011119
0005762
0006403
-003668
-008732
-008499
-005181
-001281
-000932
-003668
-006986
-008732
-006578
-001572
0004132
0006636
0001629
-008092
-016823
-020956
-017406
-010071
-007917
-008441
-003551
0002503
0001397
-003842
-005298
-004192
-004657
-006695
-010304
-012574
-008907
-002678
-000641
-002736
-006229
-009664
-011468
-011293
-009896
-008208
-007917
-007859
-004541
-001514
-005880
-012690
-011817
-006113
-003959
-004832
-005298
-006113
-009431
-012807
-011817
-008849
-009605
-012458
-013273
-011992
-009547
-007393
-007684
-010071
-013156
-015252
-014088
-011119
-009722
-010071
-011235
-012225
-011584
-010246
-010711
-011876
-011177
-009664
-009605
-010653
-011526
-011701
-011002
-010013
-010129
-010828
-010304
-010071
-013796
-017464
-013331
-005880
-004832
-008383
-010537
-010653
-008732
-006869
-008907
-012632
-013098
-010770
-007975
-006054
-006637
-008616
-009198
-009198
-011119
-013214
-012574
-010013
-008150
-007451
-007626
-009023
-012050
-015194
-016358
-014844
-010595
-006054
-005123
-006811
-007451
-007451
-008849
-009896
-007160
-003726
-005414
-009896
-010653
-010246
-016009
-022121
-017697
-008208
-006171
-009256
-008907
-007451
-010362
-015252
-017522
-016882
-014961
-012167
-008907
-006462
-005996
-006811
-006695
-006578
-009023
-012108
-012516
-011119
-010886
-010828
-008266
-005763
-007684
-012108
-014786
-014495
-010711
-006404
-006986
-010420
-011061
-009489
-008208
-007626
-008034
-008616
-007626
-006345
-007626
-010071
-010770
-009838
-008325
-006695
-005065
-003901
-003144
-002853
-002445
-002387
-003726
-005123
-003551
-001863
-006404
-012225
-009256
-001805
0000349
-001630
-002387
-002620
-004308
-006520
-007801
-007219
-003842
0000000
0000116
-002213
-003144
-002969
-002154
-002853
-009664
-015834
-008383
0003725
0000291
-009081
0000116
0013737
0000349
-022353
-016300
0005297
0008615
-000059
0000058
0005413
0006170
0003609
0002444
0001280
-003435
-008325
-007975
-003202
0003085
0007916
0007858
0004773
0003376
0003609
0003609
0003143
0001746
0000407
0000640
0002037
0002677
0003318
0006519
0009197
0005879
0000640
0003143
0007509
0000989
-010478
-015019
-011002
0000873
0012864
0010361
0004132
0019908
0032752
0032752
0005995
-016300
-023692
-006462
0017870
0013563
-005472
-002620
0012398
0013795
0005355
-000990
-002387
0003026
0011292
0014960
0013388
0008207
0004249
0009488
0018278
0017987
0011991
0010245
0010652
0006927
0001920
0000698
0002910
0006519
0009197
0008673
0005413
0000814
-000874
0007159
0017754
0017114
0008789
0003609
0002503
0003725
0006112
0006694
0006228
0006286
0008033
0013504
0018569
0016124
0009895
0008265
0011001
0014960
0017579
0016008
0011001
0004424
0001047
0007509
0018336
0023459
0020432
0008906
-002678
-000292
0010652
0015484
0014436
0012398
0010594
0010769
0012166
0012398
0011758
0011525
0011409
0010710
0009837
0009080
0008789
0009255
0010186
0011060
0011758
0012340
0012398
0011351
0009313
0006170
0004016
0005879
0009488
0009663
0007916
0008207
0009954
0011642
0011933
0008615
0005122
0008091
0013388
0012107
0007101
0005879
0007509
0008440
0008673
0008789
0008964
0010070
0011351
0012224
0011583
0007451
0003259
0005413
0009954
0007683
0002735
0004656
0009954
0010536
0007392
0004831
0003667
0004016
0006286
0011467
0015076
0009546
0000814
0001629
0007683
0007451
0003667
0004831
0007218
0001804
-005065
0000058
0009663
0007159
-002154
-005181
-002562
0000349
0002735
0004016
0003783
0002037
0000000
-000524
-000117
-000932
-001863
-000466
0001455
0000232
-002678
-003726
-002969
-001339
0000232
0001106
0000291
-003610
-007277
-005239
0000349
0004482
0005471
0002270
-002154
-002038
0001222
0002968
0002968
0001979
0000407
-001572
-002445
0000174
0003783
0003958
0001455
-000932
-002504
-003027
-003086
-004133
-005705
-006986
-007451
-006404
-005007
-005239
-006287
-005996
-005123
-005763
-006869
-006229
-004366
-002911
-002096
-001572
-002271
-005531
-009431
-010711
-009198
-005880
-003027
-003842
-006928
-008849
-008849
-006811
-004657
-005822
-008965
-010537
-010537
-010537
-009372
-004366
0000523
-001572
-007568
-009372
-008499
-010537
-012632
-008907
-002911
-001514
-004192
-007743
-010478
-010711
-008907
-006520
-005239
-007510
-010653
-008790
-005181
-007568
-011584
-007451
-000117
-000350
-005531
-008383
-008034
-005007
-001630
-001398
-004308
-008907
-012516
-011293
-007160
-004948
-004483
-003435
-002969
-005065
-007684
-006986
-004774
-005589
-008383
-010653
-011468
-010420
-008558
-008383
-008849
-006578
-004192
-006695
-011526
-012807
-011293
-010071
-009605
-009838
-010828
-012225
-013156
-012167
-010537
-010362
-012341
-017697
-022062
-018162
-010537
-009256
-012399
-013214
-012167
-010420
-011293
-020665
-031202
-029630
-020374
-015717
-015077
-013680
-011701
-008965
-006928
-007335
-010187
-016009
-019559
-011817
-001689
-007801
-020258
-016009
-004308
-007393
-018919
-022761
-020083
-017813
-015776
-012458
-009780
-010304
-012749
-014670
-013913
-007393
-000117
-000990
-007219
-011177
-011584
-009198
-005007
-000408
0001513
-003027
-010362
-013156
-011352
-007859
-004308
-002562
-003086
-005181
-008208
-011643
-013505
-011701
-007626
-004541
-003377
-004075
-005705
-005996
-006113
-008790
-011934
-011293
-008965
-010187
-012516
-010304
-005822
-004133
-005181
-007451
-009722
-010304
-009256
-007684
-006113
-004599
-003784
-003842
-004483
-005007
-005007
-004017
-002678
-002271
-002213
-000932
0000640
0000756
0000465
0002386
0004424
0002328
-001572
-002154
-000524
-000466
-000350
0003783
0008440
0007043
0002910
0003958
0007567
0006636
0003783
0004947
0008440
0009837
0009313
0008906
0008324
0006577
0005355
0007742
0011583
0012515
0011001
0009197
0007742
0006694
0006577
0007742
0009313
0009663
0009663
0011758
0014378
0014785
0013213
0010885
0009022
0009313
0010827
0011467
0010885
0009313
0007334
0005646
0005530
0008557
0013097
0016357
0016997
0014552
0010943
0009488
0010536
0013039
0015309
0015076
0012864
0010769
0009197
0008091
0007800
0008498
0009488
0009371
0008906
0009954
0011583
0011933
0011409
0010885
0011001
0012864
0014843
0013330
0010827
0012457
0016299
0017928
0017055
0015018
0012340
0009371
0008149
0011001
0016008
0020199
0020839
0014669
0007392
0009488
0017055
0019966
0018452
0016066
0013970
0013679
0014145
0011933
0009255
0010594
0013970
0014494
0013970
0017579
0021188
0017114
0009313
0006228
0008033
0011700
0015484
0017463
0017288
0016240
0014785
0013621
0013272
0014261
0015076
0012748
0009139
0008324
0009663
0010419
0011176
0014145
0016473
0012981
0007916
0010070
0015833
0016822
0014203
0012631
0012049
0010885
0011060
0016531
0021596
0014843
0004365
0007858
0017405
0014203
0004365
0003376
0008265
0009080
0007683
0009954
0012398
0008324
0000989
-002445
-002445
-003027
-002387
0003550
0010361
0010303
0006053
0005238
0006577
0005238
0003318
0004889
0008557
0011467
0012049
0008848
0003667
-000292
-001398
0001106
0005530
0008557
0009546
0009197
0008091
0007625
0007800
0008149
0007916
0005704
0002910
0001862
0002677
0004191
0005879
0006694
0006927
0007625
0008789
0010419
0011642
0012282
0009837
-000990
-010362
-000059
0016299
0009371
-008092
-004948
0009197
0009604
0001222
-001281
0000407
-000175
-001980
-002853
-002329
0000523
0002968
0000407
-004541
-005938
-004483
-003319
-003027
-003493
-004716
-006113
-006811
-005123
-002911
-003668
-006113
-007044
-006520
-005938
-005065
-003202
-001398
-001339
-002562
-003144
-003668
-005589
-007335
-006171
-003435
-002271
-002853
-004366
-006171
-007743
-008499
-008499
-008034
-007801
-008034
-009256
-010304
-008965
-006578
-006287
-007219
-006462
-005531
-007568
-010653
-010770
-009198
-009722
-010944
-009489
-006986
-006986
-008383
-007917
-006753
-007859
-010013
-010711
-009664
-006811
-004832
-008266
-013796
-014786
-012050
-009431
-008150
-009372
-011701
-011992
-010711
-010129
-010071
-009605
-009023
-008732
-008965
-009780
-010537
-010362
-009896
-010537
-012050
-013738
-014320
-011468
-008150
-009838
-014320
-016300
-015252
-011876
-008499
-009198
-012283
-013447
-012632
-011002
-009314
-008849
-009489
-010304
-011061
-012283
-012399
-009140
-004832
-003435
-005531
-010595
-015368
-015135
-011584
-009896
-010013
-009722
-009780
-011526
-013564
-013156
-011526
-011759
-012516
-010246
-008092
-013447
-019152
-011061
0001979
0001106
-007859
-008790
-005123
-007684
-012167
-009198
-003493
-005647
-011759
-011934
-008616
-008616
-010537
-010653
-009547
-009198
-009605
-010362
-010711
-008965
-006404
-005647
-005938
-004366
-003086
-006578
-011410
-010595
-006986
-007160
-010246
-013040
-013389
-008849
-002329
0000640
-000292
-003319
-006171
-005239
-002271
-001456
-002562
-003435
-004075
-004948
-005356
-004192
-003086
-005181
-008150
-006928
-003784
-004366
-006695
-006113
-003202
0000000
0001979
0001338
-000932
-002445
-002096
0001338
0005588
0006577
0005064
0004132
0003725
0002968
0002212
0001513
0001629
0003667
0005646
0004074
0000640
-001223
-000641
0002794
0006636
0006868
0004598
0002968
0003026
0005762
0008731
0007392
0004074
0004249
0006286
0005762
0003841
0003550
0004773
0007218
0008848
0006519
0002735
0002910
0005413
0005588
0004598
0005821
0007742
0007334
0005064
0002270
0000174
-000175
0001688
0005937
0009954
0009837
0007159
0006461
0007683
0009546
0011409
0012806
0012457
0008440
0003958
0004831
0008906
0010594
0009604
0007043
0004307
0003725
0005180
0007392
0009488
0010419
0010885
0013970
0015949
0009721
0001455
0003143
0010012
0009663
0005297
0005704
0009139
0011060
0010769
0007509
0004656
0008324
0014028
0012107
0006403
0006519
0010186
0011234
0010128
0009255
0009371
0010769
0013213
0016124
0017288
0013330
0007625
0006868
0009895
0012457
0013912
0014902
0014261
0010361
0006286
0007392
0011409
0012049
0010710
0012107
0013737
0009954
0005471
0009721
0016764
0014145
0005762
0002095
0002444
0001688
0001862
0007451
0013621
0011816
0005704
0004365
0006927
0009371
0010070
0006868
0003318
0006927
0012398
0008091
-000408
-000583
0004424
0004598
0003725
0012166
0020839
0012398
-002969
-003959
0006344
0016648
0021188
0012922
0000640
0002677
0012224
0011525
0004249
0001862
0002386
-000932
-004192
-000175
0007451
0010536
0010012
0011176
0011991
0008731
0003376
-000408
-001165
0001688
0006053
0008324
0007509
0003609
-000350
0000873
0005180
0007276
0007218
0007509
0006868
0002735
-002038
-003202
-000874
0002561
0005879
0008033
0008149
0006403
0003259
-000815
-002620
0002619
0010245
0011176
0006985
0003783
0001920
0000174
-000524
0000814
0003201
0005180
0005471
0002561
-001107
-000874
0001222
0000058
-002678
-003202
-001689
0000582
0002619
0003667
0003201
0000989
-001456
-001689
-000233
0000989
0000931
-001630
-004657
-003901
-001223
-001048
-002620
-003202
-003202
-003668
-004017
-003435
-002096
-000583
0000058
-001514
-003493
-001980
0000698
-001223
-004774
-003144
0000349
-001921
-006811
-007102
-004774
-005531
-007859
-008383
-007102
-004832
-003086
-004425
-007277
-008092
-007219
-006345
-006113
-007277
-009372
-011061
-012458
-014495
-015834
-014320
-011526
-010711
-010653
-007684
-004192
-004599
-007219
-006986
-006171
-010071
-014611
-011643
-005589
-006753
-011817
-012167
-009547
-009256
-010595
-011177
-010653
-008325
-006928
-011119
-017173
-017115
-013447
-012865
-014495
-015310
-015077
-014146
-012574
-010362
-008849
-009547
-011584
-012923
-012690
-010129
-007743
-010420
-015310
-016183
-013796
-011468
-009780
-008907
-009198
-010420
-012050
-013447
-014204
-014379
-013564
-011119
-008732
-008965
-010944
-012225
-012632
-013040
-013040
-012225
-010944
-009722
-008674
-007917
-007393
-007277
-006637
-003260
-000583
-004425
-011061
-013040
-010537
-006404
-003260
-004308
-008674
-013622
-015834
-010653
-003493
-005239
-011410
-009896
-005007
-007044
-012574
-013040
-010187
-009314
-010071
-010304
-010711
-013505
-015601
-011235
-005007
-005880
-011002
-012632
-011002
-008208
-006287
-008208
-012225
-014437
-013796
-010071
-005472
-003493
-004075
-005007
-005705
-005181
-004308
-004948
-006229
-005822
-005298
-007975
-011410
-010711
-007626
-006404
-006869
-007684
-007626
-004599
-000757
0000000
-001572
-002154
-002795
-006054
-009431
-008383
-004890
-003551
-004192
-005065
-005472
-004133
-002445
-003260
-005123
-004948
-002736
0000873
0003492
0001222
-002969
-002504
0000756
0001746
0000582
-001339
-002736
-001805
0000640
0002444
0002794
0000640
-001921
-001223
0001164
0001164
-000175
-000524
0000873
0005006
0008789
0007276
0002561
0000058
-000059
0000407
0001397
0003085
0004365
0003376
0001746
0002619
0004482
0003667
0001571
0001338
0002444
0003376
0003434
0001629
-000059
0002037
0005413
0004191
0001222
0002794
0006752
0007974
0006868
0005879
0005297
0005471
0005821
0005122
0004307
0004889
0006228
0007334
0006985
0003492
0000058
0002328
0007625
0009546
0008731
0008615
0008673
0007683
0005762
0002852
0000465
0000756
0003201
0006344
0008498
0007101
0005064
0008789
0014087
0012340
0006344
0003143
0003492
0006577
0010012
0009139
0006344
0007567
0011351
0014028
0014610
0012631
0009779
0009371
0010477
0009954
0008848
0009139
0010769
0013563
0015251
0011991
0007567
0009663
0015775
0019791
0020606
0018860
0015658
0013388
0012457
0012457
0012689
0011816
0010536
0010536
0011292
0011409
0011583
0013504
0015425
0013737
0011234
0013970
0018452
0016881
0011933
0010245
0011292
0012340
0012457
0011292
0008440
0002852
-000757
0005762
0015251
0012864
0004191
0003318
0008149
0011001
0011583
0011583
0010477
0007974
0005646
0006112
0008498
0010070
0011234
0014087
0016008
0013097
0007742
0005530
0005762
0004715
0003958
0006868
0010303
0008265
0003201
0000989
0002095
0005471
0009371
0011351
0011700
0012689
0013330
0011292
0008324
0008149
0008731
0005355
0000814
0000582
0003550
0005937
0007334
0008149
0008498
0009022
0009371
0008557
0007392
0007392
0008149
0008382
0007974
0006694
0005937
0007916
0010827
0011409
0009663
0007392
0005122
0002852
0002153
0005238
0009255
0008906
0006170
0006868
0008731
0006170
0002095
0002910
0006403
0007043
0005238
0003026
0001862
0004132
0007334
0006286
0002677
0000873
0000174
-002329
-004250
-001048
0004074
0004191
0001804
0003434
0006810
0006228
0003434
0002910
0003492
0001920
-000932
-003493
-004192
-000932
0003143
0002212
-001339
-001398
0001106
0002852
0003318
0002037
0000291
0000814
0002153
0000465
-002271
-002329
-000117
0002968
0004132
-001281
-008383
-008441
-002969
0002328
0005006
0002910
-001572
-003260
-002271
-001048
-000408
-001514
-003260
-003610
-002620
-001048
-000175
-002096
-005065
-005414
-003842
-002969
-002853
-002736
-003726
-007626
-011643
-011061
-007684
-006345
-006753
-006695
-006345
-005996
-006404
-009780
-012574
-008383
-001514
-000874
-004366
-005298
-004308
-003959
-004541
-006520
-008325
-007335
-005065
-005123
-006578
-006869
-006695
-007859
-009605
-010828
-010653
-008034
-005065
-005531
-007917
-008383
-007510
-007219
-007626
-009023
-009955
-007684
-004483
-004425
-006928
-009722
-011468
-011177
-009431
-008325
-007801
-006986
-006229
-005472
-005705
-008907
-011992
-009489
-004599
-004774
-007684
-006986
-004948
-007219
-011177
-011526
-008674
-004425
-002213
-007451
-015077
-014786
-009664
-009023
-010711
-008266
-004541
-005705
-009256
-009081
-006986
-008092
-010770
-011002
-010013
-011061
-012341
-010013
-006869
-009198
-012865
-008034
-001980
-011002
-023634
-015485
0001280
-001281
-014379
-014786
-007743
-008383
-012982
-011934
-006928
-002504
0000058
0000058
-001630
-002911
-002969
-001048
0000873
-001048
-004948
-006753
-006637
-006287
-006287
-007743
-008499
-004425
0000756
-000932
-005647
-004774
-000117
0002852
0003667
0003492
0002386
0000756
-000990
-002504
-004366
-008092
-011643
-011701
-009372
-007859
-007335
-007393
-007393
-006113
-004366
-003784
-003726
-001805
-000059
-002853
-006637
-003610
0002153
0002037
-001398
-003901
0001513
0030386
0032752
0017230
-032752
-032752
-032752
-004716
0032752
0032752
-008907
-010886
0014087
0012631
-005705
-014902
-013156
-004075
0006636
0009779
0005238
-003377
-009664
-004657
0007567
0017288
0020082
0013213
0001164
-007510
-009605
-004541
0004132
0009022
0010186
0011467
0011409
0007101
0001455
-000932
-000233
0000989
0001338
-001689
-005065
-003202
0002153
0006461
0008091
0005879
0001862
0000698
0001164
-000990
-003377
-001165
0003259
0004365
0003376
0004540
0006053
0003841
0000349
0000349
0002386
0002153
0000698
0000698
0001688
0002503
0002561
0000989
-000350
0001804
0005238
0005122
0002794
0002095
0002503
0002270
0001688
0001862
0002212
0001804
0000931
0000058
-000408
0000465
0000931
-002387
-006171
-003610
0002095
0003609
0002328
0003434
0004598
0000058
-004657
0000931
0010070
0008324
0000058
-003610
-002271
0001164
0004715
0005937
0003667
-003784
-009780
-003086
0009255
0011583
0006112
0002328
-000059
-004075
-007451
-007102
-005123
-006404
-009314
-010013
-008034
-003435
0002153
0006286
0008324
0009430
0008440
0003725
-002213
-005239
-005531
-006404
-005472
0001513
0010303
0013621
0011351
0006228
0001280
0001280
0003492
0000698
-004075
-004017
-001223
-001572
-002736
0000814
0006228
0007974
0006461
0004947
0002503
-003610
-009896
-011177
-008034
-003551
0000582
0002794
0003085
0003376
0002852
0000523
-003260
-008674
-012108
-008266
-001223
-000175
-002096
0001746
0007334
0006344
0000989
-002736
-004250
-004425
-004133
-005705
-007335
-005181
-001107
0000582
0000814
0002735
0005355
0007742
0007683
0001571
-005414
-003726
0002735
0003841
0001920
0004191
0007742
0006636
0003026
0002212
0003259
0003201
0001979
-000175
-002213
-002911
-002271
-001281
0000000
0001280
0002328
0003026
0002677
0000291
-002387
-002213
-000059
0001338
0002270
0004482
0006228
0004831
0000989
-003319
-006287
-006171
-003901
-002096
-001107
-000583
0000058
0002561
0004715
0002037
-002038
-000408
0003609
0002037
-001921
-000175
0004074
0003550
0000000
-001747
-000990
0002735
0006694
0005995
0002910
0002968
0004715
0004191
0002619
0003201
0004540
0003085
0001106
0003259
0007159
0007567
0005355
0003376
0002328
0002910
0003492
0000756
-003086
-002795
-000874
-003610
-007451
-005531
0000232
0005646
0008091
0002968
0000000
0020490
0032752
0022527
-016649
-026661
-012632
0001222
0008498
0003259
-007277
-005531
0002677
0002037
-003842
-005705
-003144
0002561
0007392
0004947
-001048
-002038
0001106
0003667
0005937
0009663
0012224
0009954
0004598
0000291
-002387
-005181
-006345
-003551
0001397
0005355
0006927
0005180
0003143
0006927
0012748
0013330
0008615
0000873
-005705
-004890
0000000
0000698
-001281
-000699
0001571
0003085
0003783
0004540
0004482
0002794
0000000
-003319
-005065
-002853
0001571
0004715
0005879
0006170
0004889
0001047
-002795
-002387
0000291
-000175
-002562
-003086
-003202
-006753
-010129
-006753
0000291
0004482
0005006
0003201
0000291
-001747
-002096
-001165
0000756
0003085
0004540
0003609
0001455
0000931
0001746
0002212
0002561
0003492
0004424
0004307
0003900
0004889
0005530
0002444
-002271
-004890
-004366
-000815
0003143
0003085
0000407
-000699
-000233
0000640
0001222
0000465
-000583
0000465
0002503
0003259
0003085
0003783
0004074
0001629
-001921
-003610
-003027
-000757
0001688
0001804
0000582
0000814
0001862
0001804
0001629
0003609
0006053
0005588
0003201
0001862
0001106
-000932
-002504
-000408
0003318
0004132
0003259
0004191
0006170
0007276
0006752
0003550
-000233
-000990
0000465
0000931
0001047
0003085
0005180
0004249
0000989
-003086
-005065
-000699
0005704
0005471
0000873
-001572
-001165
0002153
0004307
-002853
-012167
-009431
-000408
0000349
-004308
-005996
-004483
-001223
0000931
-003202
-009198
-008150
-002969
-001398
-002795
-004017
-004308
-002911
-001572
-003319
-006928
-009431
-009955
-007975
-005472
-006695
-009431
-009023
-006578
-005065
-004774
-005239
-005647
-004483
-002795
-002620
-003610
-004774
-005414
-004890
-003493
-001572
-000932
-004483
-008674
-006404
-001223
-001223
-004890
-007219
-007743
-006928
-005647
-005763
-005996
-003668
-000233
0001513
0000873
-002329
-005472
-003493
0000349
-001223
-005531
-005647
-004075
-007684
-012399
-009838
-003144
0000232
-000292
-003260
-007160
-010071
-010711
-008732
-004890
-000233
0002270
-001456
-007219
-006171
-001223
-000466
-002096
-000583
0001804
0000349
-002620
-001689
0000465
-002329
-006869
-006171
-002213
-000583
-000815
-000757
-000117
0001513
0003143
0003201
0001920
0000232
-001223
-002329
-002387
-000699
0001513
0002386
0001629
-000466
-002271
-001630
0000756
0002852
0003609
0002328
-000583
-004541
-006695
-002620
0003550
0003201
-000233
0002852
0007625
0003259
-004192
-001398
0006519
0007101
0002852
0001222
0001746
0002444
0002037
-001805
-005531
-003435
0003143
0010885
0015309
0010710
0002153
-000117
0003434
0007858
0011700
0014261
0013504
0007567
0000465
-001572
0002503
0012689
0020955
0013970
0000116
-001980
0004424
0007800
0008207
0008149
0008557
0012107
0014727
0008498
-000175
0001455
0008964
0010827
0007974
0005471
0004482
0005937
0008440
0009022
0007509
0004715
0002677
0004540
0008731
0011642
0012689
0012515
0011816
0012340
0012922
0010827
0008033
0008906
0010943
0008615
0004889
0006403
0010769
0012864
0011991
0008207
0004773
0006985
0011933
0013272
0010885
0006461
0003259
0006461
0012515
0013679
0010769
0007567
0006228
0009779
0014669
0013737
0009721
0010070
0012282
0010128
0006112
0005821
0007683
0007451
0006053
0006170
0007625
0009895
0011875
0011875
0010303
0008440
0007101
0006810
0007451
0008324
0008964
0009197
0008615
0006752
0005064
0005704
0007625
0008324
0007683
0006286
0005413
0007043
0009663
0010536
0008789
0003900
-000757
0000582
0004947
0005588
0003259
0001047
0000640
0004016
0009371
0013446
0014203
0009779
0003550
0002037
0003434
0001455
-001456
0000465
0003609
-000175
-005414
-000583
0008615
0009546
0005006
0003900
0005122
0005238
0004132
0002212
0000174
-001107
-001514
-001456
-001048
-000233
0000698
0002328
0002910
-000292
-004890
-006462
-005239
-003551
-002038
-000699
-000408
-002271
-004133
-002213
0001571
0003318
0002212
-001572
-005938
-007510
-006520
-005239
-003493
-000583
0001455
-000699
-004716
-005589
-004017
-002795
-002620
-004192
-005996
-004599
-002329
-004075
-007451
-007044
-004308
-002678
-002736
-004657
-006578
-005298
-002213
-000990
-000990
0000174
0001338
0000349
-002038
-004366
-005880
-006054
-005181
-003842
-003726
-007975
-012516
-009664
-003493
-003551
-007160
-006462
-003551
-003551
-005123
-004541
-003435
-005065
-008325
-010886
-011584
-010187
-007277
-003842
-001572
-002213
-004948
-007975
-010013
-010129
-008732
-006869
-005880
-007393
-010071
-010944
-010362
-010478
-010537
-009023
-007277
-007801
-009605
-010013
-009023
-007219
-005647
-005880
-007219
-007568
-007219
-007335
-007801
-008325
-008441
-007393
-006113
-006578
-007917
-007975
-006811
-004599
-003086
-004948
-008558
-010304
-010013
-008790
-007510
-007451
-007975
-007451
-006171
-004832
-003901
-003668
-004599
-007277
-010478
-012574
-013156
-012399
-011119
-010711
-010770
-009838
-008732
-008965
-010595
-013622
-015543
-012399
-007219
-006578
-008790
-008616
-006869
-006171
-006811
-008965
-011061
-010246
-007568
-005531
-005123
-007219
-009722
-008790
-005763
-003959
-004017
-005414
-007335
-008383
-007859
-005414
-002736
-002329
-004075
-006404
-008441
-009081
-008965
-010013
-011061
-010129
-007626
-004075
-001921
-004948
-009605
-008266
-004250
-005880
-010129
-009489
-006345
-007451
-009547
-005181
0000931
-000932
-007102
-008732
-006637
-004716
-003842
-005007
-006986
-006928
-006462
-009838
-013505
-010653
-004133
-000815
-000583
-000757
-001630
-003784
-006287
-008790
-008092
0002910
0012398
-002678
-023751
-011584
0014552
0009546
-012225
-013447
-001572
0000873
-003784
-007160
-007510
-003027
0002910
0004016
0001047
-002096
-004075
-003784
-002096
-000990
-001165
-003027
-005065
-004483
-002213
-001281
-001107
0000407
0002095
0002328
0001047
-001339
-003435
-002562
-000524
-001689
-003726
-001572
0003143
0006927
0008848
0009546
0008557
0005413
0002037
0001571
0002677
0001920
0000174
-000175
0000349
0000407
0000291
0000756
0001629
0002153
0002619
0003958
0005588
0006577
0007159
0008557
0009371
0007451
0004191
0002619
0002735
0002968
0003609
0005064
0006461
0006403
0005355
0004773
0005355
0008382
0011409
0009546
0005762
0006752
0010186
0010186
0007858
0005762
0005646
0010070
0014785
0011642
0005064
0005297
0009721
0011351
0010361
0008557
0007334
0008906
0011758
0012515
0011525
0010652
0009721
0007742
0006170
0007567
0009721
0007858
0004773
0006868
0011525
0013446
0012049
0008207
0004249
0003958
0006286
0007742
0008033
0007101
0006636
0009779
0013563
0011525
0007043
0007509
0011001
0011875
0010885
0010710
0011176
0011583
0012107
0013679
0014378
0010536
0005588
0006228
0010419
0012573
0012282
0010769
0008498
0005821
0004249
0005995
0008964
0008673
0006810
0008207
0010652
0009663
0006286
0003201
0002212
0005588
0009837
0007625
0002386
0002386
0005646
0006519
0005995
0007683
0009663
0007625
0004773
0007916
0012224
0007218
-001223
-000583
0006403
0011583
0013097
0010419
0006053
0005122
0007276
0009954
0011991
0012340
0011292
0010186
0009430
0008964
0009255
0011234
0012224
0007276
0001280
0004598
0011351
0008033
0000523
0002910
0010536
0011933
0008615
0006810
0006053
0003900
0002444
0005704
0010128
0008848
0004307
0002503
0003376
0005122
0006344
0005064
0002677
0002794
0003725
0001280
-001805
-000350
0003434
0004598
0003259
0000931
-000466
0001979
0006461
0008848
0008906
0007625
0005995
0006112
0007043
0006694
0005355
0004074
0002968
0001455
0000873
0003026
0006286
0007974
0007509
0004773
0002270
0004249
0008033
0008265
0005530
0002910
0001280
0001164
0002212
0002968
0003492
0004773
0005879
0005937
0004656
0001629
-000524
0002561
0007218
0005704
0000291
-003144
-004250
-005239
-004948
-001339
0002677
0002212
-001456
-004541
-005996
-005705
-003551
0000058
0003201
0003492
0000931
-003319
-007335
-009256
-008441
-004890
-001223
-001805
-004075
-002038
0001688
0001047
-002387
-004425
-005007
-005239
-005356
-005705
-005822
-004716
-002969
-002038
-001572
0000174
0000582
-005123
-012749
-014902
-011584
-005589
-000641
-002271
-007160
-006986
-003493
-001805
-002038
-002911
-004716
-008674
-011934
-010129
-005181
-001921
-000757
-000233
-001165
-004192
-008674
-014379
-018162
-016125
-010944
-008732
-008790
-007393
-005705
-005822
-007160
-007626
-008499
-012749
-016823
-014204
-008150
-005705
-007160
-010886
-014553
-013796
-011119
-013156
-016183
-012225
-005705
-005239
-010944
-020898
-028291
-022004
-010420
-012690
-020840
-013913
-002096
-008965
-021946
-012865
0005180
0002153
-012632
-014553
-007917
-006520
-008849
-009198
-009372
-013622
-018279
-016241
-010828
-009955
-011410
-008499
-004948
-009081
-015368
-011817
-004774
-008849
-017988
-018104
-012574
-011352
-012458
-009838
-006520
-008208
-012982
-016416
-017638
-016940
-015077
-013331
-012458
-012923
-013738
-012690
-011293
-012865
-015543
-015776
-013447
-008965
-005589
-008732
-014146
-012923
-007975
-006811
-008558
-009664
-010187
-010595
-011061
-011934
-012632
-012108
-011002
-010304
-010013
-009431
-008441
-006345
-004657
-005763
-008441
-009489
-009547
-010770
-012050
-010770
-008732
-009547
-011817
-012225
-010595
-007801
-005239
-005007
-006171
-005822
-004890
-006054
-007510
-005589
-002562
-003144
-006345
-009198
-010770
-010362
-008499
-006404
-005356
-007219
-009198
-005239
0000582
-000233
-005007
-006462
-005763
-006869
-008849
-009547
-008732
-006637
-004425
-003377
-003726
-005065
-006287
-005705
-004250
-004366
-005181
-004716
-003260
-001456
-000583
-002736
-006404
-008790
-008907
-006404
-003377
-004192
-006229
-003493
0001222
0002037
-000466
-003610
-005647
-004308
-001281
-000815
-001747
-000466
0001280
0000000
-002387
-001747
0000640
0001222
0000407
-000117
0000000
0001222
0002212
0000698
-002096
-004250
-004366
-000466
0003783
0001397
-003435
-001165
0004424
0003783
-000175
0000232
0003026
0002561
0000931
0002910
0005879
0004074
0000116
0000116
0002037
0000640
-002271
-002213
0000000
0002153
0003725
0005413
0005646
0002386
-002038
-003610
-002504
-000699
0000698
0000465
-000466
0000174
0001804
0002503
0002270
0001106
0000349
0002153
0005355
0007451
0007974
0006868
0005238
0005064
0005995
0006927
0006868
0004191
0001688
0004424
0008848
0007451
0002794
0001338
0002794
0004307
0005646
0006636
0007567
0009954
0011292
0006985
0000523
-001281
0001106
0004540
0006752
0004249
0000407
0002212
0006985
0007858
0005471
0002270
0000407
0002910
0006927
0006286
0003376
0003900
0007043
0009779
0011525
0012981
0012166
0005646
-001048
0001746
0009371
0010245
0006752
0006461
0008033
0007800
0005879
0002386
0000000
0002852
0008033
0009139
0007683
0008731
0010477
0009255
0006344
0004540
0004191
0005355
0006403
0004132
0001397
0003958
0008731
0008615
0005530
0005355
0006577
0004715
0001979
0002794
0005704
0007509
0007392
0004424
0002095
0006752
0013679
0013330
0008324
0006112
0006344
0005995
0005588
0005821
0006286
0006228
0005762
0005879
0005355
0001455
-002504
-000583
0004715
0007392
0007276
0005879
0004715
0006403
0008964
0008382
0005530
0003143
0001862
0001397
0002212
0004889
0007276
0005937
0002910
0003026
0004482
0002037
-001339
0000232
0004365
0005180
0003783
0003725
0004307
0003434
0002153
0002677
0003609
0001571
-001339
-001165
0001513
0004424
0005704
0002619
-001805
-001572
0001338
0001106
-000874
-001165
0000000
0001222
0002386
0003841
0004773
0004424
0002794
0000000
-002562
-002911
-001630
-000292
0000349
-000524
-002271
-003551
-003726
-002213
0000000
0001222
0000756
-002038
-004541
-001805
0002677
0001629
-002562
-003435
-001805
-000757
-000583
-001339
-001863
0000582
0003492
0002270
-001398
-003377
-003377
-002154
-000874
-001630
-003319
-003319
-002213
-001747
-001921
-002678
-002911
-000641
0001688
-000524
-005065
-007160
-006404
-003901
-001048
0000058
-000583
-001980
-003377
-004017
-003668
-002271
-001048
-001980
-003784
-003493
-001863
-001048
-000757
0000349
0000523
-003377
-007975
-006637
-002096
-001281
-002795
-001747
-000175
-002562
-005589
-001863
0003725
0000640
-006171
-004948
0000291
-000466
-004599
-004599
-002271
-002387
-003901
-003668
-002620
-003027
-003319
0000232
0004424
0003259
-001456
-005007
-005705
-001980
0002677
0001688
-002736
-004483
-003959
-003726
-003959
-004774
-005647
-005356
-004308
-003086
-003027
-006287
-010013
-009256
-005472
-002736
-002562
-006637
-011235
-009547
-004483
-003377
-005181
-005938
-005472
-003784
-002271
-003377
-005472
-004948
-002736
-001339
-000757
0000000
0000174
-001281
-003377
-004308
-003319
0000349
0004074
0003958
0000640
-003435
-006171
-005531
-002853
-001572
-001980
-003377
-004599
-004017
-001514
0002735
0005530
0001629
-004541
-003435
0001164
-000524
-004948
-003202
0000989
-001107
-005589
-003260
0001455
-001980
-007975
-004425
0003841
0005413
0002619
0003900
0006170
0003026
-002678
-005123
-003901
-000466
0003026
0003201
0000756
-001281
-002096
-001165
0000582
0001222
0000756
0000116
-000699
-001921
-002795
-002329
-000932
0000232
0000756
0000291
0000000
0002386
0005238
0003958
0000989
0002095
0005238
0004889
0002910
0003958
0006112
0005122
0002619
0002503
0004074
0005413
0005530
0002794
-000292
0000756
0004482
0006868
0007101
0005297
0002503
0000640
0001047
0004482
0009022
0011525
0010827
0006519
0001629
0001688
0004249
0002735
-000641
-000815
0001047
0001920
0001397
-000583
-001980
0000814
0004947
0004365
0001513
0002677
0005704
0005355
0003143
0002503
0004132
0008382
0011991
0009895
0004365
0000640
0000232
0004016
0008615
0007742
0004307
0005995
0010012
0009546
0006694
0006752
0008265
0006752
0005471
0011351
0018743
0016415
0009197
0009022
0012282
0008906
0003318
0005995
0011409
0006752
-000757
0005006
0015775
0013563
0003376
-003959
-001398
0020548
0032752
0032752
0013679
-032752
-032752
-032752
0032752
0032752
-010595
-008441
0029280
0028989
0003318
-011584
-012632
-003435
0009430
0014261
0010769
0004482
-001339
-003377
0000232
0010710
0020082
0015484
0002386
-005065
-006520
-007743
-006171
0003143
0013446
0013679
0007043
0003201
0002386
0001455
0001397
0003725
0006403
0006519
0004016
-000641
-004483
-002911
0000989
-000117
-003202
-000641
0004598
0006112
0004132
0000931
-001980
-002969
-001863
0000058
0001746
0002153
0000989
-001572
-003319
-000175
0004132
0001455
-004133
-003260
0001397
0002794
0001804
0002095
0003143
0003900
0003958
0003259
0001571
-001630
-004075
-002213
0002212
0005762
0006461
0002444
-002853
-003260
-000175
0001513
0001338
-000583
-002562
-001223
0001629
0001571
-000059
0000232
0001862
0002852
0003492
0004656
0005821
0006112
0005937
0005995
0007159
0010827
0013912
0011351
0005471
0001862
0000756
0000582
0000058
-003377
-006986
-005356
-000524
0002794
0003841
0002735
0001513
0004074
0007683
0006868
0002677
-002038
-004017
0001746
0009663
0008789
0002619
0001047
0002270
0000349
-002736
-002562
-000757
-001630
-003668
-003027
-001572
-003493
-006811
-007335
-005472
-003435
-001514
0000582
0002037
0002444
0001571
-000583
-002445
-001572
0001047
0003026
0003376
0001629
-000874
-000932
-000175
-003260
-006811
-004483
0000814
0002328
0000698
-001456
-002329
0000698
0004540
0003318
-000699
-001863
-000583
0000465
0000873
0000349
-000990
-002620
-003842
-003668
-002620
-001805
-001572
-002329
-002853
-000117
0002386
-002096
-008907
-008034
-003086
-003959
-007335
-004192
0000291
-005938
-014553
-007626
0004482
-001398
-015543
-014786
-005472
-005181
-009955
-008558
-004192
-004250
-007451
-009780
-010537
-010071
-008383
-005472
-003726
-006520
-011293
-012283
-010828
-011526
-012923
-011584
-009372
-010187
-012283
-011934
-009664
-007451
-005822
-004716
-005007
-007393
-010770
-013738
-015135
-014495
-012690
-011701
-011235
-010246
-008965
-007219
-006869
-011293
-016241
-013331
-007160
-008266
-013389
-013796
-011293
-011643
-012982
-010944
-007801
-008208
-010886
-012399
-011817
-008383
-004425
-004133
-006345
-007568
-007743
-007626
-008150
-010478
-014379
-019385
-022645
-021015
-015194
-006986
-000990
-005065
-009605
0006868
0026718
0016415
-012923
-032752
-032752
-022470
0000873
-001980
-018104
-012923
0002503
0000058
-012050
-012982
-006869
-006811
-009489
-006229
-001805
-006578
-014844
-014670
-008732
-004657
-003901
-006928
-010653
-008790
-005123
-008674
-014437
-011643
-004017
-000757
-001514
-002096
-003319
-007219
-011468
-012865
-011119
-007102
-002795
-000815
-000874
-000408
-000117
-001747
-003551
-002736
0000058
0002794
0004132
0002677
-000292
-001572
-002213
-005647
-008732
-005356
0000873
0001862
-000117
0001746
0005297
0005588
0003318
0000291
-001339
0001397
0005471
0005238
0001280
-003784
-006753
-003377
0002677
0003841
0001280
-000233
-000350
0001513
0002095
-006287
-014029
-002387
0015542
0011758
-002504
0001688
0013679
0006810
-007393
-002504
0011816
0012282
0004424
0004365
0009080
0010303
0008091
0004307
0000756
0000058
0001513
0002153
0002910
0006228
0010012
0010361
0008382
0007334
0007509
0008906
0009837
0006403
0002852
0007509
0015193
0014378
0009488
0012282
0017812
0014319
0007625
0011351
0018918
0015658
0006868
0005995
0009663
0007916
0004773
0009663
0016299
0011642
0002095
0002561
0008789
0008615
0005413
0008498
0013504
0010652
0004715
0005995
0011351
0012282
0010070
0009371
0009371
0007974
0006286
0006053
0007101
0008731
0009546
0007101
0004540
0008731
0015076
0014028
0008731
0007392
0009371
0011409
0012515
0011234
0009721
0012457
0016240
0014436
0009895
0009371
0011758
0013388
0013621
0012282
0010419
0010477
0011642
0012049
0011991
0012748
0014203
0016706
0018336
0016590
0012806
0010070
0009197
0009721
0011758
0015193
0018278
0018976
0016997
0013155
0009546
0009022
0010769
0011758
0012049
0012457
0013446
0016124
0018452
0016939
0013039
0010477
0009546
0008964
0009022
0009895
0010885
0011060
0010710
0011292
0011816
0010245
0008324
0009139
0011234
0010419
0008557
0010128
0012864
0011525
0008964
0011758
0016357
0015193
0010536
0008033
0008207
0010012
0012049
0011991
0010477
0009488
0009255
0009721
0009895
0007974
0005704
0006461
0009430
0012515
0014319
0013330
0010652
0008440
0008091
0010885
0014610
0015134
0012748
0009313
0006577
0006344
0008091
0009197
0010361
0014378
0017055
0011467
0002619
0000814
0004715
0008324
0010361
0009954
0008207
0008033
0008615
0007742
0006286
0006461
0006985
0005122
0002677
0003550
0005937
0005588
0003958
0004715
0006461
0006112
0004482
0003958
0004365
0004831
0004831
0003900
0001979
-001107
-002620
0001862
0008382
0008848
0004715
0001164
-000292
0001397
0004598
0005762
0004773
0002444
0000582
0002153
0004889
0004365
0001164
-002504
-004483
-001921
0002910
0004947
0004540
0004540
0003958
0000407
-002911
-000524
0004016
0002503
-001747
-000117
0003143
-002038
-009023
-004133
0005762
0005297
-002213
-006345
-007510
-009780
-010828
-006753
-001398
-002154
-006345
-006753
-005239
-006986
-009547
-007859
-003610
-000699
0000000
-001048
-003260
-005065
-005938
-005880
-005239
-005239
-005239
-003842
-001980
-001339
-002096
-003842
-005996
-007917
-008732
-007568
-005880
-006811
-008849
-008441
-006869
-007568
-009081
-007859
-005472
-005065
-006287
-007393
-008092
-008383
-008558
-009023
-009605
-010013
-009547
-006578
-003842
-006811
-011934
-011992
-008907
-008849
-009780
-006171
-002038
-005181
-011410
-011643
-007743
-005705
-005822
-007277
-008325
-005763
-002387
-004192
-008208
-007393
-004192
-005123
-007684
-006113
-002445
-001398
-002736
-004599
-006229
-006869
-006229
-003959
-002154
-004192
-007975
-009081
-008092
-007917
-007917
-006171
-004541
-006113
-009431
-010711
-010478
-010653
-010886
-010304
-009023
-007044
-005647
-007102
-009547
-009081
-007044
-006928
-008616
-011352
-012865
-009664
-005007
-005531
-008674
-007859
-005007
-004890
-006869
-008849
-009081
-004948
0000000
-001048
-005763
-007975
-007335
-005123
-002853
-003086
-004832
-005472
-004657
-002387
-000524
-002445
-005181
-002736
0002386
0004947
0003900
-000408
-005356
-006345
-005298
-008441
-012399
-010420
-005647
-006695
-008790
0000291
0010070
0000698
-017464
-021422
-014379
-009198
-006986
-007277
-008034
-003493
0001397
-003027
-011992
-014961
-012982
-012283
-011235
-005822
0000174
0000349
-003319
-005356
-005356
-003668
-003027
-007626
-015892
-024798
-029455
-024274
-013447
-007044
-003842
0003201
0009837
0009546
0003725
-003086
-008034
-008383
-005996
-006462
-007859
-005996
-001747
0002677
0005995
0008265
0007625
0002153
-005298
-010013
-011177
-010420
-007975
-004657
-001572
0000291
0000698
0000523
-000350
-001805
-003086
-003784
-003202
-000059
0002503
-001107
-006171
-003202
0004132
0006985
0006228
0006810
0006752
0001804
-004075
-003435
0000523
-000641
-003435
0000582
0007101
0006868
0002619
0002328
0003725
0000814
-003551
-003435
-000292
0001804
0002794
0004016
0004656
0003376
0001222
0000232
0000465
0001222
0001804
0000582
-000699
0001397
0005297
0007218
0008033
0010943
0013330
0010245
0005413
0006461
0010419
0009663
0006403
0006344
0008557
0009721
0009895
0010186
0010361
0010536
0009837
0006694
0003550
0004947
0009022
0011351
0011351
0009488
0007392
0008265
0010536
0011060
0009488
0005937
0002910
0004482
0008265
0008615
0006752
0006694
0007625
0007159
0006636
0009022
0011583
0008789
0003783
0003201
0006112
0008731
0010012
0008789
0006577
0006053
0007218
0009080
0010594
0010070
0009080
0011234
0013795
0011001
0005879
0004598
0006985
0010943
0013679
0011467
0006810
0005355
0006927
0008906
0010419
0010419
0008848
0006286
0004016
0004074
0005355
0004773
0003201
0003026
0003492
0002852
0001862
0002328
0003259
0001571
0000058
0004424
0009954
0007043
0000465
0001222
0006403
0008149
0006985
0006636
0006228
0003958
0001629
0002270
0005588
0010885
0014203
0009721
0002037
0001106
0005180
0008033
0008848
0008149
0006170
0004132
0002095
-000932
-002911
-001107
0003492
0008324
0011351
0011060
0007916
0003667
0000698
0001920
0005122
0004831
0002212
0000873
0000756
0000698
0000756
0000873
0001164
0002153
0003376
0004307
0004132
0001629
-001514
-002387
-001281
0000116
0000873
0000465
-001398
-005472
-008150
-003493
0004249
0006868
0003900
-002387
-008499
-010362
-007102
0000931
0007567
0002852
-006928
-006986
-001456
-002096
-006171
-006171
-003377
-001630
-000757
0000582
0001571
0000349
-001514
-001048
-000059
-002329
-006753
-011119
-012341
-006054
0002444
0003376
-001572
-005647
-007859
-008441
-007684
-006986
-006462
-006171
-005531
-003144
-000699
-001165
-003144
-003202
-002096
-002096
-002969
-003726
-004250
-004599
-004948
-005472
-005822
-005181
-004075
-003901
-003842
-001863
-000117
-002445
-006520
-007451
-005822
-004192
-003377
-004425
-006054
-005763
-003901
-001805
