0000407
0002619
0004831
0005180
0004307
0004715
0005704
0005762
0004773
0002735
0000814
0000814
0001979
0002735
0002328
-000233
-003202
-003260
-001456
-000466
-000466
-000641
-000990
-001339
-001630
-002038
-002562
-002853
-003202
-004599
-005472
-002911
0000465
-001048
-004192
-001863
0002968
0003609
0001571
0001571
0002852
0002852
0002328
0002794
0003492
0002619
0001397
0002910
0005180
0004307
0001571
0000407
0000640
0000989
0000931
-000990
-002562
0000116
0004307
0003958
0001222
0001513
0003318
0002153
-000408
-001223
-000641
-000466
-000699
-001281
-002096
-002969
-003202
-001980
0000000
0001746
0001862
-001456
-005298
-004541
-001107
-000117
-001223
-002329
-003027
-002911
-001980
0000058
0001571
-000059
-002445
-000874
0002561
0003085
0001222
-000699
-002096
-002736
-002620
-002504
-002329
-002154
-001165
0002270
0005471
0004074
-000233
-003493
-004250
-001747
0001804
0001804
-000466
-001921
-001514
0002037
0005530
0003318
-001514
-001747
0000698
0000232
-002096
-003901
-003784
0000407
0005413
0005355
0001979
0000232
0000291
0000989
0002270
0004307
0005704
0004191
0001106
-000815
-001398
-001921
-001630
0001455
0003376
-002213
-012283
-020549
-023576
-019501
-011061
-004657
-001223
0001222
0001513
-001514
-004890
-003260
0000698
0000407
-002096
-001689
0000640
0001455
0001397
0002212
0003026
0002270
0000756
0000291
0000814
0001746
0002386
0001455
0000116
0000640
0002386
0003783
0004249
0003667
0002619
0002503
0002910
0002328
0001804
0003667
0006403
0007043
0005995
0004598
0003841
0005180
0007101
0006636
0004656
0003841
0003667
0002386
0000756
-000117
0000407
0003201
0005471
0002386
-003144
-004599
-002969
-002096
-002213
-002562
-003377
-005007
-006229
-005007
-002271
-000408
0000698
0002212
0003259
0002561
0000640
-001281
-001921
0000000
0003318
0005646
0006286
0005180
0003550
0003841
0005180
0005413
0004540
0003143
0002212
0003434
0005530
0006286
0005471
0003609
0001746
0001222
0002212
0004947
0006985
0004540
-000059
-001630
-000757
-000641
-000641
0001280
0003085
0001222
-002329
-003435
-002096
0000523
0002561
0001106
-001514
0000232
0003783
0003609
0000698
-001805
-002853
-001921
0000058
0001047
0000931
0000174
-000233
0001164
0003318
0003958
0003550
0003550
0003667
0002910
0002212
0003550
0005297
0003841
0001280
0002037
0004831
0006344
0006170
0004715
0002910
0002095
0002444
0003900
0005180
0004074
0001979
0001979
0003143
0003085
0001629
-001223
-003842
-003610
-001921
-002736
-004075
-001398
0002794
0003318
0001455
0000931
0000989
-000583
-002445
-002096
-000408
0000640
0001047
0001862
0002677
0002794
0002270
0001164
0000232
0000814
0001746
0000756
-001281
-002213
-001921
-000932
0000174
0000873
0000814
0000232
-000874
-002620
-003842
-002853
-000874
-000757
-001805
-002096
-001921
-002504
-003027
-001456
-000059
-002504
-008325
-016649
-022586
-019734
-011293
-005123
-002387
-001281
-001630
-002853
-002969
0001222
0006053
0004249
-000583
-000059
0003550
0003725
0002735
0005937
0010827
0012340
0011060
0010186
0009139
0005995
0002794
0002735
0004656
0005762
0005530
0004424
0002444
-000466
-002213
0000116
0004074
0004424
0002328
0001629
0001804
0000698
-000641
0000000
0000989
-000583
-003435
-004948
-004483
-001572
0001164
-000932
-004890
-004075
-000408
0000873
0000116
-001107
-002038
-002096
-001107
0000931
0002561
0001164
-001107
0000232
0003259
0003376
0001920
0002386
0004307
0006170
0007218
0006927
0005588
0004715
0004191
0003318
0002444
0001629
0001455
0003259
0004947
0002968
-000699
-001572
-000292
0000756
0001047
0000000
-001398
-000932
0000407
0000232
-000699
-000408
0000232
-000815
-002736
-003493
-003202
-002620
-001805
-000117
0001164
0000232
-001980
-003551
-003668
-001805
0000873
0002037
0002212
0003492
0004715
0003492
0001455
0002386
0004132
0002037
-001572
-001572
0000989
0002386
0002794
0003259
0003492
0003259
0002444
0000465
-000990
0000989
0004307
0004773
0003318
0002968
0003376
0003318
0002677
0001280
-000408
-001689
-002154
-001689
-000990
-001339
-002329
-003086
-002911
-000350
0002037
0000000
-004133
-005239
-003668
-001805
-000524
-000524
-001339
-001630
-000990
0000698
0002677
0003492
0003550
0004249
0004947
0004540
0003609
0003143
0003376
0004598
0005180
0001979
-002096
-001514
0001920
0003318
0002910
0002444
0001862
0000873
0000058
0000349
0001047
0000756
0000232
0001338
0002910
0002444
0000582
-001514
-002329
0000116
0003026
0000465
-004017
-002620
0001688
0001746
-001339
-004017
-004774
-001398
0001571
-004425
-014670
-019035
-017056
-011759
-005181
-000175
0002503
0004482
0004656
0001571
-001747
0000232
0004773
0005704
0003318
-000175
-003144
-004192
-002736
0001164
0004889
0004773
0001571
-002154
-004366
-002853
0000931
0002968
0003550
0004715
0005471
0004132
0001338
-001747
-003377
-001048
0002503
0001688
-001630
-002445
-001107
0000582
0001804
0001920
0000931
-000408
-001223
-000641
0001280
0004191
0006403
0005704
0003434
0002794
0003318
0003026
0002153
0001629
0001047
-000583
-001980
-000932
0001338
0001746
0001280
0002561
0004016
0002677
-000757
-004483
-006404
-003726
0000756
0001397
-001339
-005239
-007451
-004017
0001746
0002619
-000059
-001689
-001805
-000757
0000640
0000407
-000815
-000757
-000350
-002213
-004308
-002853
0000814
0003259
0004307
0005122
0005413
0005122
0004424
0003609
0003259
0004249
0005238
0003376
0000291
-000641
0000058
0000116
-000292
-000583
-000466
0000523
0001513
0000698
-000874
-001165
-000757
-001456
-002329
-001456
-000059
-000990
-002969
-003086
-002504
-004017
-006462
-007801
-007743
-006928
-006054
-006171
-006811
-006637
-005705
-004366
-002911
-001514
-001107
-003144
-005531
-004366
-001514
-001223
-002678
-003319
-002620
0000058
0003026
0003259
0001455
0000000
-000583
0000058
0001338
0001920
0002386
0004656
0006228
0002619
-003086
-004657
-002504
0000523
0002677
0001746
-000932
-001805
-001223
-000815
-000990
-001863
-003086
-003901
-003959
-002795
-001572
-002387
-004133
-004133
-003027
-002853
-003202
-002795
-002038
-001980
-002096
-001223
-000175
-000059
-001048
-003144
-004308
-000874
0003725
0002503
-001863
-002853
-000874
0001106
0002444
0003376
0001920
-004541
-012865
-017929
-018279
-014204
-008732
-007684
-008790
-005531
-001048
-002736
-006578
-003842
0001629
0000873
-003027
-001921
0001804
0001862
-000175
0000000
0001629
0002677
0002968
0002852
0002619
0003318
0004307
0004424
0003434
0001164
-000641
0001164
0004249
0003725
0001338
0001280
0002561
0002328
0001106
0000640
0000931
0002037
0002852
0001280
-000757
0000698
0003550
0003376
0000931
-001107
-002213
-002213
-001863
-002911
-004250
-003668
-002154
-002620
-003842
-003377
-001863
-000699
-000524
-001805
-003202
-002038
0000116
-000466
-002504
-002736
-001630
-001048
-000699
0000058
0000814
0000931
0000698
0001106
0001513
0000465
-000524
0001979
0005471
0004540
0001688
0002735
0005588
0004947
0002386
0001920
0003026
0003958
0004191
0002968
0001280
0001571
0002794
0002212
0000698
0000465
0000989
0000698
0000058
0000349
0001164
0001746
0001280
-001398
-004716
-005531
-004599
-004250
-004308
-003610
-002678
-002329
-002795
-004657
-005996
-003377
0000756
0001280
-000233
0000873
0002677
0000698
-002329
-001107
0002503
0003376
0002503
0002852
0004016
0005122
0005006
0001746
-001689
0000058
0004715
0006985
0006344
0003841
0001513
0002444
0005180
0005821
0004598
0002910
0001746
0002503
0003783
0002444
-000059
0000058
0001688
0002153
0001571
0000989
0000523
0000640
0000698
-000466
-002096
-001921
-001398
-003959
-006578
-003086
0002153
-000292
-006229
-005647
-001456
-001572
-004133
-003901
-001514
0001280
0003318
0003492
0002153
0000407
-000757
-000292
0000698
-000757
-002562
0000116
0003550
0000232
-005647
-005007
-000117
0002095
0002095
0002677
0003492
0004249
0003783
-000292
-004366
-001689
0002794
-000990
-010129
-017522
-020724
-018570
-013156
-009489
-007277
-003377
-000524
-003551
-008150
-005589
0000873
0003201
0001862
0000291
-000699
-000699
0000582
0003550
0005995
0004074
0000640
0001338
0004947
0007392
0008207
0007916
0006286
0003085
0000291
0000640
0003085
0004773
0004947
0003783
0001804
0000407
-000175
-000583
-000117
0001746
0004191
0005937
0005995
0003725
0000873
0000640
0001688
0000174
-002795
-004774
-005298
-004599
-002736
0000640
0003492
0002968
0000523
0000058
0000931
0000640
0000465
0003259
0006927
0007392
0005646
0005006
0005297
0005238
0004889
0004365
0003783
0003376
0002968
0001920
0001222
0002619
0004482
0003376
0000873
0000407
0001280
0001338
0000698
-000059
-000641
-000524
-000292
-001165
-001980
-000059
0002503
0001862
-001048
-003551
-004832
-004599
-003668
-004192
-005065
-004017
-002213
-002504
-003726
-003027
-001223
0000116
0000582
0000058
-000524
0000873
0002852
0002561
0001280
0002444
0004656
0005006
0004074
0003841
0004191
0004715
0005413
0006868
0007858
0005530
0002852
0005995
0010419
0006985
-000466
-002853
-000990
0000407
0000814
0000116
-001165
-001572
-001281
-001339
-001572
-001339
-001165
-001863
-002853
-002795
-001805
-000117
0001047
0000232
-001689
-002795
-002620
-001107
0000523
-000059
-001747
-001572
-000932
-003668
-006637
-003726
0002095
0003841
0002968
0004482
0006461
0004656
0001455
0001920
0004540
0005588
0004889
0003259
0002037
0003783
0006403
0005413
0002386
0001397
0001571
0000000
-001863
-001048
0000931
0000582
-000874
-000233
0001571
0002561
0002270
0000640
-001514
-002678
-002795
-002562
-002445
-003784
-004890
-002736
0000465
0000232
-002038
-001980
-002271
-008325
-016765
-021597
-021480
-017231
-011119
-006695
-005181
-006404
-008616
-008441
-005531
0000058
0005122
0004831
0001222
-000233
0000523
0001338
0002561
0005064
0007218
0006519
0004016
0001979
0001979
0005704
0010128
0009604
0005821
0003900
0003318
0001746
-000059
-000524
0000058
0000814
0001338
0001222
0000465
-000699
-001339
0000058
0002212
0002619
0001746
0001455
0001455
0001047
0000291
-001048
-001863
-000641
0001862
0004016
0005064
0004715
0003143
0000465
-001630
-001339
0000640
0001920
0002270
0002153
0001862
0002270
0002910
0003026
0002561
0001746
0001338
0003259
0004773
0000058
-005880
-003377
0003201
0003318
-000932
-003144
-003260
-002795
-002096
-001980
-002213
-002387
-002504
-003027
-003319
-001921
-000175
-000466
-001805
-001921
-001048
-000641
-000583
-000641
-000874
-001398
-001223
0001629
0005180
0005704
0004016
0003201
0003318
0004016
0004656
0004307
0003085
0001629
0000407
-000117
0000058
0000582
0000698
-001165
-003377
-002736
-000699
-000932
-002504
-002911
-002271
-001572
-001281
-002387
-003668
-002853
-001281
-001747
-003027
-002154
-000117
0000698
0000232
-000874
-001689
-000815
0000698
0000756
-000408
-001863
-002271
-000059
0003318
0004424
0003900
0004191
0004307
0001979
-000699
0000174
0003259
0005064
0005297
0004365
0003143
0003026
0003550
0003725
0003143
0001164
-000292
0002153
0005588
0004016
-000117
-000757
0001280
0002968
0003376
0001688
-000990
-002562
-002736
-001863
-001339
-003784
-006811
-005705
-002213
-000408
-000874
-003726
-006404
-004250
0000174
0000756
-000874
0000407
0002503
0000698
-002562
-002387
0000058
0001455
0001397
-000408
-001747
0001804
0005762
0001804
-007510
-016649
-021247
-016882
-008383
-006404
-008674
-007568
-004366
-002911
-002736
-001980
-001165
-001630
-001980
0000232
0003492
0004715
0003900
0002677
0001338
0000232
-000466
-000990
-000874
0000756
0002852
0003492
0002910
0002212
0001746
0001629
0001862
0002095
0001746
-000350
-002387
-001398
0001571
0003841
0004482
0002735
0000407
0001106
0003318
0003667
0002503
0001338
0000640
0000756
0001164
0000407
-000699
-000815
-000233
0000349
0000232
-001630
-004017
-004483
-003493
-002620
-001747
-000117
0001338
0001106
-000059
0000058
0000465
-001339
-003551
-002504
0000465
0002328
0002444
0000698
-001281
-000466
0002037
0003667
0003958
0003143
0002328
0003900
0005704
0003492
-000292
0000116
0002153
-000641
-004308
-000757
0005937
0006985
0003318
-000757
-003144
-001456
0001804
0000931
-001863
-000932
0001688
0001222
-000990
-000990
-000175
-002154
-005007
-004832
-002911
-002911
-003842
-003027
-001281
-000292
-000583
-002620
-005007
-005822
-004541
-001398
0001804
0001979
0000116
-000874
-001107
-001921
-002213
-000292
0002270
0002153
0000698
0000698
0002270
0005006
0007159
0006519
0003900
0001804
0000640
0000116
0000523
0001920
0003318
0002910
0001688
0002095
0002561
-000292
-004075
-004017
-001747
-001572
-002678
-002445
-001572
-001630
-002853
-005298
-007335
-006171
-003377
-002504
-003144
-002853
-002504
-003959
-005531
-003377
-000641
-004133
-009664
-008674
-003260
0000407
0001397
-000350
-002620
-001048
0002328
0002910
0001455
0000640
0000640
0001280
0001979
0001513
0000873
0002386
0004598
0004365
0002619
0001862
0001688
0000523
-000583
0000116
0001222
0000116
-002154
-003202
-002329
0002212
0004540
-005414
-020724
-027767
-026486
-022470
-017522
-014204
-011817
-006462
-001863
-004657
-010129
-008616
-002969
-001048
-001863
-001514
-000350
-000117
0000291
0002968
0006112
0006344
0004540
0003492
0003434
0004365
0005238
0004074
0002444
0003550
0006053
0006694
0005879
0005122
0004656
0005122
0005471
0003667
0001164
0001164
0002153
0000291
-002329
-001281
0001688
0002561
0001513
0000291
-001165
-003610
-005298
-003668
-000350
0001222
0000698
-001630
-003435
-000524
0003841
0002852
-001223
-002853
-001398
0002968
0007392
0007218
0004191
0003492
0004191
0003376
0001513
-000233
-001107
-000699
0000814
0003085
0004656
0003667
0001397
0000698
0001397
0002561
0003026
0001047
-001863
-002562
-001630
-001398
-001630
-001572
-001165
-000292
0000465
0000407
-000408
-001339
-002154
-002620
-002853
-003377
-003668
-002445
-001107
-002387
-004541
-003784
-001165
0000523
0001222
0002212
0002270
-001048
-004774
-003784
0000582
0004365
0005879
0003550
-000641
-002853
-002504
-000466
0001862
0002212
0000873
-000175
-000990
-002271
-002969
-001107
0001629
0001804
0000232
-000350
-000233
-000932
-001514
-000059
0001571
-000757
-004017
-001398
0003085
0001047
-004774
-008034
-007626
-003784
0000582
0000407
-002271
-001863
0000465
0001455
0001106
-000059
-001165
-000932
0000523
0002968
0004831
0003783
0001164
0000174
0000989
0003259
0005297
0004249
0001629
0000756
0001920
0004598
0006868
0005238
0001862
0001338
0002910
0003958
0003900
0002503
0000523
-000466
-000699
-001339
-001805
-000815
0000174
-001572
-004541
-005472
-004599
-003260
-002329
-003144
-004657
-004541
-003551
-003610
-004366
-004948
-004716
-002853
-000815
-000874
-004366
-013156
-021771
-021480
-015077
-010886
-008558
-004425
-000524
0000174
-001107
-001048
0000523
0002968
0005006
0004598
0002561
0000465
0000174
0004132
0009139
0009197
0005413
0001397
-000874
0000174
0003434
0006112
0006985
0005064
0002212
0002270
0004074
0004307
0003143
0001629
0000407
0000291
0000465
-000990
-002620
-001456
0001047
0001920
0001047
-000466
-001747
-001339
-000292
-000990
-002271
-001456
0000291
0000116
-000699
0000931
0003609
0004598
0003841
0001804
0000232
0001571
0004656
0007101
0007159
0003143
-001921
-002504
0000523
0003609
0005530
0005238
0003783
0003667
0004831
0006694
0007159
0002852
-002969
-003901
-001165
0000640
0001338
0001629
0001222
-000408
-002271
-003202
-002620
0000058
0002561
0000931
-002620
-003493
-001805
0000756
0002968
0003725
0002910
0000873
-000524
0001629
0005064
0005064
0002444
0000000
-001339
-000874
0000931
0002619
0003550
0003783
0002968
0001164
-000815
-001630
-001398
-000874
-000117
0001338
0001862
-001339
-005472
-005589
-002853
-001048
-000757
-001630
-002969
-003610
-003086
-000815
0001106
-000874
-004599
-005705
-004425
-002387
-000874
-001980
-003610
-001223
0002735
0003143
0001338
0001397
0002619
0003026
0002794
0002503
0002619
0003900
0005588
0006461
0005821
0002852
0000058
0001979
0005704
0004715
0000931
-000524
0000058
0001047
0001222
-001805
-004774
-001456
0004365
0004715
0000931
-002154
-003260
-001165
0002037
0002328
0000465
-000175
-000292
-001747
-003493
-003377
-002038
-001398
-001165
-000524
0000407
0001688
0002386
0001222
-000699
-001514
-000874
0000931
0002968
0003841
0003841
0004191
0004598
0004715
0004249
0003201
0002095
0002095
0002619
0003026
0001688
-003668
-010653
-015543
-016882
-014670
-010304
-006345
-003901
-002795
-003319
-005531
-006869
-002795
0003026
0003318
-000117
-001572
-001514
-002795
-003610
0000116
0004249
0000931
-005647
-006171
-002678
-001863
-002213
0000873
0004249
0001571
-003202
-002096
0002794
0005297
0005762
0007043
0007683
0004540
0000465
0000349
0003026
0004482
0005122
0007043
0008498
0006053
0002503
0003318
0006112
0005006
0002037
0002386
0004016
0001979
-001398
-001107
0001455
0002270
0001804
0002095
0002968
0003783
0004191
0003609
0002386
0001804
0001338
0000116
-001630
-003027
-004017
-004948
-005472
-005065
-003901
-002329
-000757
0000814
0001979
0002852
0002677
0000174
-002387
-001048
0002561
0004598
0004540
0002910
0001338
0003026
0005879
0005704
0003434
0001746
0001106
0001397
0002153
0001979
0001688
0003376
0005180
0003725
0000523
-000874
-000059
0002794
0005297
0003550
-000059
-000059
0001862
0000814
-001456
-000350
0001688
-000233
-003959
-005007
-003260
-000175
0002386
0001513
-001165
-001339
0000232
0001106
0001164
0000465
-000117
0001164
0002968
0002561
0000873
0000291
0000465
-000117
-000641
0000523
0001979
0000873
-001398
-001339
-000117
-000874
-002387
-002387
-001048
0000523
0001397
0000000
-001980
-000757
0001280
-001223
-005472
-006054
-003551
-000408
0001455
-000466
-003726
-003319
-000524
0000582
0000465
0000873
0001338
0000698
-000292
-000117
0000349
-000757
-002504
-002736
-001747
-001165
-000641
0000989
0002619
0002619
0001397
-000059
-000583
0001280
0003900
0003783
0002270
0002910
0004249
0002852
0000407
0000756
0002270
0001164
-001630
-003610
-004366
-003842
-002562
-001689
-001456
-001980
-002678
-001921
-002387
-009198
-018395
-022994
-022353
-018744
-014379
-013040
-012923
-008732
-003901
-005181
-009314
-008616
-004599
-002154
-001107
0000058
0000931
0000814
0000407
0001164
0002619
0003900
0004365
0003434
0002037
0002503
0003667
0002619
0001047
0002852
0005937
0006053
0004249
0004191
0004889
0004074
0002444
0001338
0001397
0003143
0005006
0003900
0001106
-000117
0000116
0000873
0000873
-001863
-005822
-008325
-008208
-004716
-000233
0001164
0000000
-000699
-001689
-005298
-008558
-006753
-002271
-000292
-000874
-001805
-002562
-002445
-001514
-001165
-000117
0004074
0008440
0007334
0003492
0003434
0005762
0006461
0005006
0001106
-002271
-000233
0004365
0004889
0002503
0001513
0001629
0001397
0000989
0000349
0000058
0001222
0002677
0002386
0000756
-000757
-001630
-001572
-000815
-000292
0000174
0000931
0001571
0001513
0000756
-000408
-001339
-001281
-000815
-001281
-002038
-001921
-001107
-000292
0000407
0000931
0001047
0000000
-000641
0002095
0005588
0004656
0001164
-000292
0000407
0002270
0003492
0000640
-003493
-003202
-000059
0001862
0001804
-000233
-002678
-002445
-000524
-000233
-000699
0000465
0001979
0000814
-001514
-001805
-000699
-000408
-000583
0000058
0000640
-000408
-002271
-003144
-003027
-003319
-002853
0000232
0003958
0004424
0002794
0002735
0003434
0002735
0001280
0000873
0000931
-000059
-001165
-000815
0000756
0002503
0003492
0002735
0000931
-000175
-000524
-000874
-001281
-001921
-002620
-003377
-003784
-003726
-002911
-000990
0001047
0001746
0001106
-000408
-002154
-003493
-004192
-004366
-004133
-004075
-003901
-003319
-002329
-001339
-000524
-000117
-000175
-000583
-000699
0001280
0002735
-000583
-007102
-013214
-016474
-014902
-009664
-003842
0000349
0000814
-001281
-002736
-002213
0001047
0005180
0006752
0005355
0001979
-001630
-003086
-002213
-000117
0001629
0000291
-002213
-001863
0000523
0002386
0003143
0002794
0001804
0001397
0001106
-000117
-001747
-003027
-002620
0001629
0006053
0003783
-001863
-003202
-001048
0000523
0001397
0002037
0002270
0002037
0001862
0002852
0004191
0004715
0004191
0002794
0001338
0000873
0001571
0002561
0003783
0005588
0006810
0005937
0003492
0000582
-000874
0001979
0006344
0006403
0003667
0002444
0002212
0000698
-001165
-001921
-001107
0001513
0004016
0003143
0000058
-001921
-002504
-002678
-002096
-000466
0001338
0002444
0001920
-001398
-005181
-005589
-003377
-001863
-000932
0000640
0001629
0000116
-002620
-003901
-003610
-002795
-001689
-000990
-000350
0001280
0003201
0004656
0005064
0003667
0001804
0001280
0002095
0003376
0004074
0002910
0000756
-000815
-000932
0001106
0003550
0003725
0002037
0000582
-000233
-000059
0000523
0000232
-000408
0000232
0000814
-001165
-004075
-004133
-002445
-001805
-001863
-001514
-000641
0001106
0002444
0001397
-000990
-002504
-002678
-001339
0000873
0002968
0004249
0004074
0003318
0003667
0004598
0004889
0004598
0004307
0003725
0001804
-000059
0000058
0001397
0001862
0001513
0000814
0000407
0001338
0002735
0003201
0002328
0000232
-002213
-003959
-004483
-003726
-002213
-000524
0000291
-000932
-002736
-001921
0000523
0002212
0002910
0003259
0002910
0001106
-000583
0000873
0002968
0000640
-003668
-004075
-001863
-000874
-000757
0000349
0001920
0002677
0003376
0005530
0008091
0009139
0008498
0006810
0004889
0003783
0003026
0001629
-001980
-010420
-019035
-020374
-016009
-011934
-008790
-005298
-003435
-005531
-009081
-008616
-005647
-004133
-004075
-004133
-004483
-005647
-006404
-004599
-001689
-000175
-000641
-003260
-005472
-002678
0002037
0001979
-001223
-002678
-001747
0001280
0004831
0006228
0005821
0005588
0005937
0007218
0008964
0010186
0010419
0009313
0007567
0006694
0006519
0006461
0006053
0004947
0003201
0001164
-000117
0000873
0003085
0004074
0003609
0001979
0000000
-000990
-000932
-000466
0000058
0000174
-000350
-001398
-002736
-003901
-004366
-003668
-002271
-001165
-000583
-000583
-000990
-001456
-001805
-001863
-001805
-001689
-001747
-002387
-003027
-002620
-001980
-003610
-004657
0000989
0008033
0006112
-000641
-002329
0000698
0004540
0007858
0009604
0009080
0006344
0002852
0000465
0000000
0001164
0003085
0004831
0005006
0002037
-001398
0000116
0003550
0001920
-002213
-002678
-000932
-000815
-002154
-004192
-005181
-002271
0001862
0002153
-000233
-001165
-000932
-001281
-001921
-002154
-001921
-000874
0000116
-000059
-001281
-003202
-004716
-004599
-003086
-000990
0000756
0001106
0000931
0002503
0004947
0006519
0006519
0004540
0002095
0001862
0003201
0003900
0003609
0002503
0001106
0000174
-000117
-000408
-000583
-000466
-000117
0000407
0000465
-001689
-003668
-001107
0003143
0003376
0000291
-003493
-005705
-003901
0000058
0001804
0001397
0000698
0000000
-000757
-000815
0000523
0002270
0002677
0001397
-001398
-003959
-003668
-001223
0000756
0001862
0002503
0002328
0000814
-000233
0002328
0005588
0003550
-000874
-001048
0001397
0001455
-000233
-001514
-002271
-003377
-003493
-000757
0002735
0002852
0000756
0000756
-000350
-009372
-020607
-023983
-020258
-015019
-010246
-008208
-007975
-005472
-002562
-002853
-004483
-003319
-000408
0001338
0001571
0000756
-000350
-000815
0000058
0002968
0005762
0004831
0001746
0000465
0000989
0001688
0003201
0007159
0010710
0009197
0004715
0001979
0001222
0001280
0001629
0001338
0000698
0000640
0000873
0000523
0000407
0002037
0003725
0001862
-001281
-000408
0002153
0001047
-002329
-004425
-005181
-005822
-005996
-005356
-004192
-003260
-002445
-000932
0000232
-000350
-002213
-004483
-005472
-002736
0001455
0002386
0001106
0000698
0001629
0003550
0005646
0006636
0006344
0005297
0004074
0003958
0004074
0002794
0000989
0000931
0001688
0000698
-000466
0001513
0004656
0004831
0003026
0002677
0002910
0001746
-000059
-000874
-000874
-000815
-001514
-004366
-007277
-006229
-002969
-001281
-001223
-001456
-001863
-002562
-002911
-001747
-000524
-002154
-004657
-003668
-000990
-000699
-002504
-004774
-005647
-002154
0003085
0004889
0003900
0003318
0003434
0004540
0005413
0003900
0000814
-001980
-003551
-003377
-001747
0000232
0001629
0001688
0000814
-000059
-000408
-000059
0000989
0002735
0003900
0002677
0000349
-000059
0000523
-000757
-002620
-002213
-000874
-001456
-002795
-001863
0000058
0000000
-001456
-002678
-003144
-002445
-001223
-001107
-001339
0000000
0001397
-000292
-002853
-002096
0000873
0002619
0002735
0001455
-000233
-000583
-000117
-000932
-002038
-001514
0000000
0001513
0002095
0000873
-001456
-004017
-005239
-003435
-000292
0000523
-000583
-001630
-002213
-002620
-002445
-001398
-000233
0000174
-000233
-000990
-001514
-000815
0000058
-001456
-003260
-001165
0002444
0003085
-000059
-006345
-013680
-019676
-021597
-017115
-009314
-004599
-002736
0000116
0002270
0000814
-002038
-001689
0001047
0003725
0005122
0004132
0001688
-000350
-000990
0000465
0002852
0003900
0003085
0000291
-002562
-002795
-000583
0002386
0004656
0004947
0003492
0001571
-000175
-001747
-002387
-001689
-000233
0000523
0001047
0002619
0003958
0002503
-000350
-001398
-001339
-002736
-004017
-002271
0000582
0000291
-001048
0001804
0005995
0005995
0003085
0001280
0001280
0003259
0006053
0007742
0007858
0006577
0004598
0003259
0002677
0002328
0001804
0000174
-001514
-001572
-000233
0001688
0002852
0001222
-001863
-003551
-003551
-002620
-001398
-001281
-001747
-001514
-000990
-001165
-001863
-003027
-003726
-002911
-001398
-000874
-001456
-002969
-004075
-002678
-000466
-000815
-002620
-002911
-001514
0001397
0004191
0004307
0003143
0004424
0006461
0005297
0002910
0003550
0005879
0006344
0005413
0005180
0004715
0001979
-001223
-001921
-000466
0000873
0001746
0002503
0002386
0000232
-002154
-001398
0000640
-000175
-002154
-001281
0001397
0003783
0004016
-000699
-006171
-004250
0001106
0000582
-003435
-004425
-002795
-000641
0001047
0000873
-000117
0000232
0001571
0002561
0002794
0002095
0000989
0000523
0001106
0002968
0005006
0005355
0004365
0003201
0002503
0003085
0004074
0003958
0002328
-001339
-004366
-001921
0002910
0003609
0001397
0000814
0001397
0001164
0000814
0001804
0003085
0002677
0000873
-001339
-002562
-000990
0001804
0002561
0001455
0000000
-000932
-000408
0001222
0003026
0004132
0003958
0002153
-001863
-005414
-004366
-000874
-000117
-001281
-000932
0000058
-000175
-000757
0000232
0001920
0002270
0001862
0003085
0002503
-006229
-017638
-022237
-019734
-014204
-008383
-006054
-006345
-005298
-003668
-003784
-004133
-001339
0002270
0002270
0000000
-000699
0000000
0000349
0000989
0003492
0005762
0004016
0000465
0000058
0001455
0000523
-000815
0001455
0004889
0004132
0001338
0001571
0003900
0005122
0005180
0004889
0004482
0004773
0005064
0003492
0001571
0002153
0003841
0002910
0001047
0001804
0004249
0005937
0006636
0007159
0006752
0004191
0001338
0001455
0002852
0001513
-001398
-003027
-002678
-000117
0003201
0005180
0005006
0002910
0000116
-000932
-000874
-002562
-004774
-004948
-003901
-003726
-003842
-003086
-001747
-000524
0000232
0000232
0000058
0001455
0003026
0002095
0000291
0000989
0002852
0002444
0001106
0001804
0004540
0008498
0011642
0011642
0008498
0003318
-000990
-000583
0002794
0004132
0003609
0003085
0002503
0001571
0000640
-000117
-000175
0001222
0002503
0000756
-002213
-002038
-000350
-000990
-003202
-004425
-004774
-005531
-005763
-003551
-001339
-003435
-006869
-005414
-000932
0001455
0001804
0002561
0002386
-000932
-004599
-003551
0000116
0001280
0000756
0001571
0003201
0004656
0005122
0003841
0001222
-001863
-003726
-002329
0001047
0003201
0004424
0007159
0009371
0007858
0004016
0000989
-000292
0000698
0002153
0000000
-003144
-001339
0002270
0000640
-003610
-004250
-002038
-000466
0000582
0002037
0003085
0002794
0001629
0000698
0000407
0001047
0001629
0000349
-001689
-002329
-001863
-001281
-001048
-001572
-002271
-001572
-000233
0000349
0000116
-000524
-001107
-000874
0000000
0000814
0000989
-000408
-002096
-001863
-000350
0000873
0001222
0000000
-001223
0000349
0003026
0002794
0000989
0001688
0002270
-001689
-009256
-018395
-024274
-020549
-011759
-009140
-009489
-002620
0005588
0003667
-003493
-003959
-000292
-000233
-002445
-002853
-001921
-001223
-000466
0001397
0003085
0002386
0000640
0000698
0001979
0002561
0002735
0003725
0004424
0002444
-000292
0000000
0001862
0001455
-000408
-001514
-001805
-001805
-001630
-001339
-000874
0000174
0001164
0001222
0000407
-000350
-001398
-003377
-005298
-005822
-005065
-003959
-002736
-001747
-000990
-000292
0000000
-000524
-001223
-000757
0000000
-001048
-002678
-002795
-001456
0000582
0002270
0002619
0001688
0000232
-000757
-000175
0001571
0003434
0004482
0004132
0002561
0000116
-001165
0002037
0006636
0006228
0002910
0002561
0003783
0002619
-000175
-002795
-004425
-004599
-003551
-001980
-000699
-000408
-001048
-001630
-002271
-003319
-004075
-003086
-001398
-001048
-002038
-003493
-004250
-002562
0000000
-000350
-001572
0000989
0004947
0004947
0002328
0000814
0000349
-000524
-001165
-000583
0000756
0001571
0002328
0004540
0006170
0003609
-000524
-000932
0000756
-000524
-002387
0000232
0004540
0004365
0002037
0003725
0006985
0006403
0002852
-000408
-002504
-003202
-002504
-001281
-000350
-000874
-002387
-003726
-004308
-003319
-002154
-004017
-006695
-005705
-002911
-002562
-004483
-007684
-009896
-007975
-004192
-003784
-005589
-006171
-005065
-002271
0000582
0000407
-001048
-000292
0002386
0005238
0007101
0006577
0004540
0003900
0003783
0001862
-000408
-000350
0001164
0001688
0001862
0003900
0005413
0001862
-003377
-003842
-000815
0001338
0001862
0000873
-001107
-002678
-003144
-002096
-000350
0000349
0000174
0000465
0000640
-000059
-001514
-003842
-005356
-003377
-000466
-001165
-005822
-013389
-019850
-019327
-013505
-007801
-003842
-001863
-002271
-004483
-006520
-005007
-001398
0000640
0001047
0001164
0001106
0000873
0001106
0003085
0004889
0003259
0000000
-000757
0000640
0002619
0004307
0004540
0004074
0005006
0005995
0004424
0001571
0000232
0000174
-000699
-001398
0000291
0002444
0001455
-001107
-001456
-000292
0000116
-000059
0000174
0000640
0001047
0001629
0003085
0004249
0002910
0000582
0000291
0001455
0001571
0001338
0002444
0003609
0002386
0000058
-000641
-000117
-000117
-000524
-000815
-000815
0000116
0000814
-001107
-003784
-003784
-001921
-000815
-001281
-004308
-007684
-007277
-004541
-003319
-003901
-006287
-007975
-004483
0000873
0000931
-002678
-005065
-005356
-003027
-000524
-002445
-006229
-005938
-002795
-000524
0000582
0001164
0001222
0000989
0000989
0001804
0003143
0004424
0005006
0003725
0001746
0001222
0001746
0001280
0000698
0001862
0003550
0003259
0002095
0002561
0003550
0002153
-000233
-000932
-000117
0001106
0001920
0001164
-000408
-000932
-000757
-001456
-002562
-003144
-003551
-004890
-006054
-005239
-003319
-002969
-003319
-001805
-000233
-001921
-005123
-006287
-005123
-002271
0000349
-000583
-002736
-001107
0002852
0005355
0005995
0005122
0003958
0004715
0005937
0003841
0000582
0000058
0001920
0004831
0006636
0004249
-000233
-002213
-002096
-002445
-002853
-002213
-001107
-000641
-000292
0001513
0003259
0002386
-000117
-001572
-001805
-001165
-000932
-003260
-006695
-008266
-007917
-006462
-004483
-002562
-001863
-004133
-006753
-004716
-000757
-001165
-003610
-002154
0001513
0002968
0002619
0002794
0002794
0001106
-001107
-001747
-000990
0000523
0001571
0001338
-001980
-011410
-020607
-018919
-010478
-006229
-005880
-004832
-004075
-005996
-007743
-004017
0001746
0002561
-000117
-001107
-000990
-002504
-003493
-000350
0004540
0006694
0005530
0001571
-002445
-002445
0000407
0002444
0003259
0003376
0002910
0002561
0002037
0000407
-001048
-000466
0001280
0002212
0002619
0003900
0005006
0004307
0002212
-000350
-001689
0000814
0004656
0004831
0002561
0002037
0002735
0002328
0001397
0001804
0002095
-000466
-003726
-003668
-001165
0000640
0001629
0002619
0002852
0001688
-000117
-001572
-001747
0000523
0002852
0000756
-002911
-001980
0001746
0003900
0003376
-000117
-004192
-005007
-003260
-001863
-001165
-001339
-001339
0000582
0003550
0005471
0006170
0006344
0005821
0003900
0002153
0002852
0004540
0004482
0002386
-001863
-005356
-003377
0001338
0002444
0000640
-000524
-000874
-000699
-000466
-001689
-002795
-000524
0002735
0002328
-000757
-003260
-004133
-002329
0000174
-000641
-003027
-003027
-001281
0000058
0000814
0001571
0001920
0001571
0000931
0001106
0001629
0001513
0001222
0002037
0003318
0003958
0004132
0005006
0005704
0004656
0003201
0004016
0005937
0006461
0005530
0003841
0002095
0000698
0000698
0003259
0006461
0006868
0004540
0001164
-001747
-001863
-000408
-000699
-001689
-000932
0000640
0000582
-000524
-000699
-000874
-003086
-005414
-004250
-001165
0000291
-000117
-001281
-002795
-004250
-004774
-002911
-000408
-000408
-001980
-002329
-001921
-002911
-003668
-000932
0002794
0002561
0000116
0000058
0001513
0001571
0000989
0001629
0003201
0005238
0006752
0006577
0004889
0002561
0000523
0000174
0000640
-000117
-001339
-000932
0000058
-000932
-002678
-002329
-001398
-003144
-007102
-011701
-015194
-015659
-013273
-009722
-006229
-003842
-003319
-005123
-007044
-004948
-000757
0001106
0000582
-000874
-002271
-002620
-001398
0001804
0005180
0006344
0004947
0001629
-000990
0001164
0005879
0007800
0007043
0005821
0004365
0002386
0001047
0001920
0003434
0001804
-000932
-000641
0002212
0005937
0008673
0008091
0005355
0003550
0002735
0001629
0000640
0000291
0000291
-000175
-000874
-001048
-000874
-000815
-000466
0000814
0002619
0004365
0004889
0002386
-000990
-000932
0001164
0000989
-000233
0000291
0002037
0003667
0004191
0002095
-000583
0000116
0003201
0005879
0006694
0004715
0001222
-001107
-001398
0000582
0002968
0001979
-000815
-001281
-000233
-000292
-000932
-000524
0000523
0001280
0001513
0000989
0000174
-000292
-000175
0000640
0001513
0001338
0000582
0000698
0001338
0001397
0001280
0002619
0003667
0001280
-001980
-001398
0001920
0004656
0005704
0004715
0002328
-000292
-001281
0001629
0005413
0003783
-000524
-001165
0001280
0004074
0005821
0004889
0002910
0003667
0005588
0004424
0001804
0001688
0002677
0001338
-001281
-002853
-003435
-004657
-005239
-003260
-000350
0000465
-000350
-000524
-000583
-002038
-004133
-005472
-005647
-004657
-003144
-002154
-001980
-002678
-003668
-004483
-004075
-000815
0002794
0002444
-000175
-000583
0001106
0003201
0004715
0003958
0002153
0002212
0003492
0003841
0003550
0003376
0003201
0002735
0002444
0003201
0004191
0003725
0002270
0000814
0000116
0001106
0002619
0002095
0000814
0001804
0003841
0004598
0003550
0000698
-002213
-002271
-000583
0000000
-000699
-001980
-002969
-002096
-000641
-001456
-003377
-003901
-003319
-003377
-003086
0000465
0002852
-003493
-014029
-019385
-018861
-015135
-010129
-007044
-005880
-004192
-003086
-004250
-005472
-002038
0003201
0004540
0003085
0002794
0003492
0003783
0004074
0005064
0005937
0005413
0004074
0003725
0004132
0004482
0004773
0004773
0004831
0005762
0006112
0003143
-000815
-001398
0000407
0001164
0000873
0000291
-000175
0000116
0000640
-000175
-001572
-002096
-001805
-001339
-000932
-000641
-000874
-002038
-003086
-002678
-000815
0001513
0003609
0005064
0005122
0002794
-000117
-000524
0000698
0000989
0000407
-000350
-000524
0001222
0002852
0000931
-002620
-003377
-001747
0000116
0001629
0002677
0002677
0001047
-001107
-002213
-001921
-001107
-000059
0000873
0000814
-000932
-003377
-004483
-003959
-002271
-000408
-000292
-000583
0001862
0005006
0004831
0002619
0002153
0002561
0001222
-000175
0001920
0004889
0003318
-000466
-001398
-000059
0000698
0000989
0001629
0002153
0002037
0001513
0001397
0001222
0000174
-000932
-000466
0000698
0001047
0000232
-001921
-003959
-003435
-001863
-002504
-004483
-005705
-005298
-002387
0001106
0002095
0001047
0000174
-000175
-000059
0000232
-000117
-000699
-000699
-000350
-000292
-000524
-000990
-001223
-000524
0000582
0000989
0000989
0001397
0002270
0003376
0004307
0004598
0003841
0001280
-001572
-002271
-001339
-000874
-000524
0001047
0002328
0000640
-002271
-002678
-001398
-001048
-001572
-001980
-002678
-005414
-006811
-000408
0007043
0002852
-007626
-011235
-008907
-006637
-005239
-005298
-006404
-007160
-007160
-006869
-005880
-004133
-002038
-000175
0000349
-002038
-005298
-005647
-003784
-002329
-001281
0000232
0001397
0001047
-000117
-000466
0000407
0002503
0004482
0004773
0001979
-005938
-014844
-018861
-017464
-013040
-007859
-005239
-005123
-005239
-005298
-005298
-004425
-001863
0001280
0003376
0003085
-000990
-006171
-008266
-006928
-003377
0000116
0000058
-002038
-001805
0000058
0001338
0001571
0000232
-001165
0000000
0002095
0001455
-000757
-001747
-001456
-000990
0000291
0004016
0007509
0006927
0003783
0002153
0002619
0004773
0006752
0005064
0001397
-000292
0000232
0002212
0004307
0004482
0003143
0002153
0001688
0001455
0001455
0001397
0001164
0000698
0000000
-000874
-001514
-001281
-000990
-002154
-003784
-003842
-002795
-002504
-002387
-001339
0000058
0000873
0000640
-001107
-002911
-002445
-000350
0001629
0002386
0000873
-001048
0000058
0002677
0002677
0001164
0001455
0002677
0002735
0001571
-000524
-002504
-002678
-001456
-000350
0000407
0000873
0001047
0000931
0000814
0000814
0001047
0001746
0002270
0001920
0000349
-002562
-005123
-004948
-002678
-000524
0000698
0000640
-000466
-001689
-002620
-003493
-003726
-002969
-001281
0001513
0003492
0001746
-001281
0000058
0003434
0002910
0000873
0002910
0006461
0005821
0002735
0002037
0002852
0002444
0001397
0000873
0001164
0002386
0003900
0004889
0004715
0002503
0000116
0000814
0002561
0001164
-002038
-003493
-003260
-002387
-001339
-000408
-000117
-000874
-001805
-001398
-000233
0000232
-000233
-001514
-002969
-003551
-003260
-002562
-001863
-001921
-002038
-000524
0001164
0000174
-002038
-002154
-000815
0000232
0000756
0000931
0001164
0002386
0003900
0004540
0004132
0002910
0001920
0002794
0004656
0005879
0005879
0004132
0002328
0003609
0005821
0004424
0000582
-002562
-003784
-002271
0000523
0001688
0000989
-001048
-002969
-001572
-000699
-008092
-019035
-024507
-023983
-020898
-016125
-011061
-006811
-003260
-002038
-005007
-009081
-008616
-004774
-001165
0000931
0000814
-000583
-001165
-000059
0003550
0007742
0009371
0008673
0007858
0007392
0007800
0008324
0007451
0005704
0004307
0003783
0004656
0005646
0004249
0001571
0000058
-000524
-001980
-002969
-000932
0001746
0000523
-002096
-000117
0003900
0004365
0002037
-000466
-001863
-000408
0001804
0000640
-002271
-003144
-002154
-001048
0000349
0002735
0004540
0003201
0000116
-002154
-002504
-000466
0002619
0003958
0003725
0003492
0003201
0002270
0001455
0001746
0002910
0004656
0005471
0002503
-000990
0001222
0006170
0007101
0004249
0000116
-002795
-000641
0003550
0003259
0000058
-001223
-000583
0001222
0002561
0000814
-002562
-004366
-003959
-001456
0001979
0004598
0005355
0003550
0000582
-000932
-001107
-001398
-001921
-003027
-003610
-001689
0000698
-000583
-003784
-004832
-003377
0000174
0003609
0003550
0001164
0000232
0000232
-001456
-002969
-001107
0001804
0000523
-002736
-002562
-000641
-001514
-003551
-002853
-000699
-000233
-000990
-001630
-001514
0000116
0001862
0001338
-000233
0000174
0001338
0000291
-001747
-001689
-000699
-001921
-003668
-002620
-000175
0001106
0000582
-001863
-004017
-001980
0001979
0003143
0001688
-000408
-001805
-000524
0002386
0004540
0005413
0005122
0003900
0002095
0000873
0001688
0003434
0003667
0003201
0004715
0006519
0005122
0001629
-001456
-002562
0000174
0003783
0002386
-001863
-003377
-002736
-002562
-002853
-003144
-003202
-002271
-001572
-003668
-006695
-007102
-005356
-003086
-001863
-004075
-007451
-007102
-004541
-003842
-004017
-002154
0000465
0001920
0000698
-004366
-010886
-015368
-016009
-012050
-006345
-004541
-004948
-002504
0001164
0002270
0001688
0002386
0003609
0003783
0002677
0000174
-001863
-000175
0003667
0006228
0006519
0004365
0001106
-000583
-000292
0001571
0003900
0005238
0004715
0001746
-001339
-000175
0003026
0003143
0000349
-003784
-007335
-007743
-005531
-002620
-000466
-000408
-001630
-001514
-000524
-000117
-000059
0000698
0001746
0002095
0002444
0004598
0006985
0006985
0005180
0003376
0001920
0000174
-000233
0003259
0007683
0007392
0004365
0003900
0005064
0005297
0004307
0002444
0000582
-000117
0000407
0001338
0002037
0001688
0000349
-001572
-003086
-002620
-001398
-002329
-004017
-003144
-000990
-000408
-001048
-001048
-000990
-002154
-003086
-000757
0002677
0003201
0001513
0000523
0000349
0000407
0000582
0000000
-000350
0001106
0003318
0003841
0003201
0003492
0003900
0002561
0000873
0001688
0003550
0003376
0001804
0000698
0000291
0000582
0000756
-000757
-002562
-001747
0000640
0002270
0002735
0002270
0001106
-000466
-001805
-002504
-002562
-002445
-002445
-003027
-003435
-002562
-000815
0000814
0001513
0000116
-001689
-000874
0001513
0002677
0002328
0000523
-001281
-000583
0001397
0002037
0000814
-002329
-005414
-005589
-002969
0001164
0004598
0004598
0001688
-002154
-004774
-003435
-000350
-000874
-002853
-000757
0003026
0003958
0002270
0000000
-001689
-001339
0000000
-000059
-001456
-003901
-005763
-004774
-002038
0000058
0000465
-001398
-004133
-005531
-005181
-003901
-002096
-000408
0000931
0001804
0001979
0001222
0000058
-000699
-000699
-000350
0000640
0002968
0004773
0003085
0000000
0000349
0002561
0002095
0000523
0001746
0003900
0002910
-000059
-001398
-002969
-009431
-017056
-019501
-017347
-014786
-011468
-005414
0000000
-000233
-003842
-004716
-003493
-003435
-003493
-000990
0001688
-000117
-003377
-001165
0003318
0002794
-000932
-003319
-003551
-002038
0000582
0003259
0004947
0004773
0003725
0004249
0005762
0006461
0006403
0005762
0004773
0003609
0002735
0002444
0002852
0003667
0004424
0004482
0004016
0003725
0003667
0003900
0003725
0001455
-000874
0000291
0002910
0002386
-000059
-001339
-001048
0000582
0001862
-000350
-003842
-003959
-002038
-001863
-002736
-002329
-001107
-000059
0000058
-001572
-003726
-004425
-003377
-000583
0001862
0000349
-003144
-004192
-003027
-001281
0000232
0000465
-000117
-000292
0000058
0000814
0001397
0000407
-000815
0000465
0002503
0001164
-001572
-001281
0001455
0004715
0006461
0004191
-000117
-001689
-001398
-002387
-003551
-002271
-000175
-000641
-002271
-001165
0000756
-000641
-003959
-006287
-006404
-003435
0000116
-000524
-003260
-002562
-000059
0000465
-000874
-003144
-004541
-002213
0001629
0002444
0000756
-001107
-001863
-000059
0003201
0005588
0006810
0008091
0008091
0004715
0000407
-000233
0001222
-000175
-002678
-002387
-000699
-001165
-002445
-000874
0001455
0000465
-002387
-003668
-003493
-003668
-003668
-002387
-000815
-000874
-001747
-001572
-000757
-000233
-000292
-000932
-001980
-003319
-003901
-002562
-000233
0001222
0001164
-000641
-002620
-002154
0000291
0003259
0005704
0007043
0006694
0004074
0001862
0005006
0008964
0004307
-003668
-003377
0001629
0001979
-001398
-004366
-006054
-006113
-004948
-003842
-003202
-003144
-003377
-003260
-002795
-001980
-001456
-001747
-002678
-003551
-004308
-005938
-006811
-002678
0000116
-010013
-024798
-027942
-021480
-015135
-009896
-004541
-001223
-001689
-004483
-006404
-005938
-001689
0003841
0006344
0005646
0003725
0001979
0002910
0005297
0006053
0005530
0005355
0005704
0006577
0007509
0007101
0006286
0006810
0007683
0006461
0003900
0001804
0000058
-002678
-004133
-000641
0004132
0003259
-001165
-002911
-002620
-003202
-004133
-004192
-003726
-003668
-003551
-002096
-000641
-001980
-003610
0000000
0005297
0005471
0001804
-001398
-002620
-000117
0003259
0001397
-002271
-000059
0005006
0005646
0003376
0003026
0003841
0003841
0003259
0002677
0002677
0004191
0005821
0004656
0002386
0002794
0004715
0004947
0003667
0001629
-000466
-002271
-002969
-001630
0000640
0001455
0001222
0001397
0001571
0000232
-001165
-000175
0001804
0001862
0000232
-001514
-002504
-001514
0000291
0000232
-001339
-003377
-004599
-003493
-001165
0000232
0000000
-002387
-004599
-002678
0001513
0003434
0002968
0001106
-000408
0000814
0003783
0005995
0006286
0003259
-000117
0001920
0006286
0005704
0002037
0000232
0000465
0001222
0002095
0002212
0001862
0001629
0001979
0003783
0005064
0002153
-002096
-001805
0001047
0000931
-000990
-001165
-000350
-000757
-001863
-002387
-002271
-001456
-000408
0000058
0000407
0002270
0003667
0000523
-003668
-002213
0002270
0003434
0001979
0001047
0000756
0000640
0001222
0003609
0005995
0005297
0003026
0003085
0004074
0002503
0000000
0000291
0002037
0001571
0000232
0001397
0003318
0002386
-000175
-001339
-001223
-001514
-001747
-001048
-000233
-000757
-001980
-002154
-002096
-003784
-006113
-007044
-006113
-003027
0000407
0001222
0000174
-000524
-000408
0000232
0001280
0001804
0002386
0004889
0005588
-002387
-013622
-017929
-015892
-012749
-009605
-007277
-005414
-001398
0002095
0000058
-003668
-000641
0005238
0005588
0001455
-003202
-006287
-005531
-002154
0000989
0002444
0001455
-000932
-002271
-002213
-001572
-000350
0001280
0002794
0003609
0003841
0003841
0003900
0004656
0005006
0002910
-000059
-000641
0000873
0002619
0003958
0003783
0003318
0005297
0007974
0008091
0006053
0003550
0002037
0003318
0005879
0006286
0005355
0006053
0006868
0004598
0001222
0000756
0002619
0004656
0005704
0004540
0002328
0001280
0001338
0001629
0001746
0000989
0000349
0001804
0003783
0003492
0001571
0000349
-000524
-002620
-004483
-003726
-001398
-000292
-000466
-001398
-002736
-004192
-004890
-004133
-002562
-001747
-001572
-001339
-000350
0002561
0005762
0006519
0005238
0003550
0002386
0002561
0003376
0002619
0001746
0003783
0006461
0005180
0001862
0001455
0002561
0001280
-001223
-002911
-002271
0002735
0008033
0006577
0001106
-000990
-000874
-002911
-005065
-003260
0000174
0000058
-001863
-000990
0001629
0003667
0003841
0000582
-003551
-003726
-001805
-003027
-005472
-004890
-002329
-000408
0000756
0001979
0002794
0002561
0001979
0002212
0002735
0002444
0001862
0002386
0003492
0003958
0003841
0004074
0004132
0002968
0001571
0001979
0003201
0002910
0001513
-000059
-000815
0000756
0002968
0002735
0000232
-003144
-005414
-003842
0000000
0001979
0001979
0001397
0000349
-001107
-002096
-001165
0000116
-001689
-004425
-003435
-000757
-001223
-003377
-003493
-001572
0001455
0003958
0003783
0002095
0002153
0003609
0004773
0005064
0003609
0001746
0002503
0004016
0002328
-000874
-001921
-000757
0001571
0003376
0002095
-000583
-000233
0000291
-005239
-013738
-019734
-020898
-016009
-008558
-005239
-005007
-002562
-000350
-003959
-008208
-003086
0006170
0008149
0004016
-000815
-003435
-000233
0005762
0007974
0006286
0003026
-000233
-001456
-000815
0000291
0001222
0001397
0001804
0005006
0008324
0006810
0002619
0000989
0001979
0004365
0006636
0006228
0004249
0004016
0004365
0002037
-000699
0000116
0002735
0002619
0000698
-000408
-000292
0001338
0002561
-000292
-004308
-003610
-000233
0000232
-001456
-002271
-002620
-003842
-005181
-005239
-004250
-003027
-002213
-002853
-003668
-002038
0000349
-000233
-001630
0001164
0005588
0005879
0004132
0005937
0008673
0006577
0002153
0001164
0002503
0002677
0001862
0000873
0000058
0000174
0000465
-001048
-002445
0000058
0003725
0002794
-000350
-000059
0002328
0003259
0002910
0002503
0002095
0001746
0001397
0000931
0000407
0000058
-000117
0000116
0000232
-000292
-001281
-002213
-003086
-004192
-005181
-005938
-005647
-003144
0000465
0003783
0005122
0002270
-001921
-002562
-000233
0001571
0002735
0003958
0004656
0004424
0003783
0003783
0003783
0002212
0000756
0002910
0005995
0004831
0001164
-000117
0000232
-000059
-001048
-002504
-003319
-001398
0001688
0003026
0002677
0001979
0001047
-000350
-001398
-000990
0000116
0000291
-000524
-001689
-002911
-004017
-004657
-004599
-003959
-002853
-001747
-001223
-001107
-000932
-000524
0000232
0001106
0001688
0001397
-000699
-003086
-003319
-001747
0000174
0001455
0000814
-000699
-000874
-000175
-000292
-000757
-000524
0000116
0000465
0000058
-001514
-002969
-001805
-000117
-002387
-005938
-005123
-001572
0000989
0001280
-001805
-005298
-003086
0001047
-000350
-006345
-012923
-018046
-020374
-019268
-015135
-010304
-008266
-008092
-006054
-003260
-002445
-002329
0000116
0003085
0003085
0001047
-000350
-000932
-001747
-001747
0000698
0003434
0002444
0000058
0001164
0004307
0005355
0004307
0002270
0000349
0000291
0001455
0001804
0001862
0003026
0004249
0003550
0001629
-000059
-000815
-000408
0000232
-000990
-003144
-003784
-003610
-004541
-005763
-005589
-004541
-004483
-004250
-001456
0001920
0002037
0000000
-001514
-001689
-000583
0001571
0004132
0005471
0003259
0000000
0000582
0003667
0005471
0005588
0004365
0002910
0003085
0004132
0004074
0002794
0000058
-002096
-000408
0003201
0004715
0004074
0002619
0001047
0000640
0000640
-000757
-002911
-004541
-005356
-005705
-005298
-003959
-002504
-002154
-002853
-003726
-004366
-004250
-003144
-000757
0001280
0000407
-002154
-003551
-003610
-002911
