-000874
0000523
0001920
0001455
0000058
0000174
0000756
-000583
-002678
-003493
-003144
-002736
-001980
-000408
0001338
0002270
0002619
0003201
0003143
0000698
-002038
-001107
0001513
0000873
-001281
-000175
0002153
0001280
-000990
-000233
0002328
0003841
0003958
0003434
0002270
0000174
-001689
-002154
-000408
0004889
0009663
0007276
0000523
-003959
-004890
-002736
0000814
0002328
0001688
-000350
-001863
0000465
0003958
0002735
-000874
-001514
-000059
0000058
-000408
0000349
0001746
0002735
0002561
0000291
-002504
-003202
-001921
0000000
0002037
0003900
0004889
0004191
0002561
0001338
0000698
-000059
-000641
-001107
-001048
0000523
0001979
0000698
-001514
-001107
0001338
0003783
0005064
0003783
0001513
0001338
0002386
0001979
0000873
0000989
0001338
-000408
-002853
-002678
-001456
-003260
-005472
-001572
0003085
-002562
-011526
-009198
-000292
0003492
0001804
-003144
-007102
-003784
0004307
0010827
0013563
0012340
0007567
0000291
-005007
-002329
0004540
0006403
0004191
0002561
0002270
0003550
0005180
0004773
0002794
0000814
-000292
0000000
0000989
0001106
0000582
0000582
0001106
0002677
0003318
-000641
-005822
-005705
-002271
-000932
-001398
-001863
-001863
-001223
0000116
0001979
0003143
0002153
-000117
-001689
-001805
0000000
0002444
0003143
0002095
0000291
-001048
-000233
0001862
0003201
0003376
0002677
0001280
-000175
-001223
-002038
-001689
0000873
0004132
0005879
0005297
0001862
-002096
-002736
-000874
0000174
0000291
0000174
0000174
0000873
0001862
0002095
0001862
0002503
0003026
0001513
-000408
0001164
0003376
-000117
-005181
-003260
0001804
0000756
-003086
-001689
0002677
0004307
0003085
0000582
-001863
-002562
-001689
-000641
0000523
0002037
0003376
0004249
0004365
0003085
0001571
0001513
0002270
0001746
0000989
0002503
0004307
0002270
-000874
0000931
0005355
0007218
0006053
0002561
-000874
-000233
0002735
0003900
0002910
0001222
-001281
-005647
-008383
-004133
0002910
0003725
0000989
0002561
0005704
0004074
0000058
-000815
0000465
0000291
-000524
0000407
0001804
0001222
-000466
-001107
-000815
-000757
-000699
-000292
0000523
0002212
0003667
0002794
0000989
0001455
0002677
0000814
-001689
0000174
0003725
0002444
-001048
-000583
0001746
0000174
-002853
-001805
0000931
-000350
-003551
-003435
-001456
-001863
-003027
-001107
0001688
0000814
-001980
-002038
-000466
-000117
-000932
-002387
-003260
-001980
0000349
0001804
0001280
-002038
-005531
-004541
-000757
0001338
0001222
-000757
-002678
-001048
0001688
0000814
-003086
-007801
-009955
-004483
0003492
0004482
-000466
-006695
-009664
-003493
0006752
0011001
0008033
-000117
-008092
-007626
-001572
0001338
0001106
0000349
-000583
-001514
-001805
-000815
0000291
-000641
-002562
-003202
-002853
-002853
-003027
-002969
-002504
-001281
0000116
0001164
0001280
-000408
-002445
-002271
-000466
0001222
0002212
0002270
0001629
0000465
-000059
0002095
0004715
0003201
0000174
0001804
0005646
0005879
0003783
0003026
0003492
0004016
0003900
0001862
-000641
-000757
0000873
0001804
0001920
0001979
0001455
-000641
-002911
-002969
-001805
-002096
-003493
-005181
-006171
-005123
-003027
-002038
-002154
-002562
-002678
-001805
-000466
0000058
0000174
0001106
0002328
0002561
0001746
-000059
-001805
-002154
-001572
-001281
-001398
-001805
-001980
-000990
0000814
0002852
0004016
0002735
0000465
0000523
0001280
-001281
-004541
-003668
0000232
0004132
0005762
0002561
-002620
-004250
-002911
-001747
-001223
-001689
-002445
-001863
-000641
-001048
-001689
0000582
0003085
0000873
-003668
-004716
-003319
-002853
-003144
-003027
-002678
-002795
-002736
-001107
0000814
0000698
-000524
-000175
0000756
0000000
-001456
-001980
-000932
0002444
0005762
0004947
0001688
0000873
0001455
0000174
-001805
-002038
-000932
0000291
0000989
0000640
-000408
-000757
-000815
-001456
-002329
-002736
-002620
-001980
-001514
-002853
-004366
-003086
-000292
0001571
0001513
-001223
-004366
-003610
-000757
-000233
-001514
-002213
-001980
-000524
0000931
0000349
-001107
-000466
0001338
0001804
0001047
-000233
-001339
-001456
-000641
0000582
0001397
0000291
-001398
-000932
0000640
0000640
-000641
-001921
-002620
-001689
-001223
-005647
-010770
-008616
-002504
0000058
-001863
-007451
-012516
-010653
-003668
0003434
0006461
0000756
-008558
-011410
-007568
0000058
0007043
0007451
0003143
0000407
0000232
0002444
0005238
0005530
0003434
0000698
-001107
0000407
0003492
0003900
0003434
0006868
0010827
0008906
0003725
0001222
0001397
0002270
0003026
0002328
0000989
0000989
0001862
0002270
0002270
0002503
0002153
-000233
-002504
-000641
0002910
0003026
0000640
-000699
-001398
-003377
-005472
-005647
-004716
-004657
-004716
-003202
-001048
-000292
-000524
-000117
0000640
0001164
0001222
0000523
-000350
0000000
0000931
0001106
0000931
0001629
0002328
0000989
-000641
0001047
0004016
0003725
0001920
0003201
0005122
0001979
-002562
-001339
0003550
0007451
0007916
0002561
-004250
-004308
0000116
0002444
0002095
0000058
-002445
-003144
-002271
-001339
-000874
-001689
-002795
-001980
-000757
-002038
-004774
-006345
-005880
-002795
0001222
0003376
0003318
0002037
0000465
0000291
0000814
-000117
-001456
-000990
0000349
0000582
0000174
0000407
0000873
0000698
0000232
0000698
0001222
-000059
-001514
-000233
0002328
0002852
0001455
-000990
-003027
-002329
0000000
0001338
0001455
0001280
0000465
-001805
-003551
-001689
0001862
0002735
0001455
0000640
0000116
-000757
-001921
-003610
-004832
-004017
-002271
-002329
-003377
-002853
-001572
-001339
-002038
-002795
-002969
-001514
0000873
0002794
0003841
0003958
0003609
0003900
0004249
0002794
0000989
0001513
0003376
0004365
0003725
0000698
-002504
-002154
0000349
0001106
0000931
0002677
0004482
0003026
-000466
-003086
-003784
-001747
0000989
0000873
-000815
-000233
0001746
0003434
0003085
-001689
-007568
-009081
-006345
-001281
0002444
-000117
-005938
-008732
-006753
0000465
0008557
0010885
0006868
-002096
-009081
-002853
0009488
0011991
0006868
0003667
0002270
-000175
-001281
0002444
0007742
0008557
0005646
0002561
0000523
0000407
0001862
0003143
0003900
0004482
0004482
0003143
0001397
0000989
0001397
0001222
0000523
-000350
-001107
-001281
-000699
0001222
0002794
0001397
-001165
-000583
0001164
-000641
-003726
-003377
-000524
0001571
0002910
0004947
0006112
0004132
0000814
-000233
0000756
0001571
0002735
0005995
0008731
0006694
0002270
0000582
0001397
0002270
0002735
0002794
0001862
-001165
-003842
-002329
0001746
0004132
0004540
0003958
0002968
0002444
0002153
0000698
-000815
-000466
0000756
0000873
-000408
-003260
-005472
-003319
0000931
0002677
0001688
-000641
-002853
-002853
-001281
-000350
0000058
0000756
0001688
0003085
0004191
0003958
0002619
0001164
0000232
0000407
0001222
0001280
0001047
0001629
0002503
0002037
0001455
0003085
0005355
0005064
0003085
0001979
0001804
0002328
0002619
0001280
-000757
-001572
-001456
-001747
-002329
-003202
-003086
0000407
0004540
0004598
0001629
-000757
-001805
-001223
-000350
-002329
-005181
-004948
-002620
-001048
-000583
-000990
-001339
0000407
0002444
0001222
-001689
-002387
-001747
-002620
-003668
-002038
0001047
0002910
0003085
0001397
-000699
-000292
0001571
0002212
0001688
0000582
-000466
-000757
-000408
0000116
0000349
-000350
-001223
-000932
0000058
0000407
0000116
-000466
-000990
-000641
0000058
0000116
-000408
-001514
-002038
0000000
0002735
0002270
0000174
0000698
0002386
0001979
-000059
-002445
-004017
-003493
-001689
-000874
-000874
-000699
-000874
-002271
-003668
-003086
-000815
0002968
0004947
-000583
-007451
-003668
0006286
0011700
0010827
0004482
-003610
-007684
-006462
-000757
0005355
0004715
0000407
0001222
0004424
0003550
0000000
-002620
-003784
-004425
-003784
-000757
0002910
0004831
0004424
0002444
0000058
-000932
-000292
0001280
0003026
0004132
0003958
0001920
-000059
0001688
0004831
0003725
0001164
0003667
0007567
0005006
-000583
-001572
0000989
0002968
0003900
0003900
0003550
0004656
0005821
0004365
0001629
0000756
0001629
0003434
0005006
0004540
0002968
0002386
0002910
0004249
0005064
0003201
-000117
-002678
-003726
-003260
-001863
-000757
-000292
-000233
-000815
-002678
-004425
-003842
-001689
0000407
0001222
-000292
-002969
-004483
-003784
-000059
0004540
0006636
0005937
0003376
0000989
0001920
0004365
0003783
0001397
0000232
0000640
0001688
0003550
0006927
0009139
0006403
0000873
-003086
-003842
-000874
0003259
0003492
0000931
-000466
-000466
0000465
0001106
-000990
-003959
-004250
-002620
-001514
-001514
-002736
-004250
-004716
-003901
-002038
-000117
0000058
-000466
0001164
0002794
0000000
-004133
-003260
0000349
0000931
-000641
-000932
-000524
-001456
-002445
-001107
0001047
0000523
-001165
-000175
0001920
0001804
0000116
-001339
-001921
-001572
-000699
-000466
-000699
-001107
-001107
0000349
0000873
-004308
-010944
-011119
-006520
-002853
-000874
0000232
0000349
0000000
-000815
-002387
-003842
-004075
-002853
0000058
0001979
-001630
-007160
-007102
-003551
-002562
-003202
-002271
-000408
0000756
0000989
0000407
-000466
-001048
-001048
-000408
0000058
-001165
-002620
-001339
0001222
0002037
0000873
-001339
-003435
-003493
-002853
-005298
-008266
-006520
-002271
-000350
-001747
-007393
-011876
-005996
0004656
0008324
0004889
-002271
-008616
-007684
-002329
-000175
-000990
-002038
-002445
-000932
0000989
0000523
-002213
-006171
-008674
-005647
0000465
0004424
0005238
0003783
0001280
0000232
0001106
0003958
0006519
0005355
0001920
-000059
-000117
0000873
0002561
0004424
0005704
0006228
0005297
0002386
-001339
-004425
-005531
-003901
-000815
0001047
0001338
0000349
-000699
0000465
0002037
0000116
-003144
-002853
-000583
-000350
-001456
-001223
-000524
-001339
-002620
-002504
-001339
-000408
-000524
-002969
-005472
-003435
0000407
0000116
-002387
-001805
0000407
0000174
-000815
0001397
0004540
0004132
0001571
0000931
0001979
0003376
0003783
0001164
-002678
-004366
-003202
0001338
0005530
0002794
-003377
-005065
-002853
-000117
0001804
0001455
-000757
-003726
-005763
-004541
-002038
-002678
-005065
-005763
-004425
-001223
0001280
-001165
-006054
-008034
-007335
-007219
-006171
-000408
0005762
0004889
-000292
-002504
-002096
-001689
-001630
-002387
-002853
-000699
0002095
0001979
-000466
-002969
-004425
-004017
-001747
0002037
0004715
0002561
-001339
-000641
0003085
0005471
0005297
0001688
-002504
-001747
0001397
0000582
-002387
-002504
-000932
-001165
-002387
-002154
-001572
-002911
-004890
-005065
-003842
-002795
-002562
-003901
-005647
-005938
-004541
-001689
0000756
-000466
-002853
-000641
0003376
0002503
-000699
0000174
0002968
0002153
-000350
-000292
0001397
0001746
0000989
0000698
0000000
-003435
-006637
-004133
0000756
0000814
-001921
-000990
0001164
-001572
-005414
-002562
0003492
0005064
0002328
-002271
-005996
-004657
-001107
-002504
-005996
-004774
-000990
0000349
-000641
-002445
-003493
-001805
0001629
0004249
0005471
0006053
0004307
-003144
-009314
-001630
0011118
0010128
0001338
0001688
0006752
0004540
-000466
0002328
0007974
0005297
-002096
-005763
-004657
0000174
0005471
0005821
0002328
-001048
-002911
-002678
-000699
0002153
0003958
0002153
-001048
-000757
0001571
0002270
0001106
-001456
-003901
-004308
-002911
-000524
0001047
-000466
-003144
-002736
-000175
0001688
0001862
-000524
-003551
-004017
-001863
0001397
0003958
0003376
0000814
-000815
-000990
0000232
0001688
0001397
-000292
-002387
-003319
-000815
0003201
0004715
0003958
0003085
0002095
0000582
-000583
-000292
0000698
0000291
-000874
-001689
-001514
0000523
0002503
0000989
-002387
-004541
-004366
-001572
0001629
0001047
-002154
-004657
-005356
-003144
-000233
-000990
-003551
-003027
-000932
-000932
-002154
-001805
-000815
-001514
-002562
-001107
0001047
0000174
-001863
-000874
0001979
0003550
0003609
0002561
0001280
0001688
0002619
0001047
-000990
0000814
0004132
0004016
0001571
0000058
-000466
-001223
-001572
-000641
0000931
0001629
0001222
-000466
-002096
-001223
0000640
-000117
-002096
-001689
-000059
0000582
0000058
-001223
-002271
-001630
-000175
-000233
-000932
-000117
0000931
-001048
-003319
-000874
0003900
0005471
0004424
0003667
0002677
0000000
-002620
-002562
-000408
0001979
0003376
0002852
0000989
-000524
-000874
0000465
0002677
0004307
0004307
0001688
-001572
-001572
-000175
-002154
-005123
-004133
-000583
0002212
0002968
0000931
-001572
0000640
0004365
0002328
-001689
0001222
0007159
0007509
0003783
0000814
-000233
0001222
0003609
0004365
0002270
-003959
-009896
-008441
-001921
0003318
0005122
0001688
-003493
-003668
0000116
0003900
0006344
0007392
0005355
-002853
-010362
-005647
0004889
0006228
0000989
-001689
-001980
-002620
-002969
-002154
-000641
0000407
0001280
0003143
0004773
0004249
0002677
0002212
0002677
0003026
0002735
0000873
-001223
-001281
0000349
0001920
0003259
0004598
0005588
0005879
0005355
0004249
0003318
0003841
0004773
0003725
0001513
0000232
0000116
0000814
0001862
0002561
0002444
0001106
-000233
0001047
0003201
0002503
0000291
0000174
0001106
0000349
-001107
-000641
0000523
-000524
-002736
-003668
-003726
-004075
-004366
-003901
-003086
-002736
-003144
-004890
-006404
-004948
-002329
-002853
-004657
-003144
0000058
0000989
0000174
-000350
-000874
-002271
-003610
-003726
-002271
0001280
0004191
0001979
-002620
-004133
-001921
0003492
0008324
0006519
0001106
-000233
0001280
0001047
0000174
0001222
0003026
0003609
0002852
0001397
0000291
0001338
0002852
0001455
-001456
-002736
-002271
-001223
0000058
0000582
0000640
0001164
0001397
-000117
-002271
-002911
-002329
-001572
-000932
-000524
-000699
-001572
-002213
-000699
0001513
0001397
-000350
-002038
-002387
-000117
0003318
0005355
0005297
0003434
0000523
-002213
-003610
-002911
-000757
0001338
0002153
0000232
-002620
-003260
-001281
0003085
0006344
0002794
-003668
-004716
-001514
0001629
0002794
-000350
-004832
-004948
-001980
-000350
-000117
-000175
0000116
0002328
0004307
0001746
-002329
-001921
0001222
0002095
0000523
-002387
-004832
-003784
-000641
0001280
0001688
0001688
0000989
-001107
-002678
-000641
0003026
0004191
0003259
0002270
0001746
0002444
0003259
0001455
-000932
0000698
0003201
-000059
-005822
-007102
-004541
-001398
0000291
-002445
-006811
-007277
-003959
0001047
0005180
0005995
0002212
-007510
-015776
-010304
0001513
0003026
-002154
-002154
0000756
0000291
-002038
-002096
-000874
-001339
-001863
0001338
0005588
0006403
0003841
-000583
-003668
-000117
0006170
0006927
0003958
0003143
0004307
0006228
0007334
0004947
0001513
0002095
0004715
0004424
0002386
0001629
0001920
0002328
0001862
-001281
-004366
-002329
0001920
0001862
-001456
-004541
-005822
-003493
0000174
0000349
-001514
-001339
0000349
0001571
0001804
0000698
-001107
-002504
-002387
0000174
0003434
0003958
0002619
0002444
0002794
0001746
0000000
-000932
-001165
-001339
-001223
-000408
0000640
0000931
0000523
-000408
-001339
-001863
-001630
-000233
0001047
-000175
-002213
-001165
0001222
0000814
-000874
0000000
0001688
0000174
-002562
-002504
-000757
-000641
-001747
-003260
-003959
-001747
0000931
-000641
-003726
-001689
0002444
0001804
-001689
-002969
-002620
-003202
-004192
-004832
-004425
-001863
0001047
0000931
-000932
-000932
0000232
0000523
-000117
-001048
-001863
-001921
-001107
0000582
0001920
0000698
-001339
-000524
0001513
0000931
-001107
-001980
-000699
0004074
0008557
0006053
0000232
-000583
0001979
0002037
0000640
0000407
0001164
0002328
0002212
-001863
-007044
-007801
-004890
-001514
0000232
-002795
-007277
-006578
-002678
-001281
-001630
-000583
0000814
0000349
-000699
0000291
0002270
0002561
0001455
0000174
-001107
-002562
-003144
-001514
0001164
0002503
0002735
0003318
0003376
0001222
-001572
-002620
-001689
0000640
0002677
0001746
-000583
-000757
0000407
0000116
-000815
0000116
0000873
-002736
-007044
-004483
0000291
-003377
-010071
-008034
-001048
0001397
-000641
-004483
-006869
-003260
0003841
0008964
0009895
0005646
-001398
-007044
-008732
-004483
0001571
0001338
-002678
-003144
-000874
0000582
0001222
0001804
0001397
-001630
-004599
-002678
0002095
0004773
0005180
0004773
0004132
0004191
0004773
0004889
0004249
0002852
0001164
0000523
0000116
-001747
-003842
-003784
-002038
0000116
0001455
0000232
-001630
-000292
0002444
0002619
0000232
-003435
-006753
-007393
-005705
-003377
-001223
0000174
0000465
-000466
-001630
-001630
-000641
0000349
0001047
0001280
0000640
-001689
-003435
-000757
0003492
0003085
0000232
0000814
0002852
0001280
-002038
-002736
-001805
-002445
-003610
-002969
-001456
-000874
-001165
-001572
-001805
-001805
-001048
0001222
0003318
0002328
-000408
-001689
-001863
-002678
-003435
-002969
-001805
-001107
-000815
0000058
0000698
-000350
-001863
-001514
0000000
0000349
0000640
0003318
0006636
0007567
0006403
0004773
0003318
0002968
0003026
0001280
-000583
0000349
0002852
0004307
0004191
0002968
0000873
-001863
-003901
-003842
-002387
-001747
-001514
0000407
0001513
-002678
-008208
-007684
-002736
0001338
0003201
0002968
0000232
-005181
-009838
-008907
-004366
-001980
-001398
0000349
0001862
0000931
-001339
-002853
-002562
0000640
0004540
0005413
0003609
0001047
-000583
0000814
0003609
0004132
0002910
0001862
0001397
0001455
0002037
0003026
0003434
0001455
-001107
-001048
0000523
0000523
-000408
-000408
-000175
-001339
-002911
-002853
-001572
-000117
0000640
-000175
-001630
-001281
-000175
-000641
-002096
-002795
-003202
-004483
-005472
-004366
-001863
0000349
0001688
0001920
0001862
0004074
0005238
-001514
-010129
-009547
-002387
0003434
0005704
0003318
-001398
-003319
-001805
0001688
0005995
0010419
0011351
0003376
-006811
-006695
0000407
0004540
0005413
0005879
0005122
0001746
-001747
-001339
0001047
0000989
-001165
-003668
-005589
-006578
-005938
-003319
-000059
0002037
0001920
-001165
-004774
-004716
-001747
0001338
0002735
0000000
-003726
-002329
0002386
0005471
0006170
0004656
0002444
0002561
0003783
0002386
-000059
-000175
0001397
0002619
0003318
0004482
0004482
0000465
-004366
-003959
-000408
0000465
-000583
-000408
0000349
0000232
-000641
-001456
-001980
-002213
-001980
-001223
-000350
0000058
0000174
0000814
0001455
0001106
0000465
0001222
0002270
0001280
-000583
-000524
0000523
0000116
-000641
0001164
0003143
0000000
-004308
-002154
0003550
0005471
0003900
0001397
-000757
-000699
0000698
0000698
0000000
0000058
0000756
0001280
0001571
0001804
0001571
0000465
-000757
-000874
0000000
0001222
0002328
0003201
0002794
-000757
-004133
-001514
0003841
0005122
0002095
-003260
-007917
-007451
-003319
-000059
0001862
0003550
0004016
0002037
-000699
-001281
-000466
-000524
-001398
-002678
-003610
-003202
-001689
0000349
0002153
0002852
0003085
0005006
0006636
0004424
0000465
-000874
0000000
0000698
0000931
0000582
-000117
-000524
-000117
0001688
0003318
0001979
-000932
-002096
-001805
-001339
-000932
-000815
-000757
-000059
0000407
-001165
-003551
-004250
-003610
-003493
-003377
-002213
-000815
-000699
-001398
-001630
-001805
-003319
-004832
-003901
-001805
-001165
-001514
-000757
0000291
-000233
-001339
-000990
0000058
-000292
-000990
0000465
0002852
0003259
0002561
0003085
0003667
0001455
-001165
0000989
0003667
-002213
-010304
-008150
0000640
0006577
0007218
0001804
-005472
-007102
-003202
0002794
0007742
0008557
0004482
-004250
-011468
-007451
0002153
0003958
0000349
0000407
0001979
-000059
-003551
-003842
-002154
-001630
-002038
-001572
-001107
-002445
-004366
-004657
-003144
-000059
0003026
0004365
0003725
0001804
0000174
0001513
0004540
0005937
0005821
0005588
0004773
0002212
0000000
0001397
0005122
0008265
0008673
0004016
-002387
-004250
-002504
-001281
-000874
-000641
-000350
0001338
0003026
0002677
0000640
-002096
-004075
-003842
-002096
-000874
-000408
-000350
-000524
-000408
-000583
-002387
-004250
-003668
-001165
0001397
0002561
0000174
-003202
-002678
0000931
0005006
0007392
0005297
0001513
0001979
0004773
0004482
0002270
0000873
0000873
0002794
0004889
0004365
0002153
0000698
0000291
0000698
0001280
0001222
0000116
-002387
-004657
-004250
-001980
-000117
0000523
-000408
-001805
-001514
0000116
0001397
0002444
0003958
0004773
0002561
-000641
-000408
0001222
-000757
-003610
-001514
0002735
0003201
0000523
-002678
-004308
-001689
0002735
0004016
0002095
-001165
-003726
-002445
0000698
0001338
0000291
0000291
0001397
0003143
0004307
0003085
0000640
0000000
0000407
-000583
-002038
-002154
-001747
-002736
-004250
-004075
-002911
-002911
-003202
-001398
0000873
0000698
-001107
-001863
-001921
-002620
-003260
-002445
-000699
0001047
0002153
0002037
0001280
0000989
0001280
0001688
0001920
0001571
0001047
0001455
0002328
0002910
0002794
0001455
0000116
0001164
0003085
0002968
0001164
-001048
-002387
-001048
0001629
0002619
0001920
0000465
-001107
-001747
-001921
-003202
-004541
-004075
-002387
-000932
-000466
-001398
-003668
-007393
-009955
-007917
-003435
-000583
-001456
-008208
-014961
-011410
-001514
0004889
0005821
0001862
-004948
-011177
-012923
-005763
0004424
0006752
0002561
-001048
-003027
-003842
-002678
0000989
0004191
0002037
-002678
-003784
-001630
0001222
0003201
0002328
0000000
-000350
0000989
0002968
0003783
0000349
-003901
-002678
0002037
0005064
0005530
0003667
0000814
-000350
-000117
-000233
-000757
-001339
-001921
-002096
-002504
-004133
-005996
-006113
-004599
-002271
-000233
0000640
0000058
-001921
-003842
-003551
-001921
-001630
-001863
-000233
0001804
0001455
0000349
0002503
0005355
0003900
-000175
-003144
-003377
0000465
0005297
0005180
0001571
-000932
-001689
-001514
-000175
0002794
0005064
0002968
-001107
-001863
-000641
-001630
-003610
-003551
-002271
-001630
-001921
-003144
-003959
-001398
0001920
0001047
-002329
-003784
-003202
-001747
-000059
0000873
0001047
0001047
0001571
0004074
0006577
0005646
0002561
0000931
0000582
-000175
-000990
-001339
-001630
-002969
-003901
-001398
0002095
0001920
-000757
-002678
-003086
-001689
0000291
0000523
-000583
-001863
-002154
0000523
0003434
0000989
-003610
-003086
0000058
-000233
-002736
-003901
-003901
-004308
-004483
-003493
-001572
0001106
0002852
0001164
-001863
-001165
0000756
-002096
-006520
-005647
-001805
-000583
-001398
-001398
-000466
0001397
0002852
0001688
-000932
-002504
-002504
-001165
0000058
-001281
-003726
-003784
-002504
-003260
-004599
-003377
-001165
-001339
-003260
-005065
-005531
-003144
0000291
0001571
0000349
-002271
-005181
-006869
-006637
-004075
-001048
-000699
-002271
-003144
-003260
-003202
-002620
-000815
0001513
0003609
0003550
-001805
-008499
-010071
-006404
0000523
0005821
0002503
-005472
-009023
-006462
0002153
0011525
0013795
0009255
0002153
-003959
-005356
-002329
0002503
0006053
0004365
-000350
-002562
-002620
-003726
-004483
-002504
0000523
0001746
0000931
-000874
-002504
-002154
-000815
-000990
-001805
-001107
0000349
0000814
0000582
0001164
0000989
-003319
-007626
-004774
0002444
0007218
0008207
0005879
0002212
0001280
0002503
0003318
0003725
0004365
0004715
0004424
0003434
0001862
0000756
0001862
0003492
0002095
-000932
-002329
-001398
0001804
0005530
0007043
0005937
0003201
0000174
-001223
-000699
0000989
0002619
0002444
0000698
-001339
-002329
-000408
0002910
0004715
0004016
0000407
-003726
-004366
-002387
-000524
0000465
0000582
0000000
-000233
-000524
-002154
-003319
-000757
0002852
0002212
-000932
-002038
-000990
0000989
0003201
0004482
0004715
0004598
0003783
0001571
-000466
0000291
0002794
0004889
0005064
0001280
-003202
-001689
0002619
0002386
-000524
-000408
0001397
0001513
0000582
0000582
0001222
0001862
0002037
0000989
-000350
-000466
-000175
-001805
-003726
-002911
-000466
0000989
0000873
-001398
-003551
-001747
0001920
0002386
0000814
0000873
0001920
0002153
0001455
-000117
-001398
-000466
0001571
0002212
0001571
0000523
-000292
0000116
0001164
0001513
0001222
0001047
0000756
-000524
-001281
0001455
0004132
0000174
-006578
-007510
-004250
-002271
-001514
-000350
0000523
0000174
-000874
-001630
-001689
-001398
-000524
0001047
0002386
0002212
0000989
0000116
-000175
-000175
0000232
0001455
0002794
0003376
0002968
0001455
0000174
0001397
0003609
0003026
0001106
0001338
0002794
0002910
0002153
0001979
0002037
0002270
0001164
-004250
-009780
-008383
-001980
0004482
0006985
0000232
-009023
-008150
-000175
0005297
0007159
0007159
0004598
-001456
-006462
-003027
0004598
0006927
0004424
0001222
-001339
-001572
-000350
-000292
-001339
-002853
-003726
-002678
-000117
0002677
0005122
0007392
0008033
0005471
0001571
-000292
0000465
0003434
0007218
0010303
0010769
0007218
0001920
-000757
-000408
0002037
0004424
0003259
0000349
-000059
0001047
0000523
-000583
0000407
0002444
0003318
0002677
0000523
-001863
-002736
-002096
-000699
0000465
0000232
-001048
-002271
-003027
-003144
-002387
-000815
0000931
0002503
0002677
0000058
-002969
-002038
0001455
0003783
0004540
0004831
0004482
0003667
0002386
0000640
-001107
-002504
-002678
-000117
0003201
0003318
0001746
0002270
0003550
0001920
-000641
0000349
0002619
0001571
-001630
-003959
-004541
-002969
-000583
0000058
-000641
-001223
-001048
0000582
0002735
0003900
0003841
0003085
0001688
-000583
-002445
-001805
0000000
0000000
-001223
-002154
-002445
-001863
-000757
0000116
0000582
0000582
0000174
-000524
-000932
0000058
0001629
0002037
0001862
0003143
0004715
0003900
0001862
0000931
0001047
0001455
0001804
0001455
0000698
0000407
0000523
0000814
0001280
0002212
0002561
0000523
-002736
-005007
-006113
-007277
-007277
-004366
-000233
0002153
0002328
0000756
-001572
-003202
-003726
-003319
-002445
-002154
-001863
-000059
0001979
0002212
0001222
0000640
0000756
0001571
0002386
0002212
0001513
0001629
0002153
0001920
0001397
0001746
0002095
0000523
-001747
-002504
-001689
-000524
0000873
0002619
0003434
0002153
-000641
-003435
-004832
-002853
0000058
-001165
-004133
-003319
-000524
0000116
-001281
-003260
-005705
-009605
-011584
-006520
0001513
0005180
0002735
-006287
-014844
-011759
-000641
0008265
0011991
0010477
0004191
-005181
-011468
-006229
0004773
0008906
0006810
0005064
0003201
-001339
-004599
-000699
0006112
0006752
0002444
-001398
-003551
-003610
-002271
-002038
-002096
0000000
0002677
0003085
0001629
-000059
-001107
-000990
0000407
0003434
0005238
0001222
-004774
-005065
-001223
0001513
0002095
0000349
-002387
-003144
-002213
-001339
-000292
0002153
0004365
0003667
0001280
0000232
0000465
0000698
0001338
0003318
0004889
0003201
-000059
-001223
-000408
0000931
0001804
0000931
-000641
-000466
0000640
0000698
0000407
0001571
0003026
0002677
0001164
-000233
-000583
0001164
0002968
0000756
-003086
-003144
-000874
-000292
-000874
-000583
0000174
0000465
0000291
-000117
-000815
-001980
-002911
-002504
-001281
-000932
-000699
0001513
0003318
0000756
-003784
-005181
-004075
-003260
-002911
-002562
-002504
-002911
-003202
-002213
-000524
0001106
0001513
-000874
-004075
-004657
-002911
-000408
0001280
0000291
-002329
-003726
-003784
-003435
-002504
-000233
0001455
-000699
-004250
-003784
-001281
-002038
-003842
-001689
0002212
0002561
0000582
0000000
-000175
-002445
-005356
-005822
-004948
-005239
-006113
-005880
-004366
-001572
0001164
0002037
0001222
-000175
-001630
-002678
-002969
-002329
-000990
0000756
0001862
0000698
-001514
-002154
-001456
-000408
0000058
-001048
-002911
-003377
-002678
-002213
-001921
-001456
-001514
-003726
-005472
-001863
0003725
0004132
0000989
-000175
-000117
-001630
-003027
-001223
0001455
0000232
-002969
-003319
-001281
0000989
0002561
0002852
0001804
-000466
-002445
-002271
-000175
0002677
0004016
0000582
-004483
-005239
-001863
0003376
0007276
0005297
-000059
-003202
-002911
0000174
0004307
0006868
0005937
-000990
-008441
-006928
-000292
0001397
-000233
0001397
0003376
-000641
-006637
-006811
-003435
-003086
-004832
-005123
-004425
-004366
-004890
-005705
-006637
-007975
-008034
-004192
0000698
0001047
-001398
-001572
0000349
0003201
0005530
0005006
0002794
0001338
0001397
0003085
0004889
0004016
0001571
0000349
0000756
0002212
0004016
0004831
0004191
0001862
-000874
-001921
-001514
-001281
-001048
-000292
0000465
0000465
-000699
-003551
-006171
-005065
-002445
-003260
-005705
-005414
-003144
-001456
-000874
-001107
-001921
-002620
-002911
-002620
-001980
-001281
-001048
-001572
-002213
-001805
-000466
0001164
0002037
0000640
-001339
-000583
0001629
0001571
0000174
0000232
0000873
-000175
-001689
-000932
0000814
0001164
0000000
-002387
-004483
-003726
-001107
0000640
0001280
0001571
0001106
-000757
-002620
-002271
-000408
0000989
0000931
-001223
-004192
-005822
-005472
-003086
-000408
-000117
-001689
-002853
-003551
-004308
-004948
-005822
-005822
-003377
-000059
0001629
0001338
-000059
-001863
-003319
-003377
-001281
0001688
0003201
0002852
0000989
-000990
-000757
0000931
0001920
0001862
0000931
-000350
-001107
-001514
-002445
-003319
-003377
-001921
0002153
0005762
0003783
-002038
-007160
-009664
-008266
-004599
-002853
-002620
-001572
-000583
-001223
-002504
-002445
-001165
0000989
0002270
-000175
-003726
-003086
0000174
0001338
0000873
0000756
0000465
-001398
-003260
-002795
-000466
0002386
0004249
0003259
0000465
-002096
-003260
-002329
-000350
0000291
0000232
0001629
0003026
0001746
-001223
-003668
-004774
-004599
-002795
0000931
0004540
0005646
0003085
-004017
-010653
-008732
-001281
0004132
0005238
0001338
-005123
-009955
-010362
-003959
0004191
0005064
0000931
-000815
-000233
0000814
0001571
0000582
-000757
0000232
0002153
0001338
-000350
0000814
0003667
0005180
0005006
0003492
0001513
0000698
0001164
0002212
0003201
0003259
0002444
0001455
0000640
0000116
0000582
0003259
0006112
0005471
0002619
0000698
0000116
0000931
0001862
0000465
-001747
-001339
0000989
0003550
0004715
0002794
-000466
-001339
-000408
-000233
-000408
0000291
0001047
0000349
-001514
-004017
-005705
-004832
-002504
-001048
-000641
-000815
-001281
-001630
-001223
0000931
0003550
0004482
0003318
0000116
-002678
-001107
0003085
0005762
0006170
0004715
0002386
0000873
0000698
0001746
0003376
0004307
0004132
0002968
0001164
-001107
-002562
-001863
0000058
0001106
0000698
-001630
-003784
-001747
0001979
0002270
0000116
-000757
-000757
-001398
-001980
-001398
-000292
0000465
0000523
-000175
-000699
0000814
0002619
0000989
-001921
-001107
0001920
0003550
0003550
0002968
0001688
-000524
-002329
-001747
0000174
0000814
0000756
0001979
0003725
0004482
0004074
0002503
0000640
-000175
-000059
0000000
-000233
-001107
-001805
-000815
0000989
0001920
0001746
0000873
-000117
-000059
0000931
0002619
0003085
-000641
-005414
-005298
-001456
0001920
0003550
0002735
0000640
-000175
0000174
0000174
0000407
0001746
0003609
0004831
0005006
0004132
0002677
0000989
0000232
0001979
0004191
0003026
0000000
-000815
-000524
-002678
-005007
-002795
0001688
0003783
0003492
0002735
0001804
0000582
0000116
0001862
0004249
0004482
0002910
0001222
0000291
0001106
0002095
0000174
-003260
-005356
-005298
-002445
0000698
0000407
-002795
-007102
-008790
-002445
0007392
0012398
0010652
0002503
-006171
-005647
0001047
0004715
0004773
0003026
0000698
-000292
0000582
0003434
0005762
0003434
-001281
-003260
-002504
-000699
0000756
-000175
-002387
-003260
-002038
0002270
0005704
0000989
-006811
-007219
-002504
0000232
0000174
-002969
-005880
-002154
0004365
0005821
0002503
-002562
-006578
-006345
-002096
0004656
0009080
0004016
-004890
-005763
-000641
0003143
0004249
0002212
-000524
0001164
0004307
0002095
-002387
-002387
0000931
0003259
0004074
0003550
0002153
0000523
-000466
0000058
0001106
0000465
-000524
0001164
0003725
0003259
0000814
-000990
-001339
0000000
0001979
0002503
0001629
0000523
-000466
-000990
-001165
-001630
-002504
-003959
-004890
-003551
-000874
0000873
0001164
0000291
-001107
-001805
-001398
0000174
0001804
0001746
0000523
0000116
0000116
-000699
-001572
-000874
0000523
0000756
0000349
0000756
0001338
0000582
-000408
0000873
0002503
0000931
-002620
-005472
-005763
-001398
0004307
0005180
0002386
0000000
-001281
-001689
-001339
-000990
-000990
-001921
-002504
-000233
0002444
0000582
-003377
-003959
-001281
0002619
0005588
0005006
0001629
-002387
-004657
-002213
0002037
0001920
-000699
-000233
0001979
0002328
0001338
0001106
0001164
0000523
-000757
-002445
-003319
-001339
0001920
0003026
0002503
0003143
0003667
0001571
-001398
-002154
-000815
0001688
0003841
0003318
0001106
-000466
-001165
-001048
-000932
-002445
-004075
-002969
-000466
0000116
-001048
-002911
-004483
-004366
-003027
-001747
-001048
-001048
-001456
-001398
-001048
-000466
-000175
-000990
-001689
0000465
0002910
0000640
-004192
-006986
-006520
-002038
0003143
0004074
0000523
-006404
-011002
-004366
0007451
0011933
0008789
0002619
-003493
-005705
-003901
-000699
0002270
0003318
0002444
0000814
-000874
-002154
-002387
-000641
0000989
-001048
-004657
-005007
-003319
-003668
-004774
-003959
-001863
-000175
0000873
0001629
0001804
0000873
-000117
0000931
0002212
-000408
-003959
-002736
0001688
0005122
0006636
0006519
0004947
0002794
0001106
0001106
0002270
0002910
0002968
0003085
0002677
0000523
-001689
-000641
0001571
0000523
-001921
-000874
0001338
-000524
-004017
-003842
-001223
0000523
0001047
0001047
0000465
-000292
-001165
-002329
-003260
-003202
-002678
-002853
-003027
-001689
0000232
0001164
0000989
0000232
-000583
-000699
0000000
0001746
0002852
0000349
-003202
-002678
0000407
0002037
0001862
0000698
-000699
-000874
0000058
0001106
0001862
0002212
0002095
0001804
0001629
0002037
0002328
0001164
-000932
-002853
-003319
-000524
0003026
0002444
-000175
0000523
0002561
0000989
-001921
-000990
0002212
0003841
0003318
0000814
-002271
-003551
-003260
-002969
-002736
-002154
-001456
0000000
0000407
-003260
-007451
-005589
0000174
0004424
0005646
0003201
-000641
-001048
0000814
0000989
0000407
0001222
0002735
0003609
0003143
0000989
-001572
-002387
-001689
-000699
0000058
0000407
0000174
0000000
-000757
-003377
-006171
-006520
-005007
-003726
-003202
-003610
-004308
-003668
-002504
-002154
-002678
-003610
-003842
-001747
0001222
0002270
0001338
-000699
-002969
-004541
-004308
-001339
0002328
0003259
0001862
-000117
-001339
-000524
0001571
0002794
0002561
0000291
-002096
-001456
0000640
0000407
-001514
-003726
-004250
0000174
0004656
-000292
-009140
-009955
-004948
-000932
-000117
-004308
-009664
-008790
-003260
0001920
0004889
0005355
0002153
-006462
-013855
-008965
0001979
0004540
0000756
-000757
-000874
-003551
-005705
-001747
0003667
0000756
-006054
-005938
-001863
-002038
-004133
-002038
0001629
0001513
-001048
-002213
-001398
0001688
0004656
0003259
0000000
0000814
0003376
0002095
-001805
-005181
-006287
-003610
0001106
0004482
0005122
0002735
-001339
-004716
-005880
-003610
-000292
-001339
-004192
-002562
0001338
0002561
0001571
0000873
0000291
-000932
-002387
-003784
-004192
-002329
0000407
0001338
0001164
0002444
0003783
0002503
0000116
-000175
0000989
0001280
0001222
0002270
0003492
0003783
0002619
-000292
-002911
-001921
0001106
0002735
0002328
-000117
-002504
-001456
0001338
0000873
-000524
0002677
0006927
0005064
-000292
-002620
-001921
-000292
0001338
0001862
0000814
-001921
-004425
-003901
-001456
0000000
0000116
-001048
-002096
-000641
0002095
0003201
0002561
0001106
-000466
-001339
-001048
0000349
0002037
0002328
0001862
0002328
0003201
0003143
0002561
0002561
0002794
0002328
0001397
0000756
0000349
-000117
-000175
0001047
0002444
0001688
0000174
0000523
0002212
0003550
0003609
0000873
-002387
-002329
0000174
0002095
0002677
0001920
0000232
-001339
-002329
-002504
-001921
-000932
-000233
-000874
-002213
-002911
-002736
-001747
-000466
0000116
0000174
0000349
0000523
0000523
0000640
0001688
0002444
0000291
-002620
-002271
0000523
0003550
0005297
0003900
0001338
0001920
0004016
0003318
0001164
0000698
0001338
0001629
0001338
0000058
-001223
-001223
-000059
0001571
0002677
0001979
0000814
0002212
0004307
0003492
0000465
-002329
-004541
-006928
-008034
-006345
-003086
-000757
-000350
-002096
-004774
-006637
-005938
-001048
0005530
0010303
0010361
0002852
-006753
-009081
-004832
0001280
0006112
0005879
0002503
0001804
0002968
0003143
0002328
0000523
-000815
0001106
0004191
0004016
0002444
0004191
0007334
0008265
0005937
-000583
-007102
-006404
-001281
0000989
0000873
0001222
0002153
0004191
0005238
0001746
-003610
-005531
-004192
-001980
0000000
0000523
-000292
-001339
-001805
-000583
0001222
0001513
0000989
0001513
0003085
0005704
0007159
0004191
-000874
-003027
-002213
-000466
0001455
0002794
0003376
0004307
0004889
0003609
0002153
0003492
0005995
0005995
0004074
0002794
0001804
-000408
-002213
-001048
0001164
0000582
-002154
-004948
-006171
-004250
-000175
0003667
0005704
0005180
0002619
-000175
-002387
-003959
-004017
-002038
0000640
0001629
0000989
-000350
-001107
0001222
0003958
0001746
-002445
-001747
0001862
0002968
0002561
0004074
0005704
0003492
0000349
0002386
0006577
0006170
0002735
0001047
0000698
-000175
-001223
-001747
-001456
0000116
0001338
-000641
-003610
-002387
0000582
-000466
-003435
-002911
-000583
-000583
-001921
-001747
-000874
-001223
-002038
-001572
-000466
-000292
-000524
0000465
0001571
0000814
-000932
-001630
-001165
0000232
0001280
-000059
-002154
-001747
0000407
0001688
0002153
0002619
0003143
0003841
0004307
0003783
0002619
0001397
0000873
0002444
0004424
0003958
0001979
0000989
0001222
0002037
0003085
0003609
0003318
0002561
0001397
-000059
-001223
-001456
-000874
0000116
0000640
-000874
-002736
-001281
0001338
0000174
-002445
-000990
0002212
0001513
-001165
-001048
0000873
0001571
0001222
0000523
0000058
0001571
0001920
-005356
-013680
-011235
-001689
0005530
0007101
0000640
-007975
-007510
-000233
0006228
0009663
0009604
0005821
-001514
-007044
-002445
0006810
0008731
0004656
0001338
-000932
-003319
-004541
-003435
-001339
-001165
-002038
-001165
0000116
-000815
-002562
-001747
0000174
-000641
-002445
-001689
0000232
-000583
-001921
0000698
0004831
0005471
0003318
0000465
-001165
0001280
0004831
0003550
-000059
-000466
0002153
0006286
0009022
0005821
0000058
-001398
0001047
0003958
0005879
0004889
0002153
-000175
-000175
0004715
0010303
0008789
0002735
-001048
-001863
-000932
0000640
0000756
0000116
0001338
0002328
-000990
-005531
-005531
-002213
0000407
0001455
0000232
-001456
-000233
0002619
0003841
0003434
0002735
0001920
0001106
0000814
0001688
0002968
0003318
0002735
0001688
0000698
0000174
0000640
0002677
0004307
0002328
-001048
-000874
0001513
0002270
0001571
0000523
-000408
-000466
0000058
0000232
-000059
-000990
-001921
-002154
-001514
0000000
0001106
-000350
-002678
-002387
-000932
-002038
-003959
-002911
-000233
0000873
0000640
0000582
0000232
-001339
-003202
-004075
-003493
-001398
0001047
0001688
0000931
0000582
0000640
0000465
0000407
0001222
0002270
0002386
0001862
0001455
0001164
0000523
0000174
0000931
0002037
0002386
0001397
-001223
-003726
-003435
-001398
-000815
-001339
-001223
-001398
-004017
-006811
-005822
-002678
-001339
-001339
0000000
0000989
-001456
-004832
-004599
-002154
-001281
-001980
-003551
-004541
-002504
0000523
0000174
-001689
-000641
0002037
0003201
0002561
0000523
-001747
-002562
-001980
-000815
0000291
0000523
-000292
-002329
-003610
-000815
0003143
0001920
-001980
-002445
-000175
0002677
0003667
-000874
-006695
-005414
0000116
0003085
0001571
-006229
-013738
-009838
0001397
0010128
0012340
0005704
-004541
-008150
-005298
-000699
0003143
0003085
0000407
-000815
-000641
-000350
-000350
-001223
-002154
-001863
-000874
-000466
-000350
0000582
0001629
0001513
0000465
-000583
-000990
0000058
0002153
0004831
0006228
0003550
-000466
-000583
0001862
0002735
0002270
0002328
0002386
0001629
0000232
-001630
-002678
-000757
0001979
0001804
-000757
-003610
-005239
-004017
-000990
0001746
0002910
0001688
-001223
-004541
-005996
-002795
0002619
0004947
0004132
0002270
-000117
-002795
-004192
-001980
0001222
0000116
-002736
-000932
0002561
0000873
-002911
-001747
0001979
0002386
0000582
-000059
0000465
0001746
0002852
0002095
0000873
0002153
0004307
0003841
0001513
0000174
-001048
-004832
-008092
-005123
0000582
0001338
-000990
-000757
0000756
0000407
-001398
-003610
-005007
-004192
-001980
-000175
0000349
-000757
-002387
-002213
-000932
0000000
-000059
-002038
-003668
-000990
0003026
0001979
-001980
-002853
-001747
-002213
-002853
-000408
0003201
0004249
0003143
0002270
0001455
0000232
-000815
-000815
-000059
0000873
0001047
-001107
-003842
-003610
-002038
-003027
-005065
-005181
-003610
-001339
0000058
-001456
-004250
-004948
-003610
-001630
0000116
0001164
0000349
-004425
-008965
-006287
0000116
0001804
0000291
0000873
0002270
0000989
-001339
-001630
-000175
0001338
0002153
0001164
-000408
-000059
0001455
0001979
0001920
0002910
0003783
0002677
0000756
0000873
0001513
-001339
-005065
-004657
-001630
-000233
-000583
-002038
-003435
-002562
-001048
-002504
-005298
-005705
-004192
-002795
-001980
-001398
-002504
-007859
-012982
-010129
-002853
0000640
-000466
-004133
-008732
-012632
-012574
-004890
0005762
0011467
0010245
0002153
-006928
-007510
-002038
0001280
0002386
0003958
0005064
0004365
0002735
0002153
0002503
0002794
0003143
0004540
0005238
0001979
-002038
-000466
0003725
0003492
0000698
0000058
0001455
0003783
0004773
0000174
-005880
-005589
-001165
0000814
0000058
-001921
-003784
-003610
-001630
0000582
0002270
0002852
0001804
-001747
-005065
-003726
0000349
0002619
0002561
0000931
-001281
-002154
-001863
-001689
-001165
0000931
0003026
0002444
0000814
0001920
0004016
0003318
0000814
-000757
-000990
-000466
0000756
0002735
0004074
0002968
0000291
-001689
-002504
-002271
-001223
-000059
0000873
0001804
0001862
0000058
-002445
-003726
-003551
-003027
-002154
-000757
0000232
-000292
-001398
-001107
0000058
0000582
0000523
0000058
-000408
0000000
0000407
-000641
-002038
-001456
0000291
0000989
0000523
-000641
-001747
-001572
-000350
0001338
0002561
0001746
0000291
0001338
0003085
0001455
-001689
-001863
-000874
-003086
-006171
-005007
-001514
0000000
-000699
-002504
-004308
-004366
-002969
-001339
-000292
-000699
-001630
-000990
0000291
0000058
-001048
-001456
-000990
-000059
0001047
0001920
0002328
0002503
0002153
0000814
-000408
0000058
0001222
0000756
-000292
0001047
0003201
0002852
0001047
0000523
0000873
0000523
-000059
0000523
0000989
-001223
-003959
-003377
-000408
0001571
0002910
0005413
0007218
0004947
0001047
0000523
0001862
0000698
-001747
-002387
-001863
-002096
-002387
-001223
0000465
0000873
-000059
-001456
-003202
-005589
-007219
-006054
-003202
-001048
-000233
-000874
-001805
-001165
0000756
0003143
0004249
0001338
-002562
-001572
0002095
0003259
0001338
-004017
-007568
-000408
0010885
0012748
0007276
0003376
0000931
-003610
-005822
0001862
0011758
0008731
-001339
-003959
-000874
0000465
0000407
0000989
0001164
-000932
-003610
-003959
-002562
-001514
-000932
-000408
-000292
-000757
-001339
-001339
-000815
-000292
0000058
0000349
0000640
0001455
0002328
0002270
0001804
0002153
0002852
0002561
0001629
0000640
0000465
0002444
0004831
0004249
0002503
0003725
0006752
0008615
0008207
0004482
0000000
-000583
0001688
0003026
0002794
0000698
-001921
-002853
-002271
-001689
-000874
0000989
0002444
0001280
-001281
-002271
-002038
-002154
-002504
-002853
-003086
-002853
-002271
-001456
-000699
0000058
0000291
-000408
-001456
-002096
-001572
0001397
0004365
0002852
-000932
-001921
-000641
0000232
0000582
0000582
0000640
0001280
0002270
0002794
0002852
0002910
0002619
0001571
0000465
0000291
0001106
0002735
0003667
0001629
-002038
-004483
-004657
-001805
0001047
-001456
-006229
-006113
-002562
-000175
0000523
-000233
-001572
-001514
-000932
-002445
-004366
-003726
-001456
0000291
0000756
-000815
-002504
-000874
0002503
0003609
0002852
0001920
0001164
0000698
0000291
-001048
-002096
-001165
0001106
0003259
0004249
0003492
0001571
-000233
-001048
-000059
0001455
0000640
-001398
-002329
-002038
-001107
-000175
0000174
-000350
-001747
-003027
-002329
-000466
0000873
0000756
-001339
-004133
-005065
-004133
-002445
-000815
-000408
-000641
0000291
0001280
-000408
-002678
-001572
0001746
0004424
0004947
0001746
-002736
-004075
-001689
0003434
0008324
0008440
0004889
0001571
-000350
-000292
0000756
-000292
-002096
-000815
0000407
-004832
-011468
-009605
-002736
0000640
-000641
-006229
-011468
-008616
-000699
0004656
0006228
0005471
0001571
-007451
-014437
-007568
0005238
0006985
0000931
-001456
-000757
-000874
-001398
-001456
-001747
-003901
-005705
-003144
0001338
0002677
0001746
0002095
0002561
0000407
-001980
-000408
0003434
0006112
0006112
0001629
-003144
-000874
0005355
0007800
0006170
0002386
-001456
-002387
-000757
0000931
0001979
0001804
0000407
-001630
-003610
-004948
-005414
-005763
-005181
-002213
0000349
-002387
-007335
-007975
-005181
-002911
-001805
-002562
-003901
-003086
-001339
-001281
-002445
-003493
-003668
-001921
0000291
0000232
-001281
-001921
-001572
-000524
0000640
0000873
0000232
-000641
-001398
-001165
-000757
-002038
-003551
-002038
0000756
0001222
-000175
-001572
-002271
-001689
-000350
0000873
0001571
0002212
0001804
-001747
-005298
-003726
0000931
0003725
0003725
0001222
-002445
-004774
-005298
-004599
-003551
-003551
-004425
-005531
-005705
-002969
0000582
0000814
-001107
-001921
-001048
0001455
0003958
0004191
0002153
-001165
-003377
-000466
0003958
0002561
-002096
-003610
-002504
-001630
-001398
-001921
-002620
-001921
-000524
-000175
-000583
-000815
-001048
-001921
-003027
-003726
-003668
-002445
-001398
-002853
-005356
-006171
-005007
-002620
0000174
0002386
0002910
0001106
-001514
-001630
-000466
-001456
-002911
-001456
0001629
0003609
0003609
0000931
-001805
0000058
0004307
0005588
0003958
0001280
-001630
-004366
-004832
-000524
0005355
0007218
0004889
0000814
-003027
-004075
-002387
0000116
0002503
0004424
0004831
0002852
0000232
0000174
0001513
0001106
-000641
-002620
-003610
-001514
0000465
-004366
-011177
-010886
-004948
0001920
0005238
-001339
-010944
-010711
-002329
0007218
0012922
0009371
0000174
-007160
-008616
-000408
0009895
0007974
-000990
-002853
0000407
0000931
0000116
0001804
0004016
0002619
-000524
-001048
0000116
-000059
-000815
-000059
0001164
0001047
0000116
0000291
0000582
-000874
-002911
-003086
-002213
-002504
-003319
-003086
-001921
-000524
0000582
0001222
0000640
-002038
-004890
-004425
-002562
-003959
-006637
-006113
-003493
-001921
-001398
-000524
-000233
-002736
-004716
0000058
0007218
0008149
0003958
-000874
-003842
-002329
0001280
0001338
-000815
-001456
-000815
-000408
-000641
-002038
-003435
-003086
-000990
0002561
0005471
0004715
0001222
-002387
-004657
-004425
-002620
-002213
-002329
-000641
0001513
0001571
0000232
-000583
-000757
-000699
-000641
-001048
-001805
-002562
-003027
-003202
-002795
-001398
-000583
-003086
-006404
-005298
-001514
0000407
0000640
0001106
0001455
0001280
0000756
0000174
-000233
0000174
0000640
-000233
-001223
0000407
0002910
0002444
0000523
0000873
0002328
0001688
-000117
-001048
-001165
-001630
-002038
-001398
-000990
-003144
-005996
-006054
-003610
-000583
0002095
0003492
0003259
0001746
-000175
-000990
-000350
0002212
0004482
0002968
-000466
-001689
-000815
0000232
0001338
0002386
0002794
0001862
0000523
0000873
0002444
0003783
0004191
0002677
0000698
0000640
0001746
0001688
0000640
-000583
-001165
-000117
0001629
0002328
0001862
0000989
0000000
-000932
-001630
-002213
-002329
-000990
0000407
-000524
-002387
-001747
-000059
-000932
-002911
-002271
-000466
-001107
-003027
-003493
-002620
-001747
-000990
-000292
0000349
0001338
0002153
0002386
0001455
-001398
-004133
-003260
-000408
0001397
0000349
-006113
-012167
-008034
0002561
0010594
0013446
0011409
0005413
-002329
-006928
-001572
0007334
0005995
-001165
-001747
0001047
-001572
-006171
-004948
-001048
-002445
-005705
-003086
0002153
0002095
-000815
-000059
0002212
0000640
-002329
-001630
0001164
0001804
0000873
0000931
0001571
0002270
0002444
0001280
-000059
0000756
0002212
0000931
-001398
-000699
0001746
0002619
0002677
0004249
0005995
0005064
0002677
0001629
0001804
0002503
0002735
0000523
-001689
0000814
0004947
0004831
0001397
-001747
-003551
-003551
-002038
-000583
0000465
0001455
0001455
-000466
-002853
-002562
-000815
-000699
-001572
-001863
-001339
0000116
0001455
0000698
-000932
-000699
0000582
0000582
0000000
0000291
0000931
0000465
-000757
-002038
-002387
-000524
0002561
0005355
0006636
0005646
0003026
0000000
-001747
-000466
0002444
0003841
0003609
0002677
0001804
0001688
0002386
0003841
0004656
0002619
-000583
-001456
-000815
-001514
-002445
-000932
0001513
0002212
0001047
-001223
-003377
-003668
-002271
-000175
0001629
0002095
0001513
0001222
0000989
-000175
-001339
-000757
0000582
0000523
0000000
0001571
0003725
0003318
0001862
0003143
0005297
0004249
0001338
-000175
0000000
0001571
