0000174
0001513
0002212
0003201
0003783
0003026
0001804
0001862
0002852
0003492
0003201
0001222
-001048
-000757
0001047
0001571
0001280
0001920
0003085
0004074
0004249
0002794
0000174
-002387
-004541
-006637
-007393
-005239
-001747
0000000
-000117
-000874
-001921
-002678
-003377
-004657
-006229
-007743
-008092
-005356
-001514
-000641
-001456
-000175
0001862
0001688
-000408
-003493
-005472
-003435
0001106
0004598
0005821
0004424
0001804
0000640
0000989
0001862
0002852
0003201
0003259
0003841
0004656
0005238
0004831
0001920
-000990
0000407
0004016
0004307
0002503
0002153
0003143
0004424
0005355
0005180
0003725
0000989
-001572
-002038
-000699
0000814
0001746
0001106
0000291
0002794
0005646
0003609
-002271
-009140
-014146
-014146
-011410
-011759
-013447
-011817
-008150
-006171
-004774
-000641
0003143
0001280
-003319
-004133
-001805
0000465
0001979
0001688
0001164
0003725
0007218
0006985
0004656
0004540
0005297
0003376
0000582
0000174
0002444
0007101
0010827
0008440
0003143
0001804
0003783
0005762
0006577
0004889
0002095
0001455
0001804
-000583
-003319
-001630
0001979
0001397
-001048
0000407
0003259
0002153
-000932
-001165
0000582
0001338
0001513
0002444
0003725
0004365
0004249
0003667
0002910
0002735
0003143
0003900
0004249
0003259
0001455
-000059
-000524
0000814
0002444
0001629
-000524
-001339
-000757
0000640
0001979
0001746
0000640
0000756
0001338
0000814
-000292
-000990
-000874
0000640
0002212
0001688
-000117
-001281
-001572
-000990
-000641
-002795
-005239
-003202
0000873
0001688
0000582
0001688
0003667
0003783
0002677
0001862
0002153
0004249
0006577
0006461
0004656
0003434
0003609
0005995
0008557
0007509
0004482
0003783
0004249
0002037
-000874
-000408
0001920
0002444
0001513
0001047
0001047
0001629
0001571
-001398
-004541
-002620
0001688
0002037
-000292
-000990
-000466
0000000
0000058
-000583
-001630
-002736
-003435
-003493
-002620
-000641
0001862
0004307
0005646
0004773
0003026
0003026
0004656
0006752
0008207
0007276
0005413
0006053
0007858
0007567
0005879
0005006
0004540
0003492
0002270
0001280
0001164
0002794
0004424
0002503
-000757
-000757
0001397
0002852
0002677
0000000
-003086
-002504
0000058
0000349
-000874
-001048
-000757
-001747
-002678
-000874
0001746
0000814
-001689
-001514
0000523
0002328
0002270
-001863
-006520
-005298
-000408
0001979
0001979
0002095
0001920
0000873
-000583
-001747
-002213
-000815
-000583
-007160
-015659
-017115
-012749
-007917
-004192
-002504
-002387
-001339
0000407
0001979
0002968
0003201
0002910
0002852
0002968
0003085
0003085
0002910
0002444
0001513
0000407
-000699
-001223
0000174
0001571
-000583
-003726
-002445
0001338
0002503
0002153
0003609
0005821
0006636
0006170
0005238
0004365
0003841
0004307
0006636
0008789
0007218
0003783
0002212
0002968
0005530
0008149
0008265
0006519
0005355
0004191
0000931
-002096
-001107
0001979
0002852
0001338
-001456
-003842
-003144
-001223
-002620
-005298
-004483
-001630
-000699
-001165
-001223
-000932
-000466
-000408
-001980
-003551
-001980
0001047
0001688
0000523
-000292
-000059
0002153
0004424
0003376
0000989
0001979
0004598
0004947
0003667
0003259
0003725
0004540
0005180
0004191
0003026
0004365
0006694
0006985
0004889
0000523
-003668
-003610
-000815
0000640
0000640
0000291
-000233
-000641
-001281
-003319
-005356
-004890
-002795
-000874
-000350
-002562
-005181
-003493
0000407
0002095
0001047
-002213
-005589
-005531
-003086
-001630
-001048
-000233
0001106
0004249
0006868
0005064
0001164
0000000
0001513
0003725
0005646
0006228
0005413
0003550
0001979
0002910
0004424
0002386
-000524
0001804
0005821
0003841
-001107
-001630
0000756
0001106
0000000
-000524
-000408
0000407
0001455
0002095
0002270
0002444
0002386
0001862
0000931
-000466
-001747
-002096
-001630
-001107
-000583
0000291
0000523
-001805
-004366
-002736
0000640
0000407
-001863
-001747
-000292
-000757
-001980
-001630
0000000
0002328
0004074
0003376
0001746
0002794
0005064
0005122
0003376
0001106
-000641
-000466
0001047
0002444
0003201
0003201
0002794
0002619
0002910
0003609
0004016
0002968
0001280
0001106
0000523
-004657
-011643
-015717
-016300
-015368
-012632
-007102
-002271
-003784
-008325
-008266
-005472
-005763
-007393
-005996
-003260
-002678
-003493
-003086
-002504
-004075
-006171
-005531
-002795
-000292
0001397
0002037
0001979
0002212
0002503
0002095
0001746
0002852
0004191
0003434
0001338
-000233
-000699
-000175
0001047
0002153
0002619
0001862
0000698
0000582
0001106
0001222
0001106
0001338
0001571
0000931
-000175
-000815
-001048
-001165
-001398
-002038
-002445
-001456
-000117
-000350
-001514
-001630
-001165
-001572
-002329
-002504
-001980
-001107
0000465
0003841
0006810
0005762
0002735
0002910
0004365
0002444
-001107
-002445
-001805
-000408
0000407
-001165
-003377
-002387
0000174
0000989
-000117
-002213
-003959
-003260
-001107
0000000
-000524
-002853
-005356
-005239
-003668
-003668
-004366
-003551
-002329
-003377
-005356
-005531
-004483
-004366
-004075
-000699
0002910
0001280
-002620
-002271
0000523
0000349
-001339
-000583
0001455
0001979
0001920
0004074
0006461
0005122
0002444
0003841
0006636
0004773
0000873
0001164
0003667
0002968
0000698
0000989
0002444
0001920
-000175
-002678
-004017
-001747
0001338
-000292
-004425
-005880
-004774
-003202
-001805
-001223
-001980
-004133
-006113
-005239
-003144
-003435
-005298
-006345
-006113
-004017
-002038
-003435
-006113
-005298
-002445
-001572
-001572
0000873
0003841
0003958
0001920
0000291
-000350
0000465
0001920
0002386
0002095
0002095
0002386
0003376
0003550
-000175
-004192
-001863
0003492
0004482
0001688
-001689
-003901
-002504
0000349
-000292
-002853
-002969
-001339
-000233
-000292
-001863
-003842
-004308
-003377
-001398
-000117
-002096
-005472
-006695
-005472
-002154
-000641
-007568
-017871
-021189
-018628
-016300
-014088
-011177
-007335
-001339
0003783
0003318
-000117
-000350
0001804
0003376
0003609
0001746
-000641
-000874
0000698
0002328
0003492
0004016
0004132
0004598
0005355
0006577
0007218
0006053
0003492
0000931
-000524
0000174
0002619
0005879
0007974
0006344
0003376
0004132
0006228
0003958
-000175
-000874
0000989
0002503
0002735
0001222
-001339
-003610
-004366
-002271
0000989
0002386
0001979
0001746
0001513
0000756
0000174
0001164
0002561
0001804
0000174
0000523
0002270
0003667
0004307
0004016
0003201
0002852
0002677
0001746
0000756
0001280
0002503
0002910
0002444
0001222
0000058
0000116
0000465
-001514
-003784
-002213
0001280
0002444
0001688
0001571
0001571
0000640
-000990
-003435
-004948
-002911
0000931
0002619
0002852
0004773
0006577
0004656
0001455
0002212
0005180
0005762
0004540
0003550
0003143
0003259
0004132
0006461
0007974
0004656
-000350
-000292
0002212
0000523
-002853
-002096
0000814
0000756
-000874
-000175
0001397
0000291
-001747
-001398
0000814
0003550
0004540
0000232
-005298
-003901
0000989
0000931
-002271
-002853
-002038
-003202
-004716
-002853
0000174
-000583
-002969
-001863
0001338
0003026
0002968
0001920
0000465
-000583
-000117
0003259
0007625
0009663
0008848
0005821
0002735
0003143
0005122
0003667
0000465
-000233
0000873
0000989
0000523
0000407
0000349
-000466
-001339
-001048
0000116
0001920
0002910
0000873
-002736
-004599
-005007
-006171
-006869
-004774
-002038
-002504
-005065
-006695
-006520
-003668
-000466
-001048
-004017
-005822
-005763
-003901
-001107
0001513
0002794
0001455
-000466
0000814
0003783
0005006
0004715
0004715
0004715
0005006
0003492
-003435
-011701
-014029
-011643
-010129
-008907
-005356
-001281
0000582
0000989
0002328
0003783
0003318
0002386
0003900
0005704
0003143
-001107
-001514
0000814
0002444
0002503
0000291
-002329
-001514
0000873
0000116
-002213
-002329
-000815
-000117
-000059
0000000
0000349
0001513
0002677
0001979
0000873
0002153
0004482
0004424
0003085
0003550
0004947
0005355
0004947
0004656
0004424
0004016
0003492
0002794
0002153
0002095
0002153
0001047
0000116
0001979
0004540
0003492
0000640
0000291
0001397
0000931
-000524
-001165
-001165
-001630
-001747
-000350
0001804
0003318
0003958
0003958
0003318
0002037
0000873
0001047
0002561
0005297
0007742
0008324
0007101
0004947
0003085
0003085
0004132
0004540
0003783
0001397
-000932
-000466
0001688
0002503
0002212
0002212
0002153
0001571
0000523
-000815
-001572
-000059
0001804
0000232
-003027
-003784
-003260
-005065
-006637
-002969
0003026
0005879
0004889
0001106
-003086
-003901
-002154
-001107
-000641
0000232
0001106
0001571
0001688
0002328
0002386
-000583
-003784
-002154
0002095
0003376
0002735
0003667
0005297
0005704
0005006
0004191
0003259
0001629
0000291
0000407
0001688
0002910
0003318
0001804
-000233
-000408
0000698
0000873
0000232
-000815
-001689
-001398
-000641
-001281
-001921
0000174
0003026
0002852
0000640
-000233
-000583
-002620
-004948
-005065
-003668
-002736
-002445
-002213
-002271
-002678
-003144
-003144
-002853
-002387
-002329
-004366
-005938
-002504
0003026
0004715
0003201
0001513
0000698
0001455
0003434
0005821
0007334
0006519
0004424
0003318
0003143
0002910
0002619
0002386
0002386
0002619
0003026
0003725
0003725
0000931
-002387
-002271
-000292
-000699
-002562
-002969
-002620
-002795
-004483
-009023
-013564
-013505
-010013
-006695
-004890
-005822
-007626
-006054
-003144
-003726
-005763
-004308
-001921
-004657
-009023
-008092
-003377
0000465
0002619
0003725
0003259
0000640
-001863
-000699
0002852
0005646
0006170
0003143
-000932
-001630
0000349
0002270
0003143
0002328
0000814
0001280
0002735
0003201
0002852
0002677
0002735
0003201
0003550
0002619
0001746
0003725
0006519
0006694
0004249
0000523
-002678
-002911
-001223
-000932
-001456
-000466
0000640
-000932
-003784
-004774
-004541
-005647
-007160
-006928
-005996
-007044
-007975
-004133
0001629
0003667
0002794
0002386
0002212
0001397
-000059
-002271
-003668
-001689
0002095
0004132
0004132
0002677
0000407
-001921
-003493
-003842
-003144
-002271
-001223
0000291
0001571
0001688
0000873
-000117
-000932
-001514
-001863
-002213
-002504
-003086
-003027
-000524
0002270
0001455
-001339
-002038
-001456
-002213
-003668
-004599
-004192
-001398
0002270
0004482
0004656
0003201
0001338
0001047
0002037
0002968
0002794
-000175
-003319
-002213
0001513
0003725
0003550
0000989
-002271
-003086
-002271
-002795
-003842
-003784
-002678
-000641
0000640
-001339
-004716
-005531
-004308
-003202
-002329
-001456
-001281
-002736
-004716
-005414
-004832
-003668
-002504
-002271
-002678
-003027
-002969
-002096
-000524
0001862
0003667
0003143
0000931
-001689
-002853
-000524
0003376
0004889
0004191
0003026
0001979
0002095
0002794
0002270
0001164
0000989
0001455
0001920
0002153
0002212
0001804
0000756
-000583
-001863
-002271
-000408
0002153
0002386
0000873
-000350
-001281
-002445
-003319
-003202
-002795
-003610
-005007
-005472
-005065
-004192
-003493
-003726
-004308
-003551
-003551
-008616
-015252
-016707
-014320
-013331
-012516
-009256
-004366
0000698
0004074
0003434
0001164
0002153
0005297
0006985
0007159
0006636
0005646
0004656
0003725
0002619
0001571
0000582
0000232
0000814
0002328
0004482
0006053
0005355
0003783
0004773
0006461
0004831
0001164
-000932
-001805
-003086
-003901
-002736
-000524
0001047
0001280
-000233
-002504
-003668
-003901
-004425
-004774
-004599
-003319
0000232
0003725
0003318
0000873
0000756
0002386
0003492
0003725
0003201
0002561
0002968
0003958
0004773
0004773
0003492
0001746
0001280
0002095
0003667
0005238
0005530
0004773
0004132
0003143
0000291
-002329
-001630
0000989
0001920
0001164
-000175
-000990
0000698
0002735
0000174
-003959
-003319
0000000
0000814
0000058
0000640
0002153
0003609
0004016
0001746
-001339
-001514
0000174
0000582
0000291
0000931
0001746
0000931
0000000
0002153
0005297
0004773
0002444
0002794
0004482
0003841
0001979
0001047
0001397
0002968
0004074
0002153
-001514
-004133
-004483
-001456
0002212
0001397
-001747
-001514
0001047
0002794
0002910
0000465
-002795
-003901
-003260
-003260
-003319
-002213
-000699
0000058
0000116
0000291
0000465
0000232
0000232
0001862
0003725
0003259
0001513
0000873
0001280
0001804
0002037
0001280
0000232
0000349
0001164
0001629
0001047
-001514
-004483
-005123
-003610
-001339
0000756
0001746
0001397
0000349
-001107
-002329
-003202
-004133
-004425
-003086
-000815
0001571
0002619
0000523
-003260
-005996
-006520
-004133
-000583
0000407
-000117
0001164
0002444
-000408
-004308
-002853
0001047
0000000
-003086
-001456
0002852
0005006
0004656
0002386
0000465
0002677
0006636
0006636
0004365
0004132
0005530
0007159
0007101
0002794
-004657
-013564
-019676
-018046
-011293
-006345
-004133
-003493
-003319
-000815
0002910
0005297
0005762
0004249
0002153
0002619
0003550
0000058
-004657
-004308
-000874
0000116
-000874
-001630
-001689
-000466
0001047
0000640
-000233
0001804
0004773
0004831
0002794
0001106
0000814
0002968
0006053
0007334
0006810
0005704
0005122
0006810
0009139
0009080
0007218
0005588
0004482
0003783
0003609
0004074
0004656
0004424
0003725
0003434
0003609
0004365
0004715
0002968
0000640
0000349
0001979
0004249
0005879
0005530
0003492
0001047
-001107
-002154
-002445
-003260
-003842
-002271
-000233
-000699
-003086
-005763
-007219
-005356
-002329
-002213
-004192
-005531
-005589
-003959
-001456
0000582
0001804
0002677
0003259
0003841
0004016
0002852
0001397
0001746
0002968
0002677
0001513
0000989
0001222
0001862
0003026
0005122
0006403
0003841
0000000
-000175
0001979
0002386
0001280
0000407
-000408
-001514
-002387
-002329
-001572
-000699
-000117
-000233
-000815
-001514
-001281
0001746
0004831
0002852
-001572
-002562
-000641
0001397
0002619
0002328
0000931
-000175
-000524
-000059
0001280
0003609
0005704
0006053
0004598
0001862
-000466
0000640
0002619
-000350
-004774
-003202
0001571
0002794
0000989
-001048
-002620
-002911
-002329
-002329
-001980
0000756
0003900
0004249
0002212
0000058
-001398
-001223
0000000
0000349
0000349
0001571
0002503
-000117
-003319
-001223
0003492
0005006
0003085
-000990
-004716
-004075
-000641
0001164
0001164
0000232
-000466
0001164
0004191
0006461
0007043
0005704
0002968
-000292
-002038
0000582
0004132
0001920
-003144
-003784
-001223
0000407
0000814
0000582
-000117
-000466
-000990
-003202
-005938
-006637
-007102
-011293
-017347
-022179
-024274
-022994
-019559
-016940
-015077
-012632
-010013
-007510
-005589
-004599
-004017
-002154
-000175
-000932
-001980
0001920
0006985
0005471
0000873
0001746
0005471
0005006
0002212
0001746
0003085
0004132
0004715
0004947
0004889
0004889
0004540
0002910
0001280
0001862
0003900
0005879
0006927
0006228
0004424
0003143
0002386
0001746
0001222
0001338
0001047
-001980
-004657
-001572
0003958
0004540
0001455
-000350
-001514
-004425
-007102
-006695
-003726
0000000
0002503
0001222
-001630
-000874
0001862
0002619
0001688
0000814
0000174
-000466
-000292
0001862
0004482
0004598
0003376
0004132
0005646
0005064
0003492
0003725
0004132
0001106
-002562
-001398
0001979
0000989
-002154
-001863
0000814
0002503
0003143
0003841
0003725
0001688
-001456
-004425
-005822
-004133
-000757
0001047
0001513
0002677
0003609
0002735
0000989
0000582
0000291
-003202
-006928
-005181
-001339
-003027
-007335
-006986
-003901
-003202
-003842
-003027
-001107
0001106
0002212
-000117
-003668
-004483
-002795
-000815
0000698
0000931
0000349
0000698
0001338
0000873
-000117
0000000
0000407
-000641
-001980
-001456
0000116
0001222
0001047
-001572
-004017
-001572
0002561
0001106
-003144
-003668
-001747
-001863
-002853
-001572
0000174
-000815
-003260
-004075
-003493
-003319
-003027
-001456
0000000
-001223
-003086
-001630
0001688
0002910
0002386
0002212
0002153
0001338
0000698
0002037
0003376
0000814
-002969
-001921
0001222
0000058
-003260
-003319
-001223
0000000
-000117
-001630
-003202
-002271
-000117
0000582
-000175
-001572
-003260
-005007
-006345
-006928
-006753
-006113
-005123
-003959
-003144
-003726
-004366
-002329
0000814
0002328
0000349
-007568
-016532
-018395
-015019
-013098
-012283
-010304
-006869
-000990
0004365
0005122
0002095
-001630
-003435
0000174
0005297
0003550
-001572
-001747
0001571
0003609
0003900
0002910
0001222
0000291
-000233
-001514
-002911
-003377
-002795
-001456
-000292
-000874
-002678
-004483
-005472
-005007
-003726
-002736
-002620
-003668
-005065
-005181
-004075
-002096
-000524
-001572
-003551
-002678
-000233
0000698
0000523
0000931
0001920
0003609
0005122
0005064
0004016
0003259
0003085
0003783
0003958
0001164
-002562
-003202
-001747
-001398
-001456
0000523
0002852
0001979
-000117
0001164
0003958
0003492
0001397
0001862
0003318
0001920
-000990
-002562
-002154
0000465
0003143
0002328
-001107
-004657
-006404
-004483
-001165
-001281
-003493
-003842
-003319
-004832
-006753
-005763
-002969
-000990
-000117
0000000
-000059
0001338
0002677
0000698
-001398
0002328
0008615
0010769
0007858
-000350
-007684
-003959
0004831
0004656
-000757
-000699
0002444
0002037
-000117
0000291
0001862
0001047
-000757
-000350
0001513
0002677
0002503
0000814
-001689
-003435
-004075
-003784
-003086
-002853
-002795
-001921
-000815
-000350
-000932
-003144
-005239
-004599
-001805
0000989
0002503
0001571
-000815
-001980
-002154
-002736
-002853
-000874
0001397
0000291
-002387
-002096
-000408
-000990
-002795
-003377
-002329
0000232
0002619
0001804
-000757
-001572
-000757
-000059
0000756
0002735
0003841
0000407
-004075
-002853
0001571
0002910
0000931
-002795
-006229
-005996
-003551
-002387
-002736
-003842
-004599
-002736
0000291
0001746
0001455
0000000
-000815
0002037
0005762
0004482
0000116
-002969
-003144
0001047
0005646
0002910
-003027
-002678
0001629
0004016
0001920
-007102
-018162
-023460
-021888
-015950
-008907
-005589
-005181
-003027
-000641
-001456
-003377
-002678
0000640
0005530
0009022
0006636
0001338
-000117
0001106
0000523
-001165
-001863
-001747
-001572
-001281
-000874
-000175
0001688
0003201
0001571
-000932
0000174
0003201
0003783
0003201
0004715
0007392
0009313
0009895
0009255
0007742
0006461
0005180
0002852
0001106
0002852
0006286
0007742
0007159
0005704
0003958
0002968
0002503
0001571
0000582
0000174
0000349
0000814
0001222
0000873
-000175
-001747
-003377
-004657
-005181
-005065
-004483
-003959
-003842
-004599
-005298
-004192
-002445
-002795
-004366
-005181
-004948
-003551
-002154
-002445
-003493
-002795
-001165
-000932
-000815
0002095
0005588
0005064
0002968
0005122
0009080
0009837
0007567
0003900
0000814
0001106
0002794
0001106
-001980
-001747
0000756
0002561
0002968
0001397
-000059
0002968
0006577
0002677
-003959
-002911
0001979
0000814
-003668
-004133
-002387
-003319
-005298
-004308
-002154
-002911
-005239
-006229
-005356
-002795
0000000
0000756
-000466
-002154
-003377
-002678
-000932
-000524
-000699
0000232
0002619
0006577
0009895
0009604
0006228
0001513
-001747
0000058
0004249
0005064
0002794
-000292
-002387
-001281
0001629
0003259
0002910
0000349
-001921
0000407
0004365
0003783
-000175
-003551
-004948
-003086
0000349
0001979
0001513
-000059
-001630
-001165
0000465
0001280
0001280
0001397
0001047
-000757
-002853
-003493
-002736
-001572
-000292
0000640
0001338
0002677
0003201
0000291
-003260
-002329
0001338
0003318
0002735
-000466
-003901
-003726
-000874
0001280
0001979
0000873
-000874
-000699
0000582
0000465
-000175
0000640
0002153
0003609
0002386
-005705
-015543
-018104
-014844
-011992
-010071
-008790
-007568
-004308
-001456
-003377
-007335
-007859
-005239
-001689
0001280
0001629
0000349
0000000
0001047
0003201
0005762
0007567
0007625
0005180
0001979
0001222
0002619
0004307
0005297
0004656
0002852
0001397
0000640
0000523
0000989
0002037
0002968
0002444
0001629
0003085
0005530
0006810
0005879
0001862
-002562
-002911
-000524
0000640
0000523
0000465
-000408
-003493
-006462
-005356
-001514
0001513
0003085
0003667
0003143
0001920
0000931
0001455
0002677
0002386
0001455
0002153
0003550
0003434
0002794
0004016
0005879
0005588
0004016
0003201
0003201
0003550
0003725
0002910
0001629
0001455
0001920
0002153
0001746
0000291
-001398
-002154
-001747
-000641
0000756
0001804
0002328
0002561
0002270
0001106
-000699
-002911
-004541
-004541
-003260
-001398
-000408
-002096
-005181
-006986
-006637
-003377
0000349
0000000
-002329
-001339
0001164
0000814
-000874
-000059
0001629
0000523
-001689
-001630
0000465
0003492
0006112
0006577
0005238
0003667
0002561
0002561
0003201
0002677
0001920
0002735
0004249
0005122
0004656
0002444
0000232
0001280
0004016
0004889
0003958
0002386
0000756
-000117
-000757
-002969
-005239
-004599
-002329
-001863
-002445
-001572
-000641
-002445
-005356
-006113
-004948
-003668
-002562
-001689
-001281
-001281
-001223
-000524
0000756
0002444
0003434
0001746
-000466
0001164
0004249
0003201
0000058
-000059
0001862
0002968
0002677
0000465
-001921
-001281
0001397
0003434
0004074
0002794
0000931
0000931
0002095
0002503
0001513
-001689
-004774
-003610
-000117
0001397
0000582
-001572
-003784
-003842
-002911
-004483
-006637
-005763
-002853
-000641
0000407
0001746
0000407
-008732
-019210
-019618
-013156
-010071
-009605
-007393
-004308
-001223
0000465
-000815
-003377
-004250
-003144
-000699
0001164
-001281
-004657
-002154
0003143
0004482
0002037
-001980
-004890
-002504
0001862
0000756
-003144
-002678
0000174
0000698
-000699
-002387
-003260
-001747
0000232
-001223
-003726
-001921
0001280
-000815
-005298
-005647
-003260
-002620
-003202
-002969
-001863
-000059
0001688
0001804
0001106
0001455
0002735
0004540
0005762
0004715
0002910
0003841
0005704
0004424
0001397
-000292
-000292
0000989
0002503
0002794
0001571
-001107
-003493
-002853
-000408
0001222
0001455
0000523
-000932
-001921
-002154
-001747
-000990
-000874
-001339
-001921
-002678
-003901
-004657
-003784
-002213
-001805
-002795
-004774
-006287
-004890
-002096
-001630
-002038
0000465
0003725
0003376
0001455
0002619
0005355
0005646
0004656
0005762
0007509
0006461
0004016
0003085
0003725
0004947
0005588
0004132
0001455
-000408
-000932
-000292
0000698
0000407
-000466
0000000
0001106
0001513
0000873
-001048
-003144
-003493
-002911
-003493
-004599
-004192
-003726
-006404
-009605
-007975
-003959
-003202
-004832
-005938
-005938
-004716
-003144
-002736
-003493
-005007
-005763
-003144
0000989
0002910
0002794
0002852
0002386
0000174
-002504
-003493
-002736
-000874
0001455
0003201
0004191
0004598
0004540
0004249
0003550
0001746
-000117
-000466
0000232
0000232
0000407
0002619
0005006
0004132
0001164
-000757
-000932
0000873
0002910
0001862
-000524
-000233
0001629
0002212
0001280
-000583
-002562
-003202
-003319
-005531
-007801
-005938
-002096
-001223
-002562
-003784
-003784
-001107
0002386
0003201
0001862
0000523
-000059
0000640
0002270
0004656
0004482
-003493
-014146
-017638
-015543
-014961
-014553
-010653
-005472
-003086
-002620
-000233
0002212
0000873
-001456
0001047
0005006
0002910
-002387
-004017
-002154
0000873
0003434
0003085
0001397
0002386
0004715
0005180
0004016
0002037
0000407
0000931
0002503
0002561
0001397
0000349
0000116
0001629
0003492
0002794
0001513
0004249
0007916
0005762
0001513
0003376
0008207
0008557
0005530
0002852
0001280
0001280
0002153
0002212
0001746
0002270
0002735
0000931
-001456
-001223
0000523
0000756
-000350
-001572
-002096
-000641
0001338
0000814
-000990
-001281
-000059
0002153
0004132
0004074
0002794
0002328
0002735
0003434
0004016
0003841
0003026
0001688
0000873
0001804
0004132
0006985
0009255
0010186
0009255
0006286
0003259
0003841
0005937
0004307
0001338
0002735
0006170
0006053
0003492
0002095
0001688
0001513
0001222
0000174
-001107
-001921
-001980
-001223
-000117
0000873
0000756
-001863
-005531
-007801
-007801
-005763
-002620
0000291
0001571
-000350
-003377
-003144
-000932
0000058
-000641
-003027
-005007
-002911
0000756
0000349
-001805
0000174
0004365
0006344
0006112
0005704
0004540
0001047
-002038
0000000
0004132
0003841
0000640
-001223
-000757
0002619
0006403
0006286
0003376
0001571
0000931
0000232
0000058
0001571
0003609
0004074
0003201
0002794
0002153
-000117
-002562
-002387
-001339
-003319
-006345
-005938
-003202
-001223
-000350
-000699
-001281
-000175
0000989
-001456
-005298
-006229
-004716
-003260
-002038
-000233
0001047
0000116
-001281
0000582
0003725
0003318
0001047
0001164
0002561
0002270
0000873
-000059
-000583
-001514
-002038
-000990
0000407
-000117
-001805
-002562
-001921
0000116
0002561
0004074
0003550
0000407
-004832
-011817
-017697
-019501
-017522
-014437
-011119
-008150
-005647
-001980
0000756
-000815
-003901
-002096
0001804
0001280
-001514
-000757
0002037
0003376
0003376
0003492
0003550
0003143
0002677
0002153
0002794
0006868
0010594
0007101
0000232
-001456
0001106
0003143
0003841
0002794
0001222
0001862
0003492
0002910
0000989
-000408
-000699
0000582
0002794
0005122
0005762
0002270
-002620
-003726
-001747
-000059
0000931
0000989
0000931
0002444
0004424
0004715
0004132
0005006
0006286
0005471
0003492
0002852
0002910
0001571
0000174
0001047
0003376
0005006
0005762
0006228
0005704
0003434
0000989
0001164
0002677
0002270
0000931
0001688
0003376
0003725
0002561
-000059
-002445
-002096
-000233
0000174
-000583
-001514
-001980
-001514
-000350
0000814
0001222
-000059
-001805
-001863
-000408
0001455
0002444
0000640
-002038
-001630
0000523
0000814
-000117
0000000
0000523
-000117
-001339
-001805
-000990
0001455
0004074
0004424
0003609
0004831
0006694
0006170
0004424
0004424
0005122
0003900
0001862
0001513
0002386
0003085
0003026
0001397
-000117
0001920
0004715
0002212
-001980
0000232
0005122
0004249
-000233
-002969
-003027
-000292
0002619
0000756
-003260
-003202
-001165
-003260
-006404
-003668
0001106
-000583
-005414
-005065
-001863
-002271
-004017
-001921
0002095
0003550
0002561
0000291
-001514
-000292
0002444
0002794
0001920
0003318
0005530
0005297
0003609
0002852
0002619
0001804
0000523
-000815
-001572
-000874
0000698
0001979
0002444
0001804
0000640
0000000
0000116
0001047
0001280
-002038
-006171
-005996
-003027
-001630
-001339
-000466
0000814
0002444
0002852
-000466
-004832
-005065
-003086
-004541
-007102
-005356
-002038
-002620
-006869
-012690
-017871
-019792
-018162
-014495
-010013
-005589
-002795
-002620
-003901
-004075
-002736
0000174
0002794
0002270
0000000
-000699
0000058
0000814
0001106
0000349
-000757
-000874
-000059
0001222
0002212
0001629
0000931
0003841
0007101
0004365
-001048
-001689
0000582
0000232
-001398
-000233
0001688
0000232
-003027
-003901
-003086
-002969
-002795
-000757
0002153
0004132
0004307
0001746
-001398
-001281
0000989
0002037
0002153
0003143
0004016
0002735
0000931
0001804
0004191
0005471
0005180
0003492
0001688
0001746
0002910
0003026
0002212
0000989
-000059
0000407
0001164
-000292
-002562
-002736
-001630
-001398
-001805
-001747
-001223
0000116
0000814
-001514
-004483
-003610
-000175
0001979
0002735
0003085
0002328
-001339
-004948
-003551
0000698
0002561
0002037
0000873
-000117
0000058
0001455
0003841
0005762
0004889
0002677
0002735
0004249
0004715
0004307
0004307
0004249
0003725
0002444
-000175
-002678
-003144
-002213
-002096
-002154
-000117
0001513
-001980
-007102
-006928
-003435
-002445
-003726
-005298
-006462
-006287
-005007
-003784
-002911
-002853
-003260
-003377
-003493
-004657
-005356
-003027
0000989
0003900
0004540
0002037
-001339
-001339
0000989
0002444
0003201
0004540
0005937
0006985
0006694
0003783
0000232
-000583
0000349
-000059
-001223
-001223
-000466
0000232
0000291
-000874
-002038
-000932
0001338
0002270
0001629
0000000
-002038
-003435
-004133
-004832
-004832
-002853
-000874
-002329
-005822
-007859
-008034
-007160
-005938
-005822
-006287
-006113
-005356
-004657
-003959
-003435
-002562
-000233
0001920
0001280
-001339
-003668
-004599
-003668
-001456
0000756
0002153
0002095
0001688
0004307
0005588
-002562
-014553
-019501
-017638
-013855
-009722
-006986
-005880
-005065
-004133
-002154
-000524
-002213
-004890
-003959
-001339
-002038
-004133
-003027
0000000
0001455
0001920
0003434
0005122
0005762
0005180
0003725
0001862
0000000
-000641
0001571
0004715
0005297
0004132
0003900
0004715
0006344
0007334
0004598
0000873
0001280
0003841
0003318
0000640
-001921
-002329
0002037
0007800
0008033
0004831
0004074
0004773
0003841
0001862
0000349
-000350
0000291
0001222
0000174
-001398
-000292
0002037
0002561
0001688
0001746
0002095
0001513
0000756
0001513
0002386
0000989
-001689
-003377
-003377
-001281
0001746
0003725
0004424
0004947
0004715
0002619
0000349
0000756
0002968
0004191
0004715
0005530
0006810
0008906
0010186
0007683
0003434
0001222
0000931
0000465
0000058
0000232
0000407
-000350
-001281
-001048
0000349
0002444
0004365
0005238
0004656
0002386
0000116
0000640
0002503
0002212
0000465
-000059
-000059
-001398
-002911
-003027
-001514
0001047
0003492
0004074
0003085
0002095
0001280
0000582
0000291
0000698
0001338
0001455
0000814
-001048
-002736
-002504
-000117
0004656
0008964
0008789
0005646
0004016
0003900
0003900
0004132
0005238
0005821
0003434
0000407
0001804
0004307
0000523
-005763
-006229
-002911
-002038
-002329
0000116
0002794
0001164
-002620
-003435
-002387
-003202
-004425
-002562
0000756
0002270
0002153
0002386
0002153
-000466
-003435
-003319
-001747
-003086
-004890
-001398
0003609
0002561
-001398
-000757
0003085
0005937
0006694
0005122
0002444
0000989
0001164
0002386
0003259
0001513
-001165
-000815
0001222
0001397
0000407
0000232
0000873
0001979
0002619
0000989
-001398
-001398
0000058
0000000
-000641
0000873
0001280
-005705
-015892
-021655
-022062
-019618
-014844
-008849
-003784
-001980
-002445
-001921
-000874
-001048
-001572
-000932
0000349
0001106
0001164
0000931
0000814
0001513
0002910
0004773
0006170
0005995
0004831
0004249
0003900
0002386
0000931
0001513
0003492
0004947
0005588
0005530
0004831
0003550
0002794
0004132
0006170
0006170
0004889
0005180
0005937
0005006
0002968
0001047
-000233
-000408
-000233
-001398
-003027
-003202
-002562
-002795
-003377
-002853
-001514
0000349
0001920
0002328
0002095
0003085
0004249
0002910
0000931
0001804
0004307
0005588
0005355
0003725
0001979
0002037
0003318
0004307
0004132
0001746
-001107
-001107
0000756
0001979
0002037
0000931
-000757
-001630
-001980
-002911
-003377
-001398
0001513
0002735
0002037
0000116
-001805
-001921
-000815
-000175
-000233
-000641
-001107
-001281
-001048
-000524
-000059
-000233
-000641
-000175
0000873
0002037
0003085
0004191
0004540
0002619
0000116
0000116
0001629
0001920
0001397
0001920
0002561
0001280
-000757
-001572
-001107
0000000
0001164
0001397
0001222
0001920
0002910
0002735
0002212
0003376
0004365
0001280
-003319
-004366
-002387
0000000
0001804
0002153
0001106
-000466
-001980
-003202
-003842
-004017
-003784
-003319
-002562
-001165
-000059
-001165
-002387
0000582
0004889
0004656
0001455
-000524
-000757
0000232
0001920
0003259
0003900
0003958
0003376
0002212
0001571
0003376
0005646
0004598
0001571
-000524
-000641
0001920
0004715
0003376
-000059
-000583
0000756
0000232
-001281
-001223
-000874
-002736
-005239
-004716
-002969
-003959
-006520
-007510
-007160
-007219
-006753
-003959
-000699
-000524
-002213
-001921
-001223
-003610
-006520
-004832
-000524
0003085
0002270
-008092
-020433
-021189
-013680
-008965
-006695
-002969
0000931
0003026
0003725
0005006
0005704
0003434
0000931
0003783
0008091
0005413
-000466
-000699
0002852
0004773
0004889
0004482
0003667
0002444
0001746
0003434
0005180
0002503
-002038
-003202
-001281
0001688
0003900
0003259
0000291
-002795
-005007
-005822
-005123
-003551
-002096
-002387
-003319
-002795
-000874
0002095
0004656
0005006
0003667
0002270
0001280
0000582
0000465
0001047
0001571
0000291
-000932
0001688
0005588
0005646
0002968
0000873
0000116
0000873
0002386
0002735
0001746
-000350
-002213
-001572
0000465
0001629
0001513
0000640
-000466
-001107
-000641
0001804
0003958
0001571
-002504
-001863
0000873
-000583
-003959
-003726
-001747
-003144
-005531
-003493
0000349
0000465
-001514
-001048
0000465
-000350
-002096
-001747
0000349
0002444
0004074
0004831
0004191
0001455
-001805
-003086
-001863
0001688
0005297
0005180
0002677
0001862
0001862
-000059
-003086
-005414
-006578
-006462
-005414
-004425
-003551
-002678
-002445
-003668
-005414
-005880
-005239
-004716
-004657
-005705
-006753
-006054
-003901
-001281
0000931
0002212
0002153
0000931
-000466
-000059
0001164
0000582
-000757
-000408
0001047
0001979
0002386
0002852
0002968
0001920
0000582
0000989
0001862
0000116
-002445
-001863
-000059
-001165
-003784
-004657
-003784
-002387
-001281
-001863
-003260
-003493
-003027
-003726
-004541
-003551
-001921
-002387
-003668
-002911
-000932
0000349
0000291
-001980
-004599
-004366
-002504
-002562
-004017
-005356
-005705
-004075
-001514
-000408
-000641
-001572
-002038
0000000
0002677
0002037
-000175
0000174
0001688
0000989
-000874
-001339
-000292
0002619
0004482
0000989
-006054
-012225
-015776
-016067
-013505
-010187
-006986
-004774
-002795
0001513
0005297
0002968
-001747
-000233
0002735
-003610
-012807
-011584
-004075
-001514
-002795
-002213
-001456
-004250
-007917
-007917
-004832
-001630
0000582
0000873
-000292
-001165
-001572
-002096
-001281
0003434
0008207
0005995
-000059
-003027
-002154
0001397
0005180
0005471
0002444
-001980
-005472
-004774
-001398
0000814
0001629
0001804
0002037
0004307
0005995
0001862
-004017
-003959
0000232
0002619
0002735
0001164
-001048
-002213
-002096
-001456
-000408
0000989
0002153
0002386
0001455
-000583
-002271
-000932
0001280
-000117
-002853
-001339
0001804
0000756
-002213
-001805
0000698
0001280
0000698
0001397
0002444
0001571
-000117
-000641
0000000
0001397
0002561
0002095
0000465
-001572
-002562
0000116
0003492
0001571
-002504
-001165
0002677
0002386
-000350
-000350
0000931
-000583
-002678
-000583
0002852
0001746
-001689
-001572
0000582
0000523
-000699
-000466
0000640
0001571
0001280
-001514
-004890
-005472
-003901
-002911
-002329
-000932
0000116
-001223
-003319
-002795
-000583
0001164
0001920
0001629
0000814
0000814
0001397
0001571
0001280
0000814
0000349
0000523
0000931
0000407
-000466
-000233
0000465
0000174
-000757
-001281
-001805
-003435
-004657
-002562
0000465
-000757
-003435
-001572
0002794
0004831
0004191
0001629
-000990
-000524
0001571
0001920
0000814
-000466
-000757
0001920
0005006
0003376
-000466
-000757
0001106
0001280
0000349
0000465
0001222
0001397
0001222
0000989
0001455
0004191
0007101
0006752
0003900
0000698
-001456
-001339
0000000
0000116
-000699
-000757
-000641
-001572
-002504
-001921
-000350
0000523
0000349
-000874
-003377
-007102
-012050
-019327
-024915
-023809
-017522
-010420
-005531
-005763
-008150
-005298
-000292
-000466
-003144
-001514
0001862
0000698
-002387
-001339
0002212
0003667
0003958
0006286
0008731
0008033
0005355
0003376
0002619
0002677
0003783
0006053
0008207
0008557
0007218
0005122
0003376
0003376
0004947
0006985
0008265
0007451
0005355
0004307
0004191
0004482
0004132
0001106
-002620
-003319
-002154
-002504
-004192
-006869
-008499
-005880
-001339
0000000
-001048
-000699
-000233
-002795
-005705
-003901
0000232
0001106
-000408
-000815
-000466
-000990
-000583
0004307
0009721
0008557
0003318
0000465
0000349
0001455
0002852
0002852
0001862
0001280
0001746
0004307
0006985
0006112
0003492
0003085
0004307
0005180
0004715
0000814
-002911
-000117
0005471
0005471
0001688
0000116
0000174
-000292
-001689
-004541
-007160
-007219
-005065
-002096
-000175
-002038
-005356
-005531
-003319
-001980
-001048
0001047
0002910
0002328
0000407
0000116
0001106
0001920
0002328
0002619
0002735
0002910
0003259
0003667
0004191
0004947
0004773
0001688
-002038
-002387
-000117
0002037
0002735
0000407
-002154
0000756
0005704
0004889
0001047
0001106
0003201
0002561
0000058
-002271
-003610
-003726
-002562
-000466
0001047
-000292
-003319
-005181
-005298
-003842
-001514
0000349
0001280
0001746
0001222
-001339
-004017
-003319
-000932
-000990
-002271
-001456
0000523
0001397
0001688
0002968
0004482
0004656
0004016
0004365
0004482
0001629
-002038
-002853
-001456
-000408
-000117
-000699
-001805
-002562
-002969
-003551
-004017
-004075
-003551
-001921
-000408
-001223
-003319
-004017
-003668
-003784
-003842
-003086
-001921
-001107
-001107
-002271
-003901
-003726
-004250
-010478
-017929
-018337
-013622
-009896
-007568
-005763
-003726
0000465
0004365
0003900
0000814
-000583
-000292
-000292
0000116
0002212
0004307
0003725
0001513
0000407
0000465
0000756
0001164
0002095
0002444
0000407
-001805
0000523
0003958
0001164
-004483
-005705
-003319
-000932
0000291
-000757
-002736
-002445
-000874
-000932
-001980
-001921
-001048
-000233
-000059
-001223
-002562
-001514
0000931
0002852
0003492
0002270
0000640
0001164
0003026
0004307
0004307
0001979
-000059
0002968
0007916
0007742
0004598
0004540
0005937
0004365
0001746
0002153
0004365
0005180
0004947
0005471
0005879
0004191
0002270
0003725
0005821
0002328
-003202
-002678
0000698
-000874
-004599
-003784
-000641
-000641
-003260
-006345
-008208
-006869
-003551
-001165
-000408
-001398
-003144
-004133
-003610
-001456
0001222
0001920
0001746
0003841
0006170
0004540
0001338
0001862
0004307
0003841
0001455
-000175
-000874
-001048
-000874
-000524
-000233
-000292
-000175
0000931
0002503
0003026
0003259
0005238
0006927
0004598
-000059
-003377
-004250
-002096
0001047
0001338
-000524
-001805
-002562
-003610
-004832
-006113
-006811
-006287
-004250
-000292
0003434
0003900
0002270
0001920
0002677
0003201
0003318
0002910
0002561
0004074
0005471
0002968
-000699
0000291
0003201
0001746
-001921
-002096
-000175
0000291
-000641
-001863
-002736
-002329
-001339
-001339
-001630
-000466
0001047
0000582
-001107
-002271
-002795
-003260
-003435
-002853
-002271
-002853
-003668
-003202
-001514
0001222
0002968
0000640
-002969
-001805
0001862
0001979
-000233
-001048
-000350
0001513
0003085
0002037
0000058
0000756
0002852
0002735
0001164
0000058
-000059
0001920
0002910
-002213
-010304
-014844
-015776
-016358
-015776
-012341
-008383
-007510
-008441
-007044
-005239
-007568
-010246
-005763
0001338
0001455
-003027
-004774
-003959
-002678
-001281
-000175
0000232
-000292
-001456
-002795
-003027
-000059
0003434
0002153
-001339
-000990
0001571
0002037
0000873
-000233
-000466
0001338
0004191
0006286
0007334
0007974
0007858
0006927
0005413
0004016
0002968
0002095
0001688
0001862
0002386
0002852
0002968
0002503
0001280
-001514
-003959
-003202
-000466
0001338
0001280
-000932
-004192
-006345
-006928
-006345
-004832
-003144
-001863
-001689
-002038
-001514
-000757
-001398
-002562
-002154
-001223
-002213
-003260
-000408
0004016
0005297
0003667
0001047
-000874
0000523
0003492
0004365
0003201
0001164
-000175
0001746
0005006
0005180
0003318
0002037
0001979
0003376
0004947
0004540
0002794
0001862
0001455
-000292
-001747
-000175
0002735
0003434
0002503
0001979
0001804
0001280
0000931
0001920
0002619
-000117
-004017
-004425
-002853
-003726
-005472
-004366
-002271
-002911
-005181
-006171
-005647
-004133
-001980
0000582
0002386
0002037
0000523
0000465
0000931
-000874
-002911
-001223
0001862
0001397
-000815
0000116
0002212
0000873
-001921
-001863
0000116
0001455
0001746
0000756
-000175
0001746
0003900
0000582
-004541
-004541
-000466
0004074
0006286
0003085
-002678
-004832
-003610
-001514
0000000
-000815
-003260
-005181
-005763
-004716
-002329
0000349
0001979
0000756
-001514
-001107
0001164
0003085
0003725
0002270
0000058
-000292
0001047
0002852
0004191
0003783
0002619
0003434
0004482
0002212
-001572
-003086
-002213
0000058
0001629
-001572
-005647
-002969
0003434
0006053
0004831
0002037
-000990
-001398
-002271
-010129
-020141
-023460
-020433
-015950
-011002
-006054
-002387
-000408
-000175
-001456
-002620
-001514
0000931
0002444
0002444
0000640
-000990
0001280
0005355
0006344
0005355
0006170
0007451
0005879
0003492
0004307
0006868
0007742
0006636
0003609
0000931
0002386
0005646
0005297
0002735
0001571
0002153
0003900
0005238
0003609
0000349
-001572
-001689
-000466
0000698
-000641
-003377
-005123
-005414
-004657
-003144
-001747
-000932
-000699
-001339
-002795
-004308
-004948
-004308
-002213
0000232
0000989
0000640
0000989
0001455
0000407
-000466
0001979
0005762
0006461
0005530
0007043
0009313
0008848
0006286
0003725
0002270
0003376
0005413
0005122
0003143
0001746
0001047
0000465
0000349
0001047
0001862
0001455
0000931
0002503
0005064
0006577
0005762
0001164
-004075
-003959
-000932
-001107
-003493
-004716
-004832
-004948
-005065
-005239
-004832
-002445
0000407
0001397
0000407
-001980
-004017
-003027
-000350
0000756
0000291
-000350
-000641
0000116
0001746
0003725
0004889
0003667
0001513
0001280
0002270
0002270
0001688
0001804
0002328
0002619
0002561
0002095
0002037
0003725
0005937
0006636
0005413
0002270
-000699
0000058
0002619
0002270
0000000
-000757
-000990
-003551
-006171
-005007
-001398
0001338
0001979
-000757
-004075
-002678
0000989
0001047
-001048
-001689
-000932
0000058
0000465
-000990
-003086
-003493
-002445
-000990
0000407
0001338
0001862
0002852
0003143
0000698
-002154
-000757
0002444
0001920
-000990
-002329
-002213
-001921
-001689
-001805
-001339
0001804
0005297
0005006
0002328
0001629
0001979
0000407
-002154
-004075
-004832
-004541
-003377
-001980
-000815
-000641
-000815
0000116
0001629
0002503
0002153
0001047
-002620
-012399
-021946
-020840
-012749
-008034
-006637
-005531
-004250
-001572
0001280
0002153
0001571
0001455
0001629
0001629
0001280
0000000
-000990
0000174
0002561
0004307
0004540
0002852
0000291
-001456
-001863
-001048
0000582
0002270
0003143
0002561
0001338
0001106
0001746
0002619
0002619
-000175
-003551
-003610
-001223
0000582
0001746
0002852
0003434
0002794
0001513
0000523
0000465
0001455
0003143
0004773
0005530
0004307
0002619
0002852
0004889
0008324
0010885
0009604
0005821
0002619
0001164
0001746
0003318
0003667
0002794
0002153
0001513
-000350
-001456
0001629
0005821
0005355
0001688
-000990
-001514
0000873
0003841
0002619
-000874
-001921
-001107
-000815
-000932
-000815
-000815
-001107
-001805
-002911
-003784
-003377
-002271
-001747
-001921
-002736
-002969
-000583
0002561
0002503
0000407
-000699
-000233
0002095
0005064
0006868
0007218
0006636
0005646
0005122
0005006
0004889
0004307
0002386
0000873
0002910
0006286
0006577
0004365
0002153
0000873
0001338
0003085
0004947
0005588
0003434
0000000
-001805
-001689
-000524
0000232
-001689
-005065
-007219
-007684
-007044
-005938
-005531
-005414
-004250
-002387
-000175
0001280
0000582
-001107
-001572
-000699
0000756
0002270
0003026
0002794
0001629
0000349
0000582
0001804
0002561
0002503
0001862
0000640
-000932
-001863
-000932
0001106
0002852
0003376
0001688
-000292
0000814
0003667
0004831
0004540
0004365
0004132
0003259
0002153
0001688
0001280
-000932
-002969
-000815
0002386
0000116
-004716
-005298
-003144
-002969
-004075
-004075
-003027
-001339
0000058
0000174
-000874
-001921
-002678
-003260
-002911
-000350
0002386
0001280
-001456
-000990
0000814
-000175
-004133
-010362
-016416
-018803
-018046
-017464
-016532
-013680
-009664
-005181
-001689
-000466
-001514
-004425
-006171
-001339
0004656
0000931
-007393
-008441
-004599
-003784
-003959
0000291
0005413
0004715
0000640
-000815
0000174
0001164
0002037
0002444
0002910
0004482
0006228
0006519
0005821
0005530
0005530
0005064
0004249
0003201
0002735
0004016
0005995
0006810
0006112
0004074
0002037
0002794
0004307
0002212
-001689
-003319
-003027
-002736
-002678
-003260
-004075
-004716
-004366
-002038
0000814
0002037
0000873
-003610
-007743
-005531
0000232
0002735
0001571
-001223
-003959
-004250
-002504
-000641
0000640
0000873
0000698
0001513
0003143
0005180
0006170
0004074
0000873
0000407
0002037
0003201
0004016
0005704
0006461
0002794
-001456
0001106
0006868
0007800
0004831
0001688
0000058
0001979
0004947
0003725
-000059
-002096
-002271
-001980
-001339
-000583
-000408
-001689
-003493
-004192
-003901
-003726
-003726
-004017
-004192
-003144
-002038
-002969
-004890
-005705
-005356
-004192
-003144
-003726
-004948
-004483
-002853
-001689
-001514
-002853
-004250
-003377
-000874
0001280
0002561
0002677
0002095
0001920
0001920
0001513
0001047
0001280
0001513
0000291
-001165
-000292
0001338
0000232
-002213
-002736
-001747
-001107
-000874
-000815
-000583
0000582
0001629
0000756
-001572
-004133
-005763
-005822
-004192
-001107
0001338
0000349
-002329
-002445
-000932
-000175
-000524
-001921
-003202
-002154
-000233
-000466
-002154
-003377
-003610
-002562
-000641
0001455
0003143
0004132
0004424
0004307
0004307
0005646
0006403
0003143
-001281
-000874
0002153
0002037
-000117
-001514
-001281
0001047
0003725
0003259
0000756
-000117
-001107
-006520
-013447
-016707
-016591
-016067
-014670
-011002
-006404
-002736
-000874
-000408
-001630
-004774
-007219
-004774
0000232
0002619
0002561
0002503
0002561
0002677
0003085
0004307
0005413
0004540
0003259
0005180
0007800
0006228
0002677
0002852
0004773
0003492
0000814
0000523
0001804
0002328
0001688
-000466
-002096
0000814
0005006
0003900
-000059
-000583
0001338
0002386
0002153
0000523
-000990
0000407
0002910
0002444
-000059
-001980
-002911
-003319
-002853
-000874
0001455
0002794
0002503
0000058
-002678
-002504
-000641
-000408
-000874
0000291
0002677
0005180
0006927
0007742
0007101
0004540
0002095
0002735
0005180
0006112
0005355
0003958
0002153
0000174
-000815
0000931
0003841
0005006
0004249
0002735
0001106
0000349
0000465
0000640
0000640
0000407
-000524
-002853
-004657
-002329
0001280
-000175
-004017
-004075
-001921
-002038
-003668
-004133
-003842
-003901
-004075
-004017
-003260
-001281
0000582
-000408
-002329
-001107
0001804
0002677
0002503
0004307
0006636
0006286
0004656
0005355
0006461
0003841
-000117
-000757
0001164
0003201
0004191
0002677
0000465
0000873
0002968
0003900
0003376
0001920
0000058
-001107
-001630
-002620
-003435
-002562
-001689
-004133
-007393
-006520
-003144
-001398
-001281
-001805
-001805
0000698
0003783
0003783
0001280
-001630
-003435
-002387
0000174
0000989
0000349
-000292
-000350
0001280
0002968
0001862
-000466
-000641
0000931
0002619
0003492
0002677
0000931
0000291
0000465
-000466
-001165
0000931
0004074
0005064
0004016
0002037
0000116
-000583
-000175
0000407
0000931
0001513
0001571
0000058
-001863
-001456
-000699
-004192
-007975
-004308
0002328
0002037
-002387
-003435
-002213
-001805
-003901
-011002
-018744
-020025
-015659
-010187
-005356
-002213
-001223
-000990
-001107
-000641
0000349
0001222
0002037
0003259
0003841
0001979
-000466
0000058
0002153
0002212
0001222
0001629
0002852
0003492
0003725
0004831
0005879
0005180
0003725
0003783
0004482
0003900
0002444
0001164
0000349
0000000
0000116
0000582
0001047
0000698
-000059
-000815
-001107
-000059
0001164
0000174
-001223
0000931
0004715
0005646
0005180
0007625
0010361
0008324
0004016
0003376
0004889
0004016
0002328
0003609
0005646
0003725
-000175
-001630
-000641
0001222
0002328
-000059
-003668
-003726
-001514
-000815
-000641
0001920
0004889
0004365
0001688
0000582
0000465
-001107
-002911
-002911
-001048
0002037
0004831
0004947
0003376
0003259
0003434
0000698
-002096
0000291
0004831
0004598
0001629
0001338
0002677
0002270
0001047
0001164
0002095
0002561
0002735
0003492
0004016
0003318
0001979
0001280
0001455
0002503
0003492
0002735
0001455
0001979
0003434
0003376
0002037
0000174
-001398
-001863
-001456
-001165
-001339
-002271
-003319
-003551
-002620
-000117
0001862
-000117
-003959
-005298
-004832
-005880
-006986
-005123
-001980
-000815
-001048
-000175
0001222
0001571
0001338
0001513
0001629
0000291
-000815
0001397
0005238
0007334
0007159
0004656
0002037
0003376
0005995
0003492
-001107
-001572
0001047
0002677
0003259
0003783
0003841
0003026
0001571
-000408
-001921
-002096
-000990
0001047
0002503
0001280
-001223
-002038
-001514
-001398
-001630
-001630
-001747
-002329
-003260
-004425
-005298
-004948
-003901
-003319
-003202
-003027
-003202
-004716
-005880
-003959
-000641
0000349
-000233
0000407
0001222
0000291
-001281
-001165
0000174
0001688
0002270
0001571
-001921
-010770
-019850
-021247
-016707
-013098
-009896
-003842
0001979
0003492
0001571
-000117
-000641
0000407
0001920
0001338
0000000
0001106
0002968
0002153
-000350
-002096
-002678
-001921
-000932
-001863
-003319
-002445
-000233
0001106
0001746
0003085
0004074
0002619
0000640
0002095
0005064
0004889
0002677
0001571
0001979
0003376
0005006
0005762
0004424
-000874
-006229
-004890
0000174
0001688
0000291
-000641
-000699
0000756
0002153
0000465
-002329
-001921
0000058
-000350
-002038
-001921
-000641
0000058
0000116
-000524
-000815
0001280
0003201
-000641
-006054
-004890
0000058
0001629
0000291
-000874
-001747
-002736
-003027
-001805
0000523
0003259
0004947
0003376
0000523
0000174
0001920
0003841
0004831
0003259
0000640
-000233
0000756
0002677
0004365
0004482
0003201
0001513
-000233
-002038
-003086
-002562
-001107
-000408
-000699
-001921
-003435
-004308
-004192
-003027
-002038
-003086
-005414
-006928
-006986
-005065
-002504
-001339
-001514
-001398
-001747
-004017
-006695
-007160
-005589
-003784
-001165
0004715
0009022
0003550
-005531
-005531
0000465
0003026
0002619
0002910
0003376
0003085
0001920
-000233
-001980
-001223
0001164
0002968
0003958
0004773
0004249
0000232
-004133
-003202
0000116
-001339
-005181
-005123
-002853
-002795
-004075
-004599
-003901
-001747
