0002852
0001629
-000641
-000408
0001513
0002852
0003201
0002503
0000756
-002038
-004192
-003551
-001223
-000175
-000641
-002271
-004133
-004657
-003901
-002853
-001456
0000814
0002386
0000523
-002329
-001165
0002095
0002852
0001629
0000873
0000756
0001455
0002095
0001047
-000524
-000350
0001106
0002444
0002852
0001513
-000059
0001397
0003492
0000873
-003668
-003901
-001107
0000814
0001106
-000641
-002795
-001863
0000407
0000000
-001921
-002445
-001980
-002445
-003086
-002445
-001281
-000932
-001689
-003668
-005181
-003435
-000524
-000757
-002678
-002271
-000233
0001862
0002794
0000523
-002271
-000292
0004074
0005064
0003609
0003259
0003492
0002735
0001047
-001398
-003202
-002213
0000349
0002037
0002270
0000989
-001107
-003086
-004192
-004017
-002736
-000932
0000698
0001920
0001804
-000524
-003668
-005123
-004774
-003377
-001689
-000815
-000874
-001339
-001805
-001514
-001223
-002736
-004657
-004541
-002445
0000698
0003725
0005355
0004831
0001629
-001339
0000931
0005588
0006053
0003841
0003783
0004947
0005064
0003958
0002619
0000000
-005938
-012690
-016474
-016940
-015485
-013331
-012923
-012574
-008150
-002504
-001048
-002853
-004832
-005822
-004774
-002678
-001572
-001689
-002445
-003435
-004366
-004657
-003493
-001863
-001689
-001863
0000407
0003318
0003609
0001746
-000524
-001630
0000523
0004365
0006344
0006461
0006344
0005762
0004074
0002619
0003434
0005471
0006577
0006286
0004424
0002386
0002619
0004249
0005006
0004947
0005471
0005413
0002852
-000583
-001572
-000990
-002038
-002969
-000059
0003841
0003201
-000408
-002271
-002620
-003493
-004425
-004657
-004192
-003319
-002795
-003842
-004948
-002911
-000233
-002213
-005996
-005065
-001630
-001689
-003435
-002213
0000756
0002619
0003376
0003725
0004016
0004889
0005937
0006694
0006810
0006228
0005122
0003958
0003143
0002677
0002910
0004132
0005297
0004831
0003143
0001746
0000582
-000874
-002213
-003027
-002853
-001223
0000407
-000699
-002329
0000407
0005006
0006228
0004132
0000582
-002736
-003493
-002736
-004017
-005531
-003377
-000059
-000583
-003027
-002096
0000349
0000000
-001980
-002853
-002154
0000000
0002212
0002037
0000465
0000058
0000582
0001047
0001222
0000931
0000523
0000407
0000465
0000291
-000292
-001630
-002154
0001106
0005413
0005355
0002735
0002677
0003958
0002968
0000873
0000000
0000698
0003318
0006112
0006519
0005297
0005238
0005704
0005530
0004249
0001222
-001572
-000815
0002037
0003492
0002794
-000059
-003027
-002271
0000291
-000175
-002038
-001107
0001280
0001746
0000756
0000291
-000175
-002096
-003668
-001572
0002037
0002561
0001047
0000698
0001571
0002968
0003667
0001455
-001630
-001630
0000756
0003085
0004715
0005646
0005471
0004249
0002386
0000465
-000815
-000990
-000466
0000232
-001456
-009605
-019210
-021713
-017871
-013098
-008558
-004890
-002445
0000232
0002095
0001338
-000117
0001397
0004365
0004889
0003609
0002968
0002968
0002968
0003376
0004656
0006228
0007218
0007218
0006170
0005122
0006170
0007392
0004831
0000931
0000640
0003143
0005821
0007276
0006461
0003900
0000814
-001281
-000466
0001746
0001513
0000116
0001338
0002852
-000059
-004599
-004832
-002678
-003202
-004948
-004425
-002504
-001398
-001456
-002620
-004075
-004425
-003668
-002154
-000466
0000873
0001571
0001397
0001164
0002561
0004249
0003318
0001571
0003143
0006344
0007625
0007218
0006694
0006403
0007218
0007567
0004132
-000292
-000583
0001804
0002619
0002735
0005238
0008033
0007392
0004365
0001688
0000465
0001513
0003318
0002619
0000232
-001747
-002620
-002154
-000874
-000059
-000175
-001456
-002678
-001630
0000465
0000640
-000524
-001165
-001165
-000932
-000292
0000814
0001513
0000291
-001223
-000059
0002794
0004598
0005064
0004715
0003318
0000582
-001921
-002038
-000583
-000350
-000583
0000873
0002677
0002503
0001338
0001513
0002444
0002444
0001571
0000407
-000292
0000465
0002328
0004482
0005064
0001338
-003726
-004366
-001863
-000117
0000232
-000583
-002096
-002795
-003144
-004425
-005531
-004483
-002213
-000466
0000232
0000291
-000059
0000232
0000756
0000814
0000349
-000641
-001107
0000873
0004016
0006112
0006228
0003667
0000523
0000523
0002095
0000407
-002504
-002329
-000292
-000059
-000815
-000466
0000407
0000873
0000349
-001921
-004017
-002620
0000640
0001804
0000931
-000408
-001630
-002096
-001630
-000466
0000465
-000408
-002154
-002271
-001689
-003144
-004774
-003027
0000232
0000814
0000058
0002561
0003900
-004774
-016416
-017988
-011992
-007917
-005938
-003901
-001921
0000349
0002095
0002212
0000814
-001398
-003260
-003319
-002213
-001514
-001281
-000815
-000292
-000059
0000349
0001979
0003143
0000116
-003493
-000466
0005297
0005064
0000814
-001689
-002096
-001630
-001048
-002154
-003610
-002678
-000583
-000524
-001281
0000058
0002037
0001513
-000175
0000116
0001688
0002677
0003085
0003201
0002968
0002212
0001280
0000582
0000814
0003085
0005355
0003783
0000931
0002503
0006053
0006403
0004074
0001397
-000175
0001397
0003900
0002910
-000175
-001689
-001630
-000990
-000524
-001165
-002387
-003144
-002911
-001281
0000116
-001921
-005356
-006287
-004890
-002911
-001689
-003027
-005414
-005822
-004483
-002795
-001514
-001223
-002096
-004250
-005531
-002329
0002910
0005471
0005180
0003609
0001979
0001920
0002735
0002270
0001164
0000989
0001455
0002270
0002503
0000698
-001572
-001630
0000116
0001804
0002794
0002270
0001280
0002270
0003900
0003143
0001164
0000989
0001862
0001862
0001047
-000408
-001572
-001223
0000000
0000873
0000232
-003493
-007568
-007277
-004308
-003086
-003726
-004948
-005589
-003319
-000233
-000815
-003144
-002445
0000058
0000931
0000989
0002444
0004307
0004307
0003085
0002386
0001979
0000989
-000117
-000350
-000059
-000350
-000466
0000756
0002735
0004191
0004307
0002444
-000117
-001107
-000524
0000873
0002386
0003725
0003667
0000523
-003435
-003901
-002213
-002387
-003377
-002329
-000641
-001339
-003260
-003551
-002678
-002154
-002154
-002736
-002795
-000583
0002503
0003667
0002968
0002037
0000931
-000641
-001863
-001630
-000466
0000291
0000232
-001107
-002504
-002038
-000583
-000117
-001398
-005239
-009955
-012982
-013971
-014029
-012923
-010420
-007859
-007335
-007335
-003668
0000523
-001223
-005531
-004832
-001223
-000117
-001456
-003668
-005007
-002736
0001397
0003783
0004191
0003958
0003143
0001920
0000931
0001106
0001571
0000000
-002154
-001863
0000116
0001629
0002677
0004016
0005064
0004889
0004424
0005704
0007451
0006868
0005530
0006927
0009255
0008557
0005879
0004249
0003259
0001280
-000292
0001164
0003026
0000058
-004774
-005414
-002387
0001338
0004016
0003841
0001106
-003027
-006345
-006054
-003610
-003027
-003784
-004133
-003551
-001107
0001455
0001047
-001689
-004716
-006520
-005589
-002620
0000756
0003143
0002968
0001222
0000174
0000349
0001804
0003492
0003492
0002619
0003085
0004656
0006403
0007567
0007509
0006403
0004715
0003958
0006344
0009546
0009313
0006170
0001979
-000932
0000232
0003492
0004132
0002968
0003143
0003550
0001455
-001514
-002504
-001107
0002503
0005530
0003841
-001048
-005414
-007451
-005531
-002213
-002911
-005531
-005007
-002096
0000523
0001920
0001047
-000932
-001630
-000524
0002328
0005355
0006344
0005238
0003550
0001804
0000407
0000232
0002212
0004424
0003550
0000989
0000523
0001688
0002735
0003492
0004191
0004598
0004947
0004598
0002619
0000232
-000233
0000756
0001862
0002561
0002968
0002444
0000291
-002038
-001747
-000233
-000641
-002445
-003610
-003726
-002387
-000757
-000874
-002213
-003551
-003784
-001223
0002037
0002095
-000117
-001747
-001863
0000407
0003492
0004365
0003376
0002677
0002386
0002270
0001979
-000059
-001398
0002561
0007974
0007218
0002619
0000582
0000756
0000407
0000291
0001688
0003609
0004074
0003667
0003900
0004249
0003318
0001920
0001862
0001455
-002736
-009081
-014611
-017697
-017464
-014728
-011759
-008965
-005822
-003202
-002096
-002038
-001689
-000874
0000698
0001804
-000117
-002504
-000408
0004132
0006461
0006752
0007567
0007916
0006286
0004132
0004424
0006112
0006228
0005471
0005704
0005530
0001979
-002678
-004017
-002678
-001281
-000408
-000350
-000408
0000814
0003026
0005471
0006810
0005297
0002444
0001397
0001688
0001338
0000523
-000233
-000757
-001398
-001107
0002212
0005355
0002386
-003144
-003319
-000059
0000640
-000233
0000349
0001746
0002328
0002270
0002503
0002735
0002677
0002503
0002619
0003026
0003201
0003434
0004773
0005646
0003259
-000292
-000815
0000989
0002328
0002852
0002444
0001688
0001920
0002619
0002852
0002386
0001338
-000292
-002911
-005356
-006287
-005472
-003260
-001048
-001223
-003027
-004308
-004541
-003551
-002038
-001339
-001281
-001048
-000524
0000698
0002095
0003143
0003900
0005471
0006636
0005355
0003143
0003259
0004598
0004307
0003026
0002794
0003143
0002968
0002386
0002153
0001862
0000349
-000641
0002095
0005704
0004773
0001047
-000990
-001281
-001048
-000699
-000932
-001456
-000990
-000408
-001630
-003144
-001689
0000698
-000292
-002795
-002504
-000815
-001048
-002911
-004948
-006695
-008208
-008732
-007626
-005589
-003668
-002504
-002387
-002969
-003551
-003435
-001339
0000756
-000815
-003784
-002620
0000232
-001339
-004599
-003202
0000232
-000815
-003377
-000350
0005122
0006053
0003609
0001804
0000582
-001456
-003086
-002795
-001223
-000233
0000582
0002968
0004773
0002037
-002562
-003551
-001805
-000524
-000059
-000117
-000932
-003086
-005123
-005181
-004017
-003668
-003959
-003842
-003144
-001747
-000059
0002270
0001513
-008674
-020898
-021480
-014029
-010071
-008907
-006054
-002387
0001280
0003259
0001397
-002154
-002795
-001281
-000350
-000350
-001689
-002911
-001281
0001629
0001979
0000814
0001164
0002503
0003783
0004365
0003783
0002386
0000873
-000350
-001165
-001456
-001339
-000990
-000699
-000815
-001747
-002853
-002678
-002154
-003144
-004832
-005589
-004657
-000990
0002794
0002328
-000233
0000756
0003841
0005413
0005413
0004947
0004132
0003026
0001979
0000989
0000349
-000059
-000059
0000465
0000814
-000641
-002154
-000233
0003318
0004715
0003958
0002212
0000058
-002271
-003377
-001630
0001338
0002561
0001746
-000117
-002329
-003959
-004425
-003319
-001630
-001107
-001107
0000407
0001804
-000233
-003901
-005647
-005181
-003668
-001747
-000641
0000058
0002386
0004307
0002386
-000932
-000583
0002503
0005355
0006752
0005937
0003492
0000931
-000350
0001338
0004424
0005995
0005413
0003143
0000291
-001107
-001514
-002969
-004250
-002969
-000466
0000174
-000233
0001047
0002386
0000640
-002678
-003784
-003784
-006171
-008499
-006404
-001805
0001164
0001688
0000058
-002387
-003144
-002678
-003086
-003551
-002038
-000292
-001630
-003959
-002795
0000640
0003434
0004773
0004307
0002794
0001804
0001979
0003841
0005704
0004656
0001862
0000291
0000116
0000640
0001629
0002735
0003376
0003026
0002328
0002852
0004016
0004365
0004016
0003958
0003667
0002212
0000349
-000815
-001165
-000815
-000524
-001048
-002736
-005763
-008441
-008092
-005880
-004541
-004599
-005938
-007393
-006811
-005065
-004890
-005647
-005996
-005181
-002504
0001047
0003900
0004598
0001804
-001747
-001339
0001862
0003725
0004249
0004598
0004482
0003667
0001455
-003377
-008965
-012923
-013855
-010537
-006345
-007859
-011235
-007684
-000757
0001746
0000291
-001747
-002620
0000407
0004191
0002270
-002678
-004483
-003435
-002329
-001048
0001106
0002619
0000989
-001339
0000989
0005122
0005064
0002386
0001629
0002910
0005588
0007858
0006927
0004191
0002735
0003026
0004598
0006461
0007159
0006461
0004424
0002677
0003550
0006170
0008382
0008906
0006519
0003201
0002619
0004016
0004249
0003376
0002212
0000931
-000524
-001398
-000699
0001106
0003318
0004598
0002910
0000116
-000292
0001106
0002095
0001862
-000641
-003319
-002562
0000291
0001979
0001920
0000465
-001281
-001339
-000350
-000466
-001107
-001048
-000059
0001688
0003783
0005588
0006985
0008615
0009080
0006228
0002386
0001979
0003725
0003900
0002503
0000291
-001630
-001689
-000350
0000756
0001629
0002852
0003318
0000931
-002271
-002387
-001165
-002911
-005647
-005298
-002562
0000407
0001979
0000174
-003260
-004308
-003493
-003260
-003377
-002911
-002096
-001630
-001165
0000349
0001513
-000350
-003260
-003377
-001281
0000291
0001397
0002910
0003900
0002794
0001047
0001571
0003085
0002328
0000523
0000698
0002386
0003783
0004307
0003434
0001979
0001513
0001629
0000582
-000990
-002213
-002678
-001921
-000815
-000815
-001223
-000524
0000989
0002677
0003550
0002386
0000291
0000058
0000465
-001398
-003668
-002504
0000349
0000640
-000874
-001689
-001980
-002504
-003027
-003144
-002213
0000814
0004132
0004656
0002968
0001338
0000465
0001222
0002677
0002794
0002270
0002677
0004191
0006868
0009197
0008498
0006170
0005821
0006286
0004191
0001629
0002386
0004598
0003725
0001047
-000175
-000059
0000407
0000931
0001047
0001047
0002444
0002677
-001921
-009838
-018162
-023518
-022470
-016998
-012516
-009780
-007801
-006113
-002795
0000465
0000465
-001107
0000291
0002386
0000174
-003493
-002329
0001513
0002212
0001280
0003318
0006170
0006053
0003318
-000524
-003202
-001398
0002386
0002503
0000291
-000233
0000523
0001047
0000989
0000232
-000757
-001398
-001107
0000814
0003259
0004132
0003841
0004715
0005238
0002212
-001689
-001165
0001455
0000174
-002911
-002329
0000000
-000408
-002271
-002213
-000757
0000523
0000989
0000000
-001223
-000117
0002270
0003609
0004016
0005413
0005879
0002212
-002329
-001921
0001746
0003492
0003550
0004249
0004598
0002619
-000117
-000466
0000232
-001863
-004774
-004599
-002445
-001572
-001747
-001630
-001223
-000932
-000699
-000583
-000292
0000873
0001920
0001222
-000117
0000407
0001222
-000874
-004425
-006578
-006345
-003027
0000931
0001222
-000874
-001339
-000932
-002271
-003377
-000350
0004307
0005413
0004074
0004307
0005180
0003900
0002270
0003783
0006636
0007101
0005238
0002212
-000524
-000699
0000756
0001222
0000174
-002445
-005181
-005822
-004599
-003435
-002271
-000292
0001106
0000174
-002154
-003377
-003784
-004890
-005880
-005356
-004308
-004716
-005822
-005996
-005007
-002678
-000699
-001630
-004541
-007451
-008674
-006520
-003086
-002620
-003668
-002329
0000640
0003026
0004715
0006577
0007683
0006461
0004598
0005646
0007392
0004947
0000989
0001571
0004249
0003318
-000059
-002504
-003377
-002678
-001048
0000523
0000814
-001689
-005065
-005647
-004133
-002678
-002213
-004075
-006404
-005763
-003319
-002329
-002562
-002620
-002504
-002387
-001863
0000174
0001746
-000466
-004483
-006171
-005181
-002911
-000233
0002037
0002037
-002038
-008441
-014204
-016882
-014844
-009431
-003784
-000059
-000524
-002504
0000407
0004598
0001979
-003668
-003726
-000466
-000524
-001980
-000466
0002735
0004482
0004482
0003143
0001571
0001804
0002794
0001513
-000524
-000524
0000582
-000059
-001689
-002213
-001863
-001689
-001165
0001047
0003783
0005180
0004889
0003143
0001164
0000698
0001222
0001164
0000465
-000641
-001281
-000117
0001746
0001746
0000814
0001106
0001979
0001920
0001106
0000058
-000466
0000465
0001862
0002037
0000931
-001165
-002736
-001107
0001804
0001979
0000116
-001339
-001514
0000640
0003318
0003318
0001338
-000292
-000699
0000814
0002910
0002852
0001280
0000116
-000117
0000873
0002037
0001920
0000756
-000350
-000874
-000408
0000291
-000699
-001689
0000582
0004424
0006403
0006228
0004656
0002561
0001571
0001688
0002212
0002561
0001513
0000523
0002677
0005704
0004715
0001746
0001746
0003492
0003259
0001688
0001047
0000698
-000990
-003027
-003668
-002911
-001398
0000465
0002677
0003725
0001338
-002154
-001921
-000117
-002213
-005763
-005239
-002504
-002154
-003319
-003610
-002620
0000174
0002619
0000756
-002795
-002387
0000291
-000059
-001398
0000756
0004424
0005588
0004365
0002328
0001047
0002619
0005530
0006344
0005064
0002619
0000349
0000000
0001164
0001920
0002212
0002328
0002037
0001106
0000000
0000116
0000523
-000990
-003144
-003784
-002795
-000466
0001280
-000408
-003784
-004948
-003842
-001747
0000291
0000582
-000292
-000350
0000465
0002503
0004016
0002270
-001456
-004483
-005472
-003260
-000233
-001398
-004075
-002154
0002212
0004365
0004074
0002386
0000873
0001688
0004132
0005879
0006694
0007567
0007392
0004656
0000814
-000583
-002445
-011817
-021830
-020200
-011293
-006928
-006637
-005880
-004657
-002736
-001339
-002562
-004541
-003901
-001339
0001338
0002444
-000059
-003319
-002096
0002095
0005180
0005879
0003492
0000000
-001107
0000291
0003259
0005821
0004889
0001920
0000931
0001571
0002328
0002619
0001222
0000058
0002677
0006577
0006636
0004191
0003201
0003550
0004074
0004482
0004831
0004482
0002561
0000465
0000873
0002910
0004365
0004482
0002735
0000640
0000931
0002794
0003900
0003667
0001920
-000583
-002678
-003842
-004075
-003260
-001747
0000116
0002153
0003259
0002095
-000117
-001107
-000408
0001920
0004132
0003201
0000232
-001630
-002096
-001572
-000466
0000407
0001047
0001746
0002677
0004424
0005646
0004424
0001629
-000350
-001165
-001223
-000175
0003085
0005355
0001106
-004832
-002736
0003550
0004598
0001164
-002853
-005298
-003144
0001222
0002386
0000814
-000990
-002445
-002969
-002678
-002154
-001747
-001805
-002329
-003086
-003551
-003144
-001921
0000116
0001455
-000524
-003435
-002504
0000814
0002328
0002270
0001979
0001746
0001920
0002328
0002444
0002503
0003143
0003783
0002910
0001629
0001746
0002910
0003900
0003434
-000350
-004832
-005123
-002620
-001572
-002096
-003144
-004075
-003493
-002562
-003959
-006578
-007917
-007393
-004716
-001980
-002911
-005356
-004075
-000990
-000757
-002504
-003260
-003610
-005763
-008034
-007510
-005181
-003086
-002213
-003377
-004657
-002562
0001222
0002619
0001920
0001164
0000582
0000116
0000756
0004016
0007334
0006170
0002037
-000757
-001572
-000699
0000873
0001629
0000814
-001863
-004657
-004425
-002387
-001630
-002504
-004832
-006404
-003202
0001746
0002386
-000117
-001689
-002620
-003784
-006695
-014728
-023401
-025380
-021888
-017813
-014728
-013738
-013389
-009547
-004716
-003901
-005414
-004599
-002329
-000990
-000292
0001164
0002444
0001979
0000814
0001571
0003201
0003492
0003085
0003783
0004715
0004191
0002735
0002095
0001746
0000291
-001281
-001048
0000291
0000989
0001571
0003492
0005180
0003841
0001164
0000931
0002270
0002852
0002153
-000466
-002795
-000990
0002619
0002968
0001106
0000523
0000640
-000583
-001980
-001689
-000408
-000117
-000583
-000757
-000175
0002095
0004074
0002095
-001339
-001223
0001338
0002910
0002561
-000466
-004075
-004425
-002329
-000175
0000989
0000523
-000990
-002387
-002504
0000058
0003376
0003958
0002328
0000931
-000059
-001165
-001572
0000174
0002153
0000814
-002038
-001747
-000233
-002445
-005239
-001980
0003609
0003434
-000059
-000466
0001280
0002270
0001804
-001048
-003668
-001747
0002619
0004191
0003376
0002386
0001688
0001629
0001920
0001920
0000931
-002329
-005472
-004366
-001048
-000466
-001689
-001572
-000874
-001572
-002795
-002911
-002038
-000815
0000116
-000466
-001456
-000292
0001513
0000698
-001630
-002969
-003144
-003202
-003086
-002911
-002736
-002329
-002096
-002271
-002969
-004133
-005298
-005880
-005647
-004890
-003435
-000641
0001920
0002212
0000873
-000117
-000292
0000407
0001804
0003492
0004656
0004365
0003376
0003667
0004132
0002095
-000815
-001689
-000524
0002095
0003900
0001571
-002678
-004017
-002562
-000815
0001106
0003492
0004656
0002386
-001165
-001689
0000291
0002328
0003026
0000814
-002678
-003784
-003144
-003551
-004308
-003784
-002853
-004075
-005298
-001980
0002153
-000175
-005589
-006462
-003551
-000815
0000989
0001688
0001280
0001164
-000466
-007510
-015543
-017056
-013156
-008790
-005065
-002271
-000757
0000640
0001688
0002677
0003026
0001804
0000465
0002095
0004656
0003376
0000465
0001397
0003900
0002561
-000117
0001513
0004656
0003318
-000466
-001572
-000641
-000524
-000350
0001862
0004191
0003259
0000465
-000815
-000466
0000291
0001047
0001397
0000989
-000117
-001339
-001747
-001339
-000408
0000407
0000058
-000641
0000174
0002037
0003667
0004482
0003841
0002852
0003841
0005471
0005006
0003318
0002852
0003143
0002968
0002153
0000407
-000932
0000232
0002386
0002153
0000814
0001688
0003492
0003318
0001746
0000698
0000232
0000291
0000232
-001107
-002678
-002271
-000524
0000989
0001513
0000349
-001398
-001689
-000990
-000990
-001456
-001630
-001514
-001107
-000932
-001921
-002445
0000465
0004540
0005413
0003550
0001338
-000175
0000465
0002095
0001979
0001222
0002561
0004889
0005879
0005297
0003783
0002270
0002270
0002561
-000117
-003260
-001863
0001629
0001746
-000233
-000990
0000058
0003026
0005937
0005238
0002503
0001629
0002444
0004132
0005064
0002619
-001107
-001339
0000407
-000292
-001980
-001630
0000058
0001513
0002095
0001222
-000233
-000175
0000756
0000407
0000000
0001804
0004656
0005821
0005588
0005530
0005355
0004307
0002910
0001862
0001513
0002328
0003143
0001629
-000932
-002096
-001747
-000583
0000465
0000116
-001165
-001805
-001805
-001747
-001805
-001921
-002271
-002795
-003260
-003319
-002969
-002387
-001805
-001281
-000874
-000815
-000699
-000175
0001222
0004598
0007625
0006810
0002910
-001805
-004599
-002213
0002561
0003026
0000931
0001513
0003492
0003609
0002619
0002910
0003841
0003783
0003318
0003667
0004191
0004249
0001746
-006345
-016241
-022062
-022295
-018046
-011643
-007335
-005065
-002154
0000698
0002968
0003318
-000466
-004832
-002969
0001571
0000291
-003959
-004250
-001398
0001571
0003609
0004016
0002619
-000117
-002562
-002445
-000583
0000640
0000698
-000757
-002038
0000349
0004016
0003958
0002095
0003259
0006170
0007451
0007334
0007334
0007276
0006461
0005530
0005530
0005995
0005821
0005006
0003958
0003201
0003667
0004307
0003085
0001106
0000640
0001222
0001280
0000931
0000349
0000000
0000465
0001164
0000756
-000233
-000175
0000291
-000524
-001980
-002678
-002620
-002445
-001863
-000059
0001397
-000059
-002504
-001339
0001397
0000698
-001514
-000699
0001222
-000699
-003493
-001281
0003434
0004540
0003259
0003900
0004889
0002794
-000524
-001630
-000292
0003376
0006170
0002561
-003086
-001747
0003783
0006228
0005588
0004132
0002328
0001106
0000349
-000641
-001223
0000058
0001688
0000698
-001339
-001048
0000582
0000814
0000000
-000583
-000990
-001514
-002096
-002620
-003027
-003260
-003551
-004599
-005239
-003551
-000233
0003434
0005413
0003318
-000932
-003144
-003027
-002096
-000641
0000814
0002037
0003609
0004307
0002153
-000757
0000000
0002212
0000989
-002038
-002911
-002213
-002445
-002795
-001398
0000291
-000699
-003144
-003901
-003668
-004774
-005880
-004075
-001863
-004308
-008441
-007801
-004075
-002096
-001747
-001921
-001805
0000291
0002444
0001164
-001456
-000699
0001979
0002677
0001688
0001047
0000640
0000174
0000058
0001106
0002503
0003026
0002735
0002619
0002561
0002444
0001804
-000524
-003202
-004192
-003610
-002445
-001339
-001223
-001747
-001630
-001223
-001398
-002445
-004948
-007451
-007975
-006753
-004308
-003493
-008208
-016009
-021655
-023460
-021306
-016416
-011701
-007917
-004308
-002154
-002387
-003901
-004657
-003901
-000932
0002212
0001979
0000407
0002561
0006403
0007625
0006577
0005471
0004191
0001804
0000116
0001688
0005006
0006344
0005995
0005471
0005297
0006228
0006752
0004016
0000174
-000059
0001571
0000465
-001863
-001921
0000058
0003026
0004831
0001979
-002969
-004657
-003668
-003202
-002504
0000116
0002735
0002328
-000117
-001863
-002562
-002329
-001921
-002795
-004017
-003784
-001863
0001804
0005238
0005238
0003667
0005297
0007916
0006286
0002619
0001804
0003201
0004773
0005413
0004016
0001804
0001338
0002386
0003492
0004482
0005937
0006519
0003958
0000058
-001456
-001456
-003202
-004832
-002736
0001047
0002677
0002095
0000640
-000757
-000757
0000000
-000466
-001048
0000523
0002561
0001280
-001747
-003086
-002736
-001805
-001456
-004017
-007451
-007917
-006171
-005123
-004250
-001572
0000989
0000291
-001863
-001281
0000931
0002212
0001688
-001572
-004483
-001689
0003900
0005704
0004074
0001513
-000757
-001107
-000059
0000582
0000931
0002037
0002735
0001164
-001165
-001165
0000058
-000117
-001398
-002736
-003610
-003377
-002329
-000757
0000232
-000699
-002678
-004017
-004250
-003784
-002562
-000408
0001164
-000233
-002504
-001514
0001338
0002619
0001979
0000116
-002154
-003551
-003086
0000232
0004191
0004656
0002503
0000931
0000174
-000583
-000815
0000232
0001397
0000814
-000932
-002445
-002853
-000990
0001222
0000465
-001921
-002329
-001048
0000698
0002095
0002153
0001746
0003143
0004715
0003143
-000292
-002678
-003668
-004541
-004716
-003610
-001630
0000465
0002095
0002910
0002794
0001629
0000407
0001280
0001397
-004541
-013331
-018977
-019792
-015834
-009547
-005647
-004017
-001747
-000059
-001048
-002795
-001630
0001338
0003376
0003667
0002037
-000583
-002445
-003027
-001863
-000524
-002154
-004774
-003784
-001339
-002445
-004890
-003784
-000408
0001862
0002386
0001106
-000583
0000000
0001455
0000349
-001863
-001863
-000350
0000349
0000814
0002735
0004656
0004074
0002095
0001280
0001455
0001164
0000931
0001920
0003841
0006461
0008265
0007218
0004540
0003259
0003609
0005413
0007101
0006053
0004074
0005297
0007567
0005937
0002735
0003609
0006344
0005821
0003259
0002444
0002619
0001164
-000815
-001456
-000874
0000232
0000931
-000233
-001805
-000699
0001106
-000641
-003784
-003435
-000990
-000408
-001165
-001689
-001747
-001339
-000641
-000117
0000232
0000523
0001047
0002386
0003841
0004191
0004424
0006636
0009255
0009139
0007567
0007683
0008324
0006694
0003958
0002910
0002910
0001862
0000582
0000523
0001397
0002037
0002444
0003143
0003259
0001746
-000699
-002620
-003377
-002620
-001339
-001689
-002678
-002271
-000815
0000174
0000814
0001920
0002735
0002328
0000640
-002504
-004774
-002445
0001455
0000465
-003144
-003551
-001572
-000524
-000350
-000175
-000350
-001398
-002154
-000292
0002270
0001746
-000641
-001980
-001747
0000232
0002037
0000291
-002562
-000815
0002968
0002735
0000058
-000466
0000349
-000815
-002038
0000407
0004074
0003841
0000873
-001456
-002562
-003086
-002736
-001514
-000059
0000582
0000582
0000989
0001397
0001164
0000407
-000350
-000699
0000407
0001513
-000117
-002154
0000349
0004715
0005297
0003492
0003783
0004598
0002037
-001514
-000990
0001338
0000116
-003086
-004657
-003610
0001571
0005530
-000059
-011526
-020316
-023460
-020083
-012807
-007801
-005239
-002096
0000582
0001571
0001222
0000814
0000640
0001164
0001280
-001223
-004774
-006462
-006054
-004832
-002736
0000873
0004016
0003841
0001455
-000292
-000874
-000466
0000931
0002968
0004889
0005180
0005064
0007625
0010361
0008440
0003841
0001047
0000407
0000814
0001979
0003318
0004249
0004249
0003609
0003318
0003201
0002619
0001979
0002444
0003318
0003550
0002794
0000814
-000699
0001222
0004132
0003085
-000699
-003493
-005181
-006869
-007917
-007743
-006811
-006171
-005705
-004716
-003959
-004832
-006345
-006811
-005763
-003144
-000175
0001513
0001571
0000349
-000932
-000175
0002095
0004482
0005704
0004598
0002153
0000814
0001106
0002852
0005006
0005821
0005471
0005646
0005471
0002794
-000292
0000116
0002270
0001455
-000524
0001106
0003841
0002386
-000990
-000874
0001338
0001804
0000873
-000117
-000815
-001107
-001514
-003551
-005763
-005705
-003901
-002387
-001456
-000932
-000699
0000174
0000582
-001630
-004716
-005298
-003901
-002678
-002213
-002969
-003668
-001747
0001688
0004132
0005530
0007742
0008848
0005646
0000814
-000699
-000059
-001048
-002969
-003842
-003435
-001689
0000291
0000873
0000465
0000756
0001397
0001338
0000582
-000524
-001689
-002736
-003202
-002096
-000583
-000408
-001456
-002911
-003959
-003202
-001630
-001339
-001980
-002329
-002213
-001398
-000641
-001107
-002038
-001630
-000292
0000931
0001280
-000292
-002096
-000815
0001397
-000524
-004017
-003726
-000990
0000058
-000292
-000524
-000641
-000874
-000583
0001047
0003026
0003609
0002270
-001048
-004308
-004425
-001980
0000814
0002677
0002677
0001047
-000874
-002154
-001339
-000874
-004948
-012108
-019443
-023751
-022004
-016067
-010537
-007160
-006287
-006928
-005880
-003610
-001863
-000350
0002503
0005006
0004831
0002735
0000989
0000582
0001979
0004656
0007509
0009080
0007858
0004889
0002619
0002037
0003550
0005821
0006403
0005471
0004365
0003201
0001222
-000233
0000756
0002968
0003492
0002735
0002270
0002037
0001629
0001106
0000232
-000990
-002969
-004832
-005298
-004832
-004948
-005123
-004425
-003027
-001398
-000466
-001689
-003377
-001980
0000814
0000989
-000175
0000698
0002561
0002561
0001688
0001862
0003026
0004482
0005180
0003201
0000814
0002910
0006577
0005180
0001280
0001397
0003259
0001280
-002329
-003377
-001630
0002037
0005530
0006112
0004540
0004016
0003783
0001804
-000466
-000292
0001106
0001280
0000116
-001747
-003319
-003260
-002154
-001107
-000757
-001805
-003319
-003202
-002504
-003551
-005181
-005356
-003610
0000582
0004424
0003259
-000408
-000292
0002037
0002037
0000873
0001047
0002444
0004249
0005588
0005122
0004191
0005995
0007858
0004307
-001281
-001572
0001513
0002677
0001746
0000000
-001572
-001514
-000059
0002095
0003609
0002503
-000233
-002620
-003551
-001921
0000291
-001514
-004425
-001980
0002270
0000291
-004774
-005647
-003377
-002387
-001980
0000000
0001746
-000466
-003842
-002445
0000756
-001456
-005880
-005472
-001572
0001804
0003434
0002677
0000582
-000350
0000232
0002212
0004074
0003376
0001629
0002270
0004424
0005355
0005355
0006112
0006286
0003143
-000757
-000408
0002095
0001222
-001572
-002445
-001514
0000349
0001688
0000116
-002911
-004308
-003610
-000699
0002212
0001804
-001048
-003377
-004366
-003319
-001048
0000582
0001513
0002444
0002619
0001862
-001572
-010770
-020491
-022412
-017871
-013040
-008790
-004075
-000699
-000175
-001281
-000990
-000233
-001630
-003260
-000990
0002444
0000873
-002445
-000059
0005122
0005995
0004132
0004249
0004831
0001688
-001863
0000407
0005646
0007451
0006053
0004307
0002619
0000931
0000349
0001804
0004424
0006286
0006694
0004889
0002794
0003725
0006170
0006461
0004947
0003085
0001629
0000989
0001397
0002619
0003900
0004016
0003318
0002910
0002794
0002444
0002095
0001979
0002328
0003725
0004889
0003841
0001746
0001164
0001629
0001513
0001106
0001455
0001920
0001455
0000232
-001107
-001805
-000466
0001629
0001920
0000814
-000059
-000699
-001689
-002271
-000874
0000931
0000232
-001805
-002329
-001514
-000524
0000000
-000524
-001572
-002154
-001921
-001048
0000465
0002910
0004947
0004831
0003900
0005006
0007043
0007218
0006053
0004889
0004424
0005588
0006868
0005355
0002444
0001513
0001862
0000989
-000059
0000640
0002095
0002386
0001571
0000349
-000350
0000814
0002619
0002561
0000931
-000757
-001921
-001863
-001048
-000292
-000292
-002154
-004541
-004657
-003668
-004599
-006811
-008558
-009314
-009081
-007335
-003551
0000349
0001804
0000873
-000815
-001980
-001107
0001513
0005413
0008091
0006170
0002153
0001688
0003492
0003492
0002270
0001338
0001047
0001862
0002444
0000058
-002853
-001048
0002444
0000756
-003377
-003668
-001398
-000466
-000757
-001339
-001921
-002038
-002154
-003377
-004832
-005181
-004308
-002387
-001107
-003086
-006287
-006404
-003842
-000524
0002037
0001979
0000174
-000757
-000815
-001281
-001398
-000117
0001920
0003783
0004598
0003318
0001513
0002444
0004424
0003318
0000640
0000174
0000989
0000407
-001048
-001514
-002853
-008499
-015310
-017813
-016300
-013913
-011293
-008907
-006695
-002969
-000175
-002562
-006869
-006404
-002562
0000058
0001047
0000640
0000116
0002095
0004831
0004540
0002386
0001513
0001804
0002095
0002212
0001979
0001862
0002619
0003841
0004307
0004773
0007101
0009313
0007858
0004424
0002677
0002444
0002212
0001513
-000466
-002562
-002736
-001572
-000466
-000059
-000699
-001514
-000699
0000582
-000408
-002853
-005181
-005996
-003435
0000291
0001106
-000117
-000233
0000640
0001688
0002270
0001513
0000000
-000874
-001398
-002969
-004308
-003260
-000932
-000175
-000059
0001979
0004307
0004191
0002153
-000466
-001921
-000117
0003143
0004132
0003143
0002095
0001455
0000989
0001280
0003085
0005122
0005413
0004482
0004074
0003667
0001804
-000175
-000059
0001280
0001629
0000873
-000583
-001863
-001805
-001107
-001921
-003260
-002795
-001398
-000990
-001689
-003260
-004599
-003842
-002038
-001630
-002213
-002504
-002504
-002562
-002678
-003260
-003668
-003086
-001572
0000465
0001629
-000350
-003551
-004308
-002620
0000116
0003026
0005006
0006112
0007974
0008615
0004191
-001456
-001339
0002561
0004365
0004074
0003085
0001746
0000873
-000059
-002678
-005123
-004599
-001805
0001455
0003434
0002386
-000699
-003551
-004890
-003784
-001747
-002154
-004133
-005356
-005531
-005239
-004832
-005356
-005822
-004192
-001980
-002213
-003610
-003377
-002038
-001339
-001398
-002096
-002853
-002562
-001572
-000874
-000292
0000931
0002095
0002503
0002095
0001338
0000640
0000756
0001397
0001164
0001047
0002910
0004889
0003841
0000640
-002387
-003901
-002445
0000523
0001979
0002037
0002037
0001338
-001572
-004483
-003319
-001398
-005589
-013505
-019501
-022295
-022877
-020782
-016358
-011468
-009023
-008208
-005763
-003319
-004250
-006287
-004250
-000583
-000990
-002969
-000990
0003434
0006170
0006810
0005879
0004365
0004307
0005355
0006112
0006461
0006694
0006636
0005995
0005413
0006228
0007218
0005704
0002852
0001397
0001164
0000814
0000873
0002328
0003900
0003550
0001862
0000640
-000233
-001398
-002387
-002329
-001863
-002213
-002969
-003086
-002504
-001165
0000232
0000407
-000059
0000814
0002153
0001862
0000873
0001455
0002910
0003259
0003434
0005646
0007742
0005413
0001338
0001338
0003550
0002794
0000523
0000116
0001338
0002910
0003725
0002328
-000233
-001805
-002154
-001572
-000815
-001456
-002329
-001048
0000931
0000698
-000699
-000466
0000291
-001223
-003959
-006229
-006578
-003319
0001047
0002212
0000407
-002154
-003901
-002853
-000292
0000873
0000814
0001164
0001804
0002619
0002852
0001571
-000233
-000699
0000116
0001571
0002852
0002735
0001804
0002095
0002677
0001106
-000815
0000873
0004016
0003841
0001513
0000407
0000465
0000931
0001397
0001513
0001047
-000292
-001339
0000000
0002095
0001862
-000583
-004017
-006695
-005880
-002911
-001281
-000815
0000349
0001338
0000989
-000641
-003027
-005065
-005356
-004366
-004192
-003842
-000990
0002212
0001920
-000583
-001689
-001339
-000990
-000117
0001920
0004016
0004540
0003783
0003492
0003085
0001280
-000874
-001572
-001107
-001223
-001281
0000116
0002095
0002794
0002444
0001979
0001455
0000174
-000874
-000524
0000640
0001106
0000640
-000466
-001747
-002736
-002795
-001398
0000349
0000407
-000874
-001689
-002736
-006171
-009023
-005938
-000292
0000465
-002271
-003784
-004192
-004599
-006462
-012749
-019443
-019385
-015077
-013447
-013040
-009431
-004308
-000932
0000523
0001047
0000931
0000756
0000756
0000756
0000931
0000814
0000931
0001862
0003143
0003958
0003783
0001979
0000232
0001164
0003492
0004191
0003376
0002619
0001746
0000058
-001456
-001630
-000233
0002910
0005588
0004540
0001164
-001107
-001398
0000698
0003376
0003201
0001047
-000524
-001456
-002562
-002969
-001572
0000640
0001746
0001862
0002386
0003026
0003143
0002910
0002503
0002619
0004307
0006228
0006403
0004540
0000873
-002504
-002562
0000116
0003376
0005413
0003667
0000698
0002270
0005762
0004831
0001513
0001047
0001920
0000058
-002678
-001921
0000407
-000466
-002562
-001107
0002386
0004365
0004715
0004656
0004249
0004074
0003725
0002095
0000698
0002386
0005238
0005238
0003201
0001571
0000640
0000291
0000523
0000698
0001106
0002794
0004249
0002794
0000349
0001513
0003958
0002386
-001048
-001456
0000407
0001804
0002153
0001397
-000583
-004250
-006578
-002329
0003609
0001164
-005589
-006753
-004250
-004250
-005705
-005298
-003959
-003435
-003551
-003901
-003610
-001281
0001106
0000000
-002911
-003610
-002445
-001398
-000524
0000582
0001164
-000292
-001514
0002270
0007276
0005821
0001047
0001106
0003841
0003725
0001746
0001047
0001804
0003841
0005471
0003434
-000292
-001223
-000466
-001339
-002736
-002213
-000583
0000407
0000407
-000292
-001630
-003784
-005414
-004832
-003086
-002853
-003493
-002562
-001339
-002387
-004366
-004250
-003027
-003086
-003842
-003610
-003027
-003784
-004541
-002795
-000059
0000116
-001223
-001223
-000117
0001338
0002386
0002328
0001455
0000640
0000465
0001047
0002794
0007043
0010477
0007625
0001862
0001513
0002503
-004657
-015252
-019909
-018628
-015135
-011061
-009081
-008266
-005356
-001630
0000582
0000989
0000058
-001223
-000466
0000116
-004483
-010246
-009431
-004366
-001921
-001572
-000292
0000640
-000815
-003202
-003260
-001863
-001689
-002096
-001107
0000465
0001164
0000989
0000232
0000116
0002503
0005646
0005821
0003958
0003085
0002910
0001804
0000931
0002852
0005064
0002968
-000874
-000408
0001804
-000815
-005065
-004366
-000350
0002735
0003783
0002561
0000465
0000349
0001862
0003550
0004365
0003026
0000640
-000408
-000350
-000059
-000292
-001863
-003610
-003493
-001805
0000523
0001979
0000523
-002096
-001921
-000175
-000059
-000699
0000058
0001979
0004191
0005762
0005821
0004482
0002735
0001047
-000874
-001805
-000408
0001746
0001688
-000059
-001339
-002213
-003493
-004250
-002911
-000641
0000407
0000232
-000059
-000059
0001047
0002328
0002212
0000756
-001514
-003435
-003493
-002271
-001456
-001630
-002969
-004657
-005239
-004192
-001630
0001571
0004016
0004947
0003725
0002270
0004424
0007218
0004307
-000990
-001281
0001746
0002852
0002852
0004656
0006636
0005995
0003958
0003492
0004307
0005064
0004773
0002095
-001223
-002154
-001048
0000582
0001280
-001048
-004250
-004192
-001747
0000232
0000873
0000058
-001921
-003959
-005472
-006171
-006054
-005647
-004774
-002911
-000641
0001280
0002095
0001338
-000466
-002213
-003144
-002969
-001863
-000466
0000174
-001863
-003959
-001223
0003841
0005588
0004540
0003492
0003085
0004074
0005064
0002794
-000059
0002386
0006694
0005762
0001688
0000349
0001280
0002386
0002968
0002212
0000523
-000874
-001630
-001339
-000524
-000292
-000874
-002504
-003668
-001456
0001280
-000059
-005705
-014553
-022237
-022470
-017755
-015426
-014844
-012341
-009140
-007568
-006869
-004599
-002213
-003144
-004425
0000523
0007451
0008033
0004074
0000814
0000291
0004249
0010012
0012573
0011642
0008673
0005355
0004074
0004132
0002910
0001571
0002153
0004424
0007218
0009546
0010477
0009604
0006810
0003900
0003783
0005297
0005704
0004715
0002619
0000349
-000524
-000524
-001281
-002154
-001456
0000116
0001047
0000989
-000233
-002271
-004890
-006287
-003901
0000407
0002503
0002037
-000117
-002329
-001747
0000640
0002386
0002386
-000932
-004017
-000292
0006112
0006228
0002328
0000931
0001862
0002968
0003958
0004715
0004715
0003085
0000931
0000174
0000465
0000000
-000757
-000990
-000408
0001222
0002852
0002910
0001571
0000174
-000932
-001572
-001281
0000000
0001920
0004074
0005122
0003434
0000873
0001222
0002677
0000640
-002445
-001398
0002037
0003143
0002561
0003085
0003259
0000116
-003668
-002911
0000698
0002794
0003026
0001746
0000407
0001688
0003667
0002328
-000815
-002445
-002038
0000174
0002619
0002503
0000640
-000059
0000058
-000292
-000583
-000117
0000814
0001804
0001862
-000117
-002562
-002329
-000699
-001165
-002562
-002038
-000466
0000000
0000058
0001513
0002910
0001455
-000932
0000000
0002561
0002561
0001164
0001455
0002794
0003434
0003259
0002561
0002328
0004249
0006461
0005413
0003026
0003958
0006170
0004889
0001688
0000349
0000698
0001222
0001571
0001513
0000989
0000000
-000641
0000349
0001920
0002386
0001455
-000408
-002387
-003260
-003144
-003027
-002969
-002853
-002969
-003668
-004657
-004890
-004948
-006287
-007743
-007626
-005763
-002445
0000640
0001106
-000408
-002271
-002678
0000349
0004715
0007159
0005064
-004425
-015252
-016998
-011817
-008150
-005938
-002678
0000349
0001746
0001571
0000523
-000233
0000640
0002386
0003259
0002735
-000292
-002678
0000698
0006461
0007101
0004482
0004482
0005879
0005413
0003492
0000989
-001165
-002213
-001921
-000815
0000640
0002037
0002328
-000059
-003144
-003144
-001514
-002620
-004366
-002387
0001397
0002852
0001979
0000523
-000641
-000059
0001513
0002735
0002619
0000058
-002562
-000815
0003259
0004598
0004132
0005646
0006868
0003434
-001747
-003144
-001107
0002270
0004424
0001338
-003435
-002387
0002270
0004540
0004365
0003667
0002561
0001455
0000640
0000291
0000291
-000175
-000641
-000524
0000174
0001397
0002503
0002503
0001513
-000408
-001689
0000407
0003550
0003376
0000814
-001281
-002387
-002271
-001398
-000874
-000524
0000873
0001979
0000465
-001980
-001863
-000059
0000814
0000523
-000524
-002038
-003726
-004599
-003202
-001281
-002504
-004774
-003435
-000350
-000175
-001805
-001980
-001398
-002038
-003027
-002736
-001805
-001980
-003086
-004308
-004890
-003842
-001921
-000932
-000583
0000640
0001571
0000000
-002504
-002969
-001398
0000698
0002619
0003609
0003318
0001920
0000465
0000582
0001280
0000058
-002038
-002620
-001921
-001048
-000292
-000466
-000757
0000116
0001629
0002677
0002561
0000814
-001572
-002853
-002736
-001805
-000583
0000116
-000059
-001165
-002795
-004308
-005239
-005065
-004774
-006695
-008674
-006345
-002154
-000990
-002154
-002213
-001921
-003377
-004890
-003377
-000466
0000232
-000757
-001165
-001048
-001223
-000699
0001862
0005122
0006927
0006694
0004365
0001746
0002153
0004249
0004365
0003434
0003783
0004656
0004132
0002503
0000232
-001456
-000233
0000407
-006113
-015601
-019792
-018453
-014902
-010304
-005822
-003260
-003959
-006462
-007859
-007510
-005239
-002969
-004308
-007277
-007451
-005356
-003668
-002387
-000990
-000059
-000641
-001514
-000117
0002561
0004482
0004540
0001979
-000990
-000059
0002910
0003085
0001629
0001629
0003143
0005297
0006985
0006694
0004715
0002503
0001047
0001280
0002794
0004074
0004831
0005704
0005530
0002677
-000641
-000233
0002503
0003900
0003318
0001047
-001456
-001921
-000350
0002153
0004191
0004191
0002212
-000350
-003027
-005996
-007160
-003726
0001164
0001164
-001921
-003319
-002271
0001513
0005238
0004424
0001047
0000174
0001280
0001629
0001746
0003026
0004249
0003376
0001222
-000059
-000292
-000059
0000523
0001571
0002095
0000291
-001689
0000116
0003783
0004540
0003259
0003026
0003085
0001338
-000350
0001513
0004424
0003201
0000058
0000349
0002444
0002735
0001164
-001863
-004075
-001630
0002619
0002968
0000523
-001107
-001223
0000523
0002794
0003434
0002212
-000059
-001921
-001514
0000698
0002968
0004191
0003143
0001047
0000698
0001746
0002619
0003376
0004889
0005646
0003259
-000524
-002387
-002271
-001456
-000583
-000990
-001339
0001513
0004249
0000349
-005880
-005239
-000233
0002328
0002328
0001688
0000698
-000292
-000874
-000990
-000524
0000756
0001746
0000523
-001689
-002154
-001107
-000059
0000698
0001164
0001047
-000059
-000990
0000000
0001920
0002328
0001862
0002735
0003783
0002677
0000756
0000814
0002270
0003376
0003550
0001804
0000000
0001629
0004715
0004773
0002968
0002794
0003085
0000756
-002038
-001107
0001513
0000756
-001514
-000990
0001106
0001629
-000233
-005239
-010129
-009431
-005531
-004890
-006695
-007044
-008208
-015019
-022703
-022936
-017406
-012050
-008325
-006928
-006171
-001514
0003492
0002095
-002271
-000932
0002852
0000814
-003319
-001048
0004424
0005704
0003725
0002677
0002270
0000582
-000292
0002735
0007392
0009313
0008498
0006810
0005122
0004307
0004424
0005064
0005646
0005413
0004365
0002910
0001688
0001979
0002852
0002270
0001455
0003434
0005704
0003376
-001223
-003144
-003086
-004425
-006229
-006637
-005880
-004890
-004075
-003668
-004017
-005822
-007102
-004541
0000232
0003783
0005122
0004249
0002270
0001338
0002037
0004482
0006752
0005122
0002095
0003201
0006170
0005413
0002270
0000349
-000233
-000699
-000641
0000291
0001455
0001688
0001571
0002503
0003492
0002561
0000814
0000931
0001920
0000873
-000815
-000059
0001804
0001862
0000232
-002096
-004075
-004308
-003202
-001980
-001339
-002038
-003086
-002445
-000641
0000931
0001979
0002852
0003376
0003725
0003725
0002852
0001455
0000058
-000699
0000000
0001455
0002153
0002619
0004656
0006461
0004947
0001397
-001281
-002154
-000815
0001513
0002968
0002852
0000640
-001921
-001514
0000523
0000931
0000000
-000583
-001107
-002387
-003668
-003784
-002853
-001107
0000465
0000873
0000407
0000232
0000582
0001629
0002153
0000000
-002620
-000932
0002677
0002735
0000873
0001455
0003376
0003900
0003318
0002968
0002794
0002561
0002561
0003492
0004540
0004016
0002794
0003201
0004132
0003376
0001804
0002037
0002677
0000582
-002154
-001339
0001338
0001746
0000174
-002096
-003726
-002853
-000583
0000873
0000931
-000292
-002329
-004541
-005938
-005181
-003610
-004017
-005298
-004774
-002678
0000058
0001979
0001164
-001339
-003319
-003726
-002154
0000523
0002677
0003201
0001979
-001863
-009547
-017406
-020374
-017929
-011992
-005298
-001398
-000583
-000408
-000815
-002154
-003377
-003202
-001863
-000175
0001338
0002095
0002386
0003143
0003725
0003026
0001338
-000292
-001805
-003668
-004832
-003784
-001456
0000582
0001047
-001048
-004133
-005414
-004657
-002387
-000350
-001456
-003610
-002038
0001222
0001455
-000292
-000815
0000000
0001397
0002619
0002677
0002212
0002852
0003900
0003609
0002794
0003550
0005006
0005530
0004889
0002910
0001222
0002386
0004598
0004132
0001804
0000640
0000291
-000466
-001107
-000583
0000407
0000523
0000058
-000117
-000175
-000699
-001048
-000117
0001338
0001979
0001106
-001805
-005123
-006404
-005531
-003493
-001747
-002445
-004483
-005065
-003959
-001630
0000523
0000989
-000757
-004774
-007801
-004774
0001455
0004132
0003958
0004598
0005180
0003434
0000931
0000523
0001338
0000582
-000932
-001107
-000583
-000641
-001107
-001165
-000990
-001048
-001165
-001165
-000757
0000698
0002037
0001047
-000990
-000874
-000117
-002562
-005531
-003144
0001047
-000350
-004890
-006811
-005589
-001805
0001804
0000582
-003027
-003144
-000641
0001338
0001920
0000174
-002096
-001572
0000814
0002212
0002852
0004482
0005471
0003609
-000059
-002911
-004075
-003377
-001223
0001455
0003259
0002735
0000814
-000059
-000233
-001223
-002329
-002271
-001630
-001805
-002329
-001980
-001398
-002154
-003027
-001339
0001338
0001513
0000349
0000523
0001455
0001629
0000640
-001630
-003551
-002795
0000291
0004598
0007101
0003259
-002620
-001747
0003259
0005180
0004424
0003958
0003958
0004365
0004540
0002735
0000698
0002386
0004889
0002095
-002445
-000932
0003550
0003841
0001106
-000757
-001805
-002911
-005181
-011410
-017638
-017406
-012865
-010246
-009489
-008208
-006695
-005589
-004657
-003086
-001514
-000641
-001048
-002969
-005239
-005414
-004133
-003260
-002329
0000232
0002794
0002386
0000640
0001106
0003085
0004074
0004482
0006053
0007392
0006112
0003667
0003376
0004540
0004715
0004598
0005879
0007159
0005704
0003026
0002270
0003085
0003841
0003725
0001397
-001747
-003319
-002911
-001048
0001397
0003143
0003492
0002037
0000058
-000408
0000174
0000232
-000350
-001514
-002387
-001572
-000466
-002038
-004716
-005414
-003842
-000932
0001688
0001397
-000524
-000524
0000640
0000349
-000117
0002095
0005064
0005006
0003434
0004074
0006053
0007218
0007159
0005471
0003900
0006053
0009430
0009255
0006170
0002852
0000523
0000058
0001280
0002968
0004424
0005006
0004540
0003259
0001920
0001688
0002037
0001571
0000640
0000291
0000000
-001223
-002445
-002096
-000408
0001862
0002968
0000698
-003260
-005705
-005589
-002853
0000349
-000175
-002445
-001223
0001455
0000640
-001689
-000466
0002212
0001513
-000524
0000814
0004132
0006112
0006170
0004365
0002212
0002794
0004132
0001862
-001689
-001107
0001338
0000349
-002562
-003319
-002795
-003842
-004832
-002795
0000873
0003318
0003958
0003026
0001047
-001223
-002736
-002504
-001514
-002387
-003959
-003726
-002329
-001572
-001339
-001456
-001398
-000524
0000814
0001979
0002794
0003609
0003958
0003318
0002095
0000873
0000349
0001222
0002968
0004773
0005530
0004016
0001455
0000814
0001280
0000058
-001339
-000350
0001979
0003376
0002968
-000117
-002853
0000523
0005995
0005238
0000349
-002213
-002562
-002678
-002271
-000874
0000756
0001455
0000698
-002213
-004948
-003959
-000757
0001513
0000174
-008441
-018162
-017988
-011468
-009198
-009955
-008674
-005880
-002678
-000117
0000116
-000524
0001571
0004947
0006868
0006577
0003434
0000174
0001455
0005180
0005646
0004074
0004365
0005238
0003609
0001455
0002561
0005122
0004947
0003085
0002444
0002677
0002444
0002386
0004540
0006228
0002503
-003551
-005705
-004541
-003551
-003086
-003319
-003610
-002271
-000117
0001047
0001280
0001280
0001280
0001920
0002212
0000000
-003319
-005472
-005647
-003726
-000583
0002037
0003492
0003783
0003434
0003550
0004249
0005238
0005937
0005064
0003609
0003318
0004074
0004947
0005413
0005180
0004074
0002153
0000698
0000931
0003026
0006868
0009837
0007800
0003492
0002910
0004365
0002735
-000583
-002329
-002795
-003610
-004192
-003319
-001456
0000465
0001455
0000523
-001398
-002096
-001747
-001630
-000699
0003434
0007625
0006868
0002735
-000408
-001398
0000232
0002910
0003609
0002677
0001804
