0004773
0001571
-001572
-000641
0002386
0002910
0001688
0001513
0002153
0002794
0003201
0002852
0002619
0004074
0005821
0005355
0003318
0001397
0000349
0000582
0002037
0004365
0005937
0004482
0001688
0001280
0002735
0004016
0004365
0002852
0001280
0002794
0005704
0006577
0005122
0002153
-000699
-000990
0000465
0000931
0000465
-000059
-000466
-000408
0000000
0000523
0000989
0001513
0001571
0000523
-000874
-001398
-000757
0000582
0001862
0001571
0000407
-000059
0000640
0003201
0005646
0004424
0001455
0001338
0002794
0002270
0000698
0000523
0000756
-001107
-002969
-000990
0002735
0003725
0003085
0004424
0006228
0005471
0002503
-001398
-004308
-003726
-001630
-001863
-005414
-012982
-020083
-019618
-013622
-008849
-005822
-002795
-000641
-000117
-000233
0001280
0003201
0002852
0001106
0000116
0000174
0000756
0002328
0005646
0008731
0008673
0006403
0004773
0004074
0003667
0003725
0004074
0004249
0003434
0002444
0002968
0004307
0005006
0004773
0003667
0002619
0003026
0004307
0004424
0003841
0003900
0003958
0002503
0000698
0001106
0002270
0000814
-001514
-001281
0000582
0001280
0001106
0001222
0001397
0000756
0000116
0001106
0003026
0004598
0005180
0003958
0002386
0003085
0004715
0003958
0001920
0001513
0002444
0003667
0004540
0004249
0003667
0004482
0005646
0005006
0003143
0001513
0000582
0000465
0000756
0000232
-000583
-000292
-000059
-002213
-005181
-006113
-005472
-005239
-005763
-007160
-008034
-006287
-003027
-000990
-000292
-000350
-000641
-000117
0000582
-000117
-001048
0000174
0002270
0002386
0001571
0002852
0004715
0003667
0001455
0001222
0003085
0006053
0008440
0007742
0005122
0003609
0003434
0003841
0003900
0001571
-000466
0003492
0009022
0007334
0001688
0000000
0001222
0001222
0000000
-002445
-003668
0000814
0006461
0004889
-001921
-007917
-010595
-008325
-002969
0001513
0003376
0001920
-001630
-004716
-006054
-005007
-002387
0000232
0001513
0000232
-002329
-004017
-003842
-001165
0002037
0002212
0000523
0000291
0001397
0002968
0004016
0002968
0000873
-000350
0000291
0003725
0007334
0006985
0003609
0000640
-001223
-002154
-001805
0000000
0002270
0003841
0004074
0002735
0001222
0002212
0004016
0002852
0000116
-001107
-000699
0000814
0002095
0000989
-001456
-003202
-003144
0000000
0003725
0003667
0000756
-001921
-003027
-001281
0001397
0000582
-001980
-001107
-000815
-009780
-020956
-021247
-013913
-009140
-006869
-003726
-001223
-001339
-002853
-003027
-001747
0000407
0002153
0001804
0000058
-001223
-000990
0001862
0005122
0004482
0001862
0002503
0004307
0002503
-000466
0000814
0004132
0004482
0002735
0001920
0001688
0000640
-000233
0000640
0002444
0003492
0003667
0003550
0003434
0003783
0004191
0003725
0002735
0001920
0001920
0003492
0005704
0007101
0007043
0004889
0002153
0001513
0002212
0001455
-000059
-000815
-000874
-001048
-000699
0001455
0003434
0001571
-001980
-003202
-001863
0001338
0003841
0002037
-002038
-003551
-002562
-001339
0000232
0003085
0005122
0003434
-000233
-001980
-002445
-004599
-006462
-004192
-000350
-000175
-001863
0000058
0003259
0002270
-000524
-000175
0002153
0002910
0002561
0002619
0002968
0003609
0003900
0002561
0000814
0000814
0002386
0004249
0005471
0004598
0002619
0001920
0002386
0002968
0003376
0003085
0002212
0001338
0000465
-000641
-001572
-001514
-001456
-003319
-005356
-004250
-001805
-002096
-003959
-004133
-003377
-003959
-004890
-004308
-002678
-001514
-000990
-000350
-000641
-003493
-006345
-004425
0000058
0001571
0000873
0000582
0000989
0002037
0003026
0002677
0001804
0002444
0003492
0002212
0000116
0000640
0002270
0001280
-000757
-000233
0001862
0003085
0003376
0003550
0003492
0003201
0002852
0002910
0003143
0002794
0002037
0001571
0001047
-000233
-002154
-004657
-006462
-006054
-004308
-003668
-003668
-002329
-000699
-000990
-001980
-000815
0000873
-000583
-003144
-002271
-000059
-001630
-004250
-001863
0002910
0004074
0002270
0000523
-000641
-001165
-001223
-002038
-002736
-002271
-000641
0001746
0003841
0004831
0003376
-001805
-008849
-015135
-018046
-015194
-009198
-005472
-004250
-003260
-003027
-004250
-005763
-005647
-004541
-004308
-004425
-003319
-001921
-002038
-002329
-000175
0002910
0003492
0002270
0001280
0001222
0002328
0003783
0004191
0003143
0000291
-002271
-000874
0002386
0002444
0000523
-000350
0000523
0003667
0006344
0003783
-001223
-002213
-000524
-000175
-001281
-003901
-005705
-002678
0002095
0002619
-000350
-003551
-005414
-004017
-001107
-000292
-001165
-001630
-001630
-001921
-001805
0000232
0002386
0001164
-001805
-002853
-001747
0000873
0003318
0003085
0001338
0001280
0002212
0001979
0001047
0000640
0000756
0001106
0001571
0002095
0002444
0002735
0002677
0001746
0001106
0003085
0005588
0004249
0001338
0001979
0004132
0002677
-000583
-001689
-000815
0000232
0001047
0001280
0000698
-000466
-001630
-002038
-001630
-000757
-000059
-000466
-001165
0000000
0001397
-000408
-003435
-003027
-000874
-000990
-002620
-003377
-002911
-001281
0000756
0001920
0001920
0000931
0000000
0000698
0002386
0003201
0003143
0003026
0002794
0002270
0002212
0004016
0006228
0006519
0005180
0004016
0002735
-000059
-002096
0000174
0004191
0004307
0001862
0000698
0000989
0001746
0002270
0001280
-000059
0001338
0003201
0001397
-002562
-004890
-005239
-004133
-002620
-002795
-004017
-004366
-003901
-003435
-003027
-002736
-002736
-003260
-003551
-002620
-000699
0001280
0002328
0000931
-001107
-000350
0002386
0004424
0005588
0006519
0006519
0004482
0002153
0002968
0005122
0004540
0002386
0001804
0002503
0003318
0003725
0002852
0001513
0001455
0002270
0002852
0003143
0003725
0003376
0000058
-004192
-005763
-004716
-002969
-001223
0000989
-000175
-011061
-024391
-027534
-022179
-016882
-012399
-007393
-003319
-000932
-000583
-002329
-003610
0000116
0005180
0004016
-000408
-000583
0002212
0003841
0004307
0004947
0005355
0005297
0004889
0004598
0004598
0005413
0005995
0004831
0002852
0002328
0002852
0002735
0002095
0001222
0000407
0000349
0000873
0001688
0002503
0003143
0003434
0003434
0002968
0001513
0000116
0000349
0001571
0002153
0001513
-001223
-003784
-002154
0001106
-000059
-003027
-001630
0002095
0003492
0002735
0001746
0001280
0002794
0004773
0004831
0003201
0001629
0000349
-001107
-001689
-000117
0002095
0001920
0000640
0001222
0003143
0004656
0005122
0003783
0001688
0000989
0001571
0002503
0002619
-000117
-003726
-004483
-002969
-001980
-001223
0000698
0002270
0001338
-001223
-003377
-003842
-001165
0002270
0001571
-001281
-001456
0000291
0001106
0001106
0001222
0001047
-000292
-001514
-000292
0001979
0002212
0001513
0003026
0005413
0005821
0005064
0005588
0005879
0002503
-001689
-001339
0001862
0003550
0003725
0003958
0004074
0003841
0003026
0001338
-000292
-000350
0000582
0000698
0000291
0000232
0000291
-000641
-001689
-001339
-000699
-002096
-004541
-005996
-005938
-004192
-002038
-001921
-002795
-002096
-000466
0000000
-000292
-000408
-000059
0000989
0002270
0003376
0003609
0002037
0000291
0001571
0004249
0004191
0002619
0003026
0004074
0002444
-000117
-000583
0001164
0004598
0007101
0004656
0000116
-000233
0002095
0001629
0000582
0003725
0007974
0006868
0002852
0002503
0003492
-000757
-005822
-002969
0003201
0002619
-002445
-005007
-005123
-004890
-004425
-004250
-003901
-001747
0000407
-000292
-002445
-002795
-001689
-000990
-000524
0000814
0000814
-004192
-011992
-019094
-021830
-015950
-006637
-004366
-006462
-003901
0000931
0002037
0000814
0001338
0002735
0002677
0001513
0000232
-000233
0001397
0004132
0006344
0006985
0005297
0002619
0001164
0001106
0001513
0002153
0002677
0002968
0003085
0002328
-000757
-004250
-005181
-003726
-001339
0000465
-000059
-001747
-001980
-000699
0001164
0002677
0002794
0001979
0001979
0002444
0002270
0001688
0001571
0001629
0001338
0000989
0001688
0002619
0002328
0001629
0002910
0004482
0002386
-000874
0000232
0003376
0003085
0000873
0000873
0001979
0001106
-000583
0000058
0001280
-000932
-004017
-002853
0000814
0002212
0002212
0004074
0005879
0003667
0000000
0000349
0002619
0001629
-001107
-001165
0000058
-001048
-002678
-000990
0002153
0002386
0000989
0001397
0002852
0003085
0002735
0003376
0004191
0003725
0002153
0000349
-000815
0000174
0001804
0001106
-000874
-001805
-001281
0000407
0002328
0002677
0001862
0001338
0000640
-001514
-003959
-004599
-003726
-002620
-001339
0000814
0002037
-000815
-004541
-002678
0001979
0002503
0000058
-001689
-002213
-001165
0000465
0001222
0000407
-003260
-005996
-001223
0006403
0006519
0002328
0002852
0005879
0005413
0002910
0002735
0003725
0002852
0001571
0003085
0005471
0004598
0001862
0000989
0001164
0000174
-001456
-002678
-002969
-001572
0000058
-000757
-002154
0000058
0003376
0002503
-000932
-002387
-002562
-004192
-005763
-004774
-002096
0000174
0001164
0000349
-001398
-002329
-002387
-001921
-001398
-001514
-001456
0000465
0002968
0003201
0002328
0003667
0005821
0005413
0003609
0003026
0003900
0005821
0007451
0006810
0004132
0000640
-001921
-001398
0001164
0002852
0003143
0002910
0000291
-007684
-016882
-020956
-019268
-014146
-008208
-005065
-004948
-006054
-007451
-008499
-007451
-002096
0003841
0004191
0000232
-003610
-005763
-005298
-002795
0000291
0002212
0001338
-001223
-002504
-002271
-001165
0000291
0001280
0002095
0004365
0005937
0003085
-001398
-002038
0000582
0003958
0006286
0005530
0003143
0003259
0004365
0002677
-000175
-000757
0000349
0000698
0000698
0001455
0002212
0001455
0000058
0000174
0000640
-000874
-003086
-003027
-001456
-000583
-000408
-000175
-000292
-001572
-003319
-004250
-004017
-002562
-000990
-001048
-002445
-003901
-004890
-005065
-004133
-002329
-000524
0000174
-000117
-000641
-000524
0001629
0003900
0002561
-000175
0000873
0003783
0003958
0001920
-000233
-001456
-000641
0000931
0000465
-000815
0000407
0002328
0001280
-001107
-001223
0000174
0000814
0000349
-001398
-003260
-003027
-001165
0000640
0001979
0003026
0003026
0001629
-000757
-003435
-004832
-002562
0000756
-000059
-002969
-002445
-000233
-000815
-002271
-000059
0003725
0004482
0002794
0001047
0000000
0000058
0000756
0000814
0000232
-000699
-001514
-001921
-001048
0002910
0006694
0005238
0000116
-004599
-007102
-005880
-003027
-003551
-005763
-005239
-002795
-000932
-000408
-002329
-004832
-004192
-002329
-004017
-006578
-004308
0000291
0001513
0000116
-000641
-001107
-002795
-004075
-002154
0000873
0000756
-000990
-000874
0001222
0004889
0007742
0006170
0002444
0001746
0003143
0003085
0002212
0002095
0002270
0001920
0001047
-000117
-000583
0001571
0004191
0002910
0000058
0001222
0004307
0004365
0002386
0001804
0001629
-000583
-003319
-003377
-001980
-002271
-003551
-003610
-003260
-004483
-006345
-005880
-006404
-015019
-024740
-022645
-013389
-009547
-009780
-006869
-003842
-006753
-010828
-006345
0002444
0005588
0004191
0003900
0003667
0000116
-003027
0000931
0007800
0008557
0005238
0004249
0005006
0005122
0004773
0004424
0004540
0005995
0007509
0006752
0004482
0002735
0001571
-000292
-001747
-001223
0000756
0002852
0004598
0006286
0006403
0002794
-001921
-003086
-001165
0000873
0002328
0002968
0002735
0001979
0001338
0002270
0003085
0000291
-003551
-003377
-001165
-002329
-005065
-005239
-003260
-001514
0000058
0002095
0003609
0003492
0002153
0000814
-000292
-001689
-002562
-001980
-000408
0000698
0001280
0001920
0002153
0000989
-000408
0000058
0001629
0002444
0002328
0001804
0000814
-000874
-002329
-002678
-001514
0001979
0004889
0002503
-002096
-002038
0001280
0003085
0003259
0002619
0001862
0002561
0003143
0000465
-003144
-002969
-000350
0001106
0001164
0000756
0000291
0000291
0000873
0002212
0003318
0002677
0001047
0000349
0000989
0003259
0005238
0003841
0000407
-002038
-002445
-000233
0002910
0004074
0002852
0000174
-002562
-003144
-002096
-001281
-000815
-000059
0000116
-002329
-004832
-003144
0000873
0002561
0002270
0002444
0002794
0002503
0001920
0002095
0001746
-001630
-005298
-004541
-000641
0002328
0003550
0002910
0001397
0001455
0002153
0000407
-001456
0001222
0005762
0006752
0005238
0004889
0005704
0006810
0007625
0007392
0005937
0003026
0000058
-000815
0000116
0002095
0002968
-000292
-005007
-005647
-003668
-003668
-004832
-004192
-003260
-005007
-007335
-006404
-003493
-001921
-001921
-002678
-003551
-003377
-002620
-002969
-003493
-002154
-000583
-002038
-004250
-002678
0000931
0002270
0001397
0000698
-001048
-006404
-012399
-014611
-012807
-009081
-004308
0000582
0003550
0002619
-000233
-000233
0001629
0001920
0001629
0003609
0005297
0001280
-004017
-001747
0004365
0005355
0002852
0002270
0002735
0000989
-001281
-000641
0001164
0000116
-002620
-004483
-004716
-003202
-000815
0000756
0001397
0001746
0001746
0001164
0001280
0004540
0008207
0006927
0003026
0001979
0003434
0005238
0006344
0005064
0002619
0001979
0002503
0002037
0001513
0003143
0005413
0005704
0004482
0003609
0003026
0002212
0001164
-000583
-001747
-000350
0002444
0004132
0004307
0002794
0001164
0001862
0004249
0006403
0007043
0004482
0000814
0000232
0001455
0000756
-000874
-000990
0000000
0001222
0001746
0000465
-001514
-001980
-001514
-002154
-002911
-001630
0000756
0001979
0002037
0001513
0000640
-000059
-000524
-001048
-001281
-001048
-000466
0000465
0000523
-002213
-005239
-003959
-000117
0001746
0001746
0001047
0001047
0004016
0007159
0005355
0000756
-001398
-001165
-000059
0000523
-002271
-005880
-005181
-001921
-001107
-001630
-000466
0001571
0003085
0003143
0000989
-002038
-003610
-003610
-002853
-002038
-002154
-002154
0000698
0004249
0004424
0002503
0001979
0002968
0004656
0006228
0006752
0005704
0002794
-000350
-001281
-000641
-000699
-001689
-003551
-004599
-001630
0002561
0002386
-000874
-003377
-004192
-002620
-000757
-003027
-006637
-005880
-002038
0000873
0001979
0001397
-000524
-003086
-004657
-003144
-000408
-000117
-001689
-002795
-002911
-001747
-000175
-000350
-000932
0001455
0004656
0004307
0002444
0004482
0007916
0007159
0004191
0003609
0004773
0005530
0005471
0004307
0002619
0001397
0000407
-001747
-003726
-002387
-001398
-008208
-017871
-020491
-017347
-014146
-011468
-009140
-007219
-004483
-002853
-005589
-009023
-005822
0000582
0002503
0000349
-003260
-005938
-004657
-001223
0000058
-000641
-001572
-002096
-001572
-000175
0001106
0002386
0004249
0005995
0006810
0006461
0005122
0003783
0003725
0004831
0006694
0007974
0006577
0004016
0003376
0004365
0005646
0006461
0005995
0004889
0004715
0005122
0005122
0004540
0003259
0002037
0002386
0003376
0002794
0001455
0001455
0001629
-000815
-003784
-002969
-000524
-001223
-003842
-004657
-004192
-004192
-004133
-003086
-001398
0000174
0001047
0000873
0000232
0000407
0001106
0001047
0001106
0002968
0005180
0004656
0002444
0000640
0000582
0003958
0007974
0007683
0004540
0003026
0003201
0003783
0004307
0004307
0003318
0000698
-001921
-002329
-000466
0003085
0005704
0003900
-000408
-002736
-002620
-000874
0001047
0000640
-001281
-002562
-003144
-004133
-004366
-002154
0001164
0003550
0003725
0000640
-002911
-001398
0002386
0001629
-001514
-001863
-000059
0001629
0001979
-000408
-003784
-004483
-003202
-002562
-002445
-001689
-000932
-000932
-001281
-000757
0000058
0000000
-000524
-000408
0000116
0000291
0000000
-000990
-002387
-004250
-005472
-004366
-002329
-002271
-003319
-003202
-002038
-000874
0000291
0001629
0002386
0001862
0000174
-001747
-003319
-004192
-003959
-002213
-000175
0000814
0000116
-002678
-005065
-002969
0001455
0003026
0002444
0003318
0004074
0001106
-002911
-003027
-000233
0002212
0003026
0001106
-001747
-001514
0000000
-001863
-004832
-004133
-001223
0000291
0000116
-000932
-002504
-004017
-004948
-005123
-004716
-004832
-005007
-004075
-002795
-002271
-002504
-002271
-003668
-010478
-019152
-023751
-023576
-020374
-015950
-013680
-012050
-006229
0000116
0000465
-002620
-001980
0001164
0003376
0004249
0004074
0003550
0004074
0005122
0005821
0005471
0003143
0000582
0000931
0003085
0003783
0003318
0003492
0003783
0003085
0001629
-000059
-001165
-001048
0000174
0001862
0003026
0002561
0000640
-002213
-004250
-003319
-001048
-000990
-002736
-004366
-005472
-005763
-005356
-004657
-003901
-003551
-003260
-002213
-001398
-003144
-004657
0000058
0006810
0007625
0003783
0000232
-001339
0000582
0003841
0003841
0001513
0000349
0000291
0000523
0000873
0000989
0000640
-000466
-001339
0000291
0002270
0000174
-003144
-001921
0002037
0004365
0004482
0003434
0001804
0000640
0000407
0001164
0001979
0001222
-000524
-001747
-002271
-002504
-002213
-001223
-000408
-000932
-002620
-004657
-005996
-005356
-003319
-001165
0000232
-000524
-001630
0000640
0003667
0001979
-001689
-001398
0001455
0002503
0002270
0002735
0003085
0001571
-000757
-001863
-001630
-000524
0000698
0001164
0000756
-000583
-001572
-000524
0001571
0002444
0001804
-000059
-002504
-004774
-005647
-003842
-000815
0000291
-000175
-000059
0000000
-001398
-003144
-003493
-002504
-000815
0000116
-002038
-004657
-002736
0001688
0003550
0003259
0003085
0002852
0002270
0001629
0001280
0001164
0001222
0001164
0000407
-000408
-000292
0000232
0000116
-000874
-002795
-004657
-004716
-003493
-002678
-002504
-002911
-003144
-001572
0000232
-000757
-002562
-000757
0002852
0004074
0003085
0001920
0000349
-002736
-005123
-002911
0000989
0000814
-001921
-002678
-001572
0000116
0001571
0001513
0000465
0000000
0000174
0000407
0000814
0001513
0002444
0004715
0004540
-004483
-016241
-019676
-015717
-011061
-006578
-001921
0001280
0001920
0000523
-001572
-002911
-001921
0000349
0001746
0001513
-000524
-002969
-003784
-002329
0001746
0005588
0004482
0000291
-002154
-002096
0000465
0003725
0004307
0002852
0001920
0001397
0000116
-001048
-001339
-000641
0000523
0001746
0002153
0002444
0004889
0006694
0002386
-003901
-004133
0000349
0004831
0007683
0007916
0006170
0004365
0003376
0003900
0004889
0003958
0002619
0004132
0007218
0009139
0009255
0007509
0005122
0004715
0005122
0003143
0000640
0001513
0003958
0003783
0001862
0000698
0000465
0001106
0001280
-001456
-005123
-005763
-004541
-004657
-005763
-006695
-006928
-005763
-003668
-001572
-000524
-002154
-003784
0000116
0005006
0001513
-005298
-004308
0001688
0004889
0005064
0003900
0002444
0002619
0003958
0004831
0005180
0005530
0005646
0005413
0004656
0002852
0001397
0002444
0004715
0005238
0004482
0004249
0004249
0003667
0002677
0001688
0001106
0001047
0001688
0003259
0004074
0001397
-002562
-003319
-001572
-000350
0000232
0000523
0000465
0000291
0000174
0000349
0000582
-000059
-000350
0001979
0005122
0005704
0004656
0004889
0005995
0006461
0006461
0006519
0005879
0003201
0000000
-001281
-000233
0003259
0006112
0003376
-001572
-001048
0002444
0002153
-000059
0000698
0002677
0001862
-000175
0000058
0002212
0004947
0006752
0005588
0002619
0000582
-000233
-000699
-000874
-000641
-000466
-001223
-001572
0001222
0004889
0005355
0003026
0000232
-001747
-001689
0000000
0002095
0003376
0002503
0000640
0000989
0002153
0000698
-001689
-001398
0000582
0001164
0000873
0001513
0002212
0000698
-001339
-000757
0000814
-000233
-003319
-005938
-008907
-015194
-020433
-017580
-010246
-007160
-007160
-004366
-001398
-003784
-007917
-006695
-002213
-000175
-000466
-001107
-001689
-001863
-001281
0000291
0001979
0002852
0002444
0000523
-001689
-002853
-001630
0003609
0009371
0010128
0007218
0005413
0004424
0001920
-000408
-000292
0002037
0005180
0007800
0008673
0007509
0005180
0002503
0000640
-000932
-004541
-007743
-006404
-002096
0001920
0003725
0001571
-002096
-002504
-000466
0000989
0001455
0001222
0000291
-001048
-002271
-002736
-002387
-001572
-000874
-000990
-001514
-001456
-000641
0001571
0003318
0001688
-001572
-002271
-001107
-001048
-001107
0001164
0003783
0003492
0001280
-000233
0000000
0003026
0006228
0004424
0000523
0001164
0004365
0004773
0003318
0002852
0002735
0001222
-000292
0001106
0003434
0002910
0000349
-001630
-002154
-000815
0001164
0001629
0000291
-002678
-005414
-004774
-002271
-001572
-001980
-000699
0000465
-002213
-005822
-004657
-000815
0000000
-001456
-002678
-002678
-000408
0002212
0001571
-001048
-002387
-001980
-000117
0001571
0000349
-002271
-002911
-001339
0002095
0004947
0003376
-000524
-001980
-000641
0002619
0005297
0003492
-000641
-002271
-001048
0002212
0004831
0002386
-002504
-003668
-002213
-001863
-002562
-003551
-004250
-003784
-002562
-001747
-001165
-000175
0000698
0000523
-000350
-000815
-001281
-002911
-004192
-001980
0001280
0000814
-001398
-000117
0002386
0000640
-002736
-002562
0000523
0003783
0005646
0004424
0001455
-000059
0000232
0002095
0003783
0002328
-000583
-000932
0000174
-000059
-001165
-001572
-001805
-003493
-005007
-003319
-000524
-000990
-002911
-002154
0000116
0000756
0000116
-000059
-001514
-007568
-015194
-019327
-019094
-015950
-011002
-005996
-002736
-002504
-004133
-004716
-003551
-000233
0003201
0003143
0001106
0001106
0002328
0002153
0001862
0004715
0008091
0007043
0003434
0001804
0001920
0002153
0002386
0002677
0003143
0004598
0005297
0001979
-002853
-004483
-003027
-000466
0001455
0000232
-002736
-003842
-002795
-000117
0002503
0002619
0000640
-001747
-003144
-002096
0000349
0001862
0001746
-000524
-002736
-000583
0003085
0002328
-001048
-002387
-001165
0001862
0005471
0007800
0007625
0003958
-000815
-002911
-001805
0001571
0004947
0005122
0002910
0001455
0000640
-000990
-001630
0001862
0006577
0007276
0004482
0001397
-000990
-001747
-001281
-001107
-001456
-001980
-002504
-002387
-002038
-002562
-003086
-001805
-000350
-001805
-004366
-003668
-001514
-002911
-005239
-003144
0000814
0000989
-001165
-001223
0000407
0002037
0003376
0003958
0004365
0006170
0008033
0007742
0005355
0001629
-001514
-001223
0000931
0001047
-000641
-002853
-004017
-001921
0001920
0004307
0004540
0003026
0000640
-000815
-000874
0000349
0001920
0002619
0001920
-000524
-002969
-002329
-000350
-001398
-003842
-003551
-001863
-002387
-004075
-004192
-003260
-002853
-002736
-002038
-001572
-002678
-004366
-004599
-003551
-001921
-000874
-002213
-004250
-003377
-000699
0000698
0000931
0000756
0001047
0003318
0005704
0004831
0002328
0002153
0002968
0001397
-001281
-002387
-002562
-004192
-005414
-003027
0000873
0001979
0000756
-000292
-001514
-004483
-006986
-005996
-002445
0001280
0003259
0001338
-002445
-003726
-003027
-002445
-002620
-003959
-005356
-004716
-002271
0001106
0003376
0001397
-002213
-001689
0000465
-001456
-007044
-014553
-020316
-019676
-014204
-009198
-005589
-002271
-000874
-003435
-006578
-004133
0001106
0002503
0001164
0001571
0002444
0000582
-001980
-001048
0001513
0001397
-000583
-002213
-002562
-000932
0002153
0005530
0007276
0005006
0001280
0001397
0003550
0003026
0000465
-002213
-003551
-001863
0000698
-000757
-003493
-001223
0003492
0004773
0003376
0002095
0001862
0003550
0005762
0005413
0003667
0003667
0004249
0002503
0000465
0002328
0005530
0004482
0001047
-000117
0000116
-001223
-002969
-002795
-001456
-001048
-001398
-001805
-002038
-001339
-000466
-000815
-001572
-000350
0000814
-002038
-006171
-006113
-003668
-004192
-006171
-005880
-004133
-003260
-003319
-003726
-004250
-004716
-004308
-002096
0000465
0000873
-000466
-001514
-001980
-002329
-001805
0000698
0003434
0003609
0001804
0000232
-000583
-000292
0000989
0002619
0003725
0003259
0001804
0000523
-000233
-000757
-000466
0001746
0004016
0003376
0000640
-001689
-002678
-001572
0000698
0002328
0002561
0000873
-001572
-003260
-003202
-000699
0002037
0001280
-001980
-004890
-006054
-004716
-001805
0000698
0001804
0000698
-001398
-002445
-001572
0002095
0005704
0004540
0000814
0000232
0001571
0000873
-000524
0000465
0002677
0003434
0003085
0003492
0004307
0004656
0004656
0005006
0005064
0003376
0001280
0001222
0002212
0001862
0000698
0000582
0000814
0000058
-001281
-002154
-002504
-002562
-002678
-003726
-004948
-005531
-004541
-000524
0003434
0001746
-002620
-002853
0000058
0002503
0003201
0000640
-002678
-001980
0001106
0002212
0001455
0000407
-000408
-000757
-000175
0001746
0003376
0002037
-000874
-002271
-002096
-001630
-000583
0002561
0003550
-004541
-015834
-019094
-015426
-011177
-007393
-004250
-002096
0000582
0001920
-001223
-005181
-003144
0002037
0003434
0001746
0000407
0000058
0000873
0002386
0003667
0003958
0002386
0000756
0002910
0006403
0006170
0004249
0006053
0009255
0008731
0005995
0005297
0005530
0003434
0000873
0001804
0004307
0003841
0001862
0002153
0003550
0003085
0001280
0000000
-000757
-001572
-001921
-000874
0000756
0001688
0001629
0000640
-000757
-001747
-002096
-002096
-001572
0000116
0001455
0000000
-002504
-002504
-001107
-001456
-002329
-000874
0001746
0003318
0003201
0001338
-000524
0000989
0003783
0003376
0001164
0000814
0001920
0002852
0003143
0002328
0001397
0002270
0004132
0004889
0004947
0005646
0006170
0004947
0002735
0000640
-000292
0001571
0003841
0002095
-001456
-001339
0000640
-000059
-002387
-003493
-003202
-001863
-000699
-001456
-003377
-004308
-004133
-003377
-002387
-001572
-001514
-002736
-004366
-005181
-005065
-004425
-003435
-002154
-001048
-000641
-000466
0001106
0002735
0002095
0000291
-000350
0000640
0003434
0006053
0005704
0003434
0002444
0002735
0003376
0004307
0006053
0007043
0005064
0001746
0000407
0000756
0000873
0001338
0003318
0005413
0005297
0003376
0001106
-000583
-000117
0000989
-000583
-002969
-002038
0000873
0002619
0002561
0000814
-001339
-001165
0000116
-000524
-002445
-003668
-004017
-003959
-003260
-001630
-000117
-000292
-001398
-001456
-000699
-000175
0000116
0000465
0000873
0001862
0002794
0002852
0002386
0002212
0002561
0004074
0005297
0003434
0000814
0002503
0005704
0004132
0000291
0000058
0002153
0002852
0002328
0002153
0001688
-000175
-002504
-003726
-003959
-004017
-004075
-003260
-004017
-011002
-018686
-017347
-010595
-008266
-008965
-007102
-004425
-005065
-006578
-003959
0000116
-000233
-002795
-001689
0000931
0000116
-002504
-002678
-000932
0000698
0002095
0003667
0004656
0004249
0003376
0004074
0005413
0005180
0003900
0003434
0003318
0002328
0000873
-000292
-001048
-001223
-001223
-001572
-001863
-001107
0000232
0001164
0001746
0002677
0003201
0002037
0000349
0000407
0001513
0001746
0001455
0001571
0002328
0004132
0005821
0005355
0003550
0001920
0001513
0003201
0005704
0006053
0005355
0006577
0007742
0004715
0000232
-000175
0002561
0005122
0006694
0006868
0005995
0005530
0004947
0003085
0000291
-003202
-005298
-002853
0001688
0003143
0001979
0000756
-000408
-002387
-003144
0000756
0005646
0004424
-000175
-000815
0000814
-000466
-002795
-001863
0000931
0001979
0001862
0002910
0003667
0001164
-002096
-001107
0002153
0002619
0001397
0001746
0002968
0003201
0002561
0001513
0000814
0000931
0002095
0004424
0006170
0004715
0001862
0001338
0002444
0002386
0001571
0001106
0000756
-000175
-000699
0001629
0004424
0003434
-000175
-003493
-004774
-002271
0001746
0002968
0000989
-002795
-006520
-007393
-006054
-005414
-005065
-003493
-001747
-001689
-002736
-003260
-003202
-003319
-003260
-002911
-002213
-001339
0000000
0002561
0004773
0004598
0002561
0000465
-000466
0001164
0004016
0005122
0004773
0004715
0004715
0003841
0002852
0003259
0004424
0005122
0004831
0003026
0000989
0000814
0001397
-000408
-002911
-002504
-000815
-001281
-003260
-005298
-005880
-002911
0000756
-000292
-004017
-004948
-004250
-006054
-007801
-004483
0001047
0003550
0002561
-000815
-004075
-003377
0000407
0005413
0007159
-000466
-012516
-019792
-020025
-013622
-005007
-001805
-002736
-001223
0000640
-002038
-005181
-000641
0006810
0007218
0002503
-001456
-002736
-000233
0004191
0006519
0005879
0002444
-001456
-001747
0000465
0001513
0001688
0002910
0003783
0002037
-000350
0000523
0003492
0005588
0005355
0001106
-003726
-002620
0001688
0002444
0000465
-001048
-001514
-000990
0000291
0001629
0001862
-000874
-004075
-002736
0001106
0002503
0001688
0000407
-000408
0000291
0002153
0004424
0005879
0005180
0002910
0000640
-000815
-000699
0000291
0000465
0000116
0000000
0000523
0002328
0003900
0002386
-000641
-001747
-001165
-000524
0000000
0000465
0000756
0001164
0001164
-000466
-002096
-000757
0001629
0000814
-001572
-001514
0000058
0000407
0000000
0000465
0001455
0001804
0001979
0003434
0004773
0003376
0000756
0000000
0000698
0001280
0001047
-000757
-002795
-002853
-000990
0002212
0004656
0003201
-000292
-001630
-000990
-000524
0000058
0001455
0002619
0001688
-000641
-002911
-003901
-002213
0000465
0000989
-000757
-004075
-006928
-005996
-002911
-001689
-001863
-001281
0000000
0001862
0003143
0001979
-000350
-001223
-000874
-001398
-001572
0000814
0003900
0003900
0002153
0002095
0003434
0005180
0006461
0006403
0005064
0002852
0001513
0004016
0006636
0001920
-005472
-005705
-001572
-001048
-003144
-003959
-003551
-002736
-001980
-001689
-001921
-002213
-002504
-002969
-003668
-004890
-005938
-006054
-005822
-006578
-007975
-009489
-010304
-009198
-006986
-005356
-004366
-003086
-001921
-001223
-000874
0000116
0000873
-000233
-001514
0000465
0003958
0004947
0004074
0003609
0003492
0002735
0001804
0001455
0001513
0001280
0001164
0002212
0002444
-000815
-007393
-017173
-024624
-022179
-013913
-009722
-009140
-007277
-005531
-006520
-007917
-005298
-000932
0000000
-001572
-002504
-002795
-003377
-003493
-001630
0000640
0000232
-001048
0001280
0004598
0003376
-000292
-001747
-000641
0002386
0005530
0006170
0004715
0003434
0002561
0001629
0001338
0002095
0003492
0004831
0005297
0003783
0001746
0002212
0003667
0002677
0000349
-000408
0000058
0000523
0000698
0000000
-000699
0000291
0001688
0000931
-001048
-002038
-001863
-000815
0000174
-000233
-001165
-000641
0001222
0003667
0005413
0004540
0002328
0001455
0002037
0003434
0004598
0003376
0001804
0004191
0007742
0006577
0002968
0002968
0004715
0003725
0001047
-000292
-000233
0000756
0001338
-000874
-003784
-002911
-000175
-000233
-001630
-000815
0000873
0000407
-001223
-001689
-000874
0000698
0001688
-000408
-003493
-003202
-001048
-001048
-002736
-004250
-005181
-005705
-005763
-005647
-005298
-004308
-002911
-001456
-000175
0000931
0001804
0002794
0003550
0004191
0004307
0003667
0002794
0002270
0002386
0003492
0004656
0004424
0003609
0004307
0005471
0005122
0003609
0001688
0000174
0000174
0000814
-000059
-001456
-001107
0000116
-000059
-000815
0000582
0001804
-001863
-007451
-009314
-007626
-004716
-001863
-000815
-000932
0000232
0001106
-001514
-005123
-004483
-001572
-001630
-003493
-003959
-003027
-001456
0000407
0002328
0003259
0001979
-000350
-001689
-001689
-000815
0000349
0000873
0001397
0003667
0006053
0005821
0003725
0001862
0000989
0001222
0002153
0002503
0002444
0002852
0003201
0002444
0001280
0000873
0001047
0000814
0000174
-001165
-002096
-000466
0001455
-000932
-004774
-003959
-000466
0000989
-000583
-004716
-010478
-017056
-021189
-019443
-014146
-011526
-010420
-006229
-002329
-005356
-010420
-007335
0000116
0002270
0001047
0003143
0005821
0002968
-001689
-000757
0003841
0006636
0007451
0007683
0007101
0005588
0003841
0002386
0001920
0002561
0003783
0004598
0004307
0002153
-000059
0001280
0003900
0003434
0000698
-001514
-002387
-001747
0000000
0002212
0002852
-001107
-006229
-006113
-002154
0001397
0003259
0003259
0001397
-001514
-003784
-003144
-000990
-000583
-001048
0000000
0001979
0003376
0004132
0004715
0004773
0003376
0002037
0003376
0005355
0003434
-000059
0000582
0003026
0001920
-001165
-002620
-001980
0000640
0003434
0003550
0001804
0000989
0000523
-001689
-003842
-002911
-000466
0000058
-001165
-002620
-003668
-003610
-002969
-003260
-003610
-002387
-000466
0000814
0000756
-001107
-003027
-002038
0000465
0000814
0000407
0003434
0006810
0004656
0000291
0001164
0005006
0005704
0004016
0002910
0002153
0001164
0000058
-001107
-001572
-000233
0001688
0002037
0000814
-001572
-003551
-002911
-001223
-002096
-004541
-006229
-006113
-003319
0000058
0000058
-001980
-002271
-000932
0001513
0002735
-001165
-006578
-006345
-002562
-001398
-002038
-001572
-000292
0000873
0001746
0002095
0002619
0004773
0006752
0005238
0001920
0000407
0000640
0001397
0002386
0003026
0003492
0004365
0005180
0005238
0004540
0003434
0002386
0001804
0001746
0001979
0001920
0000291
-001689
-001921
-000699
0000756
0001746
0002037
0000931
-002445
-005763
-004774
-001747
-002562
-004599
-001339
0003143
0000582
-005356
-006345
-003842
-003144
-003610
-003202
-002213
-001572
-000990
0000174
0001047
0000058
-001456
-000641
0001106
0000756
-001398
-003493
-006520
-013389
-019734
-018628
-012458
-008208
-005763
-002329
0000349
-001048
-003086
0001280
0007800
0007800
0003259
0000640
-000350
-002504
-003551
0000349
0005762
0006403
0002968
-001107
-003959
-003726
-001398
0000058
0000465
0000465
-000292
-002154
-004192
-005472
-005065
-002562
0000931
0003667
0004424
0002095
-001339
-002096
-000815
0000174
0000523
0000116
-000466
0000407
0001804
0001746
0000756
0000523
0000756
0000582
0000407
0001164
0002212
0002619
0002386
0001979
0001920
0002968
0004482
0005471
0005180
0002968
0000465
0000465
0002270
0003609
0004074
0004249
0002968
-001339
-006171
-007102
-005123
-003668
-002969
-002213
-001980
-002562
-003260
-002620
-001339
-001165
-001630
-001805
-001281
0000640
0002968
0004482
0004132
0000232
-003610
-001048
0004540
0005646
0003259
0001920
0001222
-000466
-001980
-001747
-000466
0000232
0000058
-000932
-001514
0000931
0003900
0002561
-000990
-001747
0000000
0002386
0003783
0001920
-001456
-002562
-001747
-001107
-000990
-001805
-002969
-002911
-002445
-003610
-005065
-004774
-002445
0002386
0006286
0003609
-001747
-001107
0003201
0004249
0003026
0003026
0003725
0004074
0003667
0001688
-000524
-001165
-000350
0000814
0001804
0002212
0002037
0002095
0001688
-000350
-002969
-004192
-004483
-005647
-006811
-006637
-005239
-002678
-001048
-003319
-007451
-009198
-008208
-005123
-002096
-002445
-004599
-004308
-002678
-002795
-003668
-002562
-000932
-001863
-003377
-001165
0002619
0003318
0001688
0000640
0000291
-000117
-000466
-001048
-001281
-000233
0001397
0002037
0001804
0001280
0000523
-000466
-001107
-000699
0000349
0000931
0000873
0000407
-000233
0000523
-001048
-012167
-025148
-026312
-018628
-012516
-009023
-006462
-005472
-005880
-006986
-008092
-008383
-007335
-005414
-003493
-002736
-005298
-007801
-003901
0002386
0002503
-001747
-004890
-005472
-002795
0001397
0003492
0003492
0003376
0002968
0002153
0001629
0002735
0004307
0004016
0003026
0004016
0006112
0007742
0007567
0004132
0000058
0000232
0002968
0003609
0002677
0002561
0002619
0001513
0000116
0000116
0001047
0001979
0002212
0000989
-000466
0000232
0001629
0000291
-002387
-003435
-003319
-004308
-005531
-005356
-003726
-000815
0001571
0000465
-001921
-000874
0001746
0001164
-001281
-002562
-001863
0001397
0005238
0006868
0005530
0001280
-003027
-002736
0000232
0000989
-000233
-001339
-001980
-001863
-001165
-000175
0000058
-002154
-004832
-004599
-001921
0001571
0004132
0003609
0001455
0001455
0002794
0002910
0002677
0004482
0006228
0003667
-000583
-000932
0000989
0000407
-001514
-001747
-000874
-000059
-000059
-001980
-004192
-003493
-001281
-001514
-002387
0000058
0003725
0004424
0002677
0000873
-000233
-000292
0000407
0000931
0000931
-000350
-001630
-000815
0001106
0001920
0001455
0000174
-001456
-002853
-003493
-003086
-001689
0000232
0001804
0001746
0000640
-000408
-000757
0000174
0001338
0000698
-001223
-003144
-004250
-003551
-001980
-001630
-002096
-001339
-000699
-002969
-005647
-003959
0000174
0001862
0001688
0002212
0003026
0003026
0002561
0002619
0002677
0001571
0000116
0000058
0000814
0000698
0000349
0001280
0002677
0002561
0001571
0001397
0001164
-001165
-004133
-005298
-004716
-003784
-002853
-002387
-002620
-003784
-004832
-004133
-003086
-005065
-007451
-004948
-000641
-001398
-005298
-006229
-006986
-014553
-022936
-021422
-014029
-011643
-012516
-010013
-005822
-003668
-002736
-000641
0001746
0003085
0003318
0003201
0003085
0003201
0004132
0007159
0009837
0007800
0003085
-000059
-000059
0003958
0009313
0010885
0009139
0006985
0004831
0002619
0000931
-000117
0000058
0002328
0004656
0003725
0000931
0000349
0000814
-000874
-003377
-004017
-003144
-002213
-001339
-000583
0000116
0001629
0002619
0000931
-001689
-001689
0000058
0000523
0000465
0001571
0003318
0004773
0005122
0003900
0001688
-000117
-000583
0001397
0003841
0002619
0000174
0002095
0005530
0003900
0000000
0000582
0003259
0002153
-000757
-000815
0001280
0003026
0003550
0002037
0000232
0001920
0004424
0001513
-003086
-001689
0003143
0005180
0003783
-000233
-004250
-003842
-000815
0000291
-000408
-000932
-001514
-003260
-004133
-000757
0003725
0003143
-000292
-000641
0001106
0001746
0001338
0000756
0000582
0002095
0003609
0002212
-000874
-002911
-002678
0001047
0005471
0005704
0002561
-000874
-002969
-002038
0000814
0002328
0002677
0003434
0003492
0000873
-002795
-004774
-004716
-003435
-001921
-001805
-002213
-000815
0001455
0002561
0002852
0003667
0004365
0003550
0002037
0001513
0001571
0000931
0000465
0001513
0003550
0005297
0006053
0005064
0003376
0003026
0003259
0001979
0000058
-000874
-000233
0002270
0005006
0005006
0003143
0002270
0001979
0000174
-001980
-002853
-002620
-002387
-002387
-003027
-003260
-000641
0002735
0002735
0000931
0001455
0002677
0000465
-002678
-002038
0001106
0003259
0003318
0000116
-003726
-003435
-000583
0000349
-000292
-000292
-000233
-001398
-002562
-001398
0000640
0000058
-001514
-000641
0001397
0002212
-000233
-009023
-018570
-019734
-013971
-007684
-002678
0000116
0000756
0001106
0001106
0000349
-000175
0001338
0003259
0002386
0000058
-000583
0000291
0001397
0002386
0002735
0002328
0001571
0000582
-000466
-001165
-001048
-000757
-001630
-002969
-003144
-002795
-003726
-004657
-002795
0000058
-000175
-001921
-001398
0000931
0002968
0004598
0006577
0007916
0007509
0006112
0005762
0006170
0006344
0006228
0006461
0006053
0003318
0000407
0001455
0004249
0003667
0001164
0000640
0001746
0002910
0003318
0001920
0000407
0002561
0005879
0005180
0002095
0000582
0000698
0001280
0002037
0003085
0003376
0001804
-000757
-002154
-002678
-003901
-004832
-003784
-001689
-000990
-001048
0000000
0001571
0002561
0002328
0000174
-002387
-003027
-001572
0001688
0004715
0004598
0002677
0002561
0003725
0004016
0003609
0003085
0002386
0000873
-000466
-000408
0000873
0002794
0004074
0002794
0000349
-000175
0000698
0000582
0000000
0000174
0000756
0001106
0001338
0002328
0002561
-000932
-005123
-004133
-000117
0001513
0000523
-001980
-004425
-004250
-002678
-003377
-004599
-002154
0001746
0002561
0001338
0001455
0002386
0002677
0002561
0002677
0002735
0001688
0000582
0001571
0003259
0002794
0001222
0001164
0001920
0001280
0000523
0002677
0005238
0003434
-000815
-003027
-003144
-003202
-002678
-000874
0001746
0004773
0006053
0002270
-003377
-004832
-003027
-002213
-001863
0000116
0001338
-002853
-008499
-007743
-003202
-002038
-003086
-002678
-001048
0000873
0002270
0002153
0001222
0001280
0002328
0003841
0005006
0004773
0003201
0000407
-001747
-000350
0002386
0001571
-000990
-000583
0001280
0000349
-001339
0000582
0003841
0003783
0000989
-001281
-004832
-013796
-023168
-025148
-020665
-015426
-010246
-004483
-000932
-003027
-007626
-008266
-005938
-004832
-004250
-001747
0000873
0000465
-001107
0000582
0003259
0001804
-001514
-001805
0000116
0001338
0001979
0003026
0003958
0003958
0003667
0004424
0005821
0007276
0008033
0007276
0005471
0003667
0002968
0004540
0006810
0006461
0004424
0003492
0003667
0004132
0004365
0003550
0002328
0002503
0002910
0001571
-001048
-003959
-005531
-003377
0000116
0000232
-002154
-004133
-005065
-004774
-003493
-001456
-000466
-003842
-007859
-005356
0000349
0001338
-000815
-001107
0000116
0001222
0001571
0000291
-001630
-002387
-001456
0001455
0004598
0004773
0003259
0003492
0004656
0004365
0003434
0003725
0004889
0005530
0005704
0005530
0005180
0005180
0004656
0001979
-001165
-001281
0000232
-000408
-001921
-001107
0000756
0000931
-000117
-000932
-001456
-002387
-003027
-002620
-001514
-000350
0000058
-001165
-002736
-001805
0000116
-000641
-002329
-001048
0001513
0001280
-000583
-000990
-000350
-000583
-000524
0002503
0005471
0002968
-002038
-002795
-000466
0000873
0000989
0000349
-000233
0000582
0002153
0002852
0002503
0001513
0000291
-000524
-000524
0000640
0002037
0002153
0001164
-000175
-001223
-001223
-000990
-002795
-004716
-003086
0000116
0000698
-000815
-002096
-002736
-002795
-002271
-001339
-001048
-003260
-005938
-005647
-003144
-001048
0000000
-000408
-001165
0000174
0002212
0001920
0000174
-000815
-001048
-001223
-001805
-003319
-004832
-004250
-002736
-002853
-003901
-004250
-003668
-002329
-000874
-000583
-000641
0001047
0003085
0002735
0001106
0001629
0002619
0000349
-003144
-004017
-002853
-002096
-002387
-003260
-006578
-015776
-024973
-024566
-017580
-012923
-010595
-007335
-004832
-005356
-006753
-004366
0000116
0002561
0003026
0003609
0003318
0000116
-003086
-001281
0003550
0006344
0006519
0004831
0002619
0002153
0003143
0004074
0004132
0002270
-000117
-000059
0001688
0002561
0002444
0001513
0000349
0000058
0000232
-000233
-001281
-002853
-004017
-003668
-002038
-000059
0001280
0001164
0000000
-001048
-001281
0000000
0001629
0001397
-000059
-000874
-000757
-000059
0001047
0002735
0003900
0003143
0001397
0000873
0001513
0002561
0003434
0003667
0003259
0002735
0002619
0003783
0004831
0003318
0000523
-000524
-000117
-000059
0000291
0002328
0004540
0004016
0001688
0000000
-000932
-002329
-003377
-003260
-002329
-001572
-001165
-000815
-001107
-003027
-004890
-003784
-001281
-000932
-001980
-001572
-000757
-001921
-003959
-004483
-003493
-001572
0000465
0001804
0002212
0002212
0001979
0002212
0002503
0001862
0001047
0001338
0002270
0002735
0002794
0002910
0003026
0003026
0003085
0003783
0004540
0004365
0003492
0002735
0002270
0002444
0002386
-000059
-002562
-000233
0003667
0002735
-001223
-003086
-002795
-001630
-000350
0000407
-000175
-002736
-005239
-003901
-000408
0001513
0001455
0000465
-000641
0000058
0001222
-000408
-003086
-003144
-001281
0000291
0001455
0002968
0003667
0001688
-000874
-000059
0002619
0003259
0002735
0003609
0005122
0005064
0004074
0003841
0003725
0002677
0001106
0000058
-000117
0000873
0001979
0001222
-000466
-001107
-000874
-000932
-001223
-001805
-002038
-000641
0001222
0001280
0000349
0000640
0001280
0000058
-001805
-001921
-000524
0000698
0001629
0002677
0003259
0002794
0002037
0002910
0002677
-003726
-012690
-017755
-017697
-013331
-007393
-004308
-003959
-003842
-003551
-003086
-001921
0000640
0003259
0004132
0002735
-001107
-004832
-004250
-001048
0000698
0000582
-000350
-001281
-000408
0001338
0001688
0000989
0000931
0000698
-001630
-003959
-002096
0001397
0000814
-001805
-001339
0001164
0002503
0002852
0003550
0004365
0004773
0005064
0005646
0006344
0006810
0006810
0006170
0005238
0004831
0004656
0003667
0002910
0004365
0006694
0007625
0006868
0005238
0003143
0000989
-000292
0000000
0001513
0003259
0004307
0003783
0002444
0002328
0002503
0000232
-002445
-001689
0000582
0000058
-002154
-002678
-001630
0000116
0001862
0002968
0003026
0001804
0000407
0000582
0001746
0002153
0001862
0001338
0000931
0001047
0001571
0001920
0001979
0001629
0001222
0001455
0001746
0000640
-000292
0002270
0005646
0004482
0000989
0000349
0002037
0003841
0004773
0003725
0002270
0003667
0006403
0007276
0005937
0003026
0000116
-000466
0000989
0002735
0004365
0006053
0006344
0003550
-000699
-002911
-003202
-002969
-003027
-004541
-006229
-005123
-003319
-005298
-008616
-008325
-005298
-002387
-000757
-001456
-002736
-000466
0003201
0003725
0002328
0002794
0004424
0005297
0005588
0006344
0006636
0005122
0002852
0001804
0001804
0001571
0001338
0001688
0002270
0003026
0003201
0001746
0000174
0001338
0003550
0002735
0000116
-000524
-000466
-002911
-005763
-005181
-002445
-001281
-001281
-000583
0000407
0000873
0000814
0000465
0000000
-000292
-000524
-001223
-001398
0000582
0002910
0001688
-000815
0000349
0003143
0002328
-000059
0000756
0003550
0005471
0005530
0003026
-000175
-000641
0000873
0001862
0001513
-001223
-003901
-001339
0001688
-004483
-014728
-018221
-015776
-013040
-010478
-007684
-005531
-004192
-003610
-003202
-002736
-001572
-000583
-001165
-002853
-004774
-005065
-001165
0004191
0005530
0004132
0004132
0005064
0004947
0004132
0003376
0002968
0003434
0004482
0005297
0006112
0007858
0009197
0007392
0004365
0004132
0005355
0004132
0001920
0002153
0003609
0003143
0001804
0002037
0002503
0000000
-003260
-003260
-001165
-000524
-001107
-001339
-001514
-002445
-003319
-002795
-001572
-001572
-002387
-003086
-003202
-002271
-001048
-000699
-000932
-000815
-000350
0000232
0000698
0000931
0000873
0000349
0000116
0001688
0004132
0005238
0005588
0007159
0008615
0007451
0004831
0003318
0003259
0004365
0005530
0004831
0003201
0003376
0004424
0003958
0002561
0001804
0001397
0000232
-000874
-000699
0000291
0001164
0001106
-000990
-003784
-005007
-004774
-004541
-004133
-003086
-001805
-000990
-001048
-001980
-003551
-005414
-006345
-004774
-002038
-000874
-000815
0000174
0001338
0001455
0000931
0000640
0001047
0002561
0004540
0005937
0006344
0005762
0004715
0004482
0004540
0003783
0002503
0001397
0000523
-000583
-001339
-000932
0000232
0000814
0000873
0001047
0000814
-000466
-002038
-002562
-001398
0001746
0005297
0006694
0005646
0002910
-000583
-003784
-005239
-003377
-000350
-000292
-002387
-003842
-004716
-006287
-007393
-006113
-003959
-004133
-005822
-007160
-006811
-002969
0001629
0002037
-000175
0000232
0001629
0000116
-002678
-002969
-001514
-000874
-000932
-000990
-000757
0000232
0000931
-000699
-002736
-001165
0001920
0001280
-001048
0000232
0002735
0000931
-002620
-002038
0000698
0000640
-001107
-001514
-001165
-002096
-003726
-004541
-006229
-012923
-020083
-019676
-014204
-010711
-009140
-006811
-004890
-005181
-005705
-001921
0002910
0001979
-001689
-000466
0002910
0001280
-001921
0000582
0005879
0007276
0005180
0002561
0000698
0000931
0002444
0002968
0002619
0002444
0002270
0001629
0001222
0002444
0003725
0001979
-001165
-002038
-001572
-002969
-004832
-004192
-001921
-000117
0000582
-000350
-001805
-001514
-000233
-000466
-001107
0000698
0002735
0000873
-002678
-002853
-000350
0001862
0003143
0003376
0002503
0000465
-000990
0000640
0003841
0005413
0004482
0000232
-004017
-002678
0001979
0004307
0003434
-000583
-004716
-003784
0000349
0002503
0001920
-001514
-005007
-003726
0000000
0000582
-001281
-002504
-002736
-002038
-001281
-002387
-004133
-003784
-002795
-004366
-006869
-006811
-004832
-003086
-002096
-001863
-002038
-001514
-000641
-000350
-000233
0000989
0002328
0001862
0000698
0001164
0002386
0002095
0000523
-001572
-002795
-000874
0001688
-000350
-004192
-003784
-000408
0001920
0002386
0000640
-001747
-001689
0000116
0001397
0001222
-000874
-003901
-006171
-006520
-003610
-000233
-001398
-004890
-005356
-003377
-001339
-000408
-001747
-004366
-006113
-006054
-003435
-000233
0000174
-001456
-002678
-002562
0000116
0002677
-000117
-004716
-003959
0000465
0003492
0004424
0003492
0002037
0002968
0004831
0004540
0002561
0000640
-000583
-001048
-000583
0001047
0002270
0000640
-001921
-000932
0001571
0000873
-001747
-002969
-002795
-002154
-001107
0000232
0001455
0002328
0002561
0001979
0000756
-001107
-002795
-003377
-003319
-004250
-004948
-003319
-000874
-000874
-002096
-000757
0000814
-002504
-007102
-005472
-000466
0001222
-000233
-001398
-003901
-011934
-019676
-017231
-009198
-007277
-008441
-003551
0002735
0000931
-005123
-006753
-004250
-000990
0002037
0003667
0003609
0002444
0001164
0001397
0002561
0003434
0003201
0000873
-002096
-002853
-001980
-001339
-001223
-002154
-003027
-001514
0000523
-000874
-003551
-002969
-000466
0000407
0000000
-000233
0000058
0001513
0003143
0003318
0002444
0001862
0002212
0004424
0006810
0006519
0004424
0002794
0002037
0001920
0002095
0001455
0000465
0000116
0000349
0001106
0001862
0001804
0000931
-000350
-001339
-001048
0000000
0000931
0000873
-001339
-003726
-002329
0001047
0002735
0001862
-001805
-005298
-003901
0000698
0003900
0004307
0001164
-002504
-001281
0003201
0006519
0007392
0004947
0001862
0003026
0006403
0006636
0005180
0006344
0008265
0007101
0004132
0001920
0002037
0006519
0011467
0009895
0004074
-000175
-001456
0001047
0004482
0003376
-000117
-000117
0001455
-000583
-003901
-003319
-000815
-001165
-003202
-003493
-002736
-002736
-003319
-003610
-003435
-002271
-000699
0000407
0000698
0000116
-000815
-001805
-001630
0001455
0004831
0003609
0000465
0001455
0004773
0005471
0004656
0005879
0007509
0006286
0003958
0004424
0006170
0005704
0003667
0001920
0001338
0002852
0004947
0004424
0002619
0003085
0004307
0002619
0000000
0000814
0002968
0001280
-001572
0000814
0005180
0004365
