-002329
-004948
-005589
-001921
0002910
0002619
-000757
-000932
-000292
-005298
-011061
-008325
-001223
0000640
-002096
-005356
-007510
-007044
-004075
0000349
0003609
0002095
-002096
-004017
-003493
-002271
-001048
-000874
-001107
0000232
0001338
-001572
-005763
-006113
-003144
0000523
0002968
0001688
-001689
-003377
-003435
-003435
-003726
-004890
-006054
-005298
-003842
-004075
-005007
-004716
-002213
0004016
0009546
0007800
0000873
-005763
-009023
-006054
-000408
0000640
-002096
-004250
-005472
-006404
-006753
-006695
-005531
-002213
0001106
0000465
-002213
-002387
-000292
0003143
0005530
0003376
-000990
-002620
-001689
0000349
0001688
-000757
-004192
-002736
0000989
0000523
-002504
-004017
-003377
-000990
0001513
0001280
-000874
-002736
-003027
-000233
0003434
0003492
0001688
0003434
0005297
-000117
-007335
-005763
0000989
0003783
0002212
-001630
-005705
-007044
-005647
-003551
-001223
0000814
0001920
0001688
-000059
-003610
-006928
-006928
-004890
-004599
-005589
-005822
-005705
-006113
-006578
-006113
-005472
-006229
-007160
-005705
-002853
-000932
0000232
0001862
0003667
0005704
0006344
0002619
-001980
-000932
0002735
0001629
-002329
-004192
-004017
-003610
-002504
0000116
0002794
0003376
0002270
0001047
0000291
0000756
0001455
0000000
-002154
-001980
-000699
-001107
-002853
-004948
-005647
-001689
0003259
0002503
-001980
-004716
-005007
-003610
-000990
0001804
0003667
0003783
0002619
0001629
0000756
-000874
-002038
-000699
0001746
0002735
0002153
0000931
0000058
0001688
0003550
0000989
-002736
-000815
0003841
0004482
0002328
0001629
0001920
0001629
0001280
0002212
0003143
0001688
-001281
-004133
-004774
-000757
0005122
0007800
0006810
0003550
0000582
0002619
0006519
0005355
0001338
-000292
0000640
0002503
0004424
0005297
0004598
0002153
0000116
0002503
0006519
0006694
0003900
0001280
0000000
0000931
0003201
0005180
0005704
0003318
0000116
0000000
0002270
0004191
0005006
0004540
0003259
0002677
0002794
0002968
0003318
0003609
0004307
0006461
0008149
0005588
0001338
0001047
0002968
0002270
0000465
0001571
0003783
0003492
0001222
-001921
-002969
0002735
0010419
0010710
0005762
0002619
0001338
0000058
-000583
-000233
0001397
0005238
0008265
0005879
0000698
-001398
-000117
0002852
0005937
0006927
0005821
0003609
0001746
0002212
0003318
0000814
-002795
-002620
0000291
0002968
0004482
0003725
0002561
0004656
0007683
0006752
0003318
0000931
0000407
0001804
0003725
0003143
0001222
0001629
0002561
-000117
-004075
-005065
-002736
0002095
0006927
0008673
0005704
-003086
-012283
-012982
-007684
-004425
-003319
-001630
-000815
-003202
-006287
-005298
-002038
-000990
-001921
-003319
-003726
-000757
0003026
0002328
-000524
0000640
0003376
0002386
-000699
-001747
-001339
-002329
-003027
0000000
0003900
0003376
0000058
-001689
-001572
-000699
0000174
-000641
-002096
-002038
-000641
0001164
0002561
0002794
0001804
-000059
-001863
-001980
-001514
-002795
-005531
-008849
-010537
-007335
-001747
0001280
0001164
-001107
-003319
-001863
0001397
0002212
0000349
-003959
-007684
-005705
-001339
-001921
-005414
-005822
-004425
-005065
-005880
-002795
0001571
0002153
-000233
-001980
-002911
-004250
-004250
0000465
0005588
0003725
-002329
-005414
-005298
-004483
-003435
-002620
-002736
-004657
-006578
-005356
-002620
-002504
-003668
-002562
-000233
0001222
0000814
-002562
-005938
-004192
-000059
-000233
-002736
-001980
0000523
0000582
-000757
-000641
-000175
-002096
-004774
-005065
-003842
-004133
-004075
0001513
0006752
0000756
-009431
-008965
-001630
0001455
0000756
0000465
0000407
0000523
0000465
-000932
-002213
-000466
0001629
-001398
-006287
-005938
-001863
0001571
0002968
0001397
-001572
-002154
-001398
-002911
-005123
-005007
-003086
-001223
-000175
-001048
-002213
-000350
0002328
0001513
-001689
-004483
-005589
-003493
-000699
-002736
-006287
-003435
0001804
0000640
-004075
-005414
-003726
-001863
-000408
-000117
-000408
0000349
0001338
0000873
-000233
-000059
0000407
-000874
-002736
-003435
-002096
0002735
0006868
0003201
-003668
-003726
0000291
-000059
-002445
-001339
0001979
0004132
0004773
0004424
0003143
0000582
-001339
0000582
0003783
0002910
-000117
-000292
0001222
0000873
0000174
0002503
0005762
0005937
0003550
0000698
-001281
-001398
0000058
0001571
0002794
0004249
0004540
0001804
-002213
-004657
-004541
-001805
0001047
-000641
-004250
-003610
0000116
0003259
0005297
0006461
0006403
0005471
0003900
0001920
0000640
0000756
0002328
0005006
0006577
0003376
-001339
-001107
0002677
0005588
0006403
0004307
0000931
-000757
-000292
0001397
0003318
0003783
0002794
0001338
-000233
-001630
-002271
-001514
-000292
-000583
-001107
0000989
0003900
0004598
0002677
-001805
-005065
-000757
0006112
0005180
-000408
-002154
0000000
0003550
0006577
0006112
0003609
0003434
0003841
0000465
-003784
-003260
0000465
0003085
0004016
0003900
0002735
0000291
-001107
0001688
0006985
0011351
0012107
0006461
-001165
-002387
0000698
0001222
-000292
-001456
-001514
0000291
0003376
0007334
0008789
0002444
-005472
-002969
0004773
0004598
-000699
-002969
-002620
-002911
-002736
0000174
0003085
0000989
-003027
-002038
0001455
0000814
-001689
-000699
0002095
0002968
0002153
0001629
0000756
-002271
-004948
-002504
0001280
-001572
-007451
-007975
-004657
-002678
-002329
-002736
-003435
-003202
-002445
-002096
-001805
-000350
0001164
0000931
-000466
-001514
-001747
-000990
0000582
0002677
0003900
0001804
-001048
0000232
0003841
0005646
0004773
0000698
-003260
-001630
0003492
0006461
0006403
0003085
-000583
0000931
0004132
0000756
-005589
-006578
-004599
-006695
-009838
-007451
-002620
-002096
-004366
-004657
-003901
-004774
-005938
-004716
-002271
-001048
-001456
-003202
-004948
-004308
-003027
-005007
-008266
-008965
-007277
-004774
-002736
-002620
-003959
-004948
-005239
-004657
-003901
-004133
-004948
-005065
-005065
-005880
-007568
-011061
-012982
-007335
0000349
-000641
-006637
-008092
-005705
-003726
-002387
-000874
-000292
-002271
-004890
-004774
-002678
-000641
-000408
-003959
-009372
-013855
-013913
-004075
0006344
0000058
-014029
-015135
-007801
-006171
-008907
-010944
-010886
-007335
-002795
-001863
-003377
-003668
-001689
0003783
0009080
0008673
0002968
-005065
-012458
-016823
-016300
-010653
-002795
0002561
0004831
0006228
0006053
0003667
-000466
-005880
-010246
-011061
-008790
-005822
-003086
-001339
-000117
0002503
0004831
0004249
0001222
-002562
-005647
-006869
-006113
-004366
-002387
-001048
-000117
0001571
0003434
0004773
0004482
0001862
-002445
-007568
-010478
-006753
-000292
0000814
-000990
0001164
0005355
0007334
0006577
0003667
-000408
-004483
-006637
-005531
-001339
0005413
0010245
0006403
-000757
0000582
0006344
0006344
0001862
-001514
-004308
-010013
-013214
-004192
0008207
0006577
-003202
-005239
-001863
-001572
-002853
-001165
0001047
-000757
-004657
-006404
-005298
-002038
0002328
0006577
0008265
0004831
-001281
-005531
-006345
-003377
0000349
-000874
-004483
-003784
-000408
0001164
0001106
0000756
0000698
0001920
0003026
0000814
-002154
-000466
0003259
0002794
-000175
-000990
-000524
-001630
-003377
-004425
-003144
0003085
0009546
0008149
0002619
0002444
0005180
0003725
0000232
-000466
0001047
0002444
0002968
0001455
-000350
0000756
0003376
0004482
0003900
0002561
0001397
0001804
0003143
0003550
0003725
0005064
0006752
0007509
0006461
0002444
-001689
-000815
0003026
0004889
0004482
0002852
0001571
0003376
0006461
0007159
0005588
0003143
0001047
0001455
0003143
0002968
0002095
0003667
0005762
0004889
0001804
-001165
-002911
-002853
-001107
0001513
0003725
0004074
0002561
-000292
-002387
-000641
0003376
0005646
0005879
0005471
0004132
0001571
-001107
-002736
-002154
0002037
0006810
0007276
0004715
0003434
0003143
0002270
0001513
0002095
0002677
0000407
-002387
-000641
0003085
0002735
0000873
0003667
0007916
0006694
0002852
0003026
0005821
0007509
0007276
0004482
0001338
0001571
0004132
0006228
0006752
0005064
0002561
0002037
0003259
0004598
0005355
0004424
0003143
0004074
0006344
0008033
0007916
0004424
0000000
-000466
0001397
0001222
-000292
-000757
-000699
-001572
-002678
-002795
-001980
-000583
0000465
0000116
-001281
-002795
-003260
-000815
0001920
-000524
-004075
0000349
0007800
0008091
0003026
-001165
-003377
-004075
-002445
0002619
0007218
0004424
-000815
0003201
0009721
0003550
-007684
-006869
0001164
0003318
0001338
0002153
0003725
0000756
-002620
0002037
0008382
0002968
-007277
-007219
-000466
0002037
0000873
-000233
-001165
-001863
-001921
-000990
0000291
0000698
0000582
0001455
0001862
-000932
-004948
-006811
-006113
-003551
-000641
0000698
0000058
-001572
-003377
-004599
-004075
-000233
0003492
0001164
-004366
-006578
-005880
-005705
-005356
-002562
0000058
-001281
-005414
-009489
-010828
-005938
0001455
0004365
0002386
-002562
-006869
-005298
-000408
0000756
-000815
-001456
-000815
0001862
0003550
-001456
-008383
-007743
-001747
0003376
0004889
0000174
-007277
-010537
-009431
-006637
-003493
-001747
-001572
-002154
-002562
-000874
0000756
-001921
-006171
-006229
-003668
-002969
-003435
-002504
-001572
-003493
-005880
-003435
0000291
-002445
-007626
-006171
-001572
-002096
-005705
-006462
-005647
-007335
-009198
-006811
-002329
-000292
-001223
-004483
-007743
-006986
-004250
-004425
-006404
-007335
-006054
-001048
0004074
0003376
-001165
-003726
-004250
-004425
-004366
-004716
-004657
-002445
-000059
-001281
-004308
-004599
-003377
-004192
-005647
-004774
-002620
-001165
-001107
-002969
-005181
-004890
-003610
-004657
-007626
-011701
-013273
-006637
0002910
0005006
0001338
-000932
-001630
-002096
-002678
-004832
-006869
-005123
-002620
-005822
-010886
-009023
-004017
-004250
-007975
-012341
-009722
0013272
0032752
0032752
0000291
-032752
-032752
-032752
0028290
0032752
0007683
-002678
0004482
0005238
-000175
-010537
-018046
-008732
0006519
0005762
-006578
-015834
-019618
-019094
-014088
-005880
0001688
0004132
0001979
-001281
-003610
-003086
0001106
0009721
0017172
0014843
0006286
0001047
-000583
-002271
-002736
0000814
0003667
-002969
-012341
-010828
-002387
0002212
0002444
0001338
-001514
-007568
-011934
-006869
0002095
0002968
-000699
0001688
0006286
0004831
-001048
-007160
-010129
-005589
0001338
0000174
-006462
-011643
-012807
-008092
-000874
0002270
0001688
0001106
-000175
-004308
-008558
-009140
-006171
-001107
0003259
0003259
0000291
-001339
-001572
-002038
-002213
-000757
0000291
-003086
-007102
-003901
0001862
0000000
-005298
-004308
0000698
0003667
0003900
0002561
0000291
-001689
-002562
-001339
0000291
-001223
-003319
-000292
0004540
0004132
0000756
0000407
0001920
0001455
0000116
0000814
0002037
0000000
-002853
-001107
0002735
0003376
0000873
-002853
-005763
-005065
-001747
0001513
0003609
0003958
0003550
0004947
0006344
0003958
0000407
0001338
0003958
0001862
-001805
0000291
0004715
0003667
-000408
-001398
-000059
0000174
-000175
0000698
0001455
-000815
-003435
-001456
0002619
0003201
0001222
0000058
-000059
0000407
0000873
0000116
-000874
-000408
0001455
0004715
0007567
0007276
0005064
0004365
0004598
0003434
0002212
0003725
0005646
0003492
-000874
-003319
-003377
-002213
0000523
0005995
0010710
0009255
0005006
0006519
0010419
0009022
0004307
0001920
0001571
0000640
0000465
0003725
0007101
0004016
-000990
0002095
0008673
0008033
0003143
0001571
0003085
0005530
0006985
0004656
0000523
-001339
-000641
0000873
0003201
0006810
0008673
0004016
-002562
-001863
0003609
0006577
0006461
0004540
0002095
0001455
0002503
0003609
0004889
0007334
0009080
0007567
0003609
-000815
-003086
0000407
0005471
0003492
-001747
-000932
0003609
0005762
0005471
0003434
0002212
0006868
0012049
0006752
-002504
-001223
0005762
0005471
0001688
0005122
0010186
0004540
-004366
-000583
0009080
0008324
0001164
-001398
0000058
0001222
0002328
0004540
0005995
0003318
-000408
0000640
0004598
0006636
0006519
0006228
0003841
-004483
-012225
-008441
0002444
0009313
0011234
0008906
0008964
0026951
0032752
0016648
-024042
-023925
0002095
0010245
0004132
0001455
0002153
0004365
0006112
0003434
-000990
-001863
0000349
0002968
0004889
0005297
0003958
0001164
-000874
0000698
0004889
0009022
0011642
0011875
0010070
0008033
0005006
-001514
-007451
-006753
-000815
0006053
0010827
0010594
0007159
0005995
0005821
0002153
-001863
-000292
0003841
0003550
0000640
0000407
0001979
0002328
0002444
0004831
0007451
0006810
0004132
0002794
0002328
0000465
-001048
0000698
0003900
0005064
0004249
0003259
0002212
0001047
0000000
-001339
-001630
0001164
0004656
0004482
0001862
0000931
0000873
-000932
-002969
-002154
0000058
0000640
0000116
0000698
0001397
0000232
-001572
-001863
-000466
0002444
0004715
0003201
-000292
-001863
-001107
0001397
0003841
0003434
0001571
0001455
0002561
0003085
0002619
0000116
-001805
0002212
0007159
0002386
-005763
-003435
0003841
0002037
-003784
-000815
0005879
0004831
-001223
-004832
-004890
-001514
0002212
-000059
-004192
-001339
0005122
0007392
0005530
0002503
-000815
-003901
-005472
-004657
-002096
0000873
0002328
-000524
-004366
-002678
0002153
0004074
0002852
-000233
-002853
-000815
0002503
-000350
-005356
-003435
0001629
0001164
-002911
-004657
-003901
-001805
0000640
0002153
0002095
0000291
-002736
-006637
-008616
-004366
0001804
0001222
-003144
-003377
-001107
-001630
-003377
-002213
-000757
-005065
-009955
-005472
0003609
0005821
0003900
0007625
0010536
-001048
-015543
-010187
0004947
0005064
-003493
-001980
0004074
0000814
-006054
-003784
0003143
0004249
0000523
-003435
-005647
-004250
-000408
0002794
0003841
0002153
-001339
-004599
-006054
-004250
-000641
0002212
0002735
-000583
-005356
-006520
-005763
-008266
-011293
-009431
-005065
-003726
-004599
-004075
-002795
-002445
-002271
-000641
0001280
0000989
-000117
0001338
0003550
0002503
-000350
-001456
-001223
-001572
-001921
-001048
0000000
-001048
-002387
-000175
0003143
0002503
-000350
-000932
0000058
-000117
-000932
-001398
-001398
-001747
-001048
0003725
0008207
0004307
-003086
-003202
0000931
0001047
-001689
-003144
-002911
-001165
0000989
0002037
0001688
0000640
-000815
-002271
-003086
-002387
-001048
-000815
-001689
-002736
-003551
-004075
-003319
0000814
0004482
0000465
-006229
-005123
0000756
0002968
0001688
-000350
-002096
-002154
-000699
0001397
0003026
0002619
0001106
0000640
0001047
0001047
0000698
-000408
-000990
0001688
0004598
0001746
-003144
-001572
0003201
0003259
0000465
-000583
0000698
0004715
0007800
0003900
-003260
-005996
-004425
-001747
-000059
-002678
-007044
-007743
-004890
-000699
0003259
0005064
0004598
0003201
0001979
0002852
0004132
0001571
-001863
-000815
0003085
0005471
0005297
0002212
-001630
-002678
-001165
0001106
0002910
0003259
0002270
0000989
0000640
0003259
0006519
0006403
0003783
0001571
0000698
0002095
0003434
-000641
-005822
-003377
0002968
0004889
0002095
-003842
-008732
-005763
0001280
0003900
0002095
-001339
-003668
-000175
0005180
0004074
-001339
-004948
-006171
-006054
-004716
-002795
-001281
-001048
-001747
-002387
-002271
-000874
0000931
0002037
0000756
-005705
-012690
-012050
-006462
-003377
-002853
-002504
-002504
-002969
-003260
-002213
-000874
-001281
-002620
-003086
-003260
-005647
-007626
-004133
0001280
0001862
-001107
-003435
-003493
0000349
0005821
0008848
0008964
0008091
0005238
-001514
-007975
-007102
-002620
-004483
-007859
-001398
0007683
0004656
-004948
-006695
-004075
-007393
-013389
-014728
-012807
-012225
-012108
-010420
-007510
-003726
-001456
-004366
-009256
-010304
-006869
0000058
0006868
0008789
0006228
0002794
-000583
-003901
-005705
-004599
-002853
-004716
-009023
-013505
-014844
-008732
-000175
0000523
-002969
0000058
0004947
0001397
-005880
-006229
-002504
-003260
-005647
-002620
0002328
0000989
-002154
0003376
0011001
0006810
-002795
-002795
0002561
0001804
-002969
-005414
-006404
-010187
-011934
-003551
0009080
0014669
0013155
0009488
0004482
-001107
-006171
-011061
-013796
-012399
-007975
-003551
0000349
0004831
0007043
0002561
-004250
-005007
-001339
0000873
0001164
0000116
-001165
-000641
0001164
0002677
0003318
0002968
0001455
-001281
-003610
-002969
-001048
-001980
-004192
-003784
-001456
0000523
0001804
0002561
0002735
0002561
0002153
0001688
0001804
0003550
0005471
0004540
0002444
0003259
0005297
0004598
0002270
0000931
0001280
0003667
0006752
0008498
0007800
0003841
-000757
-001630
0000465
0002503
0003434
0002328
0000873
0002386
0005355
0006577
0005937
0004482
0003143
0003085
0003958
0004540
0004365
0003492
0001862
-000408
-002678
-004425
-004599
-001980
0002095
0005530
0006461
0002677
-002271
-001747
0002503
0005180
0005762
0004831
0004074
0007392
0010652
0005471
-002387
-000699
0005995
0005762
0002212
0005762
0010710
0004656
-004774
-001398
0008440
0009022
0003667
0002735
0004365
0002328
-000117
0003841
0009430
0007567
0001047
-002853
-003202
-000932
0002153
0002619
0001280
0001455
0002153
0000814
-000583
0001979
0005995
0006170
0003550
0001338
0000640
0002386
0004831
0004016
0001746
0002561
0004191
0001746
-002038
-001048
0002444
0002677
0000931
0001164
0002328
0001979
0000698
0000000
0000232
0001688
0003201
0002794
0001979
0004773
0007625
0003609
-003086
-003726
0000058
0002270
0002794
0002677
0002212
0002386
0002386
0000174
-002154
-000292
0003434
0004191
0002561
0001280
0000640
0000465
0000931
0002386
0003550
0002037
-000292
0000291
0002386
0002212
0000582
0000000
0000407
0001455
0002095
0000465
-001863
-001165
0000698
-000699
-003086
-001107
0002794
0003376
0001338
-000059
-000757
-001223
-001339
-001339
-001223
-000815
-000583
-000990
-001630
-002213
-001398
0003783
0008498
0004365
-004075
-006637
-004133
-001863
-000059
0001979
0002968
0001571
-001048
-002271
-001747
-000117
0002037
0004249
0004773
0000814
-004308
-004308
-000699
0002212
0002503
-001689
-007044
-007219
-004017
-002969
-003493
-003027
-002154
-002271
-002969
-003202
-002387
0000640
0003376
0001164
-003086
-002620
0000116
-001398
-004308
-002445
0001688
0002328
0000058
-002445
-004075
-004075
-002620
-000408
0000931
-000990
-004075
-003784
-001514
-000990
-001921
-002620
-003027
-003493
-003435
-001805
0000058
-000408
-002154
-002853
-002329
-000757
0000698
0000058
-001281
0000291
0003143
0003725
0003318
0005588
0008265
0007101
0003376
0000407
-001281
-002620
-002853
-001398
0000756
0002095
0001746
-000932
-003610
-001921
0001862
0002794
0001164
-000932
-002620
-003202
-002154
0001047
0004016
0002735
-000524
-000408
0001688
0001455
0000465
0003318
0005704
-000292
-009664
-012050
-008383
-004308
-000757
0002561
0003725
0000698
-003610
-003377
0000000
0002212
0002503
0000291
-001689
0002095
0007043
0003376
-004133
-004774
-000932
-000408
-001456
0001164
0004132
0000989
-004599
-005298
-002271
0000174
0001047
-000699
-002562
0000291
0005006
0005355
0002619
0000873
0000523
0000931
0001862
0002561
0002735
0002386
0001804
0001571
0001629
0001804
0002095
0002852
0002910
-000059
-002620
0001804
0008207
0006868
0000465
-003319
-003260
0000698
0005471
0005180
0002212
0002968
0005413
0004540
0001688
-000175
-000233
0002561
0005238
0002444
-002445
-001863
0001804
0001920
0000232
0002095
0004773
0003085
-001048
-002736
-002213
-001456
-000932
-001223
-001456
0000349
0002910
0003783
0003085
0001688
0000640
0001397
0002444
0000698
-002329
-003726
-002387
0002503
0007625
0007159
0003143
0001455
0001688
0001338
0000640
-000292
-000524
0001688
0004598
0004947
0003376
0002386
0002328
0003259
0004307
0003725
0002270
0001979
0002444
0002328
0002270
0003725
0005006
0003201
-000408
-002969
-003435
-000641
0002328
-000641
-005763
-004832
-000175
0002153
0001688
-000990
-003377
-000699
0003900
0003376
0000116
0000523
0002852
0002794
0001338
0001222
0002212
0003143
0003667
0003318
0002444
0001979
0002212
0003550
0004947
0004191
0002910
0004947
0007451
0004889
-000233
-002736
-001339
0004424
0010012
0007159
0000407
0000698
0005122
0005704
0003143
-000233
-001805
0002852
0008789
0006810
-000059
-004308
-004308
0001047
0006636
0002328
-004948
-000175
0010186
0010885
0005588
0005937
0008265
0003259
-003144
0001455
0010303
0008207
0000291
-000699
0003143
0004540
0004191
0005180
0005937
0003725
0000174
-001630
-001165
0001688
0004656
0003841
0001338
0002328
0004656
0003201
0000349
0001455
0004598
0005006
0003550
0003201
0003201
0001571
-000233
0000873
0002910
0001280
-001863
-001921
0000174
0001397
0002095
0003783
0004889
0002794
-000815
-002795
-002504
-000466
0002212
0003841
0004249
0004482
0003550
-000699
-004774
-002678
0002386
0003259
0000756
-001281
-002213
-001980
-000874
0000232
0000989
0001688
0001979
0001862
0000989
-001572
-003784
-001921
0001222
-000233
-003493
-002038
0002503
0006461
0007742
0004074
-001339
-001980
0000523
0000698
-000641
-001223
-001107
-001339
-000990
0001397
0004016
0003783
0001629
0000116
0000174
0002153
0005238
0008091
0009430
0008033
0005355
0003783
0004598
0009139
0013446
0010652
0003841
0000523
0000116
-001223
-002387
-001107
0001106
0001920
0000989
-001398
-003377
-001805
0001746
0003550
0003376
0001571
0000174
0003259
0007392
0005297
0000640
0001746
0006228
0008324
0006868
0001629
-003842
-003260
0001106
0003143
0002444
0000000
-001980
0000465
0004424
0003667
0000931
0003143
0007334
0006636
0002968
0001455
0001397
0000000
-000932
0001979
0006228
0007392
0005530
0002677
0000232
0000058
0001047
0000291
-000932
0000407
0003085
0004656
0004715
0003725
0002735
0003725
0005471
0005180
0003376
0001455
0000174
0000756
0001979
0001280
-000350
-000233
0000931
0001106
0000756
0001164
0001571
0000582
-000874
-000932
0000058
0000756
0001106
0001571
0001397
-000524
-002795
-003668
-002154
0003376
0007742
0001397
-008150
-004774
0004598
0002677
-004716
-002038
0004132
-001980
-011643
-005763
0006810
0006170
-003319
-007859
-008092
-009314
-009256
-003202
0003259
-000350
-008441
-008208
-003319
-004541
-008092
-004425
0002037
0001746
-002329
-002154
-000233
-003668
-007975
-004075
0002735
0001047
-005414
-007277
-005822
-006229
-007684
-008325
-007743
-005705
-003493
-003551
-004832
-004250
-003027
-004075
-006345
-007510
-007684
-007859
-008208
-009547
-010478
-008849
-005763
-003202
-003144
-008674
-014437
-010071
-001747
-003319
-010246
-010537
-007219
-009256
-012690
-008616
-001980
-003144
-008616
-009198
-006171
-003784
-002969
-004483
-006986
-007393
-006578
-007219
-008441
-008790
-007743
-004774
-002620
-006345
-011934
-011643
-007219
-003901
-003435
-007626
-012283
-009664
-003377
-002387
-005239
-006637
-007102
-008965
-010537
-009198
-005938
-002736
-001165
-002329
-005822
-010770
-014379
-012865
-008732
-007626
-009489
-012458
-014728
-012923
-010478
-015135
-020840
-016125
-004774
0004715
0007683
0000174
-011817
-016998
-014728
-009372
-003202
0000989
0001222
-002911
-010071
-018221
-023227
-020665
-012982
-006054
-002154
-002562
-004716
-001747
0001455
-006054
-016474
-013971
-004948
-005531
-011468
-011352
-006986
-004366
-003551
-002969
-003260
-005880
-008441
-006869
-003202
-001630
-002911
-007219
-011061
-008092
-002620
-004366
-009722
-010187
-006811
-003959
-002620
-003144
-004890
-006345
-006520
-005007
-002445
-000350
0000465
-000408
-002329
-004017
-004716
-003842
-001980
-000466
0000407
0000756
0000116
-001980
-004192
-003901
-002562
-003493
-005239
-004483
-002038
0000000
0001338
0002910
0002735
-002795
-009081
-007801
-001980
0000116
-000757
-000641
-000466
-002096
-004366
-004948
-004192
-003842
-003260
-000990
0000989
-001281
-004133
0000814
0007451
0003026
-006171
-006345
-000175
0003550
0004307
0003434
0001338
-000990
-002911
-004716
-005065
-001980
0002095
0002444
0000523
0000407
0001455
0001513
0000814
-000350
-000641
0002037
0005064
0003434
-001048
-004308
-004832
-001398
0003609
0005937
0005355
0003434
0001571
0001979
0003550
0003609
0002852
0003259
0004540
0005530
0006344
0007159
0008149
0010070
0011118
0008615
0004132
0000931
0000000
0001688
0003958
0002735
0000174
0001280
0004889
0007567
0008906
0009779
0009546
0007276
0004365
0003492
0003958
0003900
0002910
0000349
-001281
0002677
0009139
0012515
0011700
0007159
0002037
0001455
0004365
0006636
0008207
0009954
0011467
0011816
0012049
0014902
0017055
0012457
0004482
0000232
-000408
-001165
-000175
0006344
0013504
0012689
0006344
0001629
-000874
-002562
-003086
-003086
-001398
0004598
0010536
0009080
0004074
0004656
0009371
0013563
0015251
0013039
0007858
0002677
-001863
-007568
-009955
-003027
0009022
0018103
0020723
0015309
0005762
-000699
-002271
0000640
0004365
0002095
-002678
-001921
0002910
0006344
0008615
0011642
0013446
0011467
0006461
0000640
-003668
-004948
-002504
0003725
0009721
0009197
0004889
0004074
0006170
0008498
0009197
0005879
0000407
-003435
-004541
-002154
0000989
-000583
-002736
0003609
0012515
0011758
0004540
0000000
-001456
-001980
-001398
0000000
0001746
0003376
0004773
0006927
0008091
0006112
0002444
0000000
-000466
0000873
0002561
0001280
-000699
0001280
0005530
0008207
0008615
0007043
0004656
0004307
0003841
-001572
-008034
-008558
-004541
-001281
0000873
0003667
0004132
-003027
-011526
-009256
-001398
-000757
-005007
-006520
-005123
-001514
0001804
0000465
-002853
-001514
0000873
-004075
-011468
-011235
-005938
-003260
-002853
-001223
-000292
-003493
-007510
-006229
-001747
0001047
0000698
-003551
-008616
-008499
-005647
-006404
-009372
-010653
-010187
-009198
-007568
-004425
-002271
-005298
-010013
-009256
-004774
-001863
-001165
-001980
-003784
-005589
-006520
-005763
-004250
-004133
-005007
-005589
-005531
-004483
-003784
-006054
-009081
-008616
-005996
-004890
-004832
-003377
-002620
-006229
-011235
-011934
-008965
-004890
-002154
-003551
-007277
-008965
-007219
-003901
0005122
0032752
0032752
-009547
-032752
-032752
-027243
0018569
0032752
0017288
-013040
-011992
0005530
-002911
-023110
-022295
-006986
0003783
0006636
0002328
-006404
-014320
-016998
-010653
0000349
0008091
0008848
0000058
-011468
-013447
-007917
-003842
-001107
0003085
0006461
0005995
0002444
-001456
-004890
-007801
-008790
-006287
-002154
-000059
0000116
0000349
0000814
0001979
0002619
-000292
-003551
-000641
0004074
0001979
-004483
-009081
-010537
-008965
-005880
-005065
-004017
0003434
0012631
0015658
0012457
0006694
-000408
-009140
-014204
-009023
0000873
0003550
0001047
0001513
0003550
0003259
0001571
0001164
0000756
-002736
-006578
-005763
-001572
0001862
0004016
0005995
0006228
0002677
-001921
-002562
-000466
0000582
0000931
0002503
0004307
0004773
0003841
0001513
-000117
0002677
0006868
0006112
0002561
0002037
0003085
0001746
-000699
-001398
-000699
0000174
0000582
-000641
-001805
0000174
0003492
0004598
0003725
0002270
0001920
0005937
0010128
0005879
-001165
0001746
0009255
0008731
0003725
0005006
0008149
0002212
-004948
0002503
0015833
0015716
0007159
0004598
0006170
0004424
0001979
0004482
0008848
0008906
0005762
0002968
0001455
0001629
0002910
0002910
0003318
0007800
0012748
0011525
0006927
0005879
0007451
0007974
0006752
0002794
-000699
0002503
0008091
0007101
0002212
0000640
0002212
0004598
0007101
0008789
0009197
0007916
0006461
0007974
0009721
0005762
0000116
0001280
0006170
0007043
0004947
0004132
0004132
0003143
0001862
0001746
0002095
0001629
0000756
0000523
0000814
0000873
0001338
0003259
0005471
0005704
0005180
0006810
0009139
0008964
0006868
0004074
0002794
0006344
0011060
0009546
0005180
0005995
0009837
0011467
0009546
0002503
-004017
0000291
0009371
0009430
0004482
0005646
0010186
0011060
0008673
0005413
0002968
0003725
0006112
0006519
0005122
0002794
0001106
0002444
0005530
0007276
0007451
0006985
0005995
0004656
0003900
0005122
0007159
0007276
0006344
0007101
0007159
0000873
-006171
-003377
0004424
0006170
0003259
0001397
0001455
0003609
0006170
0005879
0003783
0002968
0002735
0000989
-001048
-000932
0000465
0001106
0000756
-000408
-001747
-002213
-002213
-002445
-003784
-008092
-012399
-012632
-008208
0001222
0009604
0005879
0000174
0015251
0032752
0028348
0003434
-018221
-026486
-011701
0011001
0010477
-003784
-003319
0003958
-003493
-015776
-012108
0000698
0005646
0003725
0002037
0000582
-001223
-003610
-008383
-012050
-010013
-002795
0007916
0015833
0012282
0002444
-002213
-000350
0005413
0011758
0014028
0010245
-000292
-011934
-016649
-012690
-001048
0010361
0008848
-000757
-004716
-003668
-003551
-003726
-002271
-001223
-004017
-007975
-007393
-004425
-004716
-006695
-006229
-004483
-004774
-005356
-001747
0002561
0000640
-004366
-004716
-002853
-005822
-010129
-008266
-003435
-002969
-005472
-006520
-006113
-005996
-005298
-002504
0000523
0000814
-001223
-003842
-005589
-003901
-001572
-004541
-008965
-006578
-000757
0000640
-001281
-002154
-002678
-005414
-007626
-004366
0000523
-000932
-005763
-006637
-004716
-004250
-005007
-005589
-006462
-008907
-010420
-006462
-000932
-001514
-005472
-005996
-003959
-002154
-002445
-007626
-013447
-011235
-005705
-008325
-014204
-012283
-005880
-002911
-003901
-007684
-011352
-010362
-006462
-004425
-004948
-007801
-010886
-010828
-008383
-005880
-005007
-008034
-012283
-012574
-009314
-004599
-001281
-002969
-007335
-008325
-007219
-008732
-010828
-009140
-005763
-004948
-005763
-005298
-003959
-002969
-002911
-004250
-006345
-008266
-008325
-003726
0001164
-001689
-008616
-011002
-009431
-007626
-006811
-008441
-010653
-009664
-006171
-002213
-000117
-002911
-007335
-006462
-002853
-002678
-005007
-006229
-006287
-006171
-005356
-002445
0000349
-000408
-003202
-004133
-003319
-002213
-001398
-002096
-003610
-004599
-004948
-005181
-005356
-006287
-006811
-004483
-002154
-005472
-010420
-008499
-002795
-001805
-002911
0001106
0005879
0002503
-005007
-008034
-006229
-001805
0002212
0000640
-003901
-004774
-003260
-003842
-005356
-005298
-003610
-000175
0002444
0000291
-004017
-004716
-002911
-002445
-002154
0001047
0005006
0005821
0003958
0001862
-000175
-002271
-003319
-001805
0000116
-001863
-005414
-005356
-002154
0002037
0005355
0005530
0003318
0001106
0000232
0001455
0004424
0008265
0010361
0006461
0000756
0001979
0006694
0005879
0002328
0003434
0005937
0001920
-003551
-000059
0007159
0005821
0000116
0000465
0004773
0006577
0006344
0006752
0006636
0003492
0000000
0001222
0004831
0005297
0003841
0003958
0004947
0004598
0003667
0004016
0004831
0004191
0002561
0000523
-000408
0002444
0006053
0004482
0000931
0003026
0007625
0007101
0003783
0004132
0005821
0003026
-001048
0000000
0004132
0006344
0006286
0005006
0003492
0003259
0004424
0006112
0007974
0010303
0011234
0008207
0003958
0003841
0006461
0007392
0007101
0007567
0008498
0009313
0010070
0011176
0011292
0007974
0004249
0005588
0009604
0009895
0007974
0007683
0009080
0011118
0012573
0011292
0009139
0010594
0012573
0008498
0002328
0002386
0006636
0009080
0009779
0010827
0011409
0010419
0009022
0009197
0010594
0012224
0012864
0011060
0007974
0005995
0006170
0008964
0012398
0013388
0011758
0009080
0006461
0005646
0006053
0004773
0004132
0009139
0014727
0011118
0003492
0003492
0008149
0008906
0006519
0004074
0003143
0005646
0009604
0011060
0010128
0008848
0006927
0003318
0000698
0003201
0008207
0009895
0008673
0007392
0006112
0004365
0003492
0005646
0008615
0007974
0005180
0004598
0005297
0004482
0003550
0005413
0008265
0007974
0006286
0007451
0009430
0007683
0003958
0002444
0002561
0001804
0000640
0000174
0000174
0000058
-000059
0000174
0000291
-000466
-001223
-000466
0001280
0002852
0003900
0003958
0003783
0005006
0006286
0004947
0002153
0000698
0000523
0000523
0000058
-001863
-003726
-002969
-000059
0003667
0006403
0005471
0003026
0003900
0005879
0002910
-001165
0001979
0007334
0003434
-003959
-002387
0004016
0004656
0001047
-001689
-001689
0003259
0009546
0010769
0007392
0002561
-000757
0002270
0005937
-002154
-013505
-010944
-000233
0004016
0001979
-001921
-005181
-003842
-000583
-001572
-004890
-005589
-004250
-003260
-003086
-004308
-005414
-003377
-000524
-001456
-005065
-008441
-009547
-006054
-000990
0000174
-002562
-007568
-011061
-007044
-000524
-002329
-008034
-006578
-001107
0000116
-001514
-001339
-000175
-000175
-001107
-002038
-003610
-007393
-011177
-011759
-009198
-004716
-001048
-002038
-005938
-008325
-008965
-009664
-009547
-007219
-003959
-001630
-000815
-001223
-002387
-003319
-003493
-002387
-001339
-003202
-005880
-005239
-002562
-000990
-001165
-003202
-006113
-007801
-008441
-009140
-009664
-009722
-008965
-006578
-004541
-006578
-010013
-009431
-006287
-004832
-005065
-005763
-006928
-008907
-010187
-009023
-006229
-003493
-002329
-004599
-007743
-006287
-002795
-003435
-006578
-007743
-007568
-008790
-009722
-007160
-003901
-005822
-009896
-009547
-006520
-005763
-006928
-008383
-009664
-010653
-010420
-007684
-004250
-003726
-004832
-004017
-002504
-003784
-005938
-005239
-003027
-002969
-003959
-003610
-002154
-000408
0000407
-001514
-004308
-004308
-002911
-003726
-005356
-003842
-001921
-005880
-011468
-009722
-004832
-006928
-012632
-013971
-011119
-006404
-002213
-001863
-004250
-005298
-005647
-007917
-010129
-008965
-005938
-005007
-005472
-004832
-003901
-004832
-006171
-005589
-003493
-001572
-000583
-001107
-002678
-004308
-005065
-004192
-002038
0000291
0002270
0003841
0004365
0002677
0000523
0001979
0003492
-002911
-010129
-004250
0007683
0010827
0005355
-003610
-011002
-010071
-003319
0001688
0004598
0008207
0009954
0006519
0000116
-005065
-007451
-007102
-004366
-000524
0002910
0003667
0004132
0010419
0015949
0007451
-005763
-004716
0004598
0005413
0001280
0002968
0006985
0005646
0001746
0002270
0004482
0001106
-003086
0002270
0010594
0007858
-000350
-000641
0004715
0008557
0008731
0003259
-003551
-003901
0000407
0003318
0004656
0005937
0006461
0005297
0003609
0003318
0003609
0002328
0000465
-000059
0000756
0001979
0003376
0004715
0005530
0005530
0004831
0003841
0002444
-000175
-001921
0000814
0004889
0003492
-000292
0001338
0005413
0004540
0001397
0002328
0005762
0007334
0007218
0007043
0006577
0004656
0002852
0003376
0005355
0006519
0006636
0005646
0005064
0007800
0011292
0010245
0006228
0003725
0002328
-000466
-002445
0000232
0004773
0005180
0003259
0004424
0006694
0005471
0002794
0003434
0005646
0005122
0003376
0004424
0006636
0006403
0004482
0002735
0002037
0003492
0005530
0005413
0003434
0000523
-001048
0001920
0006985
0009255
0008324
0004889
0001397
0001746
0004132
0003667
0001688
0001804
0003259
0004482
0005006
0004598
0003725
0003434
0003667
0004016
0004016
0003026
0001746
0001688
0002561
0003434
0004191
0005238
0005937
0005646
0004540
0003026
0002153
0003376
0005180
0004482
0002037
-000117
-001281
-001398
0000291
0004831
0009430
0008964
0006053
0007800
0010536
0005821
-000874
0001746
0009546
0012282
0010186
0006868
0003609
0002270
0002328
0001397
0000756
0003026
0006286
0007218
0005821
0003492
0001106
-000408
-000524
0000931
0002910
0003841
0003609
0002910
0002270
0002153
0002910
0005064
0006636
0004074
0000116
0000116
0002735
0003318
0002503
0002503
0003026
0003143
0003434
0004656
0006519
0008906
0009663
0005588
-000175
-001863
0000349
0004249
0006868
0003841
-001281
-000641
0003609
0005588
0004249
-000175
-005705
-009722
-009955
-004541
0002794
0005355
0003841
0002386
0001513
0001047
0001280
0002095
0003085
0003958
0003900
0002037
-000292
-000233
0000698
-001747
-004948
-003551
-000117
-000583
-003435
-004774
-004308
-002678
-000524
0000756
0001746
0004656
0007101
0004715
0000116
-000990
-000117
-002445
-005239
-002969
0001979
0004249
0003609
0001397
-000350
0002095
0005762
0004191
0000116
0000640
0003434
0002561
-000350
-001398
-000583
0001164
0002212
0000000
-003202
-002213
0000640
-000059
-002445
-001747
0000407
-000059
-002038
-002678
-002504
-003435
-004425
-003202
-001048
-000350
-000408
0001280
0002910
0000931
-002154
-001107
0001920
0001979
-000292
-002504
-003842
-003551
-002795
-004017
-005705
-004425
-001398
0001280
0002095
-000757
-004599
-004599
-001747
0000989
0001746
-001689
-006462
-007219
-004425
-000815
0001746
0000873
-001514
-001223
0000873
0001397
0001222
0003085
0004889
0002561
-000990
0000407
0003958
0003492
-000233
-004192
-006578
-005531
-002504
-001398
-001456
0000523
0001920
-002213
-007975
-008092
-003319
0002910
0007334
0005704
0001047
0001397
0003783
0000291
-004425
-000350
0006985
0004947
-001863
-001747
0001862
-000292
-004948
-004541
-001107
-000059
-001223
-003086
-004133
-002213
0000465
-001048
-004250
-003668
-000175
0003143
0005006
0004249
0001455
-002096
-004425
-003610
-000466
0002794
0004598
0003900
0000873
-004017
-007335
-003610
0002852
0003026
-001223
-004308
-004599
-001107
0003900
0005995
0005646
0006170
0006461
0004191
0001164
0000407
0001688
0004249
0005471
0001047
-004192
-000524
0006694
0004947
-001339
-000641
0003085
-000641
-006520
-002911
0004365
0002677
-004075
-006171
-003726
0000407
0004249
0005413
0004074
0002270
0000000
-003377
-006637
-008558
-008383
-006404
-002620
0002910
0008091
0010710
0009954
0006053
0000814
-002911
-004832
-007451
-008092
-003027
0004831
0010128
0011292
0008848
0004365
0000756
-000874
-001107
0000523
0004424
0008149
0008382
0005879
0003085
0001280
0001571
0002910
0003026
0001804
-000117
-001805
-002213
-001398
-000350
0000814
0002153
0003318
0004132
0003900
0001862
-000408
-000059
0001397
0000058
-002620
-003726
-002911
-000583
0001629
0000814
-001630
-002154
-001223
-001339
-001165
0002212
0005762
0003958
-000233
0000174
0003376
0004132
0003026
0002386
0001979
0000931
-000233
-000932
-001281
-002213
-002911
-001805
0000000
0000349
-000117
0000465
0001513
0001862
0001513
0001455
0000698
-003027
-006753
-005298
-000990
0000465
-000699
-002271
-003784
-005007
-005007
-002329
0000814
0000407
-001921
-002154
-000466
0002037
0003958
0003958
0002095
-000932
-002445
0001746
0007916
0009197
0006053
0001571
-001689
-000874
0002386
0003783
0003026
0000931
-000524
0001746
0005297
0004656
0001746
0001862
0003026
0000465
-003086
-002096
0001513
0002910
0002270
0001629
0000873
-000466
-001456
-000466
0001106
0000407
-001514
-001689
-000990
-001630
-002911
-003086
-002736
-003668
-004599
-003144
-000583
0000582
0000116
-001398
-002620
-001630
0000582
0001629
0002037
0003725
0005413
0004074
0001920
0003434
0006403
0006170
0002503
-003726
-008907
-008092
-002911
0002328
0005064
0003318
-000990
-003144
-003144
-002911
-002038
0001280
0003958
0000640
-004192
-001281
0005530
0007218
0004365
0000582
-002504
-003901
-003144
-000233
0001629
-003319
-009547
-005996
0002386
0003783
0000640
0001164
0002968
0000349
-004948
-009605
-011119
-006869
-000466
0001047
-001805
-005938
-008266
-004425
0001629
0001338
-002736
-003551
-001863
-000815
-000583
-001165
-002154
-002504
-002969
-005472
-007684
-005356
-000932
0000000
-001572
-001747
-001398
-002445
-004483
-006928
-008150
-005647
-002096
-002853
-006404
-008558
-008849
-008150
-006695
-005007
-003842
-003668
-004716
-007277
-009140
-006462
-002387
-003435
-007160
-007801
-005705
-003144
-001339
-001281
-003668
-009489
-014553
-012283
-005822
-003260
-003726
-002969
-001863
-002387
-003901
-005007
-005298
-004483
-003493
-004192
-005938
-007044
-006986
-005938
-003784
0000349
0002910
-002038
-009431
-009256
-004017
-001281
-001630
-003842
-006287
-006054
-004250
-004017
-005123
-006462
-007335
-006811
-005996
-007335
-009256
-008907
-006287
-001980
0001222
-001223
-006229
-007160
-005181
-004948
-005123
-001805
0001979
0000814
-003086
-004075
-002795
-001980
-001863
-002504
-003086
-002329
-000699
0000523
0001222
0001746
0001979
0002212
0001222
-003377
-008034
-006520
-001689
-000408
-002271
-004425
-005763
-004425
-002562
-004308
-007510
-007568
-005007
-001921
0000000
-001281
-004192
-005065
-004075
-002795
-001689
-000932
-000641
-000175
-000117
-001630
-003551
-003377
-002504
-004366
-007044
-006054
-003377
-003493
-005414
-006113
-005298
-002562
-000524
-004541
-009838
-006462
0000698
0000232
-004075
-002504
0001920
0001979
-001165
-003784
-004657
-003202
-000117
0002968
0005064
0005821
0004773
0001804
-001398
-002096
-001107
-000408
-000990
-004192
-007451
-006520
-002620
0001338
0002852
-000815
-006462
-007801
-005705
-004192
-003726
-004250
-005356
-006113
-006171
-005705
-004890
-004017
-003202
-002096
-001689
-003668
-005938
-005007
-001921
0000291
0000989
0000698
-000583
-002853
-004483
-002795
0000232
0000407
-001048
-000175
0001164
-000641
-004308
-007160
-007975
-005472
-001980
-001572
-003551
-005763
-006171
-001572
0004016
0003085
-001689
-002969
-001863
-002620
-003842
-002795
-000233
0002095
0003376
0002852
0001397
0000814
0000756
-000524
-001921
-001456
-000117
-000583
-001514
-000059
0001746
-000350
-004250
-005705
-004133
0000465
0004191
0000465
-006113
-005705
-000874
0000756
-000117
-000233
0000174
0000058
-000117
0000291
0000814
0000465
-000350
-000583
-000408
-001048
-001339
0000756
0003550
0003550
0001746
0001222
0001397
0000582
-000524
-000757
0000174
0002444
0004365
0002735
-000117
0000582
0003026
0002677
0000465
0000000
-000408
-004948
-009605
-007044
-000292
0003376
0004074
0005180
0005588
0003725
0000814
-000932
-001398
-001398
-001281
-001223
-001747
-003901
-005239
-000815
0004947
0003667
-002213
-005996
-006753
-005356
-002795
-001398
-000990
-000233
0000291
-000699
-001921
-001165
0000873
0002503
0002968
0001862
-000117
-001980
-002620
-000466
0002444
0002212
0000058
-000699
0000116
0002153
0003201
-001048
-005938
-002213
0005064
0004656
-000699
-003027
-002154
-000117
0001920
0002212
0000407
-003260
-006054
-003435
0001222
0000873
-003086
-006054
-006404
-002853
0002270
0004365
0003667
0002735
0002095
0001746
0001862
0002095
0001979
0000756
-000117
0000465
0005530
0021305
0032752
0027999
0000232
-032752
-032752
-032752
0032752
0032752
-000583
-005531
0013272
0008789
-009431
-018570
-015834
-002620
0012398
0015076
0006985
-002678
-010246
-013214
-010071
-000990
0008091
0008265
0001513
-004425
-007917
-009722
-007801
0000000
0009197
0012864
0010186
0003725
-003668
-008266
-008674
-005589
-000874
0002270
0003143
0002852
0001629
-000175
-001630
-001805
-001514
-002853
-004774
-004890
-003668
-003027
-002562
-000815
0000931
0000523
-000757
0000000
0001513
0001222
-000815
-003842
-005763
-002736
0001688
0000349
-003959
-004541
-002154
0000582
0001746
-001281
-005356
-004250
-000059
0001629
0001688
0004424
0006344
0000523
-006637
-002853
0006752
0010245
0007974
0004307
0001164
0001455
0002212
-003668
-011293
-011584
-005763
0001280
0006112
0004132
-000175
0003026
0010128
0013039
0011060
0006461
0000465
-005298
-008674
-007975
-004366
-000990
0001629
0004249
0005995
0006344
0004947
0001629
-002096
-004366
-005181
-006054
-006171
-004366
-001514
0001047
0002677
0003609
0003143
0000931
-002445
-005822
-008732
-012108
-012923
-006462
0003026
0007392
0007567
0009313
0010710
0008149
0002619
-004657
-009314
-005298
0002794
0004424
0002444
0006053
0011001
0008033
0002095
0004482
0009779
0005588
-003086
-004832
-001572
-000233
-000175
0001047
0003376
0007334
0009895
0006519
0000058
-003493
-003668
-001921
0000000
-001747
-003493
0002794
0011292
0010361
0003667
0001338
0002212
0001688
-000175
-003144
-005181
-002678
0001397
0000058
-002736
0002619
0009721
0005704
-004192
-008092
-006113
-002562
0000232
-001339
-004599
-003493
0000756
0004191
0005937
0006228
0004307
-000524
-005996
-008907
-008499
-005647
-000932
0004656
0009721
0013039
0015018
0017405
0019675
0021712
0020664
0012107
0000698
-005589
-006287
-004948
-002387
0000465
0002270
0002328
0000465
-003086
-005705
-003493
0001047
0002212
0000931
0000931
0001979
0002503
0003434
0006927
0010827
0011409
0009488
0008498
0007276
0002503
-002387
-001456
0002503
0002619
-000175
-002271
-003435
-004366
-004133
-001630
0001047
-000059
-002795
-002271
0000465
0002037
0002794
0004482
0006228
0007043
0006112
0002444
-002271
-004774
-005472
-007801
-008034
0000814
0011875
0011875
0006403
0009022
0017521
0028523
0029804
0000698
-032752
-028175
0001862
0012340
0006636
0004016
0004191
0004540
0004831
0003667
0002444
0003958
0006403
0005937
0004016
0004074
0005297
0004831
0004074
0006053
0008906
0008557
0006286
0005879
0005821
0002561
-001456
-001863
0000756
0004307
0006403
0003725
-000815
-001630
0000756
0003550
0005064
0003434
-000059
-002620
-003493
-002678
-000815
0000523
0001571
0003318
0005413
0007625
0008324
0004889
0000523
0001688
0005355
0004307
0000756
0000407
0001862
0001280
-001165
-004599
-007102
-005996
-002445
0000174
0001629
0003085
0003783
0002735
0001397
0002735
0004132
0000232
-005822
-008325
-006811
-002678
0000931
-000874
-005414
-006054
-003610
-001281
0000116
0000349
-000583
-001805
-002795
-002387
-001921
-004716
-007743
-005356
-000350
0001106
-000292
-001398
-001863
-001281
-001048
-004250
-008441
-008616
-006345
-006171
-006811
-004890
-001805
-000292
-000757
-002795
-005239
-006113
-005705
-005589
-005589
-005065
-004716
-005705
-006986
-006520
-005181
-005356
-005938
-004133
-001689
-002504
-004599
-003377
-001107
-002795
-006345
-007102
-005298
-002096
-000117
-003319
-008790
-010886
-008965
-004599
0000000
0001629
-000292
-005123
-009896
-010362
-007451
-004832
-003435
-003086
-004075
-006404
-008383
-006986
-004599
-006345
-010129
-011061
-009838
-009372
-009023
-006578
-004716
-008616
-014146
-013040
-007975
-006113
-006986
-007684
-007975
-007451
-006520
-006229
-006637
-007917
-009372
-010187
-009780
-007451
-004250
-001747
-001165
-003435
-007102
-009372
-010071
-010362
-009896
-008383
-005705
-000990
0002561
0000000
-005531
-006753
-005007
-005356
-006578
-005298
-003493
-005356
-008034
-005356
-000466
-000233
-002795
-002504
-000699
-000641
-002329
-005298
-007568
-005938
-002911
-004425
-007335
-004192
0001455
0002386
-000815
-004832
-007568
-005822
-002445
-004017
-007102
-003726
0002270
0002735
-000408
-001107
-000932
-004657
-008441
-005065
0001571
0002852
0000582
0000640
0001746
0000582
-001689
-002795
-001921
0001629
0004889
0002910
-002213
-005647
-006054
-003027
0001222
0002735
0001862
0001280
0000756
-000524
-002038
-003610
-003668
0000174
0005064
0005413
0003201
0004365
0006519
0004598
0000523
-001281
-000699
0001106
0002852
0002561
0000582
-001456
-003086
-004599
-005414
-005356
-004308
-002504
0000582
0006286
0011991
0014261
0012806
0008557
0005064
0007567
0013504
0016590
0015484
0010012
0003085
-000874
-000117
0005995
0013330
0015367
0012049
0005879
0000698
0002153
0006344
0003609
-001398
0001571
0008848
0012049
0010419
0004889
0000000
0003259
0009954
0008789
0003725
0005471
0009488
0005064
-002911
-004541
-000350
0005530
0010070
0009663
0005530
0001979
0000523
0002153
0005588
0007159
0008149
0012631
0016531
0011642
0004191
0007218
0014960
0013504
0006810
0006053
0008149
0004074
-000466
0006577
0017463
0015600
0006985
0007218
0012049
0010186
0004947
0004598
0006985
0005821
0003550
0005471
0009430
0011176
0009954
0005646
0000873
-000466
0001164
0002852
0004365
0005762
0007043
0008557
0010128
0012166
0012515
0006927
0000349
0001920
0008033
0008964
0006461
0006344
0007742
0008615
0008382
0005879
0004249
0009371
0016124
0014610
0008033
0004831
0005180
0006461
0008382
0010477
0011176
0008557
0004307
0001979
0002153
0003841
0006228
0007858
0008207
0007625
0005995
0003085
0000523
0001047
0003143
0003318
0002386
0002619
0004132
0007043
0008615
0004482
-001572
-001805
0002037
0004191
0004656
0005413
0005413
0003085
-000350
-003551
-004308
0000232
0006053
0005355
0001513
0003434
0007800
0006286
0002444
0004831
0009197
0005238
-001514
0001106
0007683
0004656
-001863
0002386
0010536
0007451
-002562
-008499
-008907
-004716
0000640
0000349
-003086
-002853
-000641
-001339
-003319
-002678
-000641
-000059
-000350
0000465
0001688
0002037
0000931
-002271
-005822
-006986
-005880
-003842
-001514
0001222
0002037
-002445
-008790
-010537
-007859
-003144
0001106
0002037
0000058
-002038
-003668
-004716
-004716
-003377
-001514
-000408
-000641
-002271
-004716
-007160
-008732
-009081
-008266
-006637
-005414
-005822
-007510
-009489
-010420
-008499
-005705
-005938
-008208
-009256
-009780
-012399
-015019
-013505
-010246
-010595
-012574
-010828
-007801
-008965
-011876
-010653
-007859
-009256
-012516
-012108
-009722
-009722
-010653
-008616
-005356
-004250
-004774
-004774
-004599
-005181
-006404
-007975
-009081
-008616
-007219
-006637
-006229
-004366
-002096
-000990
-001630
-004075
-007044
-008616
-008790
-008732
-008383
-007743
-006869
-005239
-003959
-004716
-006578
-007393
-007044
-005880
-004483
-003784
-003901
-004483
-005589
-007568
-009431
-010187
-009256
-006054
-002445
-000932
-001572
-003377
-004774
-003260
-000874
-002096
-004716
-003726
-000990
-000699
-002154
-003202
-003144
-001456
0001222
0003492
0005180
0007218
0008440
0007392
0003783
-002213
-008092
-010770
-009722
-006229
-002329
-000757
-001747
-004425
-006462
-003260
