-000292
0000756
0002037
0000756
-002329
-005123
-006229
-004425
-001514
-001630
-003377
-002969
-001689
-002504
-004017
-003377
-001048
0001746
0003201
0000698
-002736
-000699
0004016
0005064
0003259
0001979
0001979
0004191
0006636
0005530
0002735
0002735
0004598
0005646
0005413
0003783
0001746
0001222
0001571
0000349
-000932
0000814
0004074
0005937
0005821
0003667
0001047
0000291
0001047
0001164
0000756
0000232
0000116
0000931
0001920
0001513
0000058
-001398
-002096
-001107
0000465
0000873
-000117
-001863
-003377
-003202
-001630
0000174
0001222
0000232
-001514
-001223
0000291
0000523
0000349
0001571
0003609
0005588
0006344
0004424
0001746
0001979
0003958
0004598
0003900
0003085
0001920
-000350
-001980
-000641
0002561
0005180
0006228
0005530
0003725
0001629
0000523
0001862
0003783
0002328
-000699
-001456
-000175
0001804
0003259
0002968
0000756
-003202
-006462
-005123
-001223
-000117
-000815
0000291
0001280
-002271
-006520
-003959
0001804
0002444
-000059
0000232
0002212
0002503
0001629
0000756
0000232
0000232
0000756
0001979
0002852
0001571
-000233
0000523
0003085
0005355
0006694
0006868
0005995
0004540
0003026
0002328
0002270
0002037
0001920
0002386
0002677
0001338
-000583
-000524
0000582
0000523
-000350
-000757
-000699
-000117
-000175
-003551
-006869
-003842
0002095
0003259
0001047
0000814
0001397
-000641
-003551
-004483
-002911
0001106
0004947
0004598
0001513
-000292
-000175
0001920
0003783
0000989
-003551
-003726
-000757
0001629
0002444
0001106
-000990
-001107
0000291
0001397
0001920
0001804
0001513
0001688
0002444
0003841
0004424
0001746
-002504
-005065
-005181
-002678
0000232
-000292
-002911
-004017
-002969
0000058
0003434
0004947
0004074
0000989
-002504
-003668
-002678
-001223
-000117
-000466
-000990
0001513
0005006
0005238
0003550
0003841
0005006
0004074
0002270
0002153
0002910
0001746
0000349
0002095
0004773
0003900
0000989
-000233
-000059
-000408
-001165
-002096
-002911
-003319
-003202
-002969
-002795
-002853
-003202
-003901
-004366
-003842
-003027
-003144
-004075
-005239
-005589
-003551
-000699
-000466
-001689
-001281
0000232
0001571
0001979
0000523
-001921
-003959
-004483
-002853
0000232
0003667
0006170
0007334
0006403
0002677
-000932
0000756
0004540
0003143
-000583
0000640
0004540
0005471
0004482
0005297
0006228
0003783
-000292
-002445
-002038
0000873
0004249
0004831
0002852
0000407
-001980
-004774
-005880
-002329
0002328
0001746
-002620
-006229
-007743
-006578
-003959
-002969
-003377
-003842
-003901
-003086
-001921
-001863
-001980
0000000
0002328
0001338
-001456
-002736
-001921
0000523
0003550
0005530
0006170
0005995
0005180
0003783
0002794
0003143
0004598
0005879
0006694
0007392
0006985
0004132
0000174
-003086
-004075
-001747
0002386
0005471
0006519
0005471
0002794
-000408
-002504
-001572
0001047
0002677
0002328
-000932
-004366
-003144
0000756
0002095
0001280
0001047
0000873
-000641
-002271
-002329
-001339
-000990
-001339
-002504
-003144
-000874
0002212
0001979
-000350
-001339
-001339
-002038
-002969
-003027
-002678
-003319
-003842
-002387
0000232
0002212
0002619
0001047
-001398
-002504
-002096
-000699
0000582
-000292
-001921
-000815
0001106
-000292
-002736
-001165
0002212
0002212
0000232
0000000
0001106
0002444
0002503
-001572
-006404
-005589
-001339
0000465
0000640
0002153
0004132
0004889
0004249
0002153
0000232
0001455
0003958
0003609
0001338
0000291
0000116
-000641
-001456
-001339
-000699
-000815
-001107
0000291
0001455
-001339
-005414
-004890
-002038
-002562
-004425
-002329
0001280
0001047
-001398
-001572
-000641
-001689
-003726
-004366
-003668
-002445
-001456
-001980
-002795
-000932
0001338
-000641
-004133
-003086
0000465
0001222
-000233
-000932
-001165
-002213
-003144
-002271
-000408
0000349
0001164
0004831
0008557
0006868
0002561
0002153
0004191
0004365
0003143
0002212
0001804
0002503
0002910
0000349
-003027
-002853
-000466
0000407
-000466
-002271
-004075
-004308
-003901
-005414
-007219
-005763
-003260
-004366
-007044
-006695
-004599
-004308
-005414
-006637
-006928
-004890
-001921
-001281
-001747
0000000
0002444
0002677
0001455
0001455
0001688
-000059
-002096
-000815
0001920
0001979
0000465
0000058
0001338
0004773
0007800
0005879
0001513
0000058
0001397
0003550
0005122
0004249
0002095
0001688
0002561
0003085
0002794
0001571
0000116
0000000
0000582
-000292
-001805
-002387
-001805
0000116
0001979
0001979
0000174
-002853
-005123
-003784
-000641
0000407
-000408
-000932
-001107
-001281
-001048
0000232
0001688
0001804
0000756
-000233
-000699
0000174
0001397
0000582
-000583
0002328
0005413
0001106
-005996
-006695
-002329
0001920
0004365
0004074
0002095
0000931
0000873
0001047
0001106
0000291
-000990
-001398
-001747
-003842
-006113
-005065
-002678
-003726
-005822
-003086
0001164
-000350
-004832
-005531
-003377
-001863
-001223
-001339
-001980
-002969
-003435
-002445
-000350
0002095
0003900
0004249
0002852
0000058
-002329
-001514
0000814
0000465
-001281
-001165
0000058
0000291
-000524
-001747
-002562
-001980
-000466
0000698
0001455
0002561
0003201
0002212
0000465
-000350
-000117
0000582
0001280
0001338
0000756
0000232
-000815
-003842
-006520
-004483
-000233
0000931
-000641
-002562
-003726
-003027
-001165
0000000
0000465
0000873
0001338
0001746
0002386
0003841
0005297
0005937
0005238
0002270
-000524
0000756
0004074
0004598
0002852
0001397
0000407
-000699
-000757
0002444
0005646
0003026
-002562
-004425
-003202
-002562
-001747
0001280
0004365
0004365
0002095
0000756
0000000
-001805
-003260
-001572
0000989
-000117
-003202
-003784
-002562
-001805
-001339
0000000
0001106
0000116
-001456
-000699
0001571
0002794
0002794
0001746
0000407
-000059
0000640
0002619
0004773
0005588
0005413
0005588
0005879
0005704
0005122
0004773
0004249
0002503
0000873
0001804
0004191
0005646
0005238
0002386
-001107
-002038
-000757
0000698
0001397
0000582
-001339
-002853
-003435
-002736
-001572
-001805
-002911
-003784
-003551
-000815
0001280
-003202
-010129
-011119
-007102
-002853
0000174
0000989
-000175
-002038
-003493
-003493
-001747
0002328
0005762
0003900
-000524
-001456
0000523
0002328
0003492
0004074
0003783
0002561
0001338
0002095
0003667
0003609
0002619
0002852
0003492
0002794
0001688
0002153
0003958
0006286
0007800
0006810
0004074
0001455
0000000
0000582
0001862
0000873
-001281
-001456
-000466
-000408
-001223
-002213
-002853
-002445
-001921
-003319
-005181
-004890
-002562
0000582
0003318
0004307
0003434
0001280
-000757
-000292
0001513
0001688
0001047
0001920
0003143
0002212
0000465
0000698
0002270
0003318
0003667
0003667
0003609
0004482
0005588
0005646
0004773
0003667
0002677
0002270
0002212
0001920
0001164
-000059
-001107
-000990
-000059
0000640
0000814
0000116
-000757
-000641
0000582
0002910
0004540
0002677
-000757
-001339
0000174
0000756
0000582
0000407
0000465
0000989
0001920
0002968
0003667
0003667
0002735
0000582
-001689
-002329
-001805
-001863
-001863
-000350
0001804
0002852
0002794
0002561
0001979
0000698
-000466
-000175
0000465
-001223
-003551
-003260
-000932
0001804
0002794
-001281
-006869
-006811
-003202
-002445
-003086
-001048
0001513
0000349
-002504
-002329
-000059
0001513
0002095
0001688
0001106
0001920
0003085
0002212
0000523
0000582
0002095
0004016
0005530
0005588
0004889
0005355
0005762
0003434
0000232
-000583
0001047
0003900
0006286
0005588
0003143
0002444
0002503
0000349
-002154
-001339
0001164
0001920
0001280
0001047
0000756
-000524
-001921
-002096
-000815
0001979
0003900
0000989
-003610
-002911
0000582
0000523
-001863
-002795
-002445
-002154
-001630
-000233
0001222
0001280
0000407
-000233
-000175
0001106
0003085
0005180
0005821
0002677
-001398
-001107
0001979
0003318
0002794
0001571
0000232
-000292
0000349
0002735
0004773
0002910
-001223
-004716
-005123
0000000
0006868
0008149
0005122
0002619
0000931
-000815
-001980
-001863
-001107
-000699
-000932
-001689
-002620
-002969
-002969
-003610
-003784
-001048
0001920
-000059
-004483
-005938
-004599
-002678
-000874
0000232
0000232
-000408
-001747
-004133
-005822
-004366
-001048
0001106
0002095
0002968
0003492
0003085
0001920
-000059
-001339
0000349
0002735
0000931
-002562
-001863
0001222
0001804
0000698
0000582
0000814
0000232
-000990
-002562
-003377
-001805
0000465
-000175
-002387
-003027
-002445
-002329
-002736
-003668
-004541
-004250
-003144
-002154
-001339
-000466
0000058
-000815
-001863
-000583
0001397
0000349
-001514
0000756
0004715
0005180
0003318
0003143
0004132
0004365
0004016
0003783
0003318
0001979
0000349
-000757
-001281
-001689
-001747
-000524
0000873
0000873
-000408
-002096
-002969
-001048
0001862
0002328
0000698
-000757
-001980
-003610
-004366
-002096
0001106
0001164
-001107
-003144
-003726
-000990
0002328
0000873
-002911
-003027
-000699
0000465
0000232
-000932
-001980
-000932
0001106
0001746
0001222
0000698
0000523
0001164
0002095
0002270
0001629
0000698
-000292
-001281
-002038
-002795
-003435
-004308
-004774
-003901
-002445
-002038
-002853
-004948
-006404
-003842
0000000
-001048
-004657
-005531
-003668
-000350
0002037
-000350
-004483
-003901
-000583
0000174
-001107
-002154
-002504
-002038
-000699
0001513
0003318
0002794
0001106
0000873
0001920
0002794
0003434
0004424
0004947
0003900
0002212
0001746
0002037
0001397
0000232
-000990
-000990
0002095
0005995
0006694
0004773
0002735
0001164
0000349
0000174
0000407
0000291
-001398
-003610
-004599
-003901
-001572
0000698
-000117
-003086
-005589
-007451
-009489
-010420
-008325
-004774
-002795
-002445
-002096
-002038
-002620
-002969
-001689
0000582
0002386
0003318
0003667
0003550
0003725
0003492
0001397
-000641
0000931
0004249
0004715
0003550
0004773
0006228
0003085
-001921
-003551
-002387
-001747
-001514
-001048
-000524
0000232
0000232
-001514
-004308
-006986
-007975
-005472
-001980
-002620
-005123
-003726
-000990
-002562
-006345
-007568
-006404
-004308
-002620
-003027
-004774
-005298
-004599
-003086
-001281
0000349
0001164
0000756
0000116
0001222
0003376
0005122
0005297
0002444
-001514
-003377
-002678
-000292
0002212
0002212
0000523
-000292
0000000
0001106
0001979
0000582
-001514
-000932
0001047
0001455
0000989
0001746
0002910
0002677
0001047
-001747
-004250
-004308
-002387
0000000
0001397
0000232
-001980
-001980
-000408
0000698
0000698
-000757
-002445
-002038
-000583
-001107
-002678
-003027
-002329
-002213
-001630
0001280
0004598
0004889
0003026
0001746
0001571
0002153
0003376
0004947
0005762
0004191
0001920
0002503
0004016
0002095
-001572
-003202
-002271
0000582
0004249
0007218
0007916
0004947
0000291
-001921
-001921
-002213
-002329
-001514
-000641
-001514
-003202
-003610
-002969
-002213
-001572
-001223
-001223
-000757
-000815
-003144
-005531
-004192
-000757
0000465
0000349
0001280
0003376
0006286
0008731
0009197
0007683
0004540
0001979
0003667
0006519
0004074
-001048
-002911
-001980
-001456
-001048
0000000
0000989
0000756
-000233
-000524
-000583
-001805
-003435
-004599
-005007
-004832
-004599
-005589
-006637
-005589
-003319
-001747
-001747
-004133
-006928
-006637
-003726
0000291
0002735
-000524
-005822
-005996
-002038
0002037
0004715
0004598
0002968
0002735
0003783
0004656
0004889
0004074
0002852
0002910
0003318
0001688
-000292
0000873
0003667
0004831
0004424
0003609
0003085
0004016
0004889
0002735
-000932
-003027
-003144
-001514
0000174
-001107
-004133
-006171
-006345
-004250
-001223
0000582
0000756
-000350
-001572
-000641
0001047
0000465
-001572
-003086
-003493
-002969
-001689
-000408
0000465
0000407
0000349
0002153
0004598
0005238
0004540
0004482
0004831
0004773
0004540
0004889
0005006
0003376
0001047
-000408
-000466
0001164
0003085
0002852
0001164
0000058
-000117
0000582
0001804
0002677
0002852
0002444
0001629
0000989
0000698
0000989
0001106
-000466
-001805
0001222
0005122
0003318
-001921
-004308
-004308
-004774
-005181
-004192
-002853
-003260
-004425
-004483
-003144
-000233
0002212
0001047
-001921
-002213
-001107
-001980
-003260
-001223
0002153
0002212
0000640
0001629
0003725
0003376
0001688
0001338
0001513
-000175
-002154
-001048
0001106
-000350
-002853
-000874
0003318
0004540
0003201
0001571
0000407
0000523
0001047
-000117
-001805
-001630
0000174
0002910
0004715
0003085
-000466
-002329
-002096
-000292
0001688
0001397
0000058
0000756
0002619
0002968
0002270
0002212
0002328
0001280
0000116
0000640
0001746
0000873
-000757
0000291
0001920
-000641
-004192
-002445
0002095
0003492
0002561
0002968
0003376
0000640
-002620
-001514
0002212
0004598
0004424
0000407
-004133
-003493
0000407
0001862
0001397
0001688
0002095
0001513
0000523
0000582
0001106
0000873
-000292
-002678
-004890
-004948
-002795
0000640
0004132
0006403
0007043
0006694
0005471
0003434
0001804
0002095
0004191
0007742
0009895
0006577
0000582
-002213
-001456
0001106
0004016
0005064
0004016
0001862
-000466
-001572
-001572
-001339
-001514
-003435
-005414
-004541
-001921
-000466
-000233
-000350
-000874
-001863
-002736
-002969
-002329
-000524
0000640
-001689
-005298
-005472
-003144
-001514
-000583
0000523
0001338
0001455
0000931
-000059
-000350
0002037
0005297
0005879
0004191
0002153
0000931
0001746
0003609
0003958
0002735
0000465
-001339
-000292
0002153
0002386
0001338
0001455
0002212
0002153
0001688
0001629
0002037
0002735
0003201
0002619
0001222
-000175
-001281
-002213
-002445
-001339
-000175
-001281
-003377
-003726
-002387
0000116
0001804
-000408
-003959
-003610
-000932
-000233
-001048
-001048
-000815
-001514
-002504
-002736
-001630
0001862
0005471
0005413
0003318
0003201
0004424
0005064
0004598
0002503
0000523
0001629
0004307
0005355
0004074
0000523
-003202
-004075
-002038
0001688
0004773
0004365
0001164
-002562
-004948
-003959
-000990
0000756
0001047
0000873
-000292
-003668
-006869
-006171
-002853
-000059
0000989
-000583
-003319
-004657
-004017
-001456
0001047
0000116
-002678
-003377
-002096
-000233
0001979
0004540
0005879
0003900
0000640
0000000
0001164
0000931
-000175
-000583
-000699
-001863
-003319
-004192
-003842
-001805
0000349
-000350
-001980
-000292
0002561
0001571
-001339
-001514
-000408
-001805
-004308
-004832
-003784
-002678
-001921
-001514
-001398
-001339
-001223
-000699
-000874
-004133
-007451
-005298
-000117
0002503
0002444
0001688
0000989
0001746
0003143
0003376
0002503
0001397
0000407
0000116
0000349
0000582
0000873
0001688
0002270
0001164
-000757
-001456
-001456
-002271
-003027
-001689
0000523
0001047
0000349
-000175
-000117
0001397
0002852
0001338
-001863
-004192
-004890
-004133
-002736
-002387
-003027
-003901
-004483
-004192
-003202
-001980
-000874
0000116
0000873
0001571
0001688
0000349
-000990
0000291
0002677
0002386
0000989
0001746
0004016
0005588
0006053
0005297
0003958
0003259
0002677
0000640
-001281
-000408
0001979
0003259
0002735
0000291
-002096
-000524
0002212
0000058
-004425
-005007
-003319
-004133
-006404
-007451
-007102
-005763
-004541
-005531
-007219
-006869
-005007
-003610
-003260
-004599
-006695
-008266
-007917
-004192
0000407
0001222
-000699
-001630
-001456
-000932
-000059
0000931
0002095
0004424
0005937
0003492
-000583
-001863
-000350
0002444
0004656
0003259
0000174
-000524
0000640
0000931
0000814
0001629
0002153
0000058
-002911
-003726
-002911
-002620
-002795
-003086
-003144
-001863
-000932
-003610
-007626
-008616
-007044
-005356
-004308
-004716
-005763
-005996
-004599
-000350
0003900
0003550
0000058
-002213
-002504
-000932
0000931
0000000
-002329
-002562
-001339
-000990
-000874
0000523
0002270
0002735
0002212
0001862
0001164
-001165
-003435
-002969
-000641
0001164
0001804
0001106
-000059
0000523
0001920
0001804
0000931
0001338
0002386
0002561
0002095
0001979
0001455
-001165
-004483
-006113
-005996
-004890
-003726
-004017
-005007
-004541
-003551
-003842
-004832
-005356
-004716
-001980
0000989
0001047
-000874
-002504
-002562
0000232
0003376
0002212
-001747
-004483
-005239
-004425
-002387
0000407
0002386
0001688
-000757
-002736
-003784
-004483
-004250
-002562
-000466
0000349
0000058
-000233
-000117
0000814
0001688
0000640
-001048
-000990
0000349
0001688
0002212
0000931
-000757
-000292
0001222
0001164
-000059
-000874
-001281
-002038
-001747
0002386
0006810
0005530
0000640
-002213
-002038
0001106
0005006
0005646
0003841
0002619
0002095
0001571
0001164
0000873
0000291
-001339
-002678
-001107
0001455
0000814
-001339
-000408
0001164
-002562
-007743
-006695
-001863
0000116
-000292
0000116
0000349
-001339
-004075
-006113
-006695
-005705
-003610
-001514
0000291
0002095
0003026
0002153
0000058
-001863
-003027
-003668
-002795
0001106
0005064
0003783
-000059
-000059
0002561
0003958
0004016
0003783
0003318
0002561
0002444
0004424
0006403
0004191
0000232
0000000
0002212
0002968
0002444
0001862
0001280
0001047
0001047
0000873
0000349
-000699
-002154
-003610
-004483
-004133
-002736
-000932
0000349
-000175
-001514
-001398
-000350
-000175
-000350
0000232
0000465
-001980
-005007
-004716
-002387
-001689
-001747
0000465
0002968
0001746
-000292
0003201
0008033
0005530
-000175
0000465
0004831
0005355
0003318
0002735
0003492
0005238
0006228
0003725
-000292
-001456
-000059
0001862
0003434
0003900
0002968
0000814
-001456
-001921
-001223
-001048
-001339
-001281
-000990
-000699
-000932
-002678
-004250
-002678
0000116
-000059
-001805
-000757
0001338
0000349
-001921
-001398
0000058
-002038
-005239
-004483
-001339
-000175
-000408
0000232
0001222
0001164
0001106
0003259
0005530
0004365
0001106
-000757
-000757
0000873
0002794
0002677
0001164
0000582
0000873
0001513
0002503
0004365
0005530
0003609
0000291
-000466
0000291
-000583
-001921
-000932
0000931
0000291
-001630
-001281
0000000
-000932
-002795
-002911
-001805
-001048
-000757
-000990
-001165
-000408
0000698
0001106
0001222
0002212
0003434
0003550
0002386
0000058
-001863
-000932
0001571
0002153
0001338
0001047
0000931
-000408
-001398
0001106
0004074
0001688
-003726
-007044
-006753
-002387
0003026
0003841
0001397
-000059
-000233
0000058
0000640
0001222
0000989
-001630
-004425
-003610
-000932
-000641
-001630
-000990
0000989
0003550
0005238
0004132
0001862
0002037
0003550
0003026
0001513
0001455
0002328
0002677
0002677
0002794
0003143
0003958
0004482
0003259
0001513
0001862
0003143
0002968
0001338
-001339
-003435
-002445
0000116
0000756
-000233
-001107
-001863
-003086
-003959
-003144
-001572
-001572
-002038
0000349
0002735
-000117
-005123
-005763
-003144
-001223
-000175
0001164
0001629
-000175
-002795
-003319
-001980
0000116
0001746
0001513
0000407
0000756
0002095
0003376
0003958
0003725
0002619
0000582
-000757
0001397
0004889
0005530
0003841
0002270
0001455
0001513
0002735
0005704
0008033
0005879
0001804
0001047
0002910
0004249
0004249
0002561
0000232
-000757
-000117
0001397
0002910
0003201
0001862
-001398
-004425
-004017
-001747
-001630
-002853
-002504
-001514
-001980
-003435
-004599
-005123
-004599
-003726
-004192
-005123
-004657
-003260
-002329
-001747
-000699
0000523
0001164
0001397
0001571
0001688
0001629
0001571
0002153
0002735
0001979
0000873
0002037
0003609
0001571
-001339
0000407
0004482
0005704
0004191
0002037
0000349
0000931
0002503
0001862
-000175
-001281
-001747
-002969
-003784
-001572
0001455
0001338
-000815
-001980
-001630
0000523
0002561
0001280
-001805
-002969
-002445
-001921
-001339
-000233
0000756
0000407
-000292
0001047
0002677
0000465
-002620
-000175
0004540
0004191
0000931
0000291
0001571
0002037
0001629
0000349
-000408
0002328
0005238
0001571
-004599
-004890
-000932
0001455
0001979
0001629
0000756
0000116
-000292
-001281
-002213
-002038
-001107
-000699
-000757
-000874
-000990
-000874
-000757
-001048
-001281
-000408
0000989
0001397
0001338
0002270
0003318
0002968
0001862
0001164
0001455
0003026
0004598
0003900
0001804
0000640
0000814
0002270
0003841
0003900
0002503
0000407
-001165
-000292
0001222
-000233
-003086
-003726
-002445
-001223
-000699
-001514
-003319
-005239
-006287
-005647
-003784
-001747
-000757
-001747
-003784
-005007
-004832
-003377
-001398
-000059
0000174
-001048
-002504
-002271
-000583
0001513
0002677
0000756
-002329
-003144
-001398
0002619
0005937
0003958
-000699
-002096
-000583
0000814
0001746
0002095
0002095
0002677
0003318
0003143
0002444
0001862
0001571
0001862
0001979
0000232
-002038
-002387
-001689
-002795
-004425
-003842
-002387
-002853
-004483
-005356
-005472
-005065
-004483
-004483
-004366
-002154
0000465
0000349
-001689
-003086
-003610
-003493
-003027
-002911
-002445
0000116
0003143
0004074
0002794
0000349
-001165
0001804
0005995
0004482
-000117
-000990
0000814
0001455
0001280
0001688
0002212
0001804
0001047
0001629
0002212
0000116
-003086
-004716
-004075
-000757
0002794
0002619
0000116
-001048
-000932
-000990
-001339
-002096
-003027
-003901
-003842
-001514
0001222
0000931
-001456
-003319
-004308
-004948
-005472
-006986
-008325
-007335
-005298
-005647
-006520
-003959
0000465
0003434
0003958
0001688
-001339
-001398
0000582
0001222
0000756
0000291
0000349
0001862
0003201
0001164
-001805
-000583
0002503
0001862
-000932
-001805
-000583
0002212
0004540
0002968
-000408
-000583
0001222
0001106
-000408
-001630
-002736
-005123
-007044
-006054
-003319
-002154
-001921
-000350
0001338
0001047
-000292
-000990
-000117
0003667
0006985
0003958
-001921
-003202
-000874
0000814
0001629
0001979
0002212
0003725
0005122
0003841
0001280
0000291
0000873
0002095
0002910
0001513
-000757
-001514
-000641
0001222
0002794
0002328
0000291
-002387
-004017
-002504
0000407
0000931
-000524
-001863
-002678
-002678
-002154
-002038
-001921
-000641
0000931
0001397
0001047
0001106
0001222
0000407
-000699
-000699
-000175
-000990
-002329
-002562
-001863
-001165
-000350
0001455
0003085
0002561
0001047
0001455
0002095
-001165
-005356
-004948
-001514
0000174
-000117
-001456
-003086
-003668
-003202
-002038
-000932
-000874
-001514
-001863
-001921
-002096
-002445
-003435
-003959
-001921
0000989
0001629
0000349
-001048
-001747
-000990
0000407
0000582
0000116
0000698
0001338
-000350
-002795
-003086
-001805
-001107
-001048
-001514
-001689
-000117
0002153
0002794
0002677
0004307
0006112
0005180
0002619
0001571
0001688
0001571
0000931
-000874
-002445
-001805
0000465
0002794
0003958
0002735
0000232
-000641
-000815
-002911
-005763
-006986
-006578
-005647
-004366
-002562
-001398
-002329
-003959
-003551
-001747
-000874
-000641
-000466
0000232
0002328
0004074
0002328
-001281
-003551
-003842
-002387
-000408
-000408
-001339
-000757
0000640
0001338
0001397
0001571
0002095
0003725
0005413
0005937
0004773
0001513
-001572
-000874
0001920
0002212
0000931
0001106
0002386
0003550
0003900
0002270
0000291
0001280
0003376
0002270
-000874
-003493
-004483
-003202
-001223
-002038
-003610
-000699
0003201
0000873
-003901
-002736
0001571
0002212
0000174
-001339
-001980
-001572
-001107
-002504
-004425
-004308
-002736
-001339
-000233
0001397
0002153
-000233
-003319
-002038
0001688
0003026
0002503
0002503
0002852
0002910
0002852
0002852
0003026
0003434
0004016
0004598
0004947
0004947
0004424
0003259
0001979
0001164
0001047
0001571
0001979
0001164
-000408
-002038
-002795
-001921
0000116
0002503
0003550
0001338
-001980
-001805
0000116
-001165
-003551
-002271
0000523
-000292
-002387
-000350
0002968
0001571
-002271
-002853
-001165
-000408
-000408
-000059
0000407
0000407
0000058
-000175
-000641
-002387
-003784
-001980
0001106
0001397
-000233
-001048
-000583
0001571
0003725
0003085
0000756
-000408
-000350
-000233
0000291
0001688
0002794
0001397
-000874
-000757
0000523
-000524
-002445
-002038
-000059
0000989
0001746
0004074
0005995
0004249
0000640
-000932
-000175
0002212
0004365
0002794
-000117
0000640
0004132
0007916
0009663
0006053
0000465
0000116
0002852
0002735
0000407
-001747
-002969
-002795
-001514
-000059
0000989
0001397
0000582
-002853
-005763
-002853
0002270
0001688
-002387
-004192
-003726
-002795
-002038
-002853
-004075
-003027
-000757
0000349
-000059
-001630
-003319
-004017
-002911
0000523
0004482
0006112
0005646
0004831
0004132
0003841
0003841
0003434
0002794
0001979
0001920
0004598
0007101
0003841
-001514
-000932
0002386
0000523
-003668
-003784
-000757
0001338
0002968
0006286
0009022
0007858
0004249
0001920
0000523
-002445
-005181
-004890
-002504
-000524
0000058
-002154
-004425
-001223
0003783
0002677
-001863
-002504
-000350
0001397
0001688
-000583
-003435
-003027
-000466
0000582
0000814
0002270
0004074
0004656
0003841
0001571
-000583
-000466
0001455
0003085
0004540
0007276
0008789
0005006
-000117
0001106
0005879
0006752
0004482
0002503
0000989
-000874
-002271
-002504
-001572
0000000
0001222
0001106
-000350
-002562
-004366
-004308
-002620
0000000
0001571
-000524
-004017
-003784
-001456
-001630
-002911
-001980
0000291
0001513
0001920
0002735
0003201
0002270
-000175
-004657
-007743
-004425
0001862
0003667
0001164
-002504
-005356
-004308
-001339
-000990
-002038
-000874
0001280
0001920
0001513
0001513
0001979
0002212
0002328
0002735
0002619
0000756
-001747
-003086
-002969
-001863
-000466
0000116
-000175
-000466
-000815
-001339
-001281
0000814
0003143
0002561
0000407
0000349
0001629
0002153
0001862
0001280
0000640
0000000
-000292
0000465
0001338
0000465
-001223
-001514
-001107
-002387
-003610
-001572
0002153
0004191
0004365
0004016
0003026
0001688
0000116
-001747
-003027
-002387
-000874
-000466
-001048
-001281
-001630
-002853
-004308
-004832
-004250
-002795
-001165
0000058
0000349
-000641
-001747
-001339
0000058
0000698
0000291
-001514
-003260
-002504
-000583
-000524
-001281
0000000
0002212
0002852
0002212
0001455
0001164
0001746
0002561
0002270
0001164
0000174
-000117
0001047
0002503
0001862
0000000
-000874
-000699
-000233
0000116
-000117
-001398
-004483
-007277
-006345
-003319
-002387
-002795
-001572
-000292
-001689
-005065
-009023
-011119
-007743
-002271
-001456
-004075
-005414
-005181
-003784
-002271
-002445
-003959
-005414
-005996
-004308
-002096
-002853
-004425
-001747
0002735
0004016
0002444
0000523
-000583
0000291
0002328
0003958
0004249
0002270
-000350
-000641
0000814
0001862
0002095
0001106
-000350
-000990
-000932
-001165
-001398
-001281
-001107
-001805
-002504
-001630
-000292
-000699
-002562
-005239
-006637
-003784
0000873
0002386
0001164
-000059
-001281
-003668
-005356
-003842
-000932
-000757
-002620
-003842
-004250
-004483
-004075
-002562
-000815
-000583
-001107
-000524
0001047
0002910
0004598
0005879
0006170
0004831
0002677
0000931
0000349
0001397
0003085
0003492
0002561
0000931
-000408
-000292
0000931
0001862
0001979
0000582
-001165
-001223
-000059
0000814
0000291
-003144
-006811
-006113
-002445
0000407
0001455
0000407
-001863
-004017
-004774
-003202
-000117
0002503
0003783
0003492
0001920
0000058
-001339
-001747
-000815
0001688
0003958
0002910
0000407
0000989
0002677
0000756
-002911
-004308
-003377
-001223
0000291
-001805
-005298
-005239
-002620
-000990
-000117
0001397
0002386
0001047
-001107
-000583
0001106
0000349
-001572
-001514
-000408
-000990
-001863
-000233
0002503
0003667
0002910
0000931
-001339
-002620
-002504
-001107
0000232
-001107
-003202
-001747
0001338
0001513
0000000
-000175
0000873
0002794
0003958
0001571
-002213
-003027
-001281
0001222
0003085
0003026
0001455
0000000
-000466
0001455
0003492
0001047
-003027
-002678
0000232
0000407
-001048
-001165
-000408
-000175
-000292
-000117
-000059
-000990
-002038
-001514
-000466
-001339
-002620
-001281
0001455
0002677
0002153
0000291
-001747
-002387
-001747
-000874
-000350
-001048
-001980
-000874
0001338
0002095
0002270
0004307
0006461
0005821
0003201
0001047
-000059
-000175
0000407
0000814
0001047
0001164
0001746
0004191
0006577
0005937
0003434
0002735
0002619
0000291
-003144
-005705
-006578
-005298
-003668
-005239
-007917
-006695
-003377
-002678
-003202
-001107
0001571
0000523
-002387
-003027
-002038
-002213
-002387
0000000
0002386
-000117
-004541
-004716
-001456
0001979
0004307
0004307
0002677
0001513
0001338
0002212
0003259
0002677
0001455
0001688
0003201
0005122
0006286
0004889
0002212
0001338
0001979
0002968
0003841
0003958
0003667
0003550
0003841
0005006
0005646
0003434
-000117
-001805
-001921
-002213
-002271
-001165
0000407
0001455
0001222
-000874
-003551
-004075
-003377
-003959
-005065
-005007
-003901
-002911
-001921
-000757
0000116
0000116
-000233
0000291
0001571
0003492
0004540
0002386
-000815
-001048
0000989
0002619
0003376
0002910
0001804
0001222
0001222
0001688
0002328
0002794
0003259
0003958
0004831
0005995
0006112
0002910
-001165
-001572
0000291
0000232
-000874
-000466
0000640
0000407
-000466
-000059
0000873
0001047
0000291
-001514
-003027
-002096
0000465
0002444
0003492
0004424
0004540
0003143
0001222
0000640
0000873
0000000
-001398
-002445
-002271
0000582
0003376
0000756
-004133
-004716
-001747
0001397
0003085
0001338
-002038
-002736
-001689
-002271
-003260
-002387
-000292
0001513
0002270
0001513
-000292
-002154
-003027
-001689
0000523
0000756
0000291
0002270
0005064
0005064
0003026
0001455
0000640
0000407
0000640
0000349
0000465
0002852
0005704
0005646
0003783
0003143
0003318
0002910
0002444
0003085
0003783
0002503
0000523
0000640
0001920
0001804
0001280
0002677
0004889
0005704
0005180
0004482
0003434
0001280
-000524
0000232
0001804
0000000
-003260
-003726
-002387
-001921
-002736
-004425
-006229
-006695
-006113
-005938
-005647
-004366
-002387
-000117
0001397
0000989
-000583
-001630
-001630
-000059
0001746
0001513
0000116
-000233
0000698
0002794
0004947
0005530
0005006
0005297
0005762
0004540
0003085
0004307
0006053
0004132
0000640
0000349
0002561
0004889
0005704
0002619
-001689
-001456
0001280
0001688
0000116
-001165
-002387
-004716
-007044
-007917
-007219
-005356
-003086
-000990
-000350
-002969
-006345
-005531
-002329
-001339
-002154
-002329
-002096
-002445
-002504
-000874
0000873
-000524
-002795
-001048
0002910
0004831
0004424
0002328
-000059
-000350
0000698
0000582
0000116
0001338
0002852
0001280
-001165
0000116
0003550
0005704
0005530
0002212
-001805
-002562
-000641
0001397
0002212
0000291
-002562
-002562
-000524
0001222
0001513
-001339
-004716
-003377
0000116
-000175
-002911
-003959
-003610
-003202
-002853
-001863
-001339
-003086
-004774
-001747
0003201
0003841
0001746
0001688
0002444
0000931
-001863
-003959
-004599
-002911
-000524
-000350
-001456
-001107
0000291
0001280
0001804
0001979
0001920
0002212
0002037
-000641
-003260
-001048
0003143
0002794
-000233
-000583
0000174
-002154
-005181
-004075
-000815
-000233
-001456
-001805
-000815
0001920
0004191
0002503
-001630
-004774
-005647
-003842
-000874
0000407
-000059
-000874
-001514
-001339
-000815
-001107
-001398
0000000
0001629
0000756
-001339
-001630
-000641
-000466
-000408
0001106
0002735
0001746
-000466
-000815
-000350
-002038
-004774
-006462
-006811
-005880
-004425
-003435
-003377
-004133
-005123
-005007
-004366
-004716
-005239
-003901
-001980
-002329
-003319
-001572
0001571
0003085
0003026
0003085
0002386
-001223
-004774
-002795
0001979
0003376
0002386
0002852
0004016
0004016
0002910
0001047
-000524
-000350
0000931
0001455
0001047
0000000
-001281
-002213
-002329
-000757
0001222
0001222
0000000
-000408
-000350
-001281
-002213
-001514
-000292
-000932
-002387
-001747
-000699
-003435
-007044
-005414
-001572
-002387
-005880
-007219
-005822
-001980
0001571
0000000
-003959
-003959
-000757
0002619
0004656
0004074
0001629
-000292
-001107
-000932
-000117
0000232
0000640
0002852
0005180
0004656
0002212
0000291
-000059
0002444
0005530
0005122
0002270
0000582
-000292
-002853
-004890
-002795
0000931
0000931
-001281
-001339
-000641
-002678
-005822
-006462
-005531
-005763
-006171
-004308
-001980
-002504
-004890
-006113
-006113
-005472
-004599
-005007
-005123
-001514
0002677
0001920
-002154
-004890
-005647
-005065
-003435
-001165
0000582
0000582
-000524
-001223
-000874
0000640
0002386
0002444
0001047
-001048
-002620
-002445
-000641
0001746
0003376
0002095
-000350
-000117
0001688
0001688
0000407
-001048
-001689
-000059
0001920
0000931
-002445
-006113
-008558
-008266
-005705
-002445
-000059
-000524
-002678
-003610
-003260
-002562
-001980
-002445
-003260
-003202
-002329
-000932
0000232
-000059
-001223
-001980
-002271
-002445
-002329
-001165
0000116
0000116
-000408
0000640
0002037
0001280
-001048
-003551
-004774
-002853
0000058
-000466
-002853
-003027
-001398
0000116
0001106
0001164
0000349
-001048
-002445
-003493
-003260
-000583
0002503
0002561
0000582
-000408
-000292
0000232
0001047
0002095
0002503
0000873
-001281
-000990
0000582
0000814
0000000
-000466
-000757
-001980
-002678
-000059
0003026
0001106
-002795
-001805
0001571
0001164
-001456
-001921
-001107
-001863
-003027
-002271
-000757
-000932
-002387
-004075
-004890
-003842
-001514
0000873
0001746
-000757
-004425
-004483
-002795
-004425
-006753
-004250
0000058
-000175
-003435
-005472
-005123
-001689
0002328
0002153
-000641
-001630
-000641
0001047
0002968
0004889
0005413
0002735
-000757
-001165
0000931
0002968
0003958
0002794
0000756
0000465
0001338
0001397
0001222
0002794
0004307
0002561
-000815
-002213
-001339
0000989
0003434
0004365
0003376
0000989
-001339
-001747
-000583
0000582
0000640
-001980
-005705
-007393
-006928
-005414
-003610
-002387
-002271
-003551
-004890
-004017
-001921
-001281
-001572
-000699
0000000
-002213
-004774
-003027
0001338
0004074
0004482
0002503
0000232
0001397
0004598
0005937
0005530
0004889
0004016
0002852
0002212
0003201
0005064
0006228
0006170
0004947
0003026
0001164
0000000
0000232
0001047
0000814
0000000
0000640
0001455
0000116
-002154
-002387
-001805
-003610
-006054
-005647
-003435
-001863
-001456
-002329
-003726
-003901
-003435
-004250
-005007
-002911
-000466
-002736
-006986
-006986
-004250
-003319
-002969
0000000
0003492
0003201
0001164
0002328
0004656
0003550
0000407
-001689
-001805
0000349
0003667
0006519
0007567
0005937
0002619
-000408
-002154
-002154
-000932
0000116
0000756
0001280
0001222
0000000
-001572
-002154
-001630
-000641
0000523
0001688
0002386
0002677
0002386
0001862
0000814
-001514
-004017
-005356
-004832
-001980
0001280
0001455
-000117
-000059
0001804
0005122
0007451
0004715
0000465
0002212
0006636
0005879
0001920
0000465
0000814
0000058
-000699
0000814
0003026
0002968
0001047
-000757
-001747
-001514
-000233
0001280
0002037
0000873
-000990
-000583
0000465
-001805
-005007
-004890
-001863
0001746
0004132
0003318
0000465
-001689
-002329
-001339
0000116
-000757
-002213
-000292
0002328
-000466
-004774
-002504
0003550
0006985
0007159
0005297
0003026
0003318
0004831
0003900
0002095
0002794
0005122
0007043
0007567
0005879
0002794
-000059
-001281
0000523
0002794
0000756
-003668
-005647
-005414
-005239
-004599
-002562
-000233
0000582
-000292
-002213
-004250
-005298
-004890
-003086
-000815
0000640
0000698
-000408
-001980
-002678
-002154
-000292
0001804
0002153
0001338
0001047
0001397
0002444
0003609
0003725
0003318
0004016
0004656
0002677
0000116
0001047
0003841
0004831
0004016
0002735
0001455
0000465
-000059
-000583
-000699
0000058
0000814
0000000
-001165
0000000
0002095
0001920
0000582
0000873
0001571
-000292
-003202
-004599
-003726
0000058
0003667
0001629
-003027
-003493
-001281
-001107
-002213
-001980
-000990
-000815
-000815
0000291
0001571
0001338
0000174
-000641
-000233
0002677
0005821
0005413
0002910
0002561
0003434
0002212
0000698
0002794
0006170
0006053
0003550
0002037
0001164
-001048
-002620
-000408
0003550
0005064
0004424
0003609
0002910
0002619
0002444
0001338
-000233
-001281
-002038
-003435
-004425
-003319
-001456
-001805
-003086
-001980
-000117
-001048
-003901
-006520
-007684
-006578
-003959
-002154
-001281
-000874
-000874
-000757
-000466
-000059
0000523
0001397
0001862
0000640
-000815
0000407
0002386
0001338
-001339
-001980
-001165
-001398
-001805
-000466
0001222
0000756
-000699
-000059
0001804
0002735
0002444
0001397
0000174
-000292
0000000
0000640
0001222
0001571
0001106
-001048
-003260
-002678
-000641
-000292
-000815
0000640
0002619
0002386
0000756
0000232
0000523
0000756
0001047
0001862
0002619
0002619
0001629
-000815
-002853
-001572
0001338
0001746
0000582
0000873
0002212
0003434
0004424
0006053
0006461
0002968
-002154
-005007
-004774
-001747
0001629
0000989
-002154
-003842
-003377
-000990
0002328
0005006
0005704
0002968
-000874
-001980
-000583
0001397
0002794
0002153
-000350
-004075
-006928
-006113
-002853
-000350
0001106
0002619
0003783
0004307
0004307
0003841
0003783
0005413
0006810
0004307
0000465
0000698
0003434
0004074
0003201
0003259
0003550
0002270
0000756
0001629
0003259
0002153
-000583
-002154
-002795
-004017
-005065
-004716
-003610
-003086
-003435
-005239
-006811
-005472
-002911
-002504
-004192
-006869
-008965
-008092
-005705
-005181
-005763
-004716
-003027
-002678
-003435
-004133
-004366
-003377
-002154
-002853
-003551
-000408
0004424
0006577
0005704
0002561
-000466
0000698
0003900
0004307
0002503
0000989
0000232
0000873
0001804
0000873
-000583
0000291
0002503
0003958
0003609
0000291
-003551
-003784
-001456
0000232
0000465
-001281
-003319
-002678
-000583
-000292
-001398
-002445
-003027
-002853
-002213
-001630
-001398
-001514
-002271
-004133
-006054
-006695
-006113
-005356
-004483
-003435
-002154
-000466
0001106
0002153
0001979
-000466
-002795
-000757
0003725
0005821
0005821
0006344
0006286
0003492
0000000
-000641
0000756
0001397
0001397
0001804
0002037
0001164
0000116
0001164
0002735
0001397
-001339
-002096
-001456
-001630
-001572
0001222
0004249
0003492
0000349
-001165
-001107
-000524
-000175
-001281
-003202
-004832
-005007
-002329
0001164
0001571
-000932
-004716
-007160
-004716
0000465
0002968
0002910
0002619
0001920
0000582
-000757
-000990
-000524
-000815
-001165
0000349
0001979
0000698
-002271
-003959
-004250
-004483
-004133
-002096
0000174
0000465
-000874
-001921
-002678
-003668
-003959
-001805
0000931
0001338
-000524
-003610
-005938
-004483
-000874
0001513
0001513
-001572
-004832
-002853
0001571
0002212
-000408
-003493
-005065
-002620
0002037
0005122
0005646
0003958
0001106
-000990
-001456
0000000
0002153
0002968
0002328
0001106
0000116
0000407
0001338
0001106
-000117
-001630
-002620
-002096
-000641
0000232
0000407
0000465
0000465
0000814
0000582
-002154
-005181
-004832
-002387
-001339
-001747
-002620
-003260
-002504
-001165
-001456
-002096
-000466
0002095
0002677
0002037
0002794
0003609
0001629
-001281
-001514
0000407
0002095
0003259
0003900
0003958
0003900
0003376
0001280
-000466
0001688
0005122
0004715
0001513
-000990
-002038
-001398
-000233
-001514
-003493
-002154
0000698
0001164
-000117
-000815
-000932
-000757
-000699
-001514
-002504
-002096
-001514
-002911
-005414
-007160
-007044
-004017
-000059
0001397
0000058
-003377
-005996
-002562
0003201
0003376
-000466
-003435
-004075
-001107
0003318
0004773
0003609
0001804
0000756
0002444
0005006
0004773
0002852
0002328
0003318
0005122
0006344
0004249
0001106
0001164
0003318
0003841
0003026
0002212
0001455
0000407
-000408
-000408
-000408
-001980
-004250
-006113
-006171
-002445
0002037
0001862
-001165
-002154
-001747
-002678
-003901
-003377
-001747
-000583
-000059
0000174
-000175
-001339
-002387
-001980
-000757
-000524
-001048
-001747
-001514
0001455
0004831
0003783
0000931
0002153
0005471
0006170
0004191
0000698
-002678
-004017
-002795
0000814
0004365
0003900
0000989
-000175
0000873
0003609
0006286
0005995
0003550
0002037
0000698
-002969
-006637
-006695
-003959
-001281
0000640
0002037
0002212
0000931
-000990
-002736
-003377
-002038
-000175
-000699
-002096
-000466
0002328
0002561
0001047
0000756
0001513
0002677
0003376
0002328
0000640
0000640
0001397
0000000
-001456
0001513
0005355
0002561
-002678
-001398
0003550
0004947
0002735
-001165
-004425
-003668
-000350
0001222
0001164
0000931
0000582
0000232
-000233
-000990
-001980
-003377
-003901
-002038
0001106
0003376
0003492
0000058
-003610
-001223
0003725
0003434
-000466
-003202
-003784
-001805
0001164
0001862
0001338
0002619
0003958
0001455
-001980
-000175
0004132
0004656
0002386
0001280
0001106
0000582
-000059
-000408
-000641
-001805
-002678
-001048
0001047
-000699
-004017
-003726
-001339
-000466
-000990
-001456
-001747
-001398
-001223
-002969
-005007
-004366
-001863
0000523
0001862
0001280
0000058
0000989
0002503
0000989
-001281
0000698
0004598
0005006
0003143
0002561
0003026
0003026
0003085
0004249
0005704
0006344
0005355
0001862
-001572
0000116
0003492
0000814
-004483
-004716
-001223
0001688
0002619
-000175
-003610
-001165
0003667
0002968
-000757
-000815
0000931
-000990
-003959
-002504
0000931
0001280
-001398
-005414
-008616
-008383
-005472
-002038
-000059
-001747
-005065
-005531
-003551
-000932
0001164
0001397
0000174
-000641
-001165
-002736
-003377
0000000
0004773
0006170
0005006
0004773
0005238
0005006
0004598
0004889
0005471
0005588
0005006
0003725
0002503
0002794
0003492
0001920
-000059
0001513
0003958
0001804
-002620
-004017
-002620
-000233
0001397
-000233
-002969
-002154
0000698
0001688
0001164
0000873
0000232
-002096
-004657
-005123
-003784
-002329
-001048
-000117
0000232
-000408
-001514
-002562
-002795
-001281
0000989
0002503
0002735
0001746
0000640
0001338
0002677
0002037
0000058
-001339
-001921
-001980
-001223
0000523
0002677
0004424
0005355
0005355
0004424
0002386
0000698
0001513
0003492
0003550
0002386
0002270
0002503
0001629
0000116
-001339
-001572
0001513
0005064
0003841
-000059
-001630
-000757
0001106
0002910
0003143
0002153
0001397
0000989
0000407
-000117
-000874
-001048
0000523
0003026
0004656
0005064
0004831
0003434
-000233
-004017
-004890
-003319
-001339
0000232
0000465
-000175
-000175
-000059
-001572
-003260
-002445
-000699
-001980
-004075
-001980
0001920
0002270
0000000
-001572
-002213
-002620
-002387
-001456
-000408
-000350
-000990
-001339
-001572
-002562
-003668
-003959
-003260
-001689
-000233
-000408
-001514
-001805
-001165
0000291
0001746
0002212
0002153
0002968
0004074
0003958
0003318
0003667
0004074
0002328
0000465
0002386
0006112
0007334
0006461
0005588
0004307
0001338
-002271
-005239
-006637
-005705
-003435
-001863
-001572
-002387
-003726
-004657
-004716
-003784
-002329
-001165
-000524
-000059
-000292
-002038
-004075
-004250
-003086
-002620
-002678
-002445
-002038
-001921
-001339
0001222
0004132
0004482
0003201
0002968
0003376
0002852
0001920
0001688
0001920
0002095
0002037
0001629
0001106
0000931
0001222
0002212
0002735
0000814
-001514
0000232
0003434
0002503
-000699
-001165
0000000
-000233
-001223
-001339
-000932
-001048
-001863
-004017
-005938
-005298
-003260
-002620
-002969
-002445
-001747
-002387
-004133
-006578
-007801
-004483
0000116
-000466
-004192
-005298
-004250
-003610
-002795
-000292
0002212
0001688
-000466
-000932
-000350
-001107
-002213
-002038
-000466
0002561
0004482
0000931
-004483
-004308
-000292
0001920
0002503
0004016
0004365
-000117
-005531
-004541
0000058
0000698
-001456
-002329
-001980
-001339
-000815
-001514
-002271
-000583
0001397
-000408
-004308
-006404
-005996
-003260
0000116
0001746
0000814
-002911
-006869
-006753
-003435
-000175
0001571
0000465
-001689
-000815
0001688
0001804
0000582
0000989
0002270
0002852
0002794
0002677
0002386
0001979
0001164
-000524
-002154
-001805
-000583
-001048
-002213
-001572
-000233
-000990
-002678
-002969
-002445
-003202
-003901
-001630
0001164
-000757
-004483
-003668
-000466
-000583
-002911
-004366
-004366
-002678
-000292
0001280
0001397
-000292
-002038
-000583
0002270
0002328
0000873
0001455
0002968
0002852
0001629
0000582
0000058
-000059
0000058
-000583
-001048
0000465
0002270
0001047
-001630
-002154
-001281
-001689
-002562
-002213
-001107
0000058
0000640
0000058
-001514
-003842
-005298
-003668
-000583
0000232
-000583
-000524
-000175
-001281
-002271
-000292
0002735
0003143
0001106
-001747
-003959
-003901
-002445
-002329
-002562
-000757
0001804
0002619
0002212
0002386
0002910
0003085
0002561
0001106
-000350
-000466
0000465
0001629
0002153
0000698
-001281
-001107
0000814
0003143
0004307
0002328
-001048
-001514
-000292
-000699
-002271
-003435
-004075
-004948
-005298
-004425
-002853
-001689
-001689
-003959
-006113
-003726
0000291
-000815
-003901
-001456
0003026
0001804
-002154
-001165
0002328
0001979
0000116
0002619
0006461
0005530
0001979
0000989
0001862
0001920
0001222
0000640
0000698
0002677
0004947
0004482
0002270
0000931
0000465
-000175
-000699
-000815
-000524
-000408
-000059
0001338
0002735
0002561
0001455
0001746
0001804
-002271
-007160
-006404
-002736
-002969
-005298
-004657
-002445
-002096
-003202
-004133
-004774
-005239
-005239
-004483
-003551
-003610
-003842
-002678
-000466
0001804
0003550
0004598
0004132
0000989
-002620
-002853
-000408
0001746
0003492
0005995
0007625
0005704
0002677
0003376
0005995
0005704
0003201
0000698
-000815
0000000
0002095
0002968
0003259
0005530
0007276
0004132
-001398
-003726
-002911
-000815
0001047
0000291
-001921
-002678
-001921
-000815
0000349
0000989
0001047
0000698
0000582
0002153
0003783
0002095
-000990
-001630
-000059
0002619
0004540
0003143
0000465
0001455
0003841
0002328
-000874
-000350
0001629
-000874
-004890
-004425
-001339
-000932
-001805
-000059
0002677
0003318
0001804
-000990
-003319
-002795
-000524
0000407
0000116
-000350
-000641
-000641
0000000
0001746
0003026
0001047
-002154
-002562
-000815
0000873
0001746
0001222
0000174
0000232
0001513
0003783
0005821
0005762
0004889
0006519
0008557
0006810
0003259
0002444
0003201
0001804
-000583
-001223
-000641
-000408
-000699
-001339
-002154
-002911
-002736
-000292
0002503
0002095
-000641
-003319
-004657
-003551
-001281
-000408
-001339
-003901
-006229
-005356
-002387
-000350
0000407
0000232
-000524
-000932
-001398
-003551
-004948
-001223
0003958
0003259
-000932
-002329
-001107
0000058
0001222
0003085
0004016
0001280
-002387
-001921
0001513
0003900
0005064
0006461
0006985
0004947
0002212
0002386
0004132
0003667
0002328
0003318
0005122
0004540
0002735
0002852
0003667
0001746
-000990
-000699
0001106
0000873
-000932
-002504
-003668
-005181
-005705
-003551
-000292
0001222
0001164
0001164
0001280
0001804
0001571
-001921
-005880
-005356
-002038
-000641
-001223
-002562
-003493
-002213
0000349
0001629
0002037
0003201
0004424
0004191
0003259
0002968
0003318
0004191
0004307
0000756
-002911
0000058
0005879
0005937
0002212
0000523
0000756
0001164
0001629
0002270
0002212
0000116
-001921
0000174
0003434
0001862
-002562
-004832
-004483
-001805
0001047
0000814
-001572
-002678
-002969
-003959
-004890
-004366
-003144
-002795
-003319
-004250
-004657
-003435
-000699
0002794
0005762
0006868
0005762
0002444
-000990
-001281
0000349
0000291
-000757
-000524
0000174
-000583
-001398
0000582
0003550
0003783
0002037
0000582
-000059
0000349
0000814
-000757
-003202
-004133
-003668
-003260
-002678
-001048
0000523
0000058
-001572
-002678
-002445
-000641
0002153
0005006
0006053
0002852
-001689
-001805
0000640
0000000
-002096
-001572
0000465
0001338
0001047
0000058
-000175
0002619
0006286
0006519
0004191
0002270
0001629
0003026
0005064
0005006
0003609
0003026
0003026
0002677
0002328
0002503
0002968
0002910
0002735
0003434
0004307
0003958
0002619
0001047
-000175
-000117
0000407
-000932
-002678
-001980
-000117
0000000
-001281
-002154
-002387
-001921
-001572
-003202
-005181
-004541
-001921
0000582
0002153
0002212
0001629
0002561
0004307
0005530
0005530
0003725
0001106
-000815
-001339
-000233
0001513
0002037
0001629
0001979
0002212
0000931
-001107
-002445
-002678
-001921
-000932
-001223
-001747
0000116
0002037
-000233
-004657
-006637
-006462
-006404
-006054
-004075
-002154
-003202
-005647
-005472
-003668
-003260
-003377
-001805
0000523
0001920
0001920
0000465
-001281
-001514
-000583
0000058
0000000
-001630
-002678
0000698
0005588
0005704
0003026
0003026
0004598
0004831
0003725
0001746
0000000
-000292
0000931
0003085
0004947
0004947
0003434
0002095
0000465
-002969
-006229
-006287
-003959
-001689
-000757
-002562
-005239
-004890
-002795
-002504
-003551
-004425
-004716
-004250
-003668
-004075
-005356
-006928
-007335
-004483
-000408
0000698
-000932
-003610
-005414
-003784
0000116
0003725
0005238
0002968
-000932
-002620
-001747
0000640
0002852
0002561
0000640
-000408
0000232
0003841
0007101
0004307
-001281
-001980
0000465
0000465
-000699
0001106
0003376
0001047
-002795
-001747
0001862
0001804
-000583
-000874
-000175
-001398
-003202
-003027
-001747
-001514
-002445
-003901
-005531
-007160
-007626
-005181
-002154
-002969
-005705
-005822
-003668
-000815
0001571
0002619
0001746
-001165
-003842
-002795
0000291
0001047
0000116
-000059
0000523
0001804
0002677
0001455
-000757
-001689
-001339
-000059
0000873
-000524
-002387
-000699
0002444
0002270
-000292
-002562
-003726
-003610
-002504
-001514
-000874
-000757
-000408
0002095
0004482
0002794
-001048
-002504
-001747
-000524
0000174
-001165
-003319
-004017
-002736
0001164
0004540
0001862
-003551
-004541
-002038
0000058
0001338
0002328
0002503
0001862
0000174
-003319
-006520
-006171
-003551
-002271
-001980
-000932
0000000
-000874
-002387
-002562
-001572
-000292
0000407
-000641
-002504
-003027
-002620
-002853
-003086
-001921
-000408
-000932
-002271
-001805
-000408
-000524
-001572
-002154
-002387
-003202
-003668
-002387
-000059
0001571
0002561
0003958
