-009256
-006637
-003901
-005589
-009256
-008907
-006287
-006229
-006928
-003959
0000349
0002095
0000698
-003260
-007219
-007044
-004250
-003202
-003551
-002969
-002213
-003144
-003610
0001397
0006752
0003026
-005239
-007277
-004890
-004541
-006054
-007859
-009023
-008499
-005880
-000990
0003434
0002852
-000233
0000698
0003318
0001338
-002329
-000990
0002037
-001165
-006520
-004948
0000058
0000523
-002504
-004948
-005531
-002736
0000989
0000873
-001747
-003027
-002678
-000641
0000873
-002154
-006753
-006869
-004133
-003435
-004599
-006404
-007859
-007102
-005705
-007160
-008907
-005007
0000523
-000641
-004716
-001863
0003143
-000699
-007393
-003493
0005530
0006403
0002386
0002968
0005530
0003550
-000932
-003377
-003551
-002911
-001456
0001047
0002503
-000233
-004657
-005996
-004599
-003377
-002096
0000582
0002910
0001979
-000350
0000523
0002386
0000116
-003377
-001747
0002270
0002386
-000292
-001805
-002445
-004425
-005589
-002213
0002503
0002095
-000932
-000117
0002735
0003085
0001047
-002096
-004599
-004308
-001456
0002735
0005937
0005238
0001920
-000583
-001747
-002562
-002562
-001339
0000291
0001280
0001106
-000874
-002853
-001630
0001047
0001222
-000408
-001805
-001689
0001338
0005762
0009546
0010128
0004191
-003260
-003027
0001455
0000698
-003319
-004599
-003959
-004250
-004657
-003493
-001398
-000117
0001397
0006228
0010070
0005704
-002562
-005298
-003842
-004308
-005298
-003784
-000932
0000523
0000814
0001164
0001746
0003026
0003783
0002037
-000350
0000523
0002561
0000756
-002736
-003260
-001572
-000117
0000698
0000756
0000931
0003376
0005588
0002677
-002795
-005356
-004890
-003435
-001398
0000814
0002212
0001746
0000058
-001107
-001863
-003319
-004075
-001572
0001688
0000814
-002213
-001980
-000175
-001572
-003959
-003260
0000349
0006228
0010477
0007509
0000465
-003086
-002911
-001630
0000465
0002910
0004540
0004424
0002444
-000815
-003726
-004250
-002096
0002735
0007101
0005879
0002444
0005238
0010419
0009313
0004249
0001280
0000523
0000232
0000407
0000989
0001629
0001804
0001746
0001804
0001979
0001979
0001979
0002794
0003026
-000641
-004192
0000000
0007276
0007916
0003958
0001862
0002037
0003259
0005006
0005646
0005704
0007159
0008207
0005297
0001280
0001804
0005064
0006403
0005646
0004540
0002852
0000116
-001980
-001281
0001979
0006694
0010128
0008498
0004482
0004656
0007451
0008324
0007334
0005297
0004365
0008498
0013330
0010012
0002735
0001106
0003434
0003492
0002968
0006170
0010128
0008964
0005122
0004365
0005995
0006636
0006752
0007625
0009139
0011816
0012631
0006403
-002213
-004366
-001398
0000814
0002561
0006286
0009313
0007742
0003434
0000523
0000814
0005704
0011642
0012282
0008789
0005762
0004191
0004365
0004831
0002328
-000932
-000524
0002386
0004773
0006286
0007625
0008324
0007625
0007276
0011351
0014843
0007974
-002329
-001863
0005413
0008324
0007509
0007800
0007742
0004424
0000582
0001746
0005180
0004249
0001920
0005646
0010477
0005995
-002038
-000641
0005297
0003259
-002445
-001281
0003783
0005530
0004482
0004074
0003725
0001629
-000466
-000059
0001862
0002910
0002561
0000756
-001165
-000408
0001455
0000873
-001223
-002271
-002154
-001630
-000815
-000117
0000523
0001455
0002037
0001222
-000175
-000641
0000116
0002095
0003900
0003492
0001338
-000757
-001921
-001805
-000059
0003958
0006810
0002794
-004017
-004657
-001863
-003377
-006404
-004541
0000465
0004191
0005821
0005762
0004191
0002095
0000116
-001281
-002154
-003144
-003842
-003202
-002271
-003260
-004483
-002154
0001455
0001804
-000466
-002678
-003959
-003319
-002038
-003202
-004774
-002445
0001513
0002153
0000931
0001862
0003900
0004424
0004249
0005588
0006694
0004889
0000291
-006520
-011584
-009489
-003319
-000990
-001281
0001164
0003725
0001338
-003610
-006345
-006345
-004657
-002562
-002271
-003435
-004657
-005065
-003435
-001630
-003260
-006113
-004948
-002154
-003610
-006637
-004541
-001048
-004017
-009547
-009256
-004308
0000931
0004424
0004773
0002212
-001689
-004366
-002620
0001280
0002328
0000523
-002678
-005589
-006054
-004308
-001456
0000465
-001107
-004425
-005880
-005239
-003202
-001689
-004716
-007859
-001863
0006868
0005413
-002271
-005356
-004599
-004832
-005414
-004774
-004017
-005181
-006462
-004425
-000699
0000931
0000640
-000350
-000699
0001862
0005588
0006403
0005821
0007916
0010769
0009954
0006810
0005180
0003725
-001048
-005531
-003726
0001979
0005355
0005762
0004773
0002444
-001281
-004133
-003144
0000989
0006461
0009895
0006752
0000582
-000932
0001222
0002503
0002619
0001862
0001164
0002968
0003609
-005123
-014844
-009256
0002910
0001688
-007393
-009081
-005123
-002620
-001398
0000058
0001571
0003201
0004307
0004424
0002968
-000815
-004250
-002795
0001164
0002212
0000407
-002562
-004832
-003784
-000350
0003085
0004424
0000873
-003726
-001572
0003958
0004715
0001746
0000116
-001921
-010246
-016358
-005123
0012282
0013446
0003609
0000232
0000931
-002562
-007975
-011177
-010653
-004774
0002037
0001571
-002387
-000466
0005064
0008265
0008673
0007858
0005180
-000350
-005996
-007917
-005880
-002096
0002735
0008731
0013155
0012748
0009022
0006752
0004947
0000174
-005123
-006695
-006054
-008092
-010304
-007975
-002271
0003783
0008265
0010477
0009313
0004773
-001223
-005880
-008034
-007451
-005531
-006229
-006520
0000465
0008440
0005937
-003202
-008790
-010304
-011119
-010246
-006637
-002096
0000814
0001455
0000174
-001921
-002969
-002911
-002213
-001863
-003260
-006229
-010595
-012982
-008034
-000233
0001338
-001514
-002387
-001456
0000058
0000640
-002271
-006171
-006404
-004308
-003901
-004541
-004541
-003435
-000292
0002212
-000641
-005705
-006287
-003842
-002445
-003551
-009140
-014088
-008965
0000407
0001164
-004250
-007451
-008150
-008383
-006986
-001805
0002968
-000059
-006113
-004483
0001920
0005355
0004540
-000524
-006287
-006345
-003319
-004192
-007510
-009314
-009140
-007102
-004483
-003377
-003668
-003726
-003668
-003784
-003842
-003435
-002736
-001980
-001630
-002387
-003377
-002678
-001398
-002504
-003901
-001165
0002794
0001920
-001630
-002213
-001514
-004192
-008034
-008558
-006753
-005414
-004832
-004483
-004308
-003086
-002504
-005938
-009489
-005705
0001164
0001746
-002096
-004017
-004832
-008732
-011468
-005356
0003725
0003550
-002271
-003435
-001863
-003901
-007219
-006578
-004017
-004541
-006345
-004599
-002213
-005239
-010129
-009372
-005065
-002853
-002736
-003319
-003842
-002504
-001689
-006462
-012283
-010537
-004250
-001398
-001339
-000350
0000582
-000466
-002678
-004366
-005414
-006171
-006287
-005065
-003493
-002795
-003202
-003901
-004832
-006229
-006695
-003726
0000116
0000000
-002795
-004366
-005007
-006113
-007393
-008674
-008965
-006520
-003435
-003377
-005414
-006869
-007219
-006637
-005239
-002620
-001398
-005996
-011934
-010478
-004716
-003027
-003901
-001921
0000931
0000116
-002387
-002038
-000641
-003027
-006578
-005705
-002853
-003551
-006171
-006695
-005181
-002562
-000408
-001048
-003377
-004657
-004366
-002271
-000350
-001805
-004483
-003668
-000466
0001979
0003259
0003725
0003725
0004715
0004540
-001281
-007626
-005589
0001338
0004132
0002910
0000873
-000757
0000000
0001455
-000641
-004133
-004657
-002678
0000058
0001397
-002213
-006637
-003027
0003434
0001513
-004832
-005938
-002678
0000698
0002910
0002852
0001688
0002619
0004074
0002212
-000292
0002095
0006403
0006170
0002619
-000699
-002329
-000932
0001804
0002153
0001106
0001455
0003259
0006286
0008673
0007800
0005064
0003725
0003550
0002910
0001571
-000408
-002271
-002678
-001630
0000291
0002561
0005064
0006577
0005588
0003376
0003318
0004132
0002444
0000058
0000873
0003376
0003958
0003201
0002968
0003259
0003841
0004889
0007159
0008848
0006927
0003667
0004016
0006519
0007742
0006694
0002503
-001980
-001863
0001746
0005413
0007509
0006170
0003667
0005180
0008091
0005937
0001979
0003376
0007916
0010245
0009604
0006519
0002095
-002504
-004308
0000814
0008149
0008673
0004191
0000465
-000815
0001571
0005122
0005355
0002852
0000174
-000233
0001979
0011292
0032752
0032752
0007916
-032752
-032752
-018861
0021945
0032752
0024506
-003493
-000583
0017055
0005821
-017697
-016125
0002328
0014028
0016182
0011234
0002619
-003377
-003551
0004191
0013912
0015484
0009430
0000814
-006520
-008266
-005181
-001921
0001513
0007043
0011351
0010128
0005006
0000407
-002213
-002678
-001048
0002095
0004307
0001920
-001398
0002619
0009139
0007625
0001979
0002444
0005704
0002910
-001980
-000583
0004249
0005588
0003550
0000232
-002853
-004599
-003551
0001688
0007159
0005646
0000058
-002387
-001921
-001107
-000757
-001863
-003668
-004250
-004250
-005996
-007219
-003668
0001455
0001746
-001339
-003668
-003319
0001979
0007276
0003376
-005356
-009256
-007102
-000233
0007334
0009430
0006403
0002212
-001339
-002911
-001630
0002852
0006927
0005006
-001165
-007335
-009722
-004133
0004656
0007218
0003318
-004541
-010944
-007451
0000989
0002212
-001107
-000175
0002561
0001688
-001398
-003319
-003144
-000175
0003026
0001688
-001572
-000408
0002910
0002794
0000349
-001223
-001398
0000232
0001688
-000233
-003726
-004890
-004017
-003551
-002911
-000350
0002095
0000698
-002445
-002562
-000990
-001689
-003319
-002969
-001398
-000699
-000466
0000582
0001804
0001862
0001338
0001571
0002212
0002095
0001397
0000174
-000350
0001688
0004482
0004191
0002037
0001397
0001047
-002736
-006345
-003610
0002561
0005588
0005006
0002503
-001048
-004541
-006287
-004541
-000990
0000523
0000582
0001920
0003492
0003201
0001862
0002037
0002153
-001747
-005822
-002678
0003958
0005879
0003783
0001746
-000059
-002620
-003377
0002037
0008615
0006985
0000349
-002969
-002736
-001281
0000640
0002037
0002386
0001397
0000116
0000407
0001164
-000641
-002387
0001513
0007043
0006170
0001397
-000815
0000174
0003085
0006985
0010827
0012340
0008848
0003376
0001920
0003201
0002677
0001455
0002561
0004540
0004424
0003434
0005180
0006868
0003085
-002678
-003377
-000583
0000756
0000640
0000232
0000232
0002212
0004831
0006112
0005413
0001979
-000583
0004074
0011176
0010536
0005530
0005238
0007858
0007509
0005995
0007276
0010186
0012282
0012340
0009197
0005297
0005180
0007043
0005704
0003259
0004540
0007858
0009197
0008498
0006577
0004831
0005879
0007392
0004773
-000815
-007393
-010071
-001630
0011176
0014494
0012340
0016299
0023808
0031783
0029629
-001572
-032752
-023692
0012689
0021712
0010769
0008731
0012515
0012049
0008382
0004191
0001280
0001979
0004482
0004540
0003434
0005297
0007858
0006344
0003667
0005937
0010885
0013388
0013388
0012631
0011060
0008265
0005297
0003783
0003376
0002503
0002212
0004249
0007451
0009604
0010303
0009837
0009022
0009895
0010303
0005588
-000117
0000756
0005646
0007683
0006810
0005355
0003609
0001688
0000523
0001047
0002735
0004307
0005180
0005064
0004074
0002561
0001571
0002794
0004656
0003609
0001513
0002444
0005238
0006985
0007683
0008557
0009371
0010361
0009954
0004656
-000292
0004889
0013272
0010361
0001222
-001281
0001513
0003550
0003958
0002153
-000466
-001572
-000408
0003026
0006461
0006286
0003609
0002095
0001397
-000583
-002213
-001048
0001338
0001571
0000523
0000814
0001920
0002968
0003085
0001338
-001048
-001689
-000699
0001106
0002386
0000756
-001398
0001106
0005821
0007451
0005821
0002444
-001107
-002969
-002329
0000873
0003841
0001688
-002911
-003435
-001630
-002387
-004890
-007102
-007743
-005239
-001980
-002562
-005531
-006869
-006637
-005880
-005298
-006287
-007160
-004541
-000932
-001456
-004890
-007917
-009489
-008965
-007102
-005763
-005298
-005181
-004948
-003377
-001514
-001339
-002678
-004483
-006113
-007335
-007743
-007044
-006345
-007801
-009838
-009664
-007684
-005356
-003668
-003551
-004948
-007568
-009081
-005705
-000932
-002154
-005938
-003901
0000465
-000990
-005880
-008150
-007684
-006054
-004483
-004832
-006695
-008383
-009198
-008092
-006811
-008849
-012108
-011817
-009547
-009489
-010711
-010711
-009955
-009314
-009955
-014088
-017813
-014204
-006695
-003493
-003610
-001863
-001165
-006928
-015194
-018803
-017173
-012807
-007393
-002911
-001572
-005181
-010304
-010013
-006869
-008034
-011352
-011352
-009198
-008092
-007859
-007277
-006869
-007801
-008907
-007859
-006054
-006637
-008907
-010828
-011468
-010129
-008034
-007568
-008266
-008034
-007743
-009372
-011643
-012225
-011934
-013505
-015194
-013855
-010711
-008790
-008325
-008674
-009664
-011293
-012050
-009314
-005531
-006229
-008732
-006345
-001980
-001572
-004133
-005880
-006462
-006404
-005647
-004017
-003027
-005123
-008383
-008674
-007160
-006811
-007975
-010595
-012516
-010013
-005589
-004541
-006404
-008558
-009955
-009605
-008092
-006986
-006753
-007684
-008790
-007801
-006520
-008790
-011759
-009372
-004599
-003901
-006404
-008907
-010420
-010246
-009140
-009431
-009605
-006171
-001980
-002154
-005007
-005822
-005589
-007917
-010653
-010362
-007044
-001165
0003318
-000059
-006345
-004366
0001280
-001048
-007277
-007219
-004250
-007626
-011934
-005123
0004715
0000873
-009547
-009023
-002620
-004425
-009372
-005531
0002328
0003318
-000990
-004541
-006753
-009023
-008616
-000815
0007392
0002968
-007102
-006811
-000059
0001688
-000408
-002038
-002620
-001921
-000641
-000583
-001165
-000990
-000175
0000756
0001222
0000116
-001223
0000349
0002619
0001164
-001805
-000874
0001629
0000058
-003202
-002620
0000174
0000756
-000466
-001572
-002387
-002853
-002736
-001921
-000699
0000814
0001688
0001047
-000350
-000757
-000466
-001048
-000874
0003492
0008440
0007567
0002735
-000815
-001863
-000583
0001688
0001920
0000698
0000523
0000756
-000350
-001572
-000583
0001979
0004715
0006112
0004656
0001804
0000698
0000989
0000698
0001106
0004889
0009022
0007800
0003550
0001746
0002386
0003783
0004773
0003492
0001513
0002270
0004773
0006112
0006228
0005879
0005238
0004424
0004249
0005762
0008033
0009721
0009546
0005530
0001397
0003958
0009663
0010710
0008149
0006344
0005879
0006577
0007567
0006694
0005238
0005879
0007625
0007800
0006694
0005122
0003958
0004540
0005704
0004598
0003259
0006053
0009604
0006228
0001338
0006286
0015425
0016240
0010885
0006752
0004715
0004424
0004656
0002270
-000350
0001804
0006344
0008207
0007800
0007625
0008265
0011060
0013912
0012748
0009663
0009954
0011351
0008557
0004482
0005413
0009197
0011001
0010477
0008789
0006868
0006577
0007276
0007101
0006927
0009313
0011700
0009022
0004424
0004365
0007683
0010361
0011409
0010186
0008091
0008382
0009371
0007043
0003492
0003667
0005646
0004365
0001862
0002910
0005588
0005355
0003725
0004598
0006286
0004715
0002910
0007509
0013446
0010245
0002852
0002852
0006985
0006053
0002677
0003783
0006577
0004482
0000698
0002328
0006985
0009197
0007974
0003085
-001747
0000116
0005588
0007159
0005355
0003434
0002503
0003667
0005821
0006344
0005530
0004482
0004016
0005355
0007159
0007159
0005588
0003376
0002386
0005530
0009895
0009837
0007043
0006519
0007625
0008265
0007800
0005413
0002794
0003201
0005006
0003841
0001513
0002153
0004307
0004307
0002794
0002212
0001629
-001398
-003901
-000233
0005762
0006112
0002852
0001920
0002852
0003201
0003143
0003201
0003259
0002735
0002212
0002794
0003434
0001804
-000233
0001280
0003958
0002212
-001456
-001165
0001397
0001862
0000756
0000291
0000116
-000757
-001689
-001165
-000350
-002038
-003435
0000989
0007159
0006810
0001979
-001107
-002445
-004425
-005414
-002795
0000989
0001455
-000757
-003435
-005123
-004075
-002038
-003027
-004948
-003202
0001164
0005471
0007218
0003259
-003027
-004948
-003027
-000874
0000756
0001571
0001629
0002037
0002619
0003318
0003318
0001047
-001165
0001047
0004773
0004074
-000233
-005065
-008965
-011002
-011352
-011934
-010886
-004774
0002968
0006112
0005297
0005064
0003492
-003377
-011119
-012341
-008674
-006753
-004890
0002794
0009779
0005297
-004948
-007975
-004890
-002329
-000757
0000000
-000059
0000058
0000058
-000699
-001980
-003551
-004890
-005647
-006113
-007160
-008965
-012516
-014844
-011002
-004890
-005123
-008150
-004657
0000698
-002678
-008383
-002445
0007625
0005238
-004075
-006054
-002736
-001747
-002329
-001223
-000059
-001863
-004657
-004308
-002736
-004599
-008034
-009198
-007684
-003610
-000292
-003551
-009198
-008092
-003144
-001805
-003551
-005589
-006404
-003610
-000233
-002678
-007684
-007917
-004890
-003610
-003726
-003668
-003668
-004308
-005181
-005531
-005589
-006113
-006229
-004250
-002096
-003668
-006404
-004133
-000408
-002562
-007626
-008150
-005705
-005239
-005880
-005356
-003726
-001107
0000989
0000291
-001921
-002271
-001689
-002969
-004890
-004948
-003377
-000757
0001571
0002095
0000931
-000641
-002329
-003959
-005007
-005356
-004425
-000932
0002212
0000232
-004425
-005822
-004774
-005239
-005414
-001223
0004191
0005471
0003201
0000582
-001572
-002678
-003144
-004599
-005996
-005414
-004075
-004716
-005822
-004017
-000874
0000058
-000350
0000814
0002153
0000174
-002504
-000408
0003783
0004715
0002619
-000117
-002736
-004832
-005414
-003551
-001048
-001514
-003144
-001165
0001746
-000408
-004483
-003493
0000058
0000058
-001572
0000291
0003667
0004598
0003609
0003492
0003318
0000640
-002504
-003086
-000815
0003667
0007858
0008324
0005937
0004016
0002910
0002212
0001920
0001920
0001920
0001688
0000873
-000815
-002271
-001048
0000756
-001630
-005007
-002678
0002561
0004424
0003376
0002444
0001862
0001280
0001397
0003201
0005064
0003434
0001455
0006344
0012748
0009779
0002328
0001804
0005937
0007974
0007742
0006636
0005238
0005297
0005297
0001862
-001572
0001571
0007509
0007800
0004365
0003143
0003492
0002619
0001164
-000059
-000175
0002270
0005122
0004540
0002153
0002735
0004249
0001746
-002038
-000990
0002212
0001106
-001863
-000874
0001979
0001629
-000408
-000466
0001513
0005297
0008207
0005879
0001455
0001862
0005646
0008557
0009139
0006228
0001920
-000059
0001164
0005821
0010303
0008615
0003550
0002037
0003376
0004132
0004482
0006112
0006985
0003667
-000524
0000989
0005530
0006694
0004715
0001746
-000524
0000582
0002794
0000523
-002969
-000583
0004191
0002852
-000466
0004656
0011467
0006577
-004192
-007568
-004774
-002329
-000874
-000466
-001165
-002329
-002736
-000641
0002503
0003492
0002619
0000931
-000175
0002037
0004249
-000874
-007160
-001863
0007800
0005530
-002969
-003202
0001804
0002735
0000407
-002154
-003551
-002096
0000814
0001979
0001222
-000408
-002271
-002795
-002911
-004716
-006869
-006753
-005065
-003901
-003377
-003377
-003202
-001281
0001047
0000989
-000233
0000465
0001688
0000698
-001398
-002096
-001747
-001921
-002445
-002736
-002620
-001747
-000466
0000116
0001222
0005762
0010245
0008324
0002968
0000814
0002095
0005064
0007101
0003550
-002329
-003319
-001048
-001165
-002038
0000407
0003492
0001920
-001747
-001398
0001280
0001920
0000873
0000174
-000641
-003027
-004657
-001514
0003143
0002444
-001165
-001281
0000174
-002445
-005647
-002329
0003725
0004773
0001571
-002445
-004832
-002213
0002386
0002153
-001048
-001747
-000815
-001398
-002038
0000407
0003841
0003492
0001746
0004191
0007800
0006286
0001629
-001339
-001747
0000116
0003026
0004540
0004889
0005821
0006286
0004249
0001397
0000931
0001979
0001804
0000931
0000698
0001106
0002328
0002677
-000815
-005123
-004483
-000292
0003725
0005762
0004424
0001164
-001165
-001048
0003026
0007567
0006344
0001338
-002271
-003144
-000874
0002328
0002212
0000349
0001047
0003085
0002968
0001571
0001106
0000873
-000932
-002562
-000641
0002910
0003609
0002270
0001455
0001164
0000989
0000582
-001048
-002678
-002271
-000757
-000815
-001805
-001980
-001572
-001630
-001863
-001630
-000641
0002037
0004307
0002619
-001281
-003493
-003784
-003260
-001339
0003492
0008440
0009488
0007218
0005355
0002270
-007743
-015426
-004657
0013097
0013737
0002852
-001921
-001805
-003842
-005880
-003842
0000116
0002037
0001862
0001455
0000640
-001048
-002213
-000175
0002794
0002619
0000291
-001223
-000815
0002852
0006636
0004482
-000524
-001107
0001280
0001862
0001513
0002619
0003667
0001629
-002038
-004483
-005298
-005298
-004075
-001107
0002444
0005413
0005879
0001629
-003901
-004308
-001456
-001223
-002562
-002795
-001921
-000059
0000931
-002678
-007160
-005414
-000583
-000641
-003610
-004425
-002911
-000059
0002677
0003434
0002037
-000932
-003726
-003551
-001747
-001805
-002853
-002736
-001339
0001222
0003667
0003900
0002852
0003434
0003958
0000814
-003493
-004250
-002329
-000874
-000233
0000174
-000175
-001921
-003668
-003027
-000757
0000873
0001629
0001979
0001979
0002212
0002328
0001629
0000640
0000291
0000931
0003143
0005355
0005180
0003259
0001920
0000931
-000932
-002329
-000815
0001571
0000640
-001980
-001980
-000466
-000699
-001339
0000582
0003550
0004424
0003492
0002212
0001397
0002153
0003143
0001571
-000466
0001920
0005006
0000698
-006287
-005414
-000233
-000059
-002853
-002795
-000583
0001746
0002794
0000349
-002736
-000757
0003492
0004074
0001222
-003377
-006287
-002213
0004365
0003434
-000990
0001047
0006053
0005530
0001629
-000059
0001047
0004540
0007858
0006577
0003201
0003492
0006228
0007858
0007218
0002794
-001921
-000233
0003259
-002271
-010595
-007917
0000465
0001338
-002213
-000874
0002386
0000407
-004133
-005414
-003202
0001338
0005297
0004307
0000873
0001571
0004307
0003841
0001455
0000756
0001455
0002270
0002735
0002037
0001571
0004540
0007683
0004365
-001339
-000874
0003026
0002677
0000000
0000814
0002677
-000466
-004250
0000058
0007276
0006286
0000174
-002154
-002154
-005880
-008849
-002387
0006927
0005646
-001747
-003144
0000058
0001862
0002503
0003492
0004016
0002735
0000989
0001338
0002386
0000873
-001805
-002678
-001863
-000408
0000465
-001048
-003610
-004250
-003260
-002096
-001281
-001281
-001572
-000990
0000232
0001106
0001920
0003841
0004831
0001571
-003726
-006869
-006578
-002445
0002619
0003318
0000814
-000699
-001572
-003901
-005880
-005007
-002213
0000058
0000756
-000990
-003610
-004017
-002736
-002213
-002038
-000815
0000582
0000523
-000815
-002678
-004017
-003377
-001980
-002213
-003377
-003377
-001921
0000174
0003492
0010070
0013912
0005355
-008732
-014088
-011584
-008965
-005589
0001106
0007159
0006985
0001571
-004541
-009838
-015019
-015543
-005007
0008615
0010769
0005064
0003900
0005006
0001629
-003610
-005589
-004716
-003202
-002038
-002213
-003319
-004483
-005065
-004599
-003610
-003319
-003493
-003027
-002504
-002795
-003842
-005472
-006113
-003202
0000523
-000583
-004017
-003610
-001514
-003377
-006520
-004890
-001107
-001339
-003377
-001689
0001455
0000873
-001805
-002387
-001572
-001980
-002445
-000583
0002444
0004074
0004598
0006053
0006519
0002794
-002795
-006869
-006462
0002386
0011467
0005530
-006869
-006229
0002270
0004307
0000931
-002562
-004832
-004541
-002736
-002795
-003668
-002620
-001107
-002504
-004716
-002911
0000174
-001223
-004657
-004308
-001980
-002678
-004716
-003842
-001339
-000466
-000699
-000175
0000582
0000000
-001107
-001281
-000641
0000523
0001222
0000116
-002038
-003377
-003610
-002969
-001514
0001397
0002968
-001514
-007393
-005298
0000873
0001397
-001689
-001281
-000233
-005822
-011759
-005123
0005704
0002910
-007102
-008150
-003144
-001980
-002969
-001398
0001280
0002444
0001338
-002620
-007044
-008150
-006171
-003551
-000874
0002386
0003841
-000292
-006054
-005763
-001572
0000291
0000349
0001746
0002735
0000000
-004133
-005414
-003842
-000815
0001979
0002095
0000698
0001164
0002444
0002153
0000523
-001863
-003260
-000932
0002735
0002852
0000582
-001048
-000990
0002037
0005355
0004365
0001222
0001280
0003143
0003085
0001397
-001281
-002620
0001920
0007043
0002212
-006404
-005647
0000873
0003085
0001513
-000233
-000815
0001746
0004947
0003841
0000349
-000815
0000058
0000756
0000756
-001107
-002911
-000466
0002910
0000000
-004890
-001921
0004132
0002153
-003901
-004308
-000757
0000814
0001455
0004424
0007159
0005588
0001106
-002736
-004366
-002329
0000989
0000640
-001980
-003377
-002736
-000117
0003434
0006636
0008265
0007451
0005762
0006170
0007858
0008673
0008033
0005646
0003143
0003318
0005471
0007683
0008440
0004191
0001920
0013679
0030851
0032752
0031375
-032075
-032752
-032752
0029454
0032752
0014261
-001572
-000466
0004656
0008091
-002969
-016765
-009489
0008964
0015775
0010885
0001862
-006869
-010362
-006171
0007159
0020140
0017812
0005471
-001689
-003260
-003901
-003202
-001339
0001513
0006403
0009546
0004889
-002620
-003319
0000873
0002910
0003318
0005413
0007334
0005238
0002328
0005471
0010477
0008498
0002561
0000000
0000756
0002677
0004307
0003318
0000873
0000000
0000756
0002270
0003318
0002212
-000059
-001223
-000932
0000873
0002386
0000407
-003493
-005938
-005472
-000699
0004656
0003900
-000524
-002329
-001514
-000292
0001222
0003026
0004307
0004307
0002735
-000757
-003493
-001689
0003550
0009663
0012457
0006228
-002795
-002387
0003958
0005762
0004016
0003143
0002852
0001979
0001455
0003609
0005297
0000116
-006520
-003959
0003492
0005530
0003259
0001979
0001513
0000582
0000058
0001455
0002910
0000582
-003377
-004832
-003784
-001980
0000116
0002503
0004016
0003259
0001629
0002095
0003259
0001338
-001514
-000932
0000814
-001339
-005356
-006578
-005531
-004425
-003901
-004890
-005589
-002562
0001862
0003026
0001571
0000291
-000466
-001223
-000641
0002910
0006985
0008033
0004889
-003027
-011002
-011643
-006928
-004657
-002620
0005297
0014087
0016240
0011525
0002444
-006054
-006928
-002795
-001805
-002678
-001281
0001513
0004365
0005238
0001222
-003959
-002969
0001047
0000232
-003144
-003086
-000699
0001338
0001746
-001339
-004483
-000874
0005006
0003376
-002213
-002329
0000232
-002154
-006054
-004017
0000989
0002270
0000523
-001281
-002271
-001689
-000932
-003726
-007044
-004716
-000117
-000641
-004075
-004832
-003027
-000699
0001164
0001513
0000291
-002213
-004541
-004890
-003726
-002736
-002736
-005065
-007335
-005414
-001165
0000814
0000465
-001107
-002853
-003610
-002969
-000932
0000814
-000350
-003027
-004250
-003493
-000583
0002095
0000756
-002911
-004774
-004832
-004832
-004192
-001514
0000814
-001281
-005356
-006113
-003959
-001572
0000058
0000116
-000990
-001805
-002038
-001689
-001398
-002387
-004017
-004657
-004774
-005996
-007044
-005065
-002795
-005705
-010246
-008441
-003901
-005007
-009023
-010013
-006753
0001804
0009080
0004482
-007335
-015950
-017406
-009431
0002037
0005762
0002968
-001223
-000990
0014610
0029221
0012922
-018686
-032599
-026079
-005531
0014145
0006810
-011119
-000466
0023226
0023750
0008207
-000350
-003202
-009081
-014146
-012923
-007102
-000932
0003492
0004540
0003550
0004715
0005937
0002794
-002911
-007510
-010071
-011701
-010246
-002329
0007218
0010594
0008265
0004773
0001397
-000292
-001572
-006520
-011934
-012865
-009489
-004250
0000931
0003492
0004424
0008091
0010827
0006577
-001747
-007743
-010071
-009547
-007102
-005239
-003319
0000814
0005297
0007567
0007334
0005413
0003085
0002735
0003492
0002677
0001455
0002037
0003900
0005064
0005646
0006694
0007218
0005530
0002444
-000699
-002853
-003668
-003260
-002678
-002154
-002213
-001689
0001338
0005413
0007858
0007625
0004365
0000058
-002271
-001514
0002619
0007159
0006927
0003958
0004482
0005937
0002444
-003260
-005472
-004483
-002911
-001165
0000814
0002444
0003434
0003725
0003783
0003958
0004540
0005413
0005821
0006053
0006985
0007218
0004074
-000292
-001398
-000583
-002096
-003610
0000407
0005762
0004191
-000408
0000873
0005704
0007916
0007451
0005937
0004191
0003318
0003376
0003725
0004249
0005297
0005530
0002794
-001630
-005065
-006869
-007743
-007044
-004366
-000583
0002677
0005530
0009546
0012981
0013330
0011060
0007858
0004715
0002270
0000582
-001223
-003086
-005181
-006171
-004366
-000583
0003434
0006286
0007509
0006112
0000931
-004483
-004657
-001747
-002387
-004483
-003260
0000523
0004598
0007567
0009022
0007742
0002794
-002969
-005007
-003842
-002736
-002038
-001805
-001921
-002096
-001747
0000407
0002386
0000523
-003144
-004425
-003202
-000641
0000989
-001689
-006462
-008674
-008208
-006986
-005123
-002445
-000466
-000874
-003144
-005531
-007102
-007219
-005996
-004425
-002620
-000583
0000931
0001338
0000349
-001863
-004774
-008150
-010362
-009489
-006637
-004425
-003260
-002620
-002678
-003784
-005298
-006404
-006520
-005065
-003842
-006520
-010071
-008208
-003610
-002853
-004599
-004366
-003144
-003610
-004483
-003027
-000932
-001572
-004192
-006695
-008325
-008674
-008208
-008558
-008732
-006171
-003260
-004599
-008325
-009372
-009605
-014437
-019559
-017464
-011002
-007335
-007102
-008674
-011002
-011817
-011410
-011352
-011293
-010653
-009489
-007626
-006462
-007743
-010478
-012690
-013564
-013505
-012225
-010071
-007743
-005589
-005181
-008732
-013680
-015892
-014961
-012458
-009780
-009081
-009780
-009722
-009489
-010828
-012399
-011468
-009722
-011061
-013156
-010770
-006695
-006811
-009547
-010304
-009431
-008558
-008150
-008499
-009896
-013156
-015601
-012399
-007102
-007160
-010537
-011410
-009780
-007044
-004948
-006054
-009023
-010420
-009955
-008383
-006054
-003493
-001572
-000583
-001398
-005472
-009664
-008907
-005239
-003842
-004948
-007160
-009431
-010770
-010246
-007277
-004017
-004308
-006637
-006811
-005996
-007393
-009489
-009140
-007219
-005763
-005938
-009256
-013156
-013389
-010246
-004890
-001107
-004657
-010711
-008616
-002969
-005007
-010770
-010828
-006578
-002154
0000174
-002329
-006171
-004133
0000698
0000931
-001630
-002038
-000524
0001513
0003026
0002968
0001222
-002096
-004716
-003260
-000059
-000524
-002736
-001514
0001455
0002270
0001397
0000873
0000814
0001106
0001280
0000232
-001398
-002562
-002795
-001805
0000058
0001920
0003318
0003958
0003550
0002153
0000058
-002562
-003493
0001047
0007043
0006577
0002328
0001397
0002444
0001164
-001107
-001630
-000874
-000932
-000932
0001280
0003259
0000756
-003668
-004541
-002154
0000989
0004365
0008440
0010186
0004947
-002096
-000990
0004947
0006810
0005297
0004889
0004656
0002095
-000408
0001804
0005530
0003841
0000058
0002037
0006577
0006636
0003609
0002270
0002270
0002095
0001746
0001106
0000756
0001746
0003318
0003958
0003318
0000989
-000990
0000756
0004307
0005413
0003900
0000291
-002504
0000640
0006228
0006577
0003667
0002794
0004365
0007742
0011176
0012748
0010885
0003376
-003377
0001280
0011700
0014785
0011467
0007974
0004715
0000582
-001223
0004074
0012107
0014785
0012107
0006927
0002444
0003550
0007509
0006985
0004831
0008033
0013388
0014203
0011991
0011875
0012515
0010186
0007101
0007683
0010652
0012689
0012806
0010594
0007101
0003841
0002677
0005704
0010419
0011816
0009895
0006228
0003550
0006112
0010943
0011525
0008848
0006927
0006053
0005355
0005646
0008673
0011351
0008091
0003318
0006170
0012515
0012515
0008265
0005937
0006053
0007451
0009546
0011700
0012166
0008498
0004191
0005995
0010710
0010943
0007567
0003900
0001862
0003841
0007625
0008440
0007509
0008731
0010594
0010070
0007974
0006694
0006577
0007567
0008265
0005937
0002852
0003725
0006927
0007858
0007218
0007858
0008848
0008324
0006636
0004598
0002910
0002095
0002153
0002794
0003376
0002444
0002037
0006694
0011875
0009255
0002328
-000059
0000756
-000932
-002969
-001048
0002503
0002852
0001222
0002037
0003026
-000699
-005763
-005356
-001747
-001165
-002329
-001339
0001106
0003492
0004307
0000698
-002969
0002153
0009488
0004598
-005298
-004366
0003667
0007043
0007451
0012282
0015716
0006752
-005763
-004774
0005297
0011176
0011816
0010419
0006170
-002795
-009722
-003027
0008091
0004424
-007277
-009547
-005531
-006287
-008558
-004599
0001629
0002095
-001223
-002562
-001456
0001571
0004249
0002503
-001281
-001805
-000117
0000232
-000641
-001747
-002853
-003493
-003842
-004832
-005647
-004890
-003551
-003668
-004075
-002154
0000407
0000523
-001572
-004541
-006462
-004599
-000757
0000814
0000291
-000292
-000641
-000699
0000174
0003492
0006053
0002735
-003726
-006753
-006986
-008034
-008499
-005938
-002387
-001572
-002853
-003784
-003551
-001281
0001222
0000640
-001514
-001281
0000349
0000698
-000175
-001398
-002562
-003784
-003610
0000465
0005471
0006344
0003550
-000350
-003551
-003959
-002271
-000757
-000466
-002620
-005007
-003610
0000058
0002270
0002619
0001629
0000465
0001513
0002619
-000641
-005414
-006171
-003551
-000815
0001280
0002619
0003026
0003376
0002968
0000291
-002736
-002911
-001048
0000058
0000756
0002852
0004074
0000698
-004948
-008325
-008325
-004599
0000116
0001397
-000117
-001514
-002038
-001165
0000698
0002677
0003841
0003376
0001629
-000350
-001514
-000699
0001688
0004540
0006752
0007625
0007276
0006868
0006752
0007043
0007683
0008324
0008848
0009779
0009546
0005471
0000291
-001398
-000117
0001047
0002153
0004307
0005413
0002503
-002387
-005356
-005065
-000932
0004365
0006286
0005588
0006053
0006577
0005064
0002852
0002153
0003550
0007567
0011292
0009663
0005646
0005762
0008731
0010070
0010012
0009954
0009779
0009488
0008848
0007276
0005762
0005937
0007159
0007392
0007509
0009663
0012631
0014378
0014494
0014203
0012166
0006053
-000350
-000699
0002852
0003550
0003201
0007276
0012049
0010710
0006170
0006228
0007916
0004016
-002969
-007743
-009198
-007743
-005007
-004541
-005007
-002504
0001455
0003725
0004715
0006461
0008207
0008615
0008091
0008033
0007683
0005297
0002503
0002794
0004191
0001804
-002154
-002445
-001048
-003027
-005414
-001747
0004249
0005064
0002619
0002794
0004773
0005704
0005646
0005530
0004889
0003143
0001455
0001920
0003783
0005064
0005297
0004424
0003143
0002444
0002386
0002619
0003085
0003318
0003783
0006112
0007800
0004132
-000641
0001862
0007800
0008091
0004249
0001047
0000000
0002794
0006286
0004482
-000408
-003027
-002445
0001047
0005064
0005588
0003841
0003783
0004947
0005530
0005238
0003725
0001920
0001688
0002619
0003434
0003900
0004482
0004540
0002910
0001571
0003958
0007625
0007509
0005006
0004191
0004715
0005006
0005238
0006170
0006228
0002386
-002387
-002271
0000873
0001280
0000174
0001164
0002619
0000873
-001863
-000466
0002212
0000000
-004308
-004890
-001689
0003783
0008324
0007742
0003318
-000408
-002329
-001980
-000699
-001747
-002911
0000698
0005704
0004831
0000756
0000640
0002328
0000349
-003319
-004366
-002969
-001165
0000523
0001164
0001280
0002212
0002910
0001047
-001863
-003027
-002678
-002445
-002329
-002038
-001630
-001456
-000699
0002212
0004831
0002794
-001456
-001747
-000408
-003493
-007451
-004774
0000873
0002212
-001048
-006811
-011876
-012108
-008092
-003144
0000756
0001688
0000582
0000523
0001106
0000814
-000233
-001630
-002678
-002504
-001689
-001398
-001863
-003144
-004716
-005996
-006404
-005414
-004425
-005880
-008441
-009605
-008907
-006928
-004716
-004133
-004948
-005705
-006287
-006695
-006345
-003784
-001223
-002504
-005647
-006113
-005007
-005647
-007044
-006637
-005472
-006054
-007626
-008790
-008558
-005007
-001980
-006986
-014728
-013738
-008092
-008558
-012050
-010537
-006811
-007801
-010886
-009955
-006520
-004483
-004017
-004075
-004716
-006229
-007743
-008092
-007451
-006520
-005298
-003377
-002213
-003901
-007859
-012167
-015426
-016765
-016067
-013971
-011934
-011934
-013040
-012923
-011643
-009547
-008558
-011759
-015950
-014961
-010537
-007626
-006986
-008383
-010886
-012749
-013214
-012167
-010304
-009198
-008965
-009081
-009372
-009372
-009489
-011061
-012108
-008849
-004425
-004948
-008616
-010420
-010304
-010362
-009955
-007743
-005880
-008674
-012982
-012167
-009023
-010770
-014553
-013447
-009780
-009140
-010886
-012399
-012574
-010187
-006695
-004890
-004483
-003493
-003202
-006171
-009838
-009955
-007335
-004425
-003319
-006869
-011584
-010944
-006578
-003726
-002853
-003086
-004366
-006637
-008616
-008790
-007626
-007219
-007219
-006345
-005181
-004483
-004599
-006054
-007160
-004657
-001048
-001398
-003493
-001281
0001804
-001339
-006869
-006287
-002329
-002096
-005065
-008790
-010886
-007684
-002387
-001980
-004425
-003784
-001339
-000292
-001165
-004366
-007801
-008034
-005822
-004366
-003260
-000059
0001920
-003551
-010478
-007219
0001280
0003259
0000116
-001921
-003027
-005298
-006695
-003784
0001338
0004831
0005297
0002153
-001747
-001165
0002270
0003492
0003143
0003958
0004249
-000117
-004774
-001630
0004889
0004482
0000523
0001920
0005995
0006170
0003201
-000466
-002504
0000407
0005122
0004715
0001455
0001979
0003900
0001280
-002504
-000175
0005238
0007276
0005879
0003550
0001164
-000583
-000932
0000174
0002212
0004249
0005355
0004540
0002735
0002037
0001979
0000232
-000117
0006694
0015076
0014319
0007974
0006170
0007043
0003958
0000756
0005471
0012166
0008789
0000291
-001863
0001280
0003958
0005646
0006344
0006112
0005471
0005006
0005413
0006810
0009255
0010769
0007974
0003434
0002735
0003783
0000640
-003202
-000524
0005995
0010245
0011234
0010128
0007392
0003783
0001804
0005180
0010128
0008557
0004191
0006112
0011351
0012398
0010477
0010303
0011001
0010419
0008906
0007218
0006170
0006927
0007742
0005006
0001280
0001571
0005006
0008615
0011176
0011933
0010885
0009313
0007509
0005006
0003609
0005471
0008789
0009604
0008731
0009255
0010128
0009546
0007742
0005238
0003434
0003841
0005762
0007101
0008091
0010012
0012049
0013213
0012689
0009488
0005646
0004889
0006577
0008149
0009430
0011001
0011467
0009080
0005471
0003900
0003841
0002561
0001688
0004132
0007858
0008731
0007683
0007974
0009313
0010536
0011234
0010885
0009604
0007974
0006228
0003841
0002503
0004889
0008789
0009546
0008091
0007858
0008964
0011176
0012981
0011700
0008789
0007742
0008091
0007858
0007916
0010303
0012689
0011292
0007509
0004249
0003550
0007334
0012573
0013155
0010419
0009255
0009197
0008673
0007392
0004831
0002386
0002212
0003434
0003609
0003434
0005006
0006927
0006752
0005355
0005006
0005238
0004365
0003376
0004482
0006577
0007159
0006461
0006053
0005821
0005180
0004715
0005355
0006577
0007392
0007451
0006985
0005879
0003609
0001920
0003841
0006868
0005530
0002270
0003026
0005530
0004540
0001862
0001688
0002968
0002444
0001571
0003900
0007159
0006228
0004016
0007625
0012340
0008207
0000349
0000582
0004889
0001920
-003027
0001688
0009954
0008324
0001455
0001106
0004656
0003900
0000989
0001513
0002794
-001572
-007102
-004657
0001280
0000582
-004541
-007451
-007743
-006928
-004832
-001456
0001746
0003026
0002270
0000873
-001398
-005763
-009256
-007335
-002387
0000000
-000233
-000583
-001398
-003086
-004657
-004599
-003435
-002445
-001863
-001456
-001456
-001980
-002736
-002853
-003086
-005123
-006869
-004250
-000292
-001223
-004483
-003901
-001572
-003144
-006113
-004541
-001223
-002096
-005414
-006695
-005822
-003842
-001747
-000932
-000874
0000640
0001047
-005007
-012341
-011410
-005822
-005531
-008150
-007219
-004192
-002853
-003377
-005472
-007510
-006928
-005123
-005414
-006811
-006520
-005472
-006462
-007975
-006928
-004366
-002620
-002504
-004716
-007743
-008441
-007510
-007801
-007917
-004192
-000408
-003901
-010071
-009140
-004133
-002911
-004832
-006986
-007743
-004716
-001048
-002853
-007626
-009489
-008790
-008150
-008092
-009198
-011061
-012690
-013389
-012690
-010537
-006869
-003784
-003726
-006171
-009431
-011235
-008732
-004541
-004192
-006462
-007044
-006753
-008092
-009838
-009605
-008034
-006811
-005822
-003901
-002678
-004657
-008092
-009140
-008208
-007626
-006869
-004250
-001863
-003202
-006578
-007684
-007102
-007451
-008092
-007510
-006637
-007451
-008790
-008383
-006404
-003668
-001630
-002213
-004716
-006753
-008383
-010886
-012632
-011293
-008383
-007451
-007451
-004832
-001805
-002562
-005007
-003726
-001339
-003726
-008034
-008383
-005647
-003202
-002096
-003027
-005414
-008092
-009081
-005531
-000757
-001223
-004599
-004890
-002387
0001280
0003725
0001338
-003551
-005996
-005705
-004075
-001805
0000291
0001979
0004656
0005530
-000175
-007801
-008849
-005065
-002795
-001747
0001106
0002735
-001863
-008325
-008150
-003668
-001747
-002504
-004308
-006345
-007102
-006404
-004716
-002271
0000989
0003434
0003259
0000931
-002154
-003842
-001339
0002910
0003550
0001222
-001456
-002853
-000524
0002794
0000989
-003086
-002678
0000116
0000349
-001165
-005181
-002154
0028930
0032752
0019209
-032752
-032752
-032752
-003202
0032752
0032752
-004599
-006637
0012282
0007276
-010013
-011526
-001456
0006985
0010594
0008033
0001338
-004075
-005938
-003377
0002444
0009371
0013155
0009022
0000698
-003435
-003027
-001281
0002212
0008848
0014378
0012748
0006461
0002619
0001338
0000349
-000175
-000699
-000408
0002270
0005238
0004482
0001746
0001164
0002153
0002386
0001920
0000989
0000349
0001397
0003376
0005064
0005704
0005006
0003609
0003026
0002677
0000116
-001863
0001979
0007218
0004598
-001456
-000757
0004831
0009663
0011758
0009604
0005180
0002735
0002677
0003841
0005530
0006636
0006694
0005355
0003958
0005355
0007334
0005064
0001862
0005238
0011060
0010652
0005995
0003318
0002328
0000291
-000699
0002270
0007509
0011875
0013563
0011467
0007858
0007742
0009488
0008906
0006403
0003900
0001979
0000814
0000873
0002561
0004889
0006344
0006519
0005297
0003900
0004773
0006403
0005704
0003841
0003841
0005238
0006752
0007392
0005238
0003085
0006461
0011525
0009954
0005471
0006927
0011700
0013504
0012166
0009371
0005937
0002619
0000291
-000641
-000583
-001165
-000932
0003318
0008324
0008091
0005064
0005995
0008149
0004598
-001107
-001572
0001222
0001571
0000756
0001862
0004249
0006228
0006810
0005006
0002270
0002037
0002968
0001571
-000932
-002096
-001514
0000756
0003085
0002852
0001280
0001397
0002910
0005064
0005821
0001629
-003726
-002969
0002095
0005995
0007742
0007916
0006461
0003900
0001979
0002677
0005937
0011409
0014960
0010186
0001397
-002329
-001398
-000641
0000407
0003085
0005530
0005064
0002794
0001397
0001455
0002852
0004074
0002037
-001107
-000408
0002212
0001920
0000465
0002503
0005704
0005122
0001920
-000874
-002736
-004483
-004133
0001804
0008091
0005762
-001747
-005414
-004890
-002969
-000233
0002386
0003783
0003609
0001513
-003319
-007219
-004250
0001571
0001455
-002387
-003959
-002736
0000989
0004249
0002270
-002562
-004308
-003202
-002038
-000757
0001222
0002619
0001513
-001107
-002969
-003551
-002620
-001339
-002445
-004192
-002387
0000582
-000408
-003144
-002562
-000350
-001398
-003435
-001572
0001979
0002328
0000465
-000757
-000350
0002677
0006170
0006461
0003609
-000990
-005589
-007975
-008383
-009547
-009023
-001921
0006112
0004424
-000990
0003085
0013213
0023400
0023167
-004657
-032752
-030561
-002271
0004773
-004133
-007335
-005239
-001630
0001047
-001921
-006637
-004832
0000814
0003725
0003085
-000175
-003959
-004948
-003610
-002213
-001805
-003668
-006578
-008150
-007451
-003959
0000465
0002561
0002735
0003550
0003725
0000000
-004308
-003260
0000465
0000582
-001805
-003086
-002911
-001223
0000756
0001047
-000059
-001165
-002154
-003493
-003959
-001572
0001455
0001164
-001456
-003493
-004599
-005239
-005763
-007219
-008499
-007743
-005996
-005763
-006287
-005239
-003901
-005007
-006811
-005647
-002678
-000524
0000407
0000640
0000523
0000931
0001164
-000699
-002911
-002154
0000174
0000698
-000292
-001165
-001747
-002096
-001921
-000815
0000407
0000407
-000583
-002213
-002562
0001047
0005995
0007218
0004715
0000174
-004192
-005531
-004017
-001339
0000523
-001048
-004599
-006928
-007510
-006695
-005065
-003784
-002504
0000232
0002619
0001629
-001223
-002504
-002213
-001980
-001398
0000291
0001979
0001513
0000291
0001513
0003725
0003492
0001804
0001164
0001455
0001455
0001164
0000349
-000292
0000407
0001688
0002212
0001862
0000931
-000175
-001223
-002038
-003144
-003435
-000874
0003026
0005122
0005762
0006810
0007683
0007101
0005355
0002503
0000582
0003026
0006636
0004365
0000291
0003550
0009255
0006752
0000000
-001630
0000814
0002444
0002852
0002153
0001629
0004074
0006752
0004424
0000000
-000292
0002386
0004191
0004424
0002735
0000349
-000757
0000058
0003143
0005704
0002212
-003086
-001514
0003725
0004249
0002386
0005297
0008324
0001629
-007568
-004948
0004424
0007683
0005995
0005413
0005122
0003085
0000232
-002271
-003086
-001339
0001629
0003259
0003376
0003434
0003259
0002677
0001920
0000814
0000756
0003841
0007625
0007392
0004831
0004773
0006228
0005762
0004831
0006636
0008964
0007392
0003725
0002212
0002444
0002037
0001397
0001280
0002153
0005122
0007683
0005530
0001280
0000407
0002212
0003318
0003958
0005238
0005995
0004831
0002386
0000058
-000641
0002619
0006927
0006752
0003550
0001862
0001280
-000874
-002213
0001571
0007567
0010652
0009779
0005879
0000582
-004599
-005763
0002444
0012340
0008964
-000524
0002153
0009721
0004773
-006578
-010595
-007393
-001281
0005006
0007858
0007800
0008498
0009663
0010477
0010012
0007334
0003026
-001339
-005007
-008558
-009372
-004133
0004307
0010710
0013563
0013912
0011234
0005122
-001223
-003377
-002038
0000000
0000814
-002213
-005356
-001223
0006810
0011060
0011409
0011351
0008615
-001572
-012283
-011526
-004075
-002445
-004716
-004192
-001339
0002561
0005588
0005821
0002677
-003784
-010304
-012399
-010537
-008732
-006345
-001689
0003434
0007043
0007916
0006053
0002503
-000466
-002096
-002736
-002329
-000932
-000583
-004890
-009314
-005007
0003085
0004482
0000756
-001223
-002504
-006695
-010537
-008325
-003144
-001689
-003435
-005007
-006287
-008092
-008790
-005239
-000874
-002154
-006520
-007277
-005472
-004657
-004483
-003260
-001630
-000466
-000350
-001456
-003610
-006171
-008208
-009023
-008034
-004308
-000874
-003144
-007975
-008441
-005472
-002736
-001281
-001514
-003493
-006869
-009605
-008732
-005938
-005356
-006753
-008558
-010129
-011061
-011061
-009955
-008790
-008849
-009896
-011002
-011293
-009955
-007044
-002911
0000349
0000349
-002795
-007743
-011759
-011352
-008208
-006811
-006986
-006695
-006695
-008558
-010187
-007801
-003959
-003959
-006811
-009081
-010246
-010246
-009198
-007568
-006287
-006637
-007859
-007626
-007335
-010013
-012865
-010420
-006054
-007335
-011759
-012982
-011759
-011352
-011119
-009431
-007568
-008034
-009896
-010711
-010653
-010770
-010886
-010537
-009664
-007626
-006287
-009140
-012749
-010129
-004716
-004657
-007801
-007859
-006113
-006287
-007219
-005880
-004017
-005123
-008325
-011293
-012982
-012865
-011468
-010187
-009780
-011584
-012632
-006986
0000058
-002038
-009140
-011002
-008441
-006229
-004890
-004192
-004716
-006986
-009314
-008674
-006928
-008674
-011584
-011002
-007743
-004250
-002562
-005298
-008849
-005880
0000174
0001222
-001572
-004541
-005414
-000699
0004191
-001805
-011468
-009198
-000932
-001572
-007684
-009081
-007568
-009314
-011061
-005938
0001106
0001513
-004366
-012749
-019327
-018919
-012632
-004890
0000582
-000757
-004890
-001398
0003900
-002620
-012108
-005298
0007509
0003550
-009489
-012225
-006986
-003493
-001921
-000059
0000291
-003726
-007801
-003377
0003841
0001455
-005531
-004657
0000058
-002038
-007451
-007917
-004599
-001921
0000000
0002677
0003841
-000233
-005181
-002736
0002852
0001746
-003377
-005298
-004483
-003901
-003493
-002795
-002096
-001980
-001398
0001571
0004889
0005180
0003026
0000814
-000583
-000874
-000292
0000523
0000814
-000583
-001921
0000116
0003667
0004656
0003783
0003958
0004365
0003259
0002270
0004656
0008265
0009197
0007451
0004424
0002037
0003434
0006112
0004132
0000407
0001629
0005064
0004016
0000989
0001746
0004831
0006403
0005879
0003318
0000814
0002735
0006228
0005006
0001280
0000523
0002212
0004016
0004889
0003958
0002095
0001280
0001397
0001106
0001047
0002212
0003725
0003609
0002677
0003026
0003958
0003725
0002852
0002503
0003085
0005006
0007043
0007043
0005704
0004482
0003958
0004715
0005704
0004947
0003026
0000989
0000640
0004307
0009546
0011875
0011001
0008557
0005471
0002619
0001629
0003958
0007916
0010128
0010594
0010885
0010827
0009895
0009022
0010245
0011525
0008848
0004424
0002910
0004656
0009080
0012981
0011292
0006577
0005297
0006694
0008033
0008207
0005646
0002444
0002270
0004773
0008265
0010186
0006286
0000989
0003318
0009604
0010827
0008731
0009022
0010419
0009371
0007509
0008207
0010245
0010477
0008964
0006636
0004540
0003841
0004598
0006636
0008324
0007218
0004773
0003434
0005064
0012340
0019558
0016124
0008091
0010070
0016008
0010827
0001338
0003201
0009721
0004132
-005065
0001222
0013970
0012806
0003434
0001571
0005006
0005879
0005588
0008906
0011758
0006461
-000815
0002968
0011583
0010652
0004074
0002794
0004889
0004365
0002328
0001920
0003026
0004307
0006461
0011467
0015600
0012631
0006519
0005646
0009663
0015949
0020199
0016706
0007858
-000524
-004075
0001338
0011001
0015425
0013679
0007916
0001746
0000523
0003201
0004715
0005471
0007509
0009488
0009139
0007567
0007276
0007800
0007509
0006868
0007101
0007567
0007334
0006170
0004132
0002561
0003725
0006403
0007742
0007509
0006519
0005355
0004540
0004656
0006694
0008440
0005471
0001164
0002735
0006752
0005238
0001047
0001513
0004365
0004132
0001804
0000814
0000756
-000117
-000466
0002503
0005995
0004424
0001047
0002910
0007159
0006868
0003434
0000465
-000641
0001688
0004424
0001746
-003610
-005647
