0000640
0000407
0000698
0001047
0001280
0001164
0000814
0000873
0001106
0000756
0000291
0000523
0001106
0001164
0000931
0000931
0001047
0000814
0000407
0000174
0000232
0000814
0001513
0001804
0001513
0000582
-000292
0000116
0001047
0001106
0000582
0000814
0001397
0001222
0000814
0001106
0001746
0001513
0000698
0000232
0000174
0000640
0001106
0000931
0000407
0000407
0000814
0001164
0001280
0001222
0001047
0001222
0001455
0001397
0001106
0000814
0000582
0000523
0000582
0000756
0000989
0001164
0001164
0000756
0000291
0000407
0000756
0000931
0000814
0000756
0000756
0000873
0001106
0001280
0001280
0000756
0000174
0000291
0000756
0000814
0000523
0000232
0000116
0000582
0001047
0000523
-000466
-000641
-000175
0000174
0000291
0000058
-000292
-000117
0000291
0000174
-000117
0000407
0001047
0000582
-000408
-000292
0000582
0000989
0000931
0000465
0000000
0000291
0000931
0001280
0000989
0000116
-000757
-000583
0000058
-000059
-000641
-000990
-000874
-000292
0000407
0000582
0000349
0000291
0000232
0000058
-000233
-000466
-000583
-000699
-000641
-000233
0000174
0000349
0000174
0000000
-000117
0000116
0000523
0000698
0000582
0000116
-000292
-000350
-000059
0000291
0000582
0000523
0000232
0000116
0000058
-000117
-000117
0000232
0000698
0000465
-000059
0000116
0000640
0000873
0000814
0000523
0000116
-000233
-000466
-000757
-000874
-000292
0000465
0000756
0000523
0000407
0000349
0000349
0000465
0000523
0000523
0000523
0000582
0000814
0000873
0000174
-000524
0000000
0000989
0000640
-000350
-000408
0000232
0000349
0000174
0000174
0000291
0000465
0000582
0000465
0000116
-000350
-000815
-000815
-000524
-000408
-000466
-000524
-000583
-000990
-001165
-000350
0000698
0000756
-000059
-000757
-001048
-000874
-000408
-000408
-000641
-000524
-000350
-000466
-000874
-000932
-000815
-000641
-000524
-000815
-001165
-000466
0000407
0000174
-000641
-000815
-000524
-000466
-000524
-000699
-000757
-000233
0000465
0000582
0000349
0000058
-000059
0000000
0000000
-000583
-001281
-001281
-000699
-000059
0000291
-000233
-001048
-000932
-000233
0000000
-000175
-000408
-000699
-001107
-001398
-001107
-000641
-000874
-001398
-001398
-001048
-000815
-000757
-000990
-001223
-000757
-000059
-000059
-000524
-000757
-000699
-000350
-000117
-000757
-001689
-002038
-001805
-001398
-000990
-000641
-000524
-000990
-001630
-001747
-001339
-000757
-000408
-000524
-001048
-001339
-001514
-001630
-001572
-001339
-000932
-000408
-000233
-001165
-002387
-002213
-001165
-000583
-000408
-000350
-000524
-000990
-001398
-001223
-000699
-000524
-000641
-000815
-001048
-001223
-001339
-001514
-001630
-001165
-000583
-000408
-000699
-001339
-001921
-001747
-001107
-000757
-000757
-000932
-001107
-000815
-000350
-000408
-000815
-001398
-001921
-001921
-001572
-001456
-001456
-001223
-000932
-000874
-001048
-001747
-002387
-001863
-000990
-001107
-001805
-002213
-002096
-001281
-000408
-000757
-001630
-001747
-001398
-001630
-001980
-001747
-001048
-000641
-000524
-000699
-000874
-000524
-000233
-001339
-002736
-002504
-001107
-000175
0000000
-000524
-001339
-001689
-001572
-001223
-000932
-001107
-001281
-000524
0000407
0000000
-001165
-001921
-002038
-001572
-000815
-000059
0000174
-000408
-001339
-001630
-001456
-001572
-001747
-001107
-000292
-000350
-000815
-000641
-000233
-000641
-001339
-001339
-000874
-000932
-001048
-000466
0000349
0000582
0000116
-000757
-001630
-001689
-001339
-001223
-001223
-000815
-000350
-000524
-000932
-000815
-000350
-000117
-000175
-000350
-000524
-000233
0000174
-000059
-000524
-000583
-000292
-000292
-000466
-000815
-000932
-000524
0000058
0000174
-000117
-000350
-000524
-000757
-000874
-000350
0000349
0000349
-000175
-000583
-000641
-000117
0000465
0000349
-000175
-000641
-000874
-000583
-000233
-000699
-001339
-001048
-000233
0000000
-000117
0000232
0000698
0000640
0000232
-000059
-000292
-000583
-000815
-000815
-000699
-000583
-000350
0000116
0000582
0000523
0000232
0000000
-000059
0000000
-000059
-000350
-000815
-001048
-001107
-000990
-000757
-000117
0000407
0000349
-000175
-000641
-000874
-000641
0000000
0001047
0001746
0000814
-000757
-001514
-001165
-000233
0000873
0001688
0001979
0001862
0001222
0000174
-000699
-000583
0000291
0000756
0000814
0000873
0000873
0001047
0001106
0000814
0000291
0000058
0000116
0000523
0000873
0000640
0000174
0000407
0000931
0000465
-000466
-000757
-000466
0000174
0000756
0000873
0000523
0000174
-000059
-000233
-000233
-000233
-000117
0000058
0000174
-000117
-000466
-000292
0000174
0000291
0000174
0000116
0000000
-000641
-001165
-000524
0000756
0001455
0001455
0001047
0000523
0000349
0000523
0000698
0000756
0000465
0000232
0000756
0001571
0001746
0001338
0000873
0000523
0000232
0000058
-000059
-000059
0000058
0000174
0000465
0000756
0000989
0001106
0000989
0000814
0000523
0000232
-000117
-000350
-000292
0000058
0000523
0000989
0001513
0001688
0001338
0000698
0000465
0000523
0000523
0000523
0000640
0000814
0000931
0000931
0000465
0000058
0000232
0000756
0001164
0001164
0000814
0000349
0000465
0000931
0001047
0000873
0000873
0000989
0001338
0001629
0001280
0000582
0000000
-000233
-000117
0000291
0000291
0000232
0000814
0001397
0001047
0000291
0000640
0001397
0001222
0000523
0000407
0000698
0000989
0001106
0001106
0000756
-000233
-001107
-000699
0000407
0000873
0000756
0000756
0000640
-000524
-001572
-000583
0001222
0001106
-000292
-000641
-000350
-000233
-000233
0000000
0000291
0000000
-000466
-000350
-000059
-000641
-001398
-000757
0000465
0000232
-000699
-000641
-000059
0000000
-000408
-000932
-001223
-001107
-000641
-000408
-000408
-000292
-000059
0000116
0000174
0000058
-000175
-000408
-000524
-000524
-000408
-000233
0000000
0000174
0000232
0000232
0000058
-000292
-000524
-000117
0000465
0000116
-000699
-000699
-000117
0000349
0000465
0000058
-000524
-000408
0000000
-000117
-000292
0000407
0001222
0000523
-000757
-000466
0000582
0000931
0000465
-000350
-000932
-000699
0000000
0000349
0000349
0000232
0000000
-000466
-000815
-000583
-000117
-000233
-000757
-001107
-001223
-001165
-000990
-000757
-000583
-000524
-000466
0000058
0000582
0000349
-000350
-000757
-000815
-000699
-000524
-000524
-000757
-000932
-001048
-001165
-001048
-000408
0000349
0000349
-000233
-000524
-000583
-000757
-000815
-000524
-000117
0000174
0000116
-000408
-001048
-000874
-000292
-000117
-000292
-000466
-000641
-000815
-001048
-001223
-001223
-000641
0000116
-000059
-000757
-001223
-001165
-000466
0000291
-000175
-001165
-000990
-000233
-000466
-001107
-000757
0000000
0000232
-000175
-000874
-001281
-000583
0000407
-000117
-001339
-001048
0000000
0000349
0000174
0000407
0000640
0000291
-000350
-001223
-001165
0001979
0004947
0002153
-003842
-007917
-007801
-001572
0005704
0004365
-001689
-002387
0000349
0000465
-001107
-001630
-001107
0000407
0001746
0001571
0000116
-001339
-002038
-001107
0000756
0001979
0002095
0000814
-000932
-001281
-000641
-000466
-000583
-000524
-000292
0000000
0000174
0000000
-000292
-000233
-000059
-000466
-001107
-000932
-000350
0000058
0000000
-000583
-001107
-000408
0000582
-000292
-001863
-001747
-000699
-000583
-001165
-001398
-001398
-001572
-001572
-000874
0000058
0000058
-000524
-001048
-001223
-000874
-000233
0000232
0000407
0000407
0000116
-000524
-001107
-000874
-000175
0000174
0000232
0000174
0000000
-000408
-000757
-000583
-000117
-000059
-000408
-000874
-001281
-001456
-001281
-000524
0000232
0000232
-000350
-000990
-001398
-001398
-001048
-000641
-000408
-000524
-000699
0000058
0001047
0000582
-000524
-000699
-000175
0000232
0000116
-000815
-002038
-002387
-001863
-000990
-000117
0000291
0000349
0000814
0000931
-000292
-001980
-002445
-001863
-001165
-000466
0000174
0000465
0000349
-000233
-000874
-001339
-001339
-001107
-001165
-001223
-000815
-000292
-000233
-000524
-000874
-001107
-001165
-001107
-000990
-000932
-001223
-001630
-001630
-001223
-000815
-000466
-000175
-000117
-000583
-000990
-000466
0000349
0000174
-000466
-000408
-000059
-000583
-001339
-001048
-000233
0000000
-000175
-000117
0000000
-000350
-000757
-000524
0000058
0000058
-000466
-000990
-001223
-001165
-000815
-000233
0000174
0000291
0000116
-000292
-000641
-000583
-000466
-001281
-002096
-001107
0000523
-000059
-001630
-001514
-000408
-000233
-000757
-001048
-001048
-000524
0000000
-000466
-001165
-000699
0000349
0000814
0000582
0000232
-000233
-000583
-000757
-000757
-000466
0000058
0000349
-000466
-001456
-001107
0000058
0000291
-000059
0000291
0000756
0000465
-000059
0000407
0001106
0000640
-000466
-000699
-000408
-000466
-000583
-000292
0000116
-000117
-000699
-000874
-000699
-000641
-000583
-000233
0000174
0000232
0000000
-000117
-000059
0000174
0000407
0000407
0000349
0000407
0000523
0000407
0000058
-000524
-000932
-000757
-000175
0000116
0000232
0000465
0000640
0000291
-000350
-000757
-001107
-001921
-002387
-001281
0000523
0000931
0000291
-000292
0000058
0002852
0005238
0001746
-003668
-003027
0001106
0002037
0000465
-000117
0000116
0000349
0000407
0000465
0000291
-000350
-000932
-000641
0000116
0000698
0000814
0000465
-000059
0000058
0000523
0000465
0000058
-000292
-000466
-000524
-000350
0000174
0000756
0000989
0000931
0000814
0000698
0000349
0000000
0000058
0000349
0000698
0000931
0000698
0000291
0000291
0000523
0000465
0000232
0000523
0000873
0000640
0000174
0000465
0001047
0000698
-000117
0000000
0000582
0000407
0000000
0000232
0000814
0000640
0000058
-000350
-000350
0000058
0000523
0000640
0000523
0000698
0000989
0000931
0000640
0000058
-000408
-000059
0000698
0001047
0000989
0001106
0001164
0000698
0000349
0001164
0002270
0001629
0000349
0000582
0001571
0001571
0000756
0000058
-000233
0000058
0000640
0000756
0000582
0000814
0001222
0001513
0001629
0001629
0001338
0000465
-000408
-000175
0000698
0000989
0000873
0001222
0001920
0002503
0002677
0002153
0001222
0000523
0000291
0000407
0000640
0000232
-000292
0000349
0001513
0001979
0001804
0001571
0001455
0001455
0001513
0001222
0000814
0000814
0001106
0001513
0001920
0002153
0002095
0001571
0000989
0000873
0001047
0001047
0000698
-000117
-000699
0000232
0001746
0001688
0000814
0001106
0001979
0001571
0000698
0000873
0001629
0001746
0001280
0000582
0000116
0000523
0001397
0001920
0001862
0001164
0000291
-000059
0000058
0000407
0000756
0000931
0000989
0001164
0001397
0001397
0001222
0001047
0000814
0000698
0000582
0000523
0000523
0000931
0001338
0001280
0001047
0001047
0001280
0001513
0001571
0001106
0000582
0000640
0000989
0000873
0000523
0000291
0000232
0000349
0000698
0001513
0002095
0000989
-000641
-000292
0001222
0001746
0001513
0001338
0001338
0001222
0001164
0001106
0001047
0001164
0001164
0000931
0000640
0000407
0000465
0000814
0001222
0001338
0001164
0000989
0000931
0000931
0001047
0001280
0001571
0001688
0001688
0001280
0000814
0000814
0001047
0000989
0000873
0001222
0001688
0001629
0001397
0001455
0001688
0001688
0001455
0001455
0001338
0000523
-000292
0000116
0001164
0001571
0001397
0001106
0000989
0001338
0001920
0001862
0001338
0000698
0000291
0000698
0001397
0001222
0000640
0000640
0001047
0000989
0000698
0000174
0000058
0001164
0002561
0002328
0001047
0000349
0000407
0000640
0001047
0001397
0001688
0001804
0001746
0001688
0001513
0001280
0001047
0001106
0001280
0001222
0000989
0001280
0001688
0001338
0000756
0000873
0001455
0001862
0001920
0001688
0001397
0001455
0001629
0001513
0001222
0001222
0001397
0001222
0001047
0001164
0001455
0001222
0000814
0000931
0001338
0001629
0001513
0000873
0000291
0000698
0001571
0001571
0000931
0000523
0000349
0000232
0000407
0000989
0001629
0001280
0000640
0001047
0001804
0001164
-000059
0000058
0000814
0000407
-000408
0000291
0001571
0001455
0000407
-000233
-000175
0000523
0001338
0001047
0000291
0000698
0001455
0000582
-000641
0000291
0002095
0001746
0000232
-000059
0000465
0000523
0000232
0000174
0000174
-000059
-000292
-000059
0000349
0000465
0000349
0000407
0000523
0000523
0000291
-000117
-000466
-000641
-000583
-000757
-000874
-000350
0000465
0000931
0000873
0000058
-000641
0000407
0001804
0000523
-001921
-002038
-000524
0000465
0000640
0000291
-000233
-000350
0000000
0000582
0001047
0000989
0000523
0000232
0000000
-000408
-000757
-000699
-000350
0000232
0000523
-000117
-000990
-000874
-000233
0000058
-000175
-000641
-001165
-001165
-000874
-000641
-000641
-000583
-000641
-000757
-000815
-000524
-000117
0000116
0000058
-000292
-000641
-000466
-000175
-000524
-001165
-001165
-000699
-000175
0000232
0000291
0000174
0000058
-000117
-000583
-001048
-001165
-000757
0000058
0000756
0000407
-000524
-000757
-000408
-000117
-000117
-000641
-001165
-000932
-000292
-000292
-000641
-000524
-000117
-000117
-000350
-000466
-000524
-000408
-000233
-000292
-000408
0000232
0000873
0000232
-000932
-000990
-000350
-000408
-000874
-000699
-000292
-000408
-000757
-000757
-000524
-000408
-000466
-000641
-000757
-000699
-000524
-000524
-000699
-001107
-001514
-001514
-001107
-000524
0000000
-000059
-000292
-000175
0000058
-000641
-001398
-000874
0000232
-000059
-001048
-000874
-000117
-000059
-000466
-000583
-000524
-000466
-000524
-000583
-000641
-000524
-000350
-000175
0000000
0000000
-000175
-000641
-001107
-001165
-000757
0000232
0000989
0000000
-001630
-001514
-000350
-000175
-000641
-000583
-000233
-000233
-000408
-000699
-000874
-000874
-000699
-000583
-000583
-000757
-000932
-000990
-000990
-000874
-000699
-000641
-000583
-000466
-000292
-000175
-000233
-000990
-001689
-001107
0000058
0000232
-000175
-000292
-000408
-001398
-002329
-001223
0000640
0000523
-000815
-001456
-001281
-000757
-000233
-000350
-000699
-000233
0000640
0000931
0000640
-000059
-000757
-001223
-001048
-000059
0001106
0000989
0000000
-000757
-000990
-000641
0000058
0000523
0000640
0000291
-000233
-000175
0000174
0000000
-000292
0000523
0001455
0000814
-000641
-000874
-000117
0000873
0001629
0001455
0000640
0000174
-000059
-000292
-000408
-000117
0000291
0000232
-000292
-001107
-001572
-000874
0000349
0000407
-000175
-000175
0000174
0000000
-000350
-000233
0000116
-000059
-000583
-000874
-000757
-000175
0000465
0000232
-000466
-000815
-000641
-000233
0000174
0000000
-000350
-000175
0000174
-000117
-000641
-000408
0000116
0000116
-000117
0000232
0000698
0000407
-000350
-000699
-000583
0000000
0000582
0000349
-000233
-000292
-000059
-000466
-000932
-000583
0000058
0000000
-000641
-001048
-001048
-000641
-000175
0000291
0000349
-000233
-000874
-000583
0000116
0000116
-000408
-000583
-000583
-000757
-000874
-000815
-000466
-000059
0000232
0000174
0000058
0000698
0001397
0000931
-000175
-000583
-000408
-000175
0000000
0000174
0000232
-000292
-000815
-000583
0000058
0000232
0000116
0000349
0000640
0000232
-000408
-000408
0000000
-000117
-000583
-000932
-000990
-000641
0000000
0000465
0000523
0000000
-000524
0000116
0001106
0000465
-000874
-000524
0000640
0000931
0000523
0000465
0000407
-000292
-001107
-001107
-000466
0000232
0000582
0000291
-000233
-000292
-000059
-000350
-000874
-000874
-000524
-000466
-000524
-000641
-000583
-000292
0000000
-000350
-001048
-001339
-001223
-000874
-000350
0000291
0000523
-000292
-001398
-001398
-000524
-000175
-000117
0000349
0000582
-000233
-001281
-000874
0000349
0000989
0000814
0000349
-000233
-000350
-000175
-000408
-000699
-000408
-000059
-000466
-001107
-000757
0000174
0000582
0000523
0000058
-000350
0000058
0000698
0000407
-000408
-000699
-000466
0000058
0000465
0000116
-000583
-000641
-000350
-000408
-000641
-000292
0000174
0000000
-000524
-000815
-000815
-000524
-000117
0000116
0000174
0000232
0000116
-000699
-001456
-000815
0000407
0000465
-000233
-000699
-000641
0000000
0000756
0000465
-000233
-000117
0000465
0000291
-000350
-000757
-000874
-000932
-000874
-000583
-000175
0000116
0000232
0000000
-000466
-000815
-000874
-000350
0000174
-000117
-000757
-000583
-000059
0000000
-000408
-000815
-000932
-000117
0000989
0000814
0000000
-000059
0000232
-000292
-001165
-001107
-000466
0000000
0000174
-000059
-000292
0000058
0000523
0000349
-000175
-000059
0000523
0000873
0000873
0000349
-000233
-000117
0000291
-000117
-000757
-000408
0000349
0000174
-000524
-000466
0000116
0000291
0000058
-000466
-000874
-000408
0000291
0000000
-000699
-000524
0000000
-000408
-001165
-000699
0000291
0000465
-000059
-000641
-000874
-000233
0000582
0000116
-000874
-000757
-000059
-000117
-000583
-000292
0000291
0000058
-000466
-000233
0000407
0000465
0000174
0000291
0000640
0000873
0000698
0000058
-000524
0000058
0001047
0001047
0000349
-000059
-000292
-000757
-001107
-000699
0000116
0000756
0000931
0000640
0000116
-000059
0000174
0000523
0000756
0000698
0000407
0000058
-000233
-000350
-000292
-000117
0000174
0000814
0001280
0001106
0000465
0000058
0000000
-000117
-000059
0000407
0000931
0001164
0000989
0000000
-000932
-000175
0001222
0001047
-000059
-000059
0000465
0000116
-000466
0000407
0001629
0000931
-000641
-000641
0000291
0000407
0000058
0000349
0000698
-000175
-001339
-000874
0000407
0000523
-000117
-000175
0000116
0000116
0000000
0000349
0000640
0000058
-000757
-000350
0000698
0000873
0000349
0000058
-000059
-000059
0000000
0000058
0000116
0000232
0000232
0000000
-000466
-001048
-001281
-000524
0000465
0000465
-000233
-000408
-000292
-000583
-000874
-000524
0000000
-000117
-000524
-000641
-000408
-000117
0000058
-000292
-000757
-000466
0000116
-000175
-000815
-000524
0000116
-000292
-001165
-001165
-000641
-000408
-000292
-000059
0000116
0000000
-000292
-000524
-000641
-000815
-000874
-000524
-000059
-000175
-000583
-000815
-000699
-000175
0000232
-000350
-001223
-000874
-000059
-000757
-001921
-001572
-000466
-000699
-001456
-000874
0000291
0000232
-000583
-000641
-000292
-000408
-000641
-000292
0000232
0000349
-000059
-000932
-001630
-001165
-000059
0000349
0000116
-000466
-000932
-000524
0000291
0000523
0000232
-000059
-000233
-000583
-000815
-000757
-000408
-000117
0000058
-000059
-000292
-000233
-000117
-000175
-000350
-000117
0000232
0000232
0000000
-000175
-000175
0000232
0000698
0000523
0000000
-000059
0000116
0000000
-000175
-000059
0000232
0000174
-000117
-000466
-000641
0000000
0000756
0000116
-000990
-000757
0000174
0000058
-000583
-000292
0000465
0000407
-000059
0000058
0000465
0000349
-000175
-000466
-000524
-000408
-000292
-000292
-000350
0000116
0000582
0000174
-000641
-000990
-000874
-000583
-000292
0000000
0000116
0000174
0000116
-000233
-000524
-000408
0000058
0000349
0000582
0001338
0001862
0000640
-001048
-000932
0000349
0000756
0000407
-000117
-000466
-000641
-000408
0000058
0000407
0000174
-000292
-000350
-000059
-000059
-000233
-000524
-000757
-000932
-000932
-000466
0000000
-000175
-000699
-000757
-000408
0000232
0000640
0000000
-001107
-000932
-000175
-000292
-000874
-000524
0000174
-000117
-000757
-000524
0000174
0000174
-000233
-000466
-000466
-000583
-000757
-000874
-000932
-000932
-000932
-001165
-001398
-001107
-000583
-000350
-000524
-000990
-001398
-001281
-000932
-001048
-001398
-001107
-000524
-000175
-000175
-000641
-001165
-000990
-000524
-000990
-001689
-001398
-000641
-000466
-000815
-000874
-000815
-001107
-001398
-000990
-000408
-000641
-001281
-001630
-001689
-001572
-001398
-001339
-001281
-001048
-000815
-000815
-000874
-000641
-000408
-001048
-001921
-001572
-000641
-000466
-000874
-000990
-000932
-000932
-000932
-000757
-000524
-000524
-000757
-001107
-001281
-000932
-000292
-000117
-000292
-000292
-000292
-000990
-001747
-001398
-000641
-000990
-001863
-001863
-001339
-001339
-001572
-001107
-000408
-000408
-000815
-000874
-000699
-000466
-000466
-001048
-001689
-001456
-000874
-000874
-001398
-001747
-001689
-000757
0000232
-000233
-001514
-001921
-001572
-001339
-001165
-001048
-000932
-000699
-000583
-001223
-001980
-001805
-001165
-001223
-001689
-001630
-001339
-001630
-002096
-002096
-001805
-001514
-001398
-001398
-001456
-001456
-001398
-001281
-001107
-000990
-000874
-000815
-000874
-001165
-001398
-001107
-000583
-000641
-001048
-001572
-001747
-001339
-000641
-000466
-000641
-000408
-000233
-000641
-001339
-001398
-000990
-000757
-000641
-000408
-000233
-000350
-000583
-000466
-000233
-000408
-000815
-000699
-000466
-001165
-001863
-001048
0000232
-000175
-001572
-001863
-001398
-001630
-001921
-000874
0000407
0000232
-000932
-001456
-001281
-000757
-000175
-000059
-000292
-000408
-000350
-000175
0000000
-000175
-000350
0000058
0000523
0000000
-001048
-001339
-001048
-000815
-000641
-000292
-000175
-000990
-001921
-001398
0000000
0000407
0000174
0000174
0000291
0000116
-000175
-000583
-000815
-000699
-000292
-000117
-000059
0000291
0000582
0000349
-000175
-000059
0000232
0000058
-000408
-000583
-000408
-000059
0000232
0000232
0000291
0001106
0001979
0001513
0000407
0000349
0000989
0001338
0001164
0000523
-000059
0000349
0001222
0001397
0000931
0000349
0000000
0000407
0001106
0000873
0000349
0000640
0001280
0001338
0000873
0000523
0000291
0000523
0000873
0000814
0000698
0001106
0001629
0001397
0000814
0000989
0001455
0001222
0000640
0000465
0000523
0000640
0000640
0000232
-000117
0000407
0001338
0001688
0001513
0001397
0001338
0001222
0001106
0001280
0001455
0001280
0000931
0000931
0001106
0001047
0000873
0001222
0001629
0001397
0000814
0000931
0001513
0001979
0002095
0001455
0000698
0000873
0001571
0001513
0001106
0001280
0001862
0002328
0002444
0002153
0001804
0002037
0002503
0002212
0001455
0001222
0001338
0001164
0001047
0001746
0002503
0001746
0000523
0000931
0002153
0002153
0001397
0001280
0001629
0002037
0002270
0001979
0001688
0002561
0003609
0002794
0001222
0001164
0002037
0002503
0002386
0001979
0001513
0001397
0001629
0002095
0002328
0001629
0000640
0000873
0001688
0001629
0001106
0001047
0001397
0001804
0002037
0001862
0001629
0002153
0002852
0002212
0001164
0001455
0002444
0002212
0001455
0001920
0002735
0002153
0000931
0001280
0002212
0001862
0000873
0001397
0002444
0001804
0000523
0001164
0002503
0001920
0000291
-000059
0000582
0001106
0001513
0002153
0002561
0002153
0001338
0000814
0000814
0001397
0002153
0002444
0002153
0001513
0000814
0000116
-000233
-000175
0000291
0000814
0001222
0001397
0001164
0000698
0000407
0000989
0001920
0001746
0000989
0001047
0001513
0000989
0000116
0000232
0000756
0000523
0000000
0000407
0001222
0001222
0000698
0000640
0000873
0000989
0000931
0000523
0000058
-000117
0000116
0000873
0001571
0001222
0000407
0000407
0000814
0000523
-000117
-000175
0000116
0000174
0000058
-000175
-000466
-000757
-000874
-000641
-000292
-000292
-000408
0000116
0000756
0000756
0000116
-000874
-001165
0000756
0003376
0004191
0001920
-005472
-011759
-006229
0004540
0005995
0000873
-001863
-001689
-000117
0001397
-000059
-002620
-002213
0000058
0001164
0000931
-000059
-001165
-001630
-001281
-000466
0000349
0000582
0000000
-001398
-002678
-002387
-001107
-000059
0000291
0000058
-000583
-000815
-000874
-001456
-002096
-001572
-000641
-000874
-001747
-001805
-001339
-000874
-000641
-000874
-001165
-000990
-000583
-000990
-001689
-001689
-001165
-000932
-000932
-000990
-001048
-001107
-000990
-000524
0000000
-000059
-000524
-000874
-001107
-001398
-001398
-001048
-000641
-000932
-001630
-001805
-001514
-001165
-000990
-001689
-002504
-002329
-001572
-001281
-001398
-001398
-001281
-001048
-000815
-001048
-001398
-001281
-000874
-000874
-001048
-001165
-001165
-000932
-000699
-000815
-001107
-000990
-000699
-000524
-000641
-000874
-000990
-000059
0000873
0000000
-001514
-001514
-000466
-000059
-000292
-000408
-000583
-000932
-001165
-000583
0000174
0000058
-000466
-000466
-000117
-000350
-000757
-000524
-000059
-000466
-001165
-001165
-000524
0000058
0000407
0000349
0000000
-000175
-000175
-000292
-000350
0000000
0000407
0000174
-000408
-000641
-000583
-000466
-000408
-000874
-001223
-000408
0000698
0000116
-001281
-001572
-000990
-000641
-000641
-000932
-001281
-000932
-000175
0000291
0000291
-000233
-000815
-000815
-000524
-000699
-001048
-000932
-000350
0000291
0000582
-000233
-001223
-000524
0000873
0000756
-000175
-000059
0000523
0000349
-000233
-000117
0000291
0000291
0000000
-000233
-000350
-000117
0000116
0000058
-000175
-000059
0000232
0000116
-000233
-000175
0000058
0000291
0000291
-000292
-000815
-000117
0001047
0000989
0000174
-000059
0000232
0000698
0000989
0000756
0000291
0000232
0000465
0000349
-000117
-000699
-000932
-000175
0000989
0001222
0000698
0000232
0000000
0000232
0000698
0001164
0001338
0001222
0000931
0000814
0000873
0001164
0001397
0000698
-000175
0000349
0001571
0001920
0001455
0001047
0000582
-000233
-000874
-000350
0000640
0000873
0000523
0000291
0000349
0000989
0001571
0001164
0000232
-000233
-000117
0000174
0000523
0000873
0001106
0001047
0000989
0001338
0001688
0000931
-000350
-000990
-000874
-000583
-000059
0001164
0002037
0000582
-001048
0001688
0005588
0003667
-001281
-002911
-001572
0000232
0001571
0001164
0000000
0000407
0001513
0001222
0000174
0000000
0000407
0000698
0000814
0000873
0000814
0000465
0000058
-000117
-000059
0000349
0000756
0000698
0000291
-000059
-000233
0000116
0000582
0000116
-000466
0000523
0001920
0001688
0000582
0000931
0001920
0001746
0000931
0000756
0001047
0000989
0000698
0000465
0000407
0000523
0000756
0000931
0000931
0000407
-000175
0000174
0000931
0001164
0000756
-000059
-000699
-000175
0000931
0001164
0000756
0000698
0000814
0000814
0000582
0000407
0000174
0000058
0000116
0000407
0000698
0000640
0000349
0000000
-000292
-000059
0000232
-000175
-000757
-000583
0000058
0000407
0000349
0000174
0000000
0000058
0000291
0000116
-000233
-000292
-000175
0000116
0000407
0000407
0000174
0000116
0000116
-000408
-000815
-000233
0000640
0000407
-000466
-000641
-000175
0000523
0001047
0000640
-000117
0000000
0000523
0000232
-000350
-000059
0000640
0000523
-000175
-000350
-000292
-000350
-000408
-000059
0000291
-000292
-001165
-001048
-000292
-000117
-000524
-001223
-001747
-001456
-000699
-000641
-000932
-000699
-000292
-000466
-001048
-001339
-001281
-000990
-000583
-000350
-000350
-000466
-000524
-000350
-000059
-000059
-000233
-000524
-000815
-001048
-001107
-000815
-000466
-000350
-000466
-000524
-000524
-000350
-000117
-000117
-000233
0000058
0000291
-000524
-001456
-000757
0000465
-000233
-001863
-002271
-001747
-001456
-001339
-001048
-000699
-000408
-000233
-000233
-000524
-000932
-001339
-001630
-001630
-001223
-000699
-000292
-000292
-000757
-001339
-001398
-000932
-000292
0000000
-000583
-001456
-001281
-000524
-000292
-000524
-000524
-000292
0000000
0000174
0000291
0000232
-000059
-000466
-000699
-000815
-000990
-000990
-000408
0000232
0000232
-000175
-000350
-000350
-000524
-000583
-000292
0000232
0000523
0000407
-000233
-000874
-000524
0000349
0000291
-000292
-000175
0000232
0000116
-000175
-000117
0000174
-000059
-000524
-000757
-000699
-000641
-000466
0000232
0000814
0000291
-000524
-000059
0000873
0000407
-000757
-000932
-000350
-000117
0000058
0000582
0001047
0000814
0000058
-000408
-000524
-000292
0000116
0000465
0000756
0001106
0001164
0000523
-000408
-000466
0000000
0000465
0000640
0000232
-000350
-000175
0000465
0000640
0000523
0000407
0000465
0001047
0001688
0001338
0000465
0000116
0000291
0000465
0000582
0000349
0000116
0000465
0000873
0000582
0000000
0000174
0000698
0000814
0000640
0000640
0000756
0000698
0000523
0000465
0000523
0000582
0000523
0000465
0000349
0000174
0000116
0000291
0000698
0001164
0001455
0000814
0000000
0000523
0001629
0001513
0000640
0000232
0000232
0000232
0000291
0000523
0000814
0000873
0000698
0000058
-000524
-000292
0000407
0000756
0000640
0000465
0000232
0000058
0000000
0000116
0000407
0000814
0001047
0000582
0000000
0000582
0001629
0001804
0001106
0000174
-000408
0000232
0001280
0001280
0000582
0000407
0000582
0000523
0000349
0000349
0000582
0000756
0000989
0001106
0001164
0000931
0000756
0001106
0001629
0001571
0001047
0000407
-000117
-000408
-000233
0000989
0002212
0001513
-000117
-000292
0000465
0000407
-000175
-000699
-000874
-000233
0000640
0000756
0000291
-000175
-000233
0000756
0001862
0001513
0000232
-000466
-000466
0000000
0000465
0000349
0000058
0000232
0000873
0001746
0002037
0000698
-001165
-001223
-000117
0000058
-000233
0000174
0000698
0000349
-000292
0000116
0001164
0001920
0001862
0000582
-000990
-000990
-000059
-000175
-000699
-000175
0000873
0001455
0001455
0000814
0000058
-000175
0000058
0000291
0000349
0000058
-000233
-000117
0000407
0000931
0001397
0001688
0001688
0001397
0000873
0000349
0000116
0000349
0000756
0001047
0000931
-000117
-001107
-000175
0001513
0001338
0000058
-000524
-000408
-000233
-000059
0000232
0000465
0000640
0000756
0000582
0000407
0000814
0001397
0001397
0000931
0000698
0000582
0000232
-000117
0000174
0000640
0000756
0000407
0000000
-000292
-000117
0000291
0000174
-000233
-000117
0000349
0000989
0001397
0000989
0000291
0000000
0000174
0000291
0000291
-000233
-000815
-000350
0000465
0000349
-000233
0000291
0001106
0000931
0000116
-000292
-000350
-000466
-000408
0000058
0000523
0000116
-000583
-000350
0000523
0001338
0001688
0000873
-000466
-000932
-000524
0000465
0001397
0001047
0000058
0000174
0000814
0000814
0000349
0000407
0000756
0000698
0000523
0000756
0000989
0000407
-000524
-000874
-000699
0000000
0000640
0000640
0000232
0000000
-000059
-000233
-000466
-000524
-000524
-000699
-000757
-000117
0000640
0000640
0000174
0000291
0000582
-000059
-000815
-000233
0000814
0000523
-000524
-000641
0000000
0000814
0001222
0000465
-000641
-000641
0000116
0000116
-000292
-000292
0000058
0000523
0000814
0000291
-000583
-000292
0000465
0000058
-000815
-000466
0000349
0000232
-000466
-000583
-000292
-000175
-000292
-000583
-000874
-001048
-000874
-000466
0000058
0000465
0000582
0000116
-000466
-000408
0000058
0000349
0000349
-000059
-000524
-000408
0000058
0000407
0000465
0000174
-000233
-000117
0000174
-000175
-000757
-000583
-000059
-000117
-000408
-000059
0000582
0001047
0001222
0000698
0000116
0000174
0000523
0000116
-000524
-000233
0000407
0000349
-000175
-000059
0000291
0000000
-000524
-000583
-000292
-000059
0000116
0000291
0000349
-000175
-000757
-000466
0000116
-000292
-001048
-000641
0000407
0000640
0000232
-000117
-000350
-000466
-000350
0000407
0001106
0000640
-000292
0000174
0001280
0001106
0000349
0000232
0000465
0000291
-000175
-000175
0000116
0000174
0000174
0000291
0000407
0000523
0000523
0000582
0000407
-000117
-000641
-000408
0000174
-000059
-000641
-000175
0000582
0000116
-000874
-000815
-000175
0000000
-000117
-000408
-000583
-000292
0000232
0000174
-000175
-000699
-000932
-000292
0000523
0000232
-000641
-000815
-000408
-000350
-000524
-000874
-000932
-000233
0000698
0000640
0000058
-000059
0000000
-000408
-000932
-000815
-000408
-000233
-000350
-000466
-000583
-000699
-000699
-000583
-000350
0000116
0000465
0000116
-000466
-000641
-000350
0000407
0001106
0000756
-000175
-000583
-000524
-000524
-000466
0000000
0000523
0000349
-000233
-000583
-000641
-000641
-000583
-000233
0000000
-000466
-001048
-000641
0000291
0000640
0000349
-000117
-000466
-000350
0000000
-000059
-000292
-000292
0000116
0000873
0001629
0001571
0000931
0000698
0000640
0000291
-000117
-000233
-000233
-000583
-000874
-000059
0001047
0000582
-000583
-000350
0000523
0000349
-000233
0000349
0001280
0000989
0000116
0000349
0001106
0000989
0000232
-000408
-000583
-000233
0000349
0000407
0000058
-000350
-000524
-000117
0000523
0000640
0000349
-000059
-000292
-000233
0000116
0000349
0000523
0000698
0000873
0000698
0000349
0000232
0000291
0000232
0000174
0000349
0000582
0000756
0000814
0000582
0000291
0000058
0000058
0000058
0000116
0000291
0000465
0000232
-000175
-000233
-000059
0000232
0000407
-000175
-000757
-000350
0000582
0000873
0000582
0000291
0000174
0000698
0001280
0001106
0000523
0000407
0000465
0000058
-000524
-000757
-000466
0000582
0001629
0001746
0001047
0000116
-000524
-000292
0000465
0000698
0000523
0000523
0000582
0000582
0000465
0000640
0000873
0000640
0000349
0000523
0000989
0001397
0001338
0000116
-001223
-000990
0000058
-000175
-000990
-000815
-000117
-000117
-000583
-000815
-000757
-000350
0000116
0000058
-000117
0000465
0001222
0001338
0000756
-000524
-001689
-001398
-000583
-001223
-002562
-002736
-001980
-001223
-000641
-000233
-000233
-000466
-000757
-000990
-000932
-000641
-000233
-000233
-000466
-000699
-000815
-000641
-000466
-000757
-001165
-001107
-000757
-000408
-000175
-000408
-000815
-000699
-000350
-000175
-000233
-000175
-000117
-000175
-000292
-000175
-000175
-000932
-001921
-002213
-001863
-001165
-000408
0000291
0000407
-000350
-001398
-001514
-001048
-001048
-001281
-001048
-000583
-000583
-000757
-000641
-000466
-000815
-001398
-001514
-001223
-001107
-001048
-000583
-000117
-000233
-000757
-000990
-000932
-000757
-000641
-000699
-000815
-000350
0000232
0000232
-000233
-000408
-000350
-000466
-000524
-000466
-000350
-000408
-000466
0000000
0000523
0000523
0000116
-000059
-000175
-000757
-001456
-001339
-000641
-000059
0000174
-000292
-000932
-000699
0000000
0000407
0000465
0000232
-000175
-000408
-000408
-000175
0000291
0000814
0001106
0001047
0000698
0000174
-000233
-000117
0000232
0000116
-000117
0000349
0000989
0000698
0000000
-000059
0000407
0000698
0000814
0000640
0000174
-000466
-000874
-000583
0000174
0000640
0000756
0000814
0000698
0000291
-000059
0000407
0001106
0000756
0000058
0000407
0001280
0001455
0001047
0000582
0000349
0000291
0000465
0000640
0000814
0000756
0000698
0001047
0001397
0000989
0000291
0000232
0000523
0000465
0000232
0000523
0001047
0000989
0000582
0000407
0000407
0000523
0000640
0000523
0000465
0001047
0001571
0000756
-000408
0000058
0001338
0001280
0000465
0000349
0000640
0000349
-000059
0000465
0001338
0001222
0000407
0000000
-000059
-000175
-000117
0000407
0000989
0001106
0000814
0000814
0000873
0000582
0000291
0000465
0000814
0000465
-000059
0000291
0001164
0001571
0001338
0000465
-000583
-000583
0000116
0000349
0000232
0000174
0000174
0000058
-000059
0000116
0000465
0000756
0000873
0000873
0000814
0000698
0000640
0000523
0000407
0000058
-000350
-000874
-001048
-000233
0000931
0001047
0000582
0000756
0001106
0000698
-000175
-000990
-001398
-001048
-000175
0000523
0000814
0000407
-000233
-000175
0000349
0000465
0000232
-000117
-000233
0000232
0000814
0000582
-000117
-000233
-000059
-000059
-000117
0000232
0000698
0000582
0000291
0000640
0001047
0000523
-000292
0000058
0000989
0000931
0000291
-000059
-000059
0000116
0000291
-000117
-000524
0000000
0000989
0000989
0000349
-000233
-000408
0000000
0000756
0000931
0000582
0000116
-000233
-000175
0000000
-000408
-000990
-000990
-000583
-000292
-000292
-000757
-001165
-000757
0000058
0000291
0000058
0000058
0000058
-000233
-000641
-000583
-000350
-000699
-001107
-000408
0000698
0000582
-000175
-000059
0000465
0000232
-000292
0000116
0000756
0000116
-001048
-001107
-000408
-000117
-000059
0000232
0000582
0000407
-000117
-000641
-000932
-000990
-000874
-000815
-000815
-000932
-000932
-000641
-000117
0000291
0000349
-000466
-001339
-001107
-000350
-000408
-000932
-000524
0000232
0000174
-000350
-000757
-000815
-000524
-000233
-000583
-001165
-000932
-000408
-000641
-001281
-001339
-000932
-000233
0000232
-000233
-001107
-001107
-000815
-001339
-001980
-001223
0000116
0000000
-000990
-001339
-001223
-001456
-001747
-001456
-000990
-000932
-001165
-001281
-001223
-001048
-000932
-000990
-001165
-001223
-001223
-001339
-001456
-001281
-001107
-001514
-002038
-001863
-001281
-000932
-001048
-001514
-002096
-002038
-001630
-001398
-001223
-000990
-000815
-000990
-001281
-001514
-001456
-000932
-000292
-000292
-000757
-001165
-001281
-000932
-000466
-000874
-001689
-001921
-001572
-001281
-001107
-001339
-001689
-001514
-001107
-001107
-001339
-001630
-001805
-001630
-001398
-001514
-001980
-002504
-002620
-001863
-000990
-001456
-002445
-002096
-001048
-001048
-001747
-001863
-001514
-000990
-000757
-001398
-002329
-002445
-001921
-001398
-001165
-001339
-001689
-001339
-000815
-001107
-001747
-001514
-000874
-001107
-001747
-001572
-000990
-000641
-000583
-000699
-000815
-000815
-000815
-001630
-002445
-001980
-000932
-001165
-001921
-001747
-000932
-000641
-000699
-000583
-000466
-000641
-000874
-000990
-000874
-000583
-000466
-001223
-002213
-002096
-001281
-000874
-000874
-000815
-000815
-000699
-000641
-000757
-000932
-001107
-001165
-000815
-000292
-000350
-000641
-000641
-000524
-000466
-000524
-000874
-001223
-000932
-000350
-000117
-000175
-000350
-000699
-001107
-001339
-000757
0000116
0000116
-000466
-000874
-001107
-001223
-001281
-001107
-000932
-000990
-001223
-001281
-001165
-000757
-000350
-000466
-000932
-001514
-001921
-001921
-001514
-001107
-000757
-000350
-000117
-000175
-000292
-000175
-000059
-000466
-001048
-000932
-000466
-000466
-000641
0000000
0000640
-000117
-001223
-000583
0000814
0000931
0000058
-000815
-001223
-000757
-000059
-000350
-001048
-000815
-000175
-000175
-000699
-001572
-002154
-001689
-000583
0000058
0000116
-000408
-000990
-000932
-000524
-000757
-001165
-000641
0000174
0000116
-000466
-000292
0000174
-000059
-000524
-000350
0000174
0000116
-000175
-000175
0000000
-000117
-000292
-000175
0000000
-000350
-000815
-000583
-000059
-000233
-000757
-000699
-000233
0000465
0000931
0000407
-000524
-000815
-000466
-000117
0000174
0000407
0000465
0000291
0000174
0000232
0000465
0000232
-000059
0000000
0000291
0000232
-000059
-000059
0000174
0000232
0000174
0000291
0000232
-000292
-000932
-000757
-000117
0000349
0000465
0000291
-000175
-000757
-001107
-000583
0000349
0000582
0000349
0000116
0000174
0000523
0000873
0000523
-000175
-000233
0000000
-000175
-000408
0000058
0000698
0000407
-000408
-000990
-000932
-000117
0000873
0001047
0000523
0000232
0000058
-000175
-000175
0000465
0001280
0001047
0000349
0000116
0000407
0000873
0001164
0000698
-000175
-000233
0000116
-000059
-000350
0000465
0001455
0000989
-000233
-000408
0000116
0000291
0000232
0000174
0000058
-000466
-000932
-000466
0000349
0000174
-000524
-000292
0000232
-000350
-001339
-000932
0000116
0000000
-000757
-000990
-000757
-000524
-000233
0000465
0001047
0000640
-000233
-000233
0000232
0000000
-000524
-000350
0000174
0000174
-000175
-000292
-000175
-000350
-000524
-000350
0000058
0000465
0000640
0000232
-000524
-000699
-000408
0000000
0000232
-000175
-000815
-000524
0000174
0000000
-000583
-000350
0000232
0000174
-000233
0000232
0000814
-000175
-001572
-001398
0000116
0001338
0002444
0005297
0005995
-002445
-012225
-008558
0002386
0005646
0002444
-001048
-002969
-000815
0002619
0001047
-002736
-002154
0001047
0002444
0001688
-000233
-002038
-001921
-000292
0001164
0001746
0000931
-000583
-001339
-001223
-000583
0000116
0000116
-000350
-000233
0000232
0000349
0000174
0000174
0000174
0000000
-000408
-001107
-001572
-000990
0000232
0000814
0000756
0000523
0000116
-000524
-001107
-001456
-001339
-000524
0000407
0000640
0000232
0000000
-000175
-000932
-001572
-000699
0000698
0000931
0000232
-000466
-000815
-000466
0000291
0000756
0000814
0000465
-000117
-000641
-000757
0000058
0000931
0000116
-001281
-001107
-000117
-000350
-001165
-000815
0000000
-000408
-001281
-001107
-000233
0000116
-000117
-000757
-001165
-000466
0000698
0001047
0000582
0000058
-000408
-000641
-000466
0000116
0000756
0000582
-000059
-000524
-000699
-000990
-001048
-000466
0000349
0000407
0000116
0000640
0001338
0000989
0000116
0000000
0000349
0000465
0000349
0000291
0000174
0000000
-000233
-000292
-000175
0000232
0000698
0000698
0000465
0000698
0000931
0000465
-000233
-000524
-000350
-000059
0000058
-000175
-000524
-000175
0000407
0000232
-000233
0000000
0000582
0000465
0000058
0000232
0000756
0000931
0000640
-000175
-000874
-000059
0001280
0001164
0000174
-000117
0000174
0000756
0001222
0000814
0000116
0000116
0000523
0000640
0000465
0000640
0000814
0000349
-000292
-000117
0000465
0000873
0000931
0000873
0000756
0000640
0000756
0001397
0001979
0001455
0000465
0000407
0000931
0001047
0000931
0001047
0001222
0001047
0000698
0000465
0000407
0000000
-000117
0000931
0002153
0001862
0000698
0000523
0001047
0001455
0001629
0001862
0001804
0000931
0000058
0000582
0001862
0002153
0001746
0001746
0002037
0002095
0002037
0002037
0002153
0002270
0002212
0001920
0001513
0001280
0001338
0001571
0001862
0001862
0001688
0001688
0001746
0001280
0000756
0000989
0001571
0001571
0001222
0001280
0001688
0002153
0002444
0002328
0001862
0001571
0001513
0002037
0002561
0002386
0001746
0001280
0001106
0001222
0001397
0001164
0000814
0001106
0001629
0001513
0001106
0001397
0001920
0001688
0001222
0001571
0002270
0002037
0001280
0001047
0001222
0000931
0000756
0001804
0003201
0002910
0002095
0003318
0005238
0005180
0003143
-000175
-002562
-000233
0003958
0003900
0001338
0001280
0002794
0003085
0002561
0002386
0002444
0002212
0001862
0001513
0001338
0001688
0002153
0002037
0001862
0002619
0003550
0003376
0002503
0001979
0001979
0002270
0002677
0002794
0002619
0002677
0002619
0001746
0000873
0001397
0002444
0002444
0001571
0000989
0000873
0001106
0001513
0001804
0001979
0002503
0002910
0002153
0001222
0001804
0002968
0002386
0001047
0001222
0002270
0002444
0002095
0002153
0002328
0001804
0001106
0001164
0001688
0001629
0001222
0001222
0001455
0001513
0001397
0001222
0001164
0001455
0001688
0001047
0000058
-000292
-000059
0000407
0000814
0000931
0000698
0000291
-000117
-000292
-000117
0000291
0000698
0000640
0000349
0000232
0000174
0000000
-000233
-000408
-000408
-000117
0000232
0000000
-000524
-000408
0000000
-000059
-000350
-000059
0000407
0000582
0000465
0000407
0000349
-000059
-000524
-000583
-000466
-000932
-001456
-000757
0000232
-000175
-001339
-001630
-001223
-000757
-000466
-000175
0000000
0000058
0000000
-000408
-000815
-000699
-000175
0000174
0000174
-000641
-001514
-001165
-000292
-000641
-001339
-000350
0001047
0000465
-000990
-000990
-000117
-000292
-001048
-001339
-001165
-000815
-000583
-000583
-000815
-000932
-000932
-000524
-000292
-001107
-002154
-002154
-001339
-000932
-000757
-000408
-000233
-000990
-001921
-001805
-001107
-001339
-001980
-002096
-001747
-001339
-000990
-001107
-001398
-001281
-001048
-001572
-002213
-001805
-000757
-000466
-000815
-001223
-001572
-001281
-000815
-000932
-001398
-001630
-001572
-001398
-001107
-001048
-001107
-001165
-001165
-000932
-000757
-001165
-001630
-001339
-000641
-000524
-000874
-000874
-000874
-001223
-001572
-000990
0000000
0000174
-000408
-001223
-001747
-001107
-000117
-000292
-001223
-001514
-001223
-000757
-000350
-000757
-001456
-001456
-000932
-000466
-000292
-000815
-001572
-001863
-001630
-001048
-000466
-000350
-000699
-001339
-001805
-001456
-000757
-000815
-001223
-000990
-000466
-000350
-000524
-000815
-001048
-001339
-001281
-000408
0000465
-000408
-001863
-001630
-000466
-000350
-000874
-001048
-000815
-000233
0000291
-000117
-000815
-000699
-000117
-000117
-000466
-000583
-000408
-000233
-000059
-000059
-000117
0000291
0000698
-000117
-001165
-000757
0000407
0000640
0000116
-000117
-000117
0000058
0000116
-000466
-001048
-000641
0000291
0000407
-000059
-000524
-000641
-000350
0000174
0000291
0000116
0000349
0000640
0000291
-000292
-000292
0000174
0000349
0000232
0000058
-000175
-000524
-000641
0000000
0000814
0000698
0000116
0000058
0000291
-000059
-000641
-001048
-000932
-000350
0000465
0000873
0000873
0000582
0000232
0000523
0001164
0001513
0001513
0001338
0001164
0001280
0001455
0000989
0000349
0000349
0000873
0001397
0001629
0001106
0000349
0000349
0000814
0001047
0000989
0000640
0000291
0000116
0000232
0000523
0000814
0000814
0000640
0000465
0000407
0000756
0001164
0000698
0000174
0000931
0002270
0002503
0001920
0001571
0001455
0001338
0001280
0001397
0001397
0000989
0000523
0000523
0000873
0001397
0001746
0001455
0000873
0000814
0001047
0001222
0001222
0000989
0000756
0001047
0001513
0001629
0001280
0000873
0000582
0000698
0000989
0000931
0000756
0001164
0001746
0001571
0001047
0001455
0002212
0002153
0001571
0001164
0000931
0000756
0000582
0000465
0000465
0000698
0001047
0001164
0001047
0000873
0000873
0001222
0001688
0001688
0001397
0001222
0001222
0001164
0001222
0001688
0002212
0002270
0001920
0001397
0001047
0001047
0001280
0001513
0001455
0000873
0000116
0000000
0000349
0000640
0000756
0000756
0000756
0001106
0001455
0000931
-000059
-000408
-000175
0000174
0000465
0000582
0000407
0000000
-000524
-001107
-001398
-000874
0000000
0000349
0000232
-000059
-000292
-000524
-000583
-000350
0000000
0000000
-000175
-000175
-000059
0000291
0000349
-000350
-001281
-001456
-000874
-000117
0000407
0000174
-000466
-000466
-000117
0000000
-000233
-000524
-000874
-000990
-001165
-001456
-001689
-001630
-001223
-000524
0000000
-000466
-001339
-001572
-001339
-001689
-002096
-001572
-000757
-000932
-001689
-001980
-001805
-001630
-001456
-001339
-001339
-001689
-002096
-001689
-000990
-001107
-001630
-001747
-001456
-001165
-001223
-002154
-003144
-002736
-001689
-001339
-001689
-001921
-001980
-001863
-001747
-001805
-001747
-001048
-000292
-000990
-002213
-001980
-001048
-001165
-001921
-002387
-002445
-002445
-002329
-001921
-001572
-001689
-001980
-001921
-001747
-002387
-003027
-002562
-001572
-001514
-002038
-001747
-001165
-001805
-002853
-002562
-001456
-001048
-001339
-001689
-001980
-002329
-002504
-002562
-002387
-001980
-001689
-001805
-002096
-001514
-000815
-001514
-002736
-002853
-002213
-001805
-001747
-001689
-001689
-001863
-002096
-002154
-002096
-002271
-002504
-002213
-001805
-001863
-002154
-001921
-001456
-001514
-001863
-002038
-001921
-001456
-001107
-001514
-002213
-002038
-001339
-000874
-000757
-000932
-001223
-001339
-001398
-001339
-001223
-000932
-000757
-001107
-001747
-001980
-001863
-001572
-001281
-001281
-001398
-001165
-000932
-001223
-001689
-001514
-000932
-000466
-000350
-000583
-000990
-001223
-001223
-001281
-001281
-000990
-000641
-000466
-000524
-000583
-000641
-000583
-000583
-000874
-001165
-000874
-000408
-000466
-000874
-001048
-000990
-000583
-000117
0000058
-000059
0000058
0000232
0000349
0000349
-000117
-000583
-000233
0000291
-000408
-001514
-000874
0000582
0001106
0000698
0000000
-000641
-000524
-000059
0000058
-000233
-000583
-000699
-000175
0000523
0000465
0000232
0001106
0002037
0001047
-000874
-001339
-000699
-000641
-000815
-000524
0000058
0000232
0000349
0000989
0001688
0001106
-000059
-000466
-000350
-000408
-000641
-000466
0000000
0000640
0001222
0001280
0001106
0001397
0001688
0001164
0000174
-000175
-000059
-000117
-000117
0000814
0001862
0001746
0000989
0000465
0000465
0001106
0001862
0001746
0001106
0001164
0001629
0001688
0001455
0001571
0001862
0002153
0002153
0001513
0000698
0000407
0000582
0000756
0000814
0000756
0000814
0001513
0002212
0001571
0000582
0001338
0002852
0002794
0001746
0001047
0000873
0000931
0001222
0001455
0001513
0001397
0001222
0001047
0001047
0001397
0001862
0001688
0001164
0000873
0000931
0001455
0002153
0002270
0001920
0001862
0001920
0001688
0001222
0000873
0000756
0001164
0001746
0001629
0001047
0000640
0000523
0000640
0000873
0001047
0001164
0001280
0001338
0001688
0001862
0001164
0000232
0000291
0000989
0001629
0001804
0001222
0000523
0000640
0001280
0001164
0000814
0001338
0002153
0001804
0000873
0000582
0000698
0000640
0000523
0000873
0001513
0001920
0002095
0001979
0001746
0001513
0001338
0001164
0000931
0000523
0000291
0000582
0001222
0001804
0001979
0001280
0000349
0000349
0000931
0000989
0000756
0000814
0001106
0001397
0001513
0001164
0000756
0000989
0001397
0001164
0000582
0000582
0000989
0001106
0000931
0000640
0000465
0000640
0000989
0001338
0001455
0000582
-000350
0000174
0001164
0000407
-001165
-001223
-000350
-000117
-000292
0000000
0000407
0000291
-000059
-000059
0000116
0000000
-000292
-000292
-000175
-000350
-000524
-000408
-000233
-000583
-000990
-000583
0000174
0000232
0000000
0000116
0000465
0000407
0000058
0000000
0000116
0000407
0000582
0000232
-000408
-000757
-000641
-000233
0000174
0000116
-000292
-000583
-000641
-000117
0000465
0000058
-000815
-000757
-000292
-000641
-001398
-001456
-000932
-000233
0000232
0000058
-000524
-000874
-000874
-000524
-000117
-000175
-000583
-000874
-000874
-000524
-000059
0000116
-000117
-000815
-001514
-001863
-001630
-001165
-000583
-000408
-000524
-000583
-000641
-000699
-000815
-001165
-001398
-000990
-000408
-000757
-001572
-001863
-001398
-000350
0000523
-000175
-001514
-002038
-001514
-000117
0001047
-000059
-002038
-001863
-000524
-000583
-001339
-000874
-000059
-000583
-001689
-001747
-001165
-001223
-001514
-000874
-000117
-000524
