-000815
0000232
0002212
0002037
0000698
0000814
0001979
0003026
0003783
0004540
0004831
0004365
0003259
0002270
0001397
0000349
-000524
-000990
-000641
0001106
0002910
0002794
0001513
0001513
0002270
0002503
0001979
0000931
-000466
-001863
-002504
-001921
-000175
0002852
0005122
0003492
-000059
-001456
-000524
0001920
0004191
0003492
0000814
-001398
-002096
-000757
0001455
0001979
0001571
0002735
0004365
0004482
0003259
0001688
0000523
0001047
0002328
0002619
0002153
0001920
0001804
0001629
0000989
-001281
-003202
-001689
0001629
0003143
0002503
0000349
-001630
-000408
0002212
0002386
0000523
-001980
-003610
-002445
0000232
0001455
0001280
0001047
0000873
0000756
0000989
0002328
0003434
0001629
-000699
0001164
0005180
0006868
0005762
0002619
-000233
0001280
0004715
0004249
0001571
0001280
0002677
0003900
0004191
0003026
0001338
0001280
0002153
0002212
0001804
0002095
0002677
0002386
0001571
0001455
0001746
0002270
0002328
0001571
-000175
-003027
-005298
-004599
-002038
-000408
-000175
-001514
-002736
-000641
0002619
0002910
0000873
-001107
-002271
-002096
-000757
0000756
0001920
0002735
0002444
-000175
-002795
-001689
0001455
0002270
0001164
0000116
-000408
-000524
0000640
0004074
0007683
0008265
0005646
0000698
-003784
-004192
-000757
0004365
0008731
0009430
0006868
0003143
0000291
0000232
0002212
0004191
0004249
0000000
-005181
-005181
-001630
0000291
0000698
0001746
0002328
0000873
-001398
-002154
-001689
-001281
-000990
-000524
0000116
0000931
0001397
0000523
-000874
-001339
-000874
0000232
0000989
-000292
-001980
-000932
0001979
0004482
0005588
0004598
0002503
0001338
0001047
0000232
-000408
0000349
0001629
0001688
0000756
0000000
-000175
0001164
0002852
0002794
0001513
0000465
-000233
-000874
-001689
-003435
-004948
-004599
-002445
0001106
0003376
0000291
-005123
-006811
-004890
-002154
0000174
0000814
-000350
-002504
-004133
-002795
0000058
0000931
0000349
0000291
0001222
0003492
0005762
0005471
0003667
0002968
0003085
0002852
0002270
0001397
0000814
0001629
0002852
0002212
0000756
0000698
0001280
0000174
-001514
-001281
-000117
-000874
-001921
0000058
0002619
0000407
-003784
-003726
-001281
-001863
-003842
-003144
-001398
-002504
-004483
-003144
-000350
-000699
-002678
-002795
-001805
-002096
-002911
-002387
-000932
0000640
0001629
0001629
0000465
-002154
-004017
-001223
0002968
0001862
-001805
-000990
0002153
0002212
-000175
-002445
-003726
-003027
-001048
0000698
0001338
-000292
-002387
-001398
0000873
0000232
-001514
-000233
0002677
0004365
0003550
-001048
-005880
-004657
-000117
0001047
-000641
-002271
-003144
-002387
-000932
-000990
-001747
-001456
0000058
0003318
0006112
0004831
0001571
0001164
0002735
0003201
0002561
0001513
0000174
-001456
-002213
-000292
0002910
0004889
0004947
0003259
0000582
-001572
-002911
-004192
-004133
-000874
0002852
0002328
-001630
-006520
-009314
-006054
0000349
0004191
0004016
0000291
-005007
-008907
-009140
-003260
0003725
0003026
-002445
-004308
-003435
-004133
-005123
-003610
-001281
-001980
-003784
-002445
0000640
0001571
0001513
0003492
0005879
0005064
0002910
0003434
0005064
0003841
0001338
0001047
0002677
0005355
0006752
0003026
-002445
-003202
-000524
0000989
0000989
-000466
-002213
-002504
-001630
-000815
-000524
-000815
-001921
-004599
-006928
-006054
-003144
-001689
-001514
-000990
-000699
-001572
-002911
-003086
-002213
-001048
-000292
-000990
-002504
-003260
-002911
-001048
0000698
-000233
-002562
-003202
-002213
-000699
0000174
-001398
-003784
-004075
-002329
0000523
0002561
0000873
-002445
-002678
-000699
0000349
0000232
-000874
-001805
-000699
0001688
0003550
0004191
0002910
0000640
-000583
-001223
-002969
-004250
-002038
0001746
0003609
0003026
0000640
-001747
-001223
0000698
0000000
-001747
-000175
0001862
-002154
-007277
-003610
0003783
0003841
-000641
-001630
0000000
0000407
0000116
0000814
0002037
0002910
0003026
0001746
-000059
-000524
-000233
-000990
-001747
-000466
0001571
0001979
0000873
-000233
-001339
-003086
-004017
-001339
0002270
0001746
-000990
-001281
0000174
0001047
0001338
0001513
0001571
0001920
0001455
-001980
-005996
-006520
-003959
-000233
0002386
0001047
-002329
-003726
-002096
0002735
0007625
0007451
0003550
0000000
-001689
-000524
0002037
0002677
0001688
0000523
-000292
-000292
0000465
0001920
0002677
0000465
-002736
-002969
-000990
0000349
0001222
0003085
0004074
0001106
-002562
-000466
0004307
0005006
0001862
-002911
-006229
-002795
0001920
-003493
-012865
-013040
-006520
-001107
0000465
-004774
-011584
-010187
-002795
0003609
0006810
0005995
0001804
-003726
-006869
-002678
0004191
0003376
-001398
0000058
0004132
0001920
-002678
-000524
0004365
0003026
-001630
-002154
0000407
0002503
0003376
0002386
0000582
-000059
0000349
0000523
0000640
0001280
0002095
0002561
0002619
0002561
0002037
0000291
-001456
-001281
-000408
-001921
-004075
-003202
-000641
0000058
-000699
-001048
-001048
-001165
-001223
-000699
-000233
-000815
-001398
0000116
0002153
0001164
-000874
0000291
0003143
0003900
0002444
-000874
-003319
-000059
0005238
0005064
0001455
0000116
0000989
0002328
0003259
0002735
0001164
-000117
-000641
-000292
0000116
-001572
-003435
-001747
0002037
0004424
0004424
0001688
-001747
-002445
-000699
0001920
0003550
0001513
-001980
-001921
0000116
-000175
-002096
-003784
-004541
-003959
-002154
0000873
0003376
0003085
0001513
0002386
0004191
0003259
0000756
-000524
-000117
0001746
0003958
0004773
0004132
0003085
0001804
0000291
-000466
0001047
0003434
0003609
0002735
0004016
0005879
0004773
0001862
-000233
-001281
-002096
-001747
0001280
0004540
0003609
0000523
0000756
0002270
0000407
-002969
-003784
-001980
0001862
0005006
0003143
-000990
-000757
0002153
0003725
0002794
-001339
-005647
-005007
-000466
0004540
0007567
0006344
0002794
0001804
0002503
0001688
0000582
0001397
0003667
0006228
0007451
0005588
0002270
0000989
0001513
0001804
0002153
0003725
0004947
0003318
0000523
0000465
0001571
-000233
-003260
-003901
-002387
0000058
0002095
0002095
0000698
0000116
0000058
-000874
-001572
-000233
0001688
0001455
-000583
-002911
-004075
-002736
0000407
0004482
0005588
-002329
-012167
-010944
-002213
0003492
0004540
0001746
-002678
-004948
-003144
0004656
0012806
0012166
0004191
-006404
-012865
-005996
0006403
0007101
0000698
0000931
0004540
0002735
-001863
-003027
-001863
-002038
-003027
-002911
-002504
-003435
-004483
-003086
-000932
-001572
-003202
-001456
0001688
0002444
0000989
-001281
-002795
-001689
0000931
0001979
0001862
0002561
0003376
0002852
0001804
0002270
0003085
0001164
-001223
0000756
0004424
0004132
0001688
0001746
0003143
0002794
0001629
0002328
0003609
0002619
0000407
-000815
-000757
0000640
0002037
0001280
-001107
-003668
-004948
-003027
-000175
-001281
-004483
-005589
-004133
-000466
0002968
0002444
-000524
-002096
-002038
-001689
-001107
-000408
0000000
-000757
-001398
0000465
0003085
0002968
0001280
0000931
0001862
0003492
0005006
0005588
0005122
0003841
0002677
0002910
0004074
0004889
0005238
0005297
0004715
0002735
0000523
-000408
0000174
0001979
0003318
0001164
-002387
-002736
-000874
0000116
0000174
-000175
-000292
0001513
0002910
-000699
-005414
-003551
0002095
0004540
0003609
0001222
-001630
-003959
-004366
-001689
0002037
0002910
0001571
0000756
0000640
0001222
0001513
-000699
-003144
-001630
0001804
0002444
0001106
0000465
0000756
0002095
0003550
0003550
0002212
-000117
-001921
-000583
0001688
0000058
-003027
-001747
0001746
0002619
0000756
-002795
-005589
-004250
-000117
0003376
0004889
0003434
0000407
-001572
-001921
-000990
0000523
0001862
0002095
0000407
-001456
0000407
0003318
0001688
-002096
-002096
-000117
-001223
-003319
-001805
0001222
0001222
-001048
-003202
-003959
-002387
0000465
0001979
0002095
0001688
0001164
0001047
0001513
0003783
0004307
-003610
-012807
-009955
0000232
0005646
0004947
-000466
-006811
-007917
-003784
0002328
0007683
0009837
0007043
-002445
-011817
-009722
-001281
0000407
-002736
-003086
-002038
-003260
-004948
-003319
-000059
0001222
0000291
-002154
-004308
-003086
0000058
0002037
0002153
0000349
-001805
-001398
0001047
0003376
0004598
0003318
0001222
0001629
0003143
0002735
0000349
-003726
-006811
-004948
-000583
0000232
-001281
-000990
0000232
0000465
-000117
-000583
-000874
-000641
-000466
-001165
-002038
-001689
-000408
0000873
0001455
0000465
-001165
-001689
-001398
-000932
-001165
-003435
-006054
-006054
-003784
-000583
0001571
-000757
-003726
0000873
0008033
0007101
0000873
-003377
-003610
0001513
0007625
0006752
0001280
-002038
-002329
-000233
0002677
0003434
0001979
-000408
-002387
-001980
0000232
0002328
0003783
0004249
0003783
0002794
0002212
0003318
0005238
0006286
0005297
0001164
-003726
-005472
-004192
-002387
-000641
0000640
0001106
0001106
0000349
-001572
-003260
-002445
0000000
0001862
0002503
0001629
0000058
-001107
-001048
0001164
0003492
0002328
-000874
-002562
-002387
-000583
0001106
-000175
-003260
-005356
-005647
-004017
-001398
0000232
0000582
0000349
-000059
0000116
0000931
0001804
0002503
0002386
0001513
0000116
-001281
-002213
-002271
-001223
-000175
-001048
-003435
-006171
-007975
-007160
-004832
-003959
-003610
-000815
0002212
0001513
-001107
-001223
0000058
-000583
-001980
-001747
-000117
0002270
0003783
0001862
-001339
-001398
0000873
0002968
0003376
0000523
-003144
-002504
0000698
0001455
0000582
0001222
0001862
-001107
-004948
-004599
-001805
-001281
-002387
-002504
-001747
-000292
0000174
-003086
-007510
-007975
-005589
-003901
-003493
-003842
-005181
-008092
-009489
-004483
0003259
0006927
0005413
-000757
-007335
-007859
-003493
0000873
0003492
0003143
0001164
0000989
0002095
0002677
0002561
0001746
0000698
0000407
0000465
-000466
-001398
-000408
0001222
0000640
-000524
0001688
0005006
0004831
0002561
0002386
0003143
0001513
-001223
-002096
-001805
-002329
-003086
-002445
-001456
-002271
-003901
-004774
-004192
-001107
0001804
0000116
-003726
-004133
-002038
-000583
0000174
0000814
0000931
-000292
-001572
-000175
0002037
0001106
-001456
-001980
-000990
-000408
-000408
-001107
-001805
-001048
0000465
0001047
0000873
0000873
0001222
0002386
0003201
0001862
-000583
-001921
-001863
-000932
0000640
0002444
0003085
0000640
-003610
-007568
-008266
-001863
0006053
0005122
-001572
-005239
-005705
-005705
-004832
-002387
0000291
0001629
0001397
0000232
-000641
0000407
0002619
0004074
0004249
0002968
0000931
-000874
-001339
0000582
0003085
0002386
0000465
0002444
0005530
0004016
-000292
-002736
-002969
-002620
-001572
-000059
0001338
0001920
0001804
0001920
0002153
0002037
0001862
0002852
0003550
0001280
-002096
-002795
-001339
0000232
0001047
0000640
-000932
-003377
-004832
-002678
0000756
0000291
-002387
-002795
-001514
-000699
-000699
-002271
-003901
-002911
-000641
-000175
-000990
-001339
-000524
0002386
0005238
0003841
0001047
0003900
0008324
0005704
-000408
-001805
0000407
0001571
0001513
0000989
-000059
-001514
-002154
0000349
0003318
0001746
-001863
-002154
0000058
0001455
0001920
0002270
0001979
0000232
-001572
-001048
0000640
0000756
-000699
-002911
-004832
-004832
-003435
-002213
-001223
0000174
0001222
0001397
-000059
-004366
-008150
-005996
-000466
0003143
0002852
-003202
-008965
-003551
0007800
0013446
0012049
0006344
-001107
-006753
-007975
-002969
0003958
0005297
0002153
-000117
-001048
-001048
-000350
0000174
0000640
0001571
0002386
0002677
0001920
-001048
-003551
-001048
0003085
0001688
-002795
-004657
-003260
0000640
0004598
0005122
0003143
0002037
0001746
0000931
-000059
-000699
-000641
0000873
0002386
0001746
-000175
-001223
-001107
-000233
0000989
0001513
0001571
0001920
0001804
-000233
-002562
-002795
-000641
0003376
0006927
0006636
0003376
0000291
-001863
-002911
-002795
-001805
-000815
-001281
-002271
-001572
-000117
0000232
-000524
-001689
-002853
-003493
-003493
-002620
-001980
-003377
-005298
-005065
-003202
-001980
-001165
0000291
0001920
0003201
0004307
0006170
0007276
0004773
0001047
0000582
0003201
0007334
0010186
0008033
0002794
-000874
-002038
-001223
0000814
0002561
0003318
0002852
0001862
0001804
0002386
0002444
0001804
0000756
-000583
-002096
-003610
-005414
-006869
-007510
-006404
-002329
0001746
0000814
-003027
-004308
-003319
-002620
-002038
-000699
0000465
-000466
-001805
0000058
0002968
0002212
-000641
-001805
-001165
0000232
0001397
0000582
-000757
0000756
0003550
0004365
0003434
0002095
0000582
-000932
-001630
-000699
0001397
0004016
0005471
0003318
-000175
0000232
0002735
0002852
0001164
0000000
-000990
-003435
-005589
-005007
-002445
0000000
0001862
0003492
0003550
0000000
-003959
-002969
0000931
0002153
0001222
0000814
0000698
-000117
-001048
-001223
-000641
0000523
0001979
0003259
0003958
0003667
0002852
0002735
0002677
0001164
-001048
-002678
-003027
-001863
0000058
0001222
0001222
0000058
-001747
-003610
-003959
-000757
0003725
0005995
0004482
-002271
-008558
-004599
0004889
0009488
0008091
0002735
-003842
-007684
-007335
-002562
0003376
0005238
0003376
0001106
-000815
-002387
-002736
-000815
0001571
0000698
-001107
0001688
0005646
0003318
-001456
-000175
0004424
0005355
0003841
0004249
0005064
0002794
-000524
-000990
0000523
0001047
0000873
0000989
0001164
0001047
0000698
0000116
-000059
0001222
0002619
0001979
-000117
-001980
-003377
-005298
-006404
-004890
-002154
-001572
-002154
-000990
0000698
0000640
-000815
-002504
-003377
-001863
0000058
-001805
-004716
-002387
0002270
0002735
0000174
-001398
-001398
0000000
0001920
0002968
0002503
0000116
-002329
-001689
0000698
0001397
0000582
-000408
-000757
0000698
0002852
0004074
0003376
-000117
-003784
-003144
0000465
0003318
0003958
0001164
-002562
-002795
-000408
0001571
0002270
0001106
-000699
-000466
0000873
0001455
0000756
-001921
-004366
-002678
0000756
0000582
-001747
-002329
-001339
0000291
0001455
0000523
-001107
-000466
0001280
0001397
0000465
-000175
0000116
0001920
0004307
0005821
0005588
0003026
0000058
0000232
0002212
0002386
0000873
-000932
-002445
-002853
-002387
-001980
-001689
-001107
-000932
-002271
-004017
-004308
-003202
-001107
0000058
-002678
-006695
-006578
-003551
-001572
-000874
-000757
-001048
-001339
-001165
0000116
0001106
-001048
-004425
-005007
-003377
-002445
-001980
-000874
0000174
0000000
-000641
-000408
0000698
0002444
0003550
0001688
-001165
-000757
0001222
0000582
-001572
-002271
-001689
-001165
-000524
0001047
0002270
0001397
-000524
-001165
-000757
-000292
-000175
-000583
-001398
-001805
-001980
-002853
-003319
-000641
0001920
-001747
-007568
-007335
-002795
0000931
0001280
-005472
-012807
-008732
0001746
0006636
0005995
0004715
0002619
-001747
-004017
0003376
0012515
0007742
-003784
-005007
0000523
0001979
0000000
-000874
-002154
-007568
-012283
-007859
0000523
0001338
-001863
0001164
0006694
0006694
0002444
-001863
-003784
-000350
0004889
0004482
0000174
-002678
-003784
-004657
-004192
-001107
0002910
0005064
0005238
0004773
0003550
0000931
-001456
-001281
0000291
0000349
-000932
-002154
-002736
-001456
0000291
-000757
-002504
-000292
0003318
0002677
-000350
-001223
-000466
-000524
-001107
-001630
-001747
-001048
-000292
-000757
-001805
-001980
-001339
-000233
0000582
-000175
-001456
-000757
0000058
-002620
-006811
-008674
-007743
-004890
-001747
-000932
-002038
-002911
-003027
-002038
-000699
-000350
-001107
-002620
-003901
-003842
-002329
0000174
0002212
0001455
-000815
-001630
-001339
-001747
-001630
0001804
0005704
0004947
0001338
0000000
0000058
-001223
-002736
-002387
-000524
0001688
0003259
0003376
0001979
-000408
-002445
-002271
-000815
-000524
-001107
-000583
-000757
-005123
-010304
-010187
-006462
-004250
-003435
-002329
-001572
-001863
-002795
-003726
-003959
-002795
-001223
-000874
-001514
-002213
-002620
-002562
-002271
-002620
-002969
-002445
-001107
0000873
0002212
0000989
-001048
-000350
0001920
0002619
0001804
0000174
-001281
-001339
-000233
0001164
0002328
0003143
0002735
0000058
-002911
-002620
0000116
0002735
0004016
0002735
-000175
-003202
-004657
-002620
0000000
-002678
-007801
-009023
-006520
-003027
0000523
0003492
0004656
0003143
0000582
0000523
0001688
0000349
-001339
0001280
0005297
0005064
0001164
-003842
-007102
-005065
0000000
0003026
0002561
-001863
-007044
-008034
-004075
0004365
0012689
0014727
0010303
0001979
-005822
-007743
-004308
0000989
0004889
0003259
-001456
-002853
-001863
-002445
-003726
-003493
-002445
-001980
-001921
-002038
-001339
0001920
0005064
0002910
-001689
-001921
0000465
0000640
-000641
-001107
-000699
0000058
0000931
0001047
0000756
0000756
0001106
0001513
0001862
0001862
0001222
-000641
-002329
-001339
0000873
0000931
-000059
0000756
0002095
0000931
-001398
-002038
-001514
-001630
-002271
-003086
-003551
-002678
-001281
-001107
-001747
-001980
-001456
0000582
0002328
0000582
-003144
-005589
-006171
-005181
-003202
-001747
-000815
0000465
0001222
-000641
-002678
-000292
0003783
0003900
0001338
0000058
0000000
0000000
0000058
0000523
0000814
0000000
-000757
0000756
0003492
0006170
0006170
-000583
-007801
-003435
0006344
0007451
0001979
-002736
-004425
-000932
0004482
0005297
0002968
0003085
0003783
0000523
-004017
-004890
-002853
-000874
0000000
-001281
-003610
-004716
-004250
-002620
-000408
0001804
0002386
-000466
-004832
-007335
-006637
-002329
0003085
0005238
0004482
0003550
0003085
0003958
0004831
0003026
0000174
-000175
0001280
0002386
0002968
0003550
0003609
0002212
0000640
0001397
0003259
0003318
0002095
0000873
0000582
0002328
0004773
0005064
0004016
0004132
0004715
0004132
0002386
-000524
-003144
-003784
-002329
0000523
0003259
0003958
0002910
0001804
0000989
0000174
0000000
0001280
0002968
0003259
0001804
-001747
-004425
-001805
0003667
0006228
0005646
0003725
0001455
0000174
0000116
0000698
0001746
0003085
0003725
0002561
0000407
-001107
-001281
0000058
0001862
0002503
0000873
-003901
-008849
-009140
-005414
-000466
0002794
0000523
-004250
-004948
-001863
0002270
0005704
0006985
0004715
-002620
-009605
-007393
0000116
0003318
0002153
-000233
-002562
-003260
-002387
-000990
-000059
-000932
-002736
-003551
-002969
-001048
0001455
0003376
0004016
0002968
0000873
-001048
-001339
0001804
0005821
0005704
0002968
0001746
0001920
0001920
0001979
0002619
0003201
0002386
0000698
-000815
-001689
-001747
-001398
-002154
-002620
0000232
0003609
0002037
-001805
-001747
0001397
0004773
0006519
0004773
0001106
-000583
-000524
-000583
-000641
-000466
0000000
0000989
0001688
0000640
-001165
-001630
-001281
-001456
-001863
-001980
-001630
-000757
0000582
0003026
0004365
0000873
-003726
-001689
0003667
0004773
0002561
0000582
-000408
-000233
0000814
0001804
0002153
0001513
0000000
-002445
-003784
-000757
0003841
0004831
0001746
-004599
-010071
-007859
-001339
0001629
0001280
0001106
0000931
0000232
-000524
-000932
-000757
0000058
0001047
0001280
0000931
0000640
0000873
0002212
0003609
0003376
0001804
0000349
-000699
-001630
-001863
-000815
0000814
0001804
0001688
0000349
-001165
-000815
0000582
0001164
0000640
-001223
-002678
-000641
0002677
0002735
0000291
-002096
-003377
-002969
-001281
0000407
0001455
0001629
0000873
-000990
-002154
0000640
0004656
0004307
0001222
-000524
-000292
0002153
0004773
0004424
0001804
-000466
-001456
-000641
0001106
0001804
0001688
0001804
0002153
0002212
0002153
0002328
0002503
0002153
0002037
0003434
0005704
0007742
0008091
0004715
-000350
-003377
-003959
-003551
-002038
0001106
0004016
0004656
0003085
0000698
-001456
-002271
-001456
0000523
0002444
0002619
0001280
-000350
-002154
-005298
-007219
-004075
0000814
0001397
-001980
-007044
-009780
-004250
0005238
0009721
0008615
0004947
-000059
-005239
-007219
-002154
0005530
0007392
0004482
0002212
0001106
0001047
0001804
0002677
0002910
0001338
-000524
0000698
0002735
0001106
-002387
-003027
-001747
-001572
-001630
0000232
0002794
0004074
0003318
0000000
-003493
-003027
-000175
0000756
0000000
-000059
-000408
-003144
-005647
-003493
0001047
0003085
0002561
0000931
-000233
0001979
0004656
0001629
-003784
-004366
-001456
0000523
0001106
0000640
-000408
-001048
-000874
0000349
0002095
0003550
0003841
0001979
-000874
-002795
-003202
-002154
-000699
-000815
-001572
-000524
0001338
0002095
0001746
0001047
0000407
0000931
0001513
0000058
-002387
-003784
-004017
-003726
-003260
-003144
-003027
-001863
-000175
0001397
0001455
-002271
-006578
-005647
-001048
0003201
0005006
0002503
-001805
-002736
-001165
-000524
-000757
-001048
-000990
0000116
0001106
-000292
-002154
-000583
0002794
0004540
0004365
0003259
0001688
0000465
0000174
0001164
0002619
0003318
0002677
0000582
-002038
-003377
-003435
-003435
-003260
-002853
-001863
0000756
0002619
-000175
-004832
-005763
-003260
0000058
0002444
0001629
-001048
-002329
-002213
-001863
-001863
-003260
-004366
-002329
0001338
0003085
0003259
0004191
0004482
0001338
-002504
-001747
0001455
0001629
-000059
0000116
0001338
0001222
0000174
-000583
-000990
-001456
-001398
0000349
0002328
0002037
0000523
0000523
0000931
-000932
-003842
-005298
-005181
-004483
-003202
-000699
0001047
-001048
-004774
-005414
-003959
-004133
-004716
-002853
-000175
0000291
-000699
-000815
-000466
-000815
-001398
-001572
-000990
0001164
0001862
-004366
-011934
-010420
-002853
0002852
0003900
-001805
-008674
-006113
0002212
0006636
0006577
0004889
0001513
-004599
-008849
-004075
0004424
0005413
0000814
-002271
-003784
-005938
-006753
-002853
0001804
-000408
-006229
-008092
-006054
-003027
0000116
0002968
0003667
-000233
-005472
-006578
-003726
0000349
0003725
0004016
0002095
0001047
0000989
0001804
0001979
-001398
-005181
-003668
0000698
0002095
0000582
-001863
-004017
-003959
-002329
-001107
-000699
-001514
-002445
-001107
0000698
-001223
-004250
-002911
0000756
0001804
0000640
-000815
-001805
-001398
-000583
-001514
-003027
-002620
-001514
-003319
-005531
-003144
0001164
0001629
-001398
-005472
-008849
-009664
-007684
-003842
0000232
0002794
0002910
0000640
-002445
-003493
-002736
-001921
-001456
-001805
-002504
-002969
-002504
0000291
0002852
0000989
-002678
-002387
0000873
0003900
0004947
0002328
-001630
-001863
0000232
0000465
-000292
0000349
0002212
0005064
0006810
0004249
-000350
-002620
-002213
-000350
0001746
0002153
0001047
-000350
-001165
-000233
0001513
0001688
0000582
-000583
-001572
-002387
-002853
-002795
-002271
-001572
-001107
-001339
-001980
-002096
-002038
-002853
-003202
-000524
0002968
0003201
0000931
-001223
-002096
-000583
0001746
0001688
0000058
-001107
-000990
0000989
0003376
0003318
0001397
-000699
-002154
-002387
-002154
-003610
-005705
-006287
-005647
-004657
-004017
-004657
-005589
-004541
-002736
-002213
-003493
-007219
-010129
-007160
-001281
0000698
-000059
0001106
0002968
0002503
0001106
0002095
0004074
0003783
0002386
0002735
0003783
0002794
0001047
0001571
0002852
0001222
-001223
-000466
0002503
0005530
0005762
-001456
-009896
-008034
0000058
0004365
0003609
-000990
-006578
-008965
-006986
-001107
0005821
0010769
0010070
-000815
-013214
-011876
-002213
0000989
-001223
-002445
-002911
-004192
-004774
-001921
0001862
0001920
-000583
-002154
-002038
-000292
0001688
0001397
-000292
-001048
-000466
0001688
0003725
0002444
0000582
0003783
0008789
0008673
0004715
0000873
-001456
-001689
0000232
0003958
0006694
0004191
-000350
0000291
0003434
0002386
-001398
-003901
-004483
-003551
-001456
0001047
0002852
0002619
0001106
0000174
0000000
0000116
0000291
-000350
-000815
0000814
0002561
0000873
-002271
-002329
-000466
-000583
-001339
0000174
0002619
0003725
0002735
-000932
-004832
-005065
-002562
-000641
0000349
0000931
0001280
0002561
0003434
0001106
-001980
-001572
0001455
0004482
0006112
0005704
0003376
-000408
-002853
0000174
0005355
0005821
0002503
-000932
-002795
-001281
0002037
0003259
0002386
0000582
-001048
-001107
-000059
0000349
0000291
0000698
0000640
-002213
-005123
-003319
0000640
0000582
-001747
-001689
0000116
0001862
0002444
0000407
-002329
-002271
0000116
0002910
0004249
0001688
-002795
-005647
-005123
-000175
0006228
0009080
0007742
0003259
-001165
-000117
0004016
0005238
0004132
0003667
0003026
0000232
-002445
-001165
0002153
0003143
0002153
0001629
0001222
0000116
-000990
-001339
-001048
-000524
-000233
-000408
-000815
-001048
-000815
0000523
0001920
0001571
0000291
-000292
-000117
0000058
0000349
0000640
0001106
0002444
0003783
0003958
0002852
0001106
-000699
-002154
-002329
-000350
0002270
0002386
0000931
0000756
0001338
0001222
0001106
0002735
0004249
0002852
-000874
-005414
-008499
-007510
-003901
-000408
0000349
-004716
-011002
-009489
-003435
-001048
-002620
-006054
-008790
-006986
-001281
0005937
0011001
0010303
0004656
-003144
-007801
-001281
0009080
0007800
0000232
0001164
0005821
0002386
-004541
-004425
0000116
0001804
0000931
-000350
-001107
0000291
0002968
0005122
0006344
0007218
0006868
0004191
0000698
-001048
-001339
-001921
-002387
-001514
-000350
-000583
-001572
-001689
-000874
0000814
0002212
0001688
-000292
-002213
-003202
-002445
-000641
0000291
0000523
0001047
0001629
0002037
0001979
0000814
-000175
0001106
0003376
0004074
0003259
0002328
0001106
-001572
-003610
-002096
0001804
0005355
0007159
0006927
0004598
0000523
-002445
0000116
0004947
0005180
0001920
-000932
-002445
-002271
-001165
-001339
-001921
-000757
0000989
0001047
0000116
0000000
0000814
0001979
0002735
0001862
-000233
-002387
-003610
-003202
-001805
-001339
-001630
-001514
-001281
-001921
-002154
0000232
0003259
0003026
0000814
0000232
0000989
0001688
0001804
0000698
-000350
0000989
0003550
0004947
0004424
0001397
-002038
-002562
-000699
0001047
0002212
0003085
0002794
-000175
-003377
-002620
-000292
-002213
-005880
-006171
-003260
0000873
0004074
0003143
-000408
-002271
-002736
-003901
-004948
-004716
-003610
-002620
-002038
-002213
-002271
-000408
0001920
0001920
0000640
0000407
0001455
0003434
0004947
0004074
0001688
0000000
-000292
0001338
0003259
0002619
0000523
0000000
0000523
0000698
-000233
-003668
-006928
-005414
-001456
-000641
-001747
-000699
0001338
0002153
0001164
-002329
-005705
-004832
-001747
-001747
-003086
-000932
0002386
0002561
0000000
-003260
-005181
-002969
0001455
0004307
0004307
0000814
-003435
-003435
-001398
-003551
-006811
-004890
0000174
0003725
0004132
0000523
-004192
-004774
-001339
0004249
0008848
0008731
0004424
-001165
-005298
-004948
-001514
0001164
0002386
0002561
0001979
0001862
0001746
0000698
-000641
-001107
-000874
-000524
-000583
-001980
-003435
-002562
-000699
-001048
-002911
-004716
-005356
-003551
-000524
0000931
0000698
-000059
-001107
-002213
-002329
-000117
0003085
0004424
0004249
0004482
0004831
0004424
0004016
0005238
0006461
0004598
0001513
0001106
0002212
0001455
0000407
0002619
0005879
0006170
0003841
0001106
-000932
-000874
-000117
-002038
-004483
-003144
0000116
0000756
-000757
-001863
-003086
-006113
-008616
-006753
-002620
-000466
-001107
-004890
-008325
-005298
0000698
0002212
0000349
-000175
0000174
-000408
-001048
-000059
0001513
0001571
0000582
-000175
-000524
-000815
-000641
0000291
0001513
0001862
0001688
0002153
0002153
-000583
-003901
-004308
-002038
0001455
0004132
0003492
0000698
-000874
-000990
-000117
0000756
-000117
-002271
-004657
-005647
-003493
0000349
0002677
0002794
0000931
-001863
-003668
-004250
-004541
-004425
-003668
-002620
-001339
-000699
-002096
-003551
-001048
0002735
0001920
-001339
-001630
0000000
0000116
-000583
-000466
0000291
0000814
0000756
-000524
-001805
-000641
0001455
0001455
0000232
0000000
0000814
0002095
0003318
0004016
0003900
0003201
0002153
0001047
0000000
-000699
-001339
-002329
-003260
-003260
-002329
-000583
0000989
0001222
0000465
0000000
0000174
0002037
0003026
-001630
-007160
-003842
0003318
0002677
-003027
-006287
-005996
-002620
0001513
0002095
-000175
-002387
-003493
-002620
-000350
0001862
0002852
0001455
-000408
0001338
0003958
0001804
-003493
-008325
-010071
-006287
0000232
0004540
0004249
-002911
-010711
-007917
0001455
0007218
0007916
0005297
0000407
-004832
-007102
-001921
0005355
0003725
-002445
-001921
0002037
0000582
-003551
-003610
-001223
-000932
-002213
-003144
-003610
-004250
-004075
-001572
0001571
0002153
0001338
0002328
0003841
0002910
0001047
0001397
0003492
0006286
0007451
0003085
-002795
-002096
0002212
0002794
0000465
-001223
-001980
-002329
-001863
0000058
0001688
-000233
-003260
-002213
0000582
-000466
-003377
-003144
-001456
-002445
-004657
-004308
-002562
-002271
-002678
-001805
-000292
0000291
0000407
0001338
0002386
0002619
0001746
-000408
-002096
-000292
0002910
0002968
0000814
-000641
-000699
0000698
0002968
0005180
0006228
0005530
0003434
0000989
-000874
-001572
-001398
-001398
-001514
-001572
-001514
-000990
-000757
-002154
-004017
-004308
-003551
-003377
-003319
-001921
-000524
-001630
-004250
-006637
-007160
-003610
0000989
0000756
-002504
-003784
-003086
-002038
-000699
0000989
0002095
0001047
-000524
0000931
0003143
0001047
-002038
0001106
0006694
0006170
0001571
-001223
-001630
-000175
0001920
0002095
0001164
0001164
0002212
0003958
0005238
0003900
0001106
-000583
-001398
-003086
-004250
-002329
0001106
0002677
0002037
0000000
-002387
-003726
-003377
-000583
0002037
-000466
-004716
-003668
0000349
0001629
0000174
-001980
-004250
-006229
-006753
-004774
-001398
0001047
0002910
0006636
0009197
0005297
-001107
-002387
0000232
0001629
0002095
0003318
0004132
0002794
0000407
-000583
-000524
-001514
-002387
-000874
0001629
0002619
0001862
-000117
-002387
-003435
-003260
-003027
-002271
0000174
0002619
0001920
-000408
-000175
0000174
-005065
-011643
-012050
-007044
0000000
0004773
0000873
-005938
-003551
0004715
0009895
0010419
0006927
0001513
-003027
-003610
0003492
0011525
0007509
-002213
-002445
0003201
0004016
0001862
0002561
0004132
0001862
-001689
-001456
0001629
0004598
0006636
0007974
0007101
0002153
-003610
-004541
-001630
0001164
0002386
0000989
-001805
-003027
-002562
-001514
-000466
-000583
-000815
0001106
0003318
0002503
0000000
-000466
0000116
-001048
-002387
-000350
0002910
0002968
0001047
0000814
0001397
0000407
-000990
-000583
0000873
0001688
0001746
0001862
0001746
0000931
0000349
0001455
0002968
0002328
0000582
0000000
0000465
0000989
0000989
-000524
-002154
-000757
0001629
0000582
-002329
-003202
-002154
-000990
0000174
0002037
0003259
0001862
-000641
-000874
0000058
-000874
-002445
-002387
-001165
-000466
-000117
0000523
0001164
0001513
0001222
-000466
-002213
-001689
0000000
0000291
-000524
-001339
-001630
-001572
-000233
0003958
0007800
0005704
0000465
-001805
-000990
0001106
0003026
0002503
0000698
0000465
0001746
0003609
0004889
0003900
0001804
0001106
0001280
0000174
-001107
-000641
0000465
0000058
-001456
-002736
-003202
-002504
-001281
-000874
-001281
-001921
-002329
-001689
-000524
-000117
-000175
0000698
0001629
0000814
-000466
0000232
0002270
0004132
0005064
0004307
0003026
0003725
0005006
0003783
0001571
0001513
0003201
0004889
0005646
0003958
0001222
0000058
0000407
0000814
0001280
0002037
0002212
0000465
-002271
-004483
-004890
-002271
0001804
0004715
0005646
0004598
0002095
-000874
-002911
-002678
-001165
-001107
-001572
-000059
0001920
0000756
-001339
-000059
0003318
0005413
0005704
0005064
0002968
-001514
-005239
-003493
0001629
0005646
0005995
-000292
-007801
-006695
0000756
0007625
0011351
0011001
0006519
-001398
-007393
-003260
0005413
0006112
0001047
-002213
-002795
-001630
0000931
0004249
0006112
0003259
-001572
-002911
-001339
-000117
0000931
0003143
0004365
0000931
-003784
-003144
0000873
0002852
0002386
0000349
-002096
-002911
-001980
0000058
0001979
0001979
0001164
0002677
0004773
0003841
0001106
-000524
-000524
0001222
0003201
0002677
0000931
0001222
0002444
0001688
0000116
0000349
0001513
0001338
0000116
-001572
-002504
-000408
0002386
0001397
-001456
-000815
0001106
-001048
-004716
-004425
-001863
-001805
-002736
-000757
0002386
0003026
0001804
0000814
0000407
0000756
0001222
0000349
-000815
-000757
0000698
0003550
0005646
0003609
-000059
-000059
0002153
0002386
0000989
-000757
-001630
0000116
0002910
0003550
0002677
0002270
0002677
0004424
0005821
0003958
0000873
0001106
0003026
0002561
0000698
-000233
0000058
0001571
0002735
0000582
-003144
-004832
-004308
-002678
-001048
-001281
-002620
-003144
-003027
-003784
-004133
-001514
0001338
-000350
-004483
-005822
-004716
-003144
-001863
-002038
-002736
-001572
0000058
-000757
-002504
-001863
-000175
-000815
-002562
-002911
-001689
0000349
0002328
0003259
0002852
0001397
-000292
-001339
-001339
-000699
0000232
0000814
0000814
0000349
-000292
-000524
-000874
-002154
-003435
-002678
-000874
-000175
-000874
-002678
-004133
-002445
0000000
-002096
-005589
-003144
0001513
0000407
-004017
-005763
-004192
0000116
0004656
0005530
0003376
0000873
-000524
0000465
0002561
0002037
0000698
0002561
0005355
0004365
0001047
-000408
-000350
-000699
-001223
-001107
-001514
-004657
-007568
-004832
0000873
0004132
0003201
-003377
-010013
-007219
0001746
0008673
0010594
0006286
-001921
-009605
-012225
-004017
0007276
0006694
-001805
-006404
-006928
-006695
-005705
-004075
-002620
-001689
-001456
-001107
-000874
-001514
-001572
0001222
0005530
0009080
0010012
0006344
0000756
-001572
-000699
0001688
0003434
0001280
-002445
-002562
-000524
-000408
-001689
-002678
-002969
-002271
-001048
-000583
-000466
0000873
0001513
-001921
-006404
-005880
-001980
0000232
0000931
0001688
0002212
0002386
0001804
0000058
-001805
-002038
-001398
-001863
-002736
-002096
-001048
-001980
-003842
-004250
-003260
-001339
0000407
0000465
-000699
-001630
-002038
-002038
-001456
-000233
0000931
0001280
0000291
-002736
-005356
-003493
0000349
0000523
-001689
-002387
-001223
0001513
0003667
0001746
-002038
-002271
-000757
-002329
-005123
-005123
-003319
-002096
-002096
-003551
-005239
-005007
-003493
-001980
-001921
-005472
-009431
-008441
-004075
-000932
0000058
-000932
-002445
-001689
0000407
0000989
0000232
-000583
-001281
-001980
-002213
-001514
-000699
-001107
-002154
-002504
-001980
-000757
0000582
0001047
0000523
-001107
-002213
-000292
0003085
0004482
0003958
0002968
0001629
-000233
-001805
-002096
-001689
-002271
-003086
-002329
-000990
-001398
-002620
-002736
-001805
-000233
0000407
-002620
-006054
-003319
0002444
0004540
0002968
0000116
-002678
-003551
-002969
-002678
-002504
-001339
-000117
-000117
-000641
0000349
0001862
0002095
0001164
-000175
-001165
-000932
0000407
0002270
0003434
0002270
-000233
-001398
-001165
-000175
0000756
0000291
-001223
-003202
-004366
-002969
-000466
-000059
-001339
-002329
-003144
-005065
-006229
-003726
-000117
-000117
-003319
-008499
-011177
-004890
0005471
0010245
0009139
0006403
0002270
-004308
-008790
-004075
0003900
0002270
-004541
-005356
-001863
-000583
-000874
-000117
0000232
-002387
-005647
-005065
-002213
-001107
-001456
-001572
-001514
-001747
-002154
-002736
-003260
-003493
-003086
-001514
-000233
-002096
-004948
-004308
-001747
-001339
-002271
-001689
-000524
-001165
-002213
-000757
0001164
-000350
-003726
-005472
-005065
-002911
-000524
-000292
-001339
-001165
0000116
0001746
0002794
0001688
-000117
0000116
0001862
0003318
0003667
0001862
-000175
0001164
0004074
0004482
0002735
0000465
-000990
0000174
0002852
0004831
0004656
0000873
-003610
-003610
-000641
0001047
0001164
0000814
0000000
-001048
-002329
-004541
-006054
-004366
-001339
-001048
-002445
-002213
-001281
-002038
-003551
-003435
-002620
-003435
-004308
-002154
0001397
0003085
0002503
0000058
-002271
-000874
0002095
0002328
-000117
-004425
-007160
-002969
0003958
0005180
0002212
0000931
0001338
0001979
0002561
0002386
0001688
0000698
0000174
0001164
0002444
0001513
-000175
0000931
0002968
0001746
-000524
0001338
0004540
0002910
-001048
-001863
0000058
0001862
0002735
0002328
0000058
-004890
-009081
-007568
-002096
0002968
0005122
0002561
-002271
-003784
-002620
-001980
-001456
0000523
0003085
0004947
0005413
0004074
0002037
0001571
0002503
0003725
0004365
0003201
0001397
0001455
0002503
0002153
0000582
-001281
-002504
-001689
-000117
-000874
-002911
-003493
-003027
-002853
-002911
-002853
-002620
-001921
-001165
-001223
-001048
0001455
0004482
0004540
0002153
-001107
-003086
-000699
0002619
-000466
-006229
-006520
-002969
-001398
-000932
0001571
0003667
0001571
-002853
-005880
-005298
0001280
0009255
0010943
0006286
-001921
-008790
-007684
-001223
0002794
0003609
0003026
0001164
-001747
-004133
-003901
-002271
-002271
-003027
-001863
-000408
-001572
-004017
-004657
-003842
-003319
-003027
-002504
-001747
-000757
-000059
-000350
-001107
-001572
-000932
0002328
0005646
0004540
0001106
0000582
0001513
-000292
-002795
-001921
0000698
0001338
0000407
-000117
-000350
-000583
-000815
-000990
-000990
-000699
-000175
0000058
0000523
0002677
0004773
0003841
0001106
-000059
-000466
-003144
-005705
-003377
0000756
0000407
-002911
-004890
-004716
-002445
0000814
0002968
0003492
0002735
0001222
0000116
-000350
-000815
-000583
0001280
0003376
0003434
0002037
0001513
0001397
0000232
-001048
-000932
0000232
0001513
0002328
0001746
0000698
0000873
0002270
0004889
0006519
0003841
-000699
-001805
-000117
0001338
0001979
0002037
0000814
-002562
-005589
-004075
-000292
0000407
-001107
-001514
-001165
-001456
-001281
0001688
0004773
0003026
-001339
-002736
-001921
-002154
-002562
-000874
0001455
0001397
0000174
0000931
0002619
0002328
0001280
0002270
0003609
0001688
-001514
-002038
-000350
0001629
0002794
0001804
-000117
-000292
0001106
0003085
0004307
0003550
0001280
-001281
-002329
0000756
0004656
0003026
-001630
-003435
-002038
0001222
0003958
0002212
-001689
-002154
-000466
-000641
-001514
-000466
0001571
0002270
0001397
-001107
-003668
-003842
-002154
-000757
0000232
0001862
0002735
0000698
-002329
-002969
-001048
0002386
0005471
0005646
0004016
0003609
0004540
0006112
0006694
0003376
-001107
-001572
0000582
0000582
-000524
0000523
0001862
0000232
-003202
-005880
-006171
-002387
0002270
0002095
-002271
-008150
-011410
-006520
0002386
0006228
0004715
0000873
-003435
-005705
-005239
-002911
-000117
0001338
0000407
-003551
-007510
-006345
-002329
-001339
-002445
-002504
-001921
-001572
-001514
-001805
-001514
0000989
0003783
0003143
0000582
-000233
0000523
0001164
0001571
0002153
0002037
-000175
-002562
-002096
0000582
0003609
0005180
0003259
-000408
-002445
-002504
-001281
0000116
-000350
-001689
-001223
0000349
0000989
0000698
-000233
-001456
-002387
-002795
-002329
-001689
-002562
-003086
0000931
0005413
0002794
-003726
-006404
-005239
-002620
-000524
-002329
-005705
-005414
-002795
-001980
-001805
0000814
0003725
0002561
-000699
-001805
-000641
0001804
0004482
0005937
0005704
0003609
0000873
-000815
-000699
0001338
0003783
0004365
0002444
-002271
-006986
-007626
-004716
-001223
0001746
0003958
0004016
0000465
-003842
-003901
-000815
0001571
0002561
0002270
0000931
-000932
-002096
-000408
0002037
0001047
-001107
0000582
0004249
0005530
0004132
0000931
-001980
-001456
0001222
0002503
0002270
0001222
0000116
0000232
0001164
0001571
0001164
-000466
-002038
-001514
0000349
0001629
0001862
0001280
0000232
-000641
-001165
-001339
-001747
-003842
-006462
-007859
-007335
-004599
-001514
-001630
-003377
-002678
-000990
-001747
-003493
-003144
-001339
-000117
0000058
-001107
-002504
-001689
0000291
0000931
0000523
0000465
0000523
0000000
-000524
-000175
0000814
0002037
0002561
0001338
-000699
-001805
-001630
-000059
0001571
0000640
-001339
-001048
0000407
0000232
-000874
-000757
0000116
0000756
0000931
0000523
-000117
-000059
0000116
-001339
-002736
-000757
0001920
-000233
-004890
-006811
-006229
-005531
-004948
-004541
-005065
-008325
-010595
-005472
0002910
0006519
0004540
-001398
-007510
-008499
-004716
0000523
0004307
0002910
-001223
-001921
-000117
0000116
-000117
0001688
0004307
0005413
0004715
0002095
-000524
-000524
0001513
0003259
0003667
0001571
-001165
-000408
0001862
0000931
-001689
-002096
-000932
-000233
-000233
-001107
-002038
-001281
0000291
0000873
0000174
-001747
-003551
-002795
-000874
-001048
-002213
-001339
0000582
0001106
0000756
0001629
0002735
0001804
0000116
0000698
0002212
0001629
-000059
-000350
0000523
0001629
0002270
0001280
-000292
-000292
0000931
0002270
0003085
0002852
0001979
0001106
0000756
0000989
0001746
0003143
0003841
0001979
-000583
0000000
0002735
0005064
0006053
0004947
0002561
0001047
0000407
-000583
-000583
0002677
0006403
0005588
0001804
-000350
-000990
-001747
-002271
-001921
-000932
0000000
0000640
0000989
0001047
0001280
0001164
-000524
-002154
-000757
0001920
0002328
0000756
-001456
-003144
-003144
-001747
-000292
0000465
0000116
-001281
-003202
-004133
-001514
0002153
0001979
-000466
-000932
-000059
-000059
-000699
-001630
-001980
-000292
0001513
-000466
-003610
-002329
0000931
-000175
-003027
-001281
0002212
0001222
-002387
-003959
-002911
0000349
0003783
0003900
0002677
0005238
0008848
0007742
0003900
0002328
0002212
0000058
-002038
-000233
0003376
0004249
0003085
0002852
0003143
0002735
0002095
0002328
0002386
0000174
-002678
-002911
-001456
-001223
-001921
-002038
-002096
-003377
-004657
-003842
-002213
-002911
-004774
-004948
-004075
-004250
-004250
-001281
0002212
0001920
-000408
-000117
0001920
0002735
0003201
0006694
0008848
0001513
-007801
-004366
0006170
0010245
0007218
-000408
-007393
-006054
0001688
0009954
0014494
0011234
0002561
-006229
-010711
-006520
0001688
0003783
0001280
0001164
0001629
-002154
-006113
-002736
0003725
0003900
-000292
-002911
-003260
-001921
0000523
0002794
0003900
0002852
0000989
0001397
0003026
0003434
0002677
0001688
0000698
-000466
-000990
0000523
0002444
0001513
-000583
0000349
0003026
0003958
0003841
0004773
0005762
0004540
0002270
0000931
0000989
0002270
0004074
0005238
0005006
0002153
-000641
0001222
0005471
0006868
0005646
0004249
0002444
-000874
-003435
-002154
0001455
0003958
0004249
0002037
-001223
-002736
-002271
-000932
0000640
0001338
0001397
0001688
0001862
0000873
-000350
-000233
0000989
0002328
0002968
0001804
0000000
-000059
0001222
0002794
0003318
0000814
-002213
-000932
0002619
0003376
0002153
0002212
0002503
0000523
-002154
-002562
-001281
-000350
0000640
0003609
0005879
0002968
-002096
-002969
-000874
0000000
-000233
-000292
-000350
-000233
-000466
-002387
-004017
-002038
0001397
0001804
-000233
-002096
-003260
-004250
-003493
0001513
0006985
0006403
0002270
0001280
0002270
0001164
-000524
0000000
0002037
0003841
0004249
0001513
-001805
-001048
0002153
0003318
0002794
0002619
0002270
0000873
-000815
-001921
-001921
-000408
0001688
0003259
0003550
0002212
0000116
-001107
-001281
-000757
0000058
0000465
0000116
-001689
-003551
-003377
-002038
-001921
-002853
-003551
-004075
-004948
-005181
-002969
-000059
0000407
-000757
-001107
-000466
0000465
0001513
0002328
0002328
0000698
-001223
-001107
0000000
-000699
-001339
0001746
0006170
0007043
0004889
0002095
0000349
0001455
0004191
0006344
0005238
-002969
-012108
-011526
-003668
0003550
0006636
0002561
-004890
-007684
-005705
-002445
0001164
0005297
0006228
-002213
-012225
-008790
0001455
0002270
-002620
-001630
0002328
0001629
-001281
-000408
0001746
-000466
-004657
-005763
-003901
-001165
0001746
0004307
0005821
0006228
0005297
0002968
0000640
-000175
0001222
0005471
0009255
0006985
0001804
0001280
0003841
0004715
0003841
0002095
0000058
-001281
-001514
-000583
0001047
0002794
0003026
-000699
-005356
-005589
-002445
0000349
0001571
0000291
-002213
-002911
-002445
-003202
-003726
-000990
0002153
0000058
-004308
-004425
-001456
0000582
0001338
0001746
0001397
-000059
-001572
-001514
0000000
0002095
0004249
0005762
0006577
0006985
0006868
0005995
0004947
0004831
0004656
0002153
-000932
-001747
-000350
0001862
0003376
0002095
-000350
0000058
0001629
0000582
-001747
-002154
-001165
-000059
0000407
-000815
-002678
-003086
-002795
-003901
-005589
-006637
-006520
-005007
-002911
-001630
-001048
-000408
0000058
0000174
-000292
-001630
-003086
-003726
-003202
-001339
0001280
0004598
0006286
0002910
-001747
0000000
0004656
0004191
0000465
-001281
-000641
0002328
0004598
0000523
-005589
-005123
-000815
-000233
-002096
-002387
-001223
0000873
0002503
0001455
-000699
-000117
0001804
0001862
0000465
-000641
-001281
-001747
-001863
-001398
-000874
-001339
-002038
-001398
0000000
0000989
0001106
-000233
-001863
-001572
-000175
0000116
-000117
0000756
0001862
0001338
0000116
0000232
0000931
0000232
-000815
-000408
0000873
0001047
0000756
0002153
0003143
-000583
-005531
-004716
-000815
-000466
-002562
-003319
-002911
-002795
-002678
-001514
-000699
-002736
-005239
-002795
0000523
-003784
-010537
-009081
-001921
0004656
0006461
-001456
-012341
-013564
-006229
0002852
0010361
0013854
0011351
0001629
-008499
-008034
-000874
0001338
0000116
0001920
0004191
0001397
-002911
-001456
0003201
0004831
0003609
0001688
0000291
0001338
0003318
0002619
0000698
0001688
0003143
-000524
-005589
-004308
0000291
0000582
-001630
-001165
0000814
0001338
0000873
0000931
0001455
0002677
0002735
-001980
-007393
-006404
-001630
0000000
-000699
0000116
0001047
-000932
-003726
-003610
-001572
-000466
-000175
0000523
0001106
0000931
0000465
0000640
0001106
0000640
0000349
0002095
0004482
0004482
0002677
0000989
-000059
-000583
-000175
0001571
0003318
0003026
0000698
-003260
-006811
-007451
-005356
-001980
0000582
-000233
-003202
-005589
-006054
-003377
0000116
0000174
-002271
-004308
-004890
-003202
-000815
-000583
-001863
-002562
-002154
-000350
0001688
0001862
0000523
-000699
-001223
-000524
0000523
-000408
-002096
-002038
-001281
-002504
-004308
-003202
-001223
-003086
-005705
-002387
0003026
0002619
-001689
-004890
-005181
-000583
0004249
0000640
-006753
-007219
-002911
-000757
-000932
-001805
-002911
-003377
-003202
-003202
-003202
-002911
-002213
-001048
-000117
-000583
-002154
-004308
-005531
-003726
-000408
0001338
0001222
0000407
-000699
-001630
-001689
-000292
0001455
0001513
0000407
-000524
-000757
0000116
0000814
-001805
-004890
-003319
0000756
0002212
0000989
-001398
-003551
-003551
-002154
-001863
-002271
-001747
-001630
-004425
-007684
-006986
-003610
-000874
0000232
-000874
-002678
-002213
-000233
0000756
0000756
0000523
0000232
0000407
0000814
0000407
-000233
-000292
0000349
0001222
0002503
0005471
0006752
0000582
-007626
-008092
-002154
0005006
0008848
0003434
-005589
-007102
-002096
0003783
0007916
0008557
0005122
-002271
-008325
-004832
0003376
0005413
0002503
0000873
-000117
-003144
-005589
-002969
0001513
0001688
-001398
-003784
-004483
-003027
-000641
0000174
-000350
-001281
-001398
0001629
0004947
0003085
-001398
-002736
-001456
-000408
0000116
-000059
-000350
0000873
0002444
0002153
0000814
0000407
0000465
-000699
-001514
0000931
0004540
0005297
0003609
0001513
-000175
-000932
-000757
-000932
-000815
0000931
0003026
0003434
0002270
0000698
-000990
-002445
-003202
-002736
-001630
-000815
-000932
-002853
-004832
-003551
-000874
-000990
-002445
-001514
0000698
0001804
0001746
0001338
0000291
-002329
-004483
-003260
0000116
0002619
0003434
0002503
0001222
0002095
0003958
0004191
0002794
0000465
-001223
0000582
0003550
0002677
0000000
0000640
0002619
0001455
-001281
-001630
-000175
0000989
0001688
0002561
0002212
-001747
-006578
-007160
-005007
-004366
-005007
-005123
-004425
-002445
0000116
0002270
0003026
0001629
-001048
-003784
-004657
-001281
0003259
0002852
-000583
-001805
-000699
0001513
0003492
0003026
0001338
0001746
0003201
0002677
0001571
0002794
0005180
0006228
0005646
0003783
0001629
0000989
0000989
-000815
-002911
-002736
-000583
0002444
0004307
0002619
-000932
-002271
-001689
-000990
-000815
-001921
-003202
-002213
-000757
-002445
-005647
-007219
-006287
-002853
0001804
0006053
0007974
0006170
0002270
-000874
-001572
0001106
0005297
0007683
0007451
0005180
0002212
0000756
0001571
0004773
0008265
0009255
0007567
0004540
0001804
0001338
0002561
0003259
0003026
0001397
0000291
0003318
0007683
0008207
0004715
-001572
-006928
-005938
-000466
0004540
0005821
-000583
-008441
-005763
0003026
0006810
0005064
0001222
-003959
-010478
-013622
-006520
0004424
0006461
0002270
0002095
0003725
0001222
-002213
0000058
0004540
0003259
-000815
-000175
0003026
0003201
0001629
0001746
0003143
0004307
0004889
0004889
0004540
0004482
0004365
0003143
0001746
0002037
0003259
0003783
0003143
0000698
-001980
-002445
-000815
0001455
0003201
0002968
0001222
-000757
-001863
-000874
0000756
-000117
-002096
-001805
-000233
-000175
-001398
-003202
-004483
-003784
-002038
-001223
-001398
-001921
-002038
-000292
0001804
0000989
-001165
-001281
0000465
0003201
0004831
0001862
-002329
-000757
0003550
0002794
-000641
-000874
0000989
0001455
0000931
0001164
0001455
0000349
-000874
-000117
0001571
0001571
0000232
-000874
-001921
-003842
-005123
-003551
