-000466
-000292
0000000
-000292
-000874
-001048
-000932
-000641
-000350
-000117
-000059
-000233
-000583
-000699
-000583
-000350
-000059
0000349
0000523
0000058
-000641
-000350
0000407
0000465
0000058
0000116
0000407
0000465
0000291
-000059
-000350
-000175
0000174
0000000
-000524
-000524
-000175
0000116
0000174
0000000
-000292
-000583
-000699
-000524
-000292
-000175
-000233
-000350
-000524
-000583
-000583
-000524
-000524
-000583
-000641
-000757
-000815
-000641
-000466
-000699
-000990
-000583
0000000
-000408
-001165
-001165
-000117
0002561
0004074
0000116
-006113
-008558
-006404
-000466
0005122
0003667
-001572
-002154
0000174
-000117
-001805
-001747
-000524
0000232
0000349
0000058
-000524
-001107
-001456
-001165
-000408
0000407
0000640
-000757
-002620
-003027
-002271
-001630
-001165
-000233
0000349
-000408
-001747
-001921
-001223
-000874
-000815
-000466
-000175
-000583
-001165
-001107
-000699
-000583
-000815
-000874
-000990
-001456
-001921
-001805
-001339
-001165
-001223
-001107
-000932
-000932
-001107
-001165
-001281
-001689
-002096
-001980
-001514
-001107
-001048
-001456
-002038
-002271
-002096
-001863
-001514
-001048
-000641
-000408
-000350
-000524
-000757
-000815
-000874
-001165
-001514
-001339
-000932
-000932
-001165
-001165
-000932
-000874
-000874
-000990
-001048
-001107
-001048
-001165
-001165
-000815
-000524
-000990
-001630
-001223
-000233
-000059
-000466
-000466
-000175
0000000
0000116
0000349
0000349
-000524
-001572
-001456
-000524
0000349
0000814
0000465
-000350
-001165
-001630
-001747
-001514
-001165
-000874
-000641
-000524
-000641
-000757
-000874
-000932
-000990
-001048
-001281
-001630
-001630
-001572
-002096
-002736
-002620
-001630
0000232
0001688
0000698
-001281
-001048
0000582
0001106
0000582
-000117
-000757
-000815
-000524
-000874
-001339
-000990
-000233
-000059
-000350
-000466
-000524
-000990
-001514
-001980
-001921
-000699
0000931
0001571
0001222
0000232
-000699
-000641
-000059
-000117
-000524
-000233
0000349
0000349
-000175
-000466
-000408
0000407
0001338
0000989
-000117
-001048
-001514
-001398
-000932
-000524
-000175
0000523
0001047
0000582
-000233
-000408
-000117
-000117
-000350
-000408
-000350
-000117
0000232
0000698
0001047
0000756
0000349
0000465
0000989
0001455
0001513
0000931
0000232
0000174
0000582
0000523
0000349
0000465
0000814
0001047
0000989
0000349
-000408
-000466
0000116
0000756
0001164
0001047
0000582
0000407
0000523
0000640
0000756
0000989
0001164
0000814
0000291
0000407
0000989
0001571
0001920
0001920
0001629
0001513
0001397
0000989
0000698
0001164
0001920
0001920
0001513
0001688
0002037
0001804
0001280
0001106
0001338
0001513
0001629
0001513
0001164
0000698
0000349
0000523
0000814
0000407
-000292
-000059
0000698
0001397
0001629
0001106
0000698
0002503
0004424
0002212
-001805
-002387
-000408
0000814
0001106
0000873
0000523
0001047
0001920
0001804
0000989
0000058
-000350
0000465
0001688
0001979
0001338
0000756
0000291
0000000
0000058
0000523
0001047
0001106
0000873
0000698
0000582
0000349
0000232
0000582
0001106
0001047
0000756
0001047
0001513
0001629
0001455
0001164
0000931
0000640
0000465
0000698
0001047
0001222
0001164
0000756
0000349
0000465
0000756
0000291
-000350
0000116
0001047
0001106
0000523
0000349
0000465
0000465
0000407
0000698
0001047
0000640
-000117
-000524
-000583
-000175
0000291
-000059
-000699
-000815
-000408
0000232
0000814
0000756
0000349
0000291
0000523
0000873
0001164
0001047
0000698
0000407
0000174
-000059
-000233
-000524
-000583
-000292
0000291
0000931
0001397
0000989
0000291
0000000
0000116
0000058
-000059
0000000
0000174
0000116
0000058
0000582
0001164
0000582
-000408
-000350
0000232
0000000
-000524
-000524
-000117
0000174
0000232
-000059
-000350
-000175
0000232
0000232
-000117
-000874
-001456
-000932
0000058
0000465
0000174
-000815
-001689
-001339
-000408
-000175
-000583
-000874
-000932
-000583
-000117
-000175
-000524
-000233
0000232
0000000
-000524
-000292
0000174
-000408
-001281
-001107
-000350
-000059
-000233
-000233
-000233
-000466
-000757
-000641
-000233
0000232
0000465
0000174
-000292
-000233
0000058
-000350
-000874
-000408
0000291
-000466
-001630
-001048
0000349
0000349
-000466
-000757
-000641
-000757
-000932
-000699
-000350
-000233
-000292
-000350
-000292
-000233
-000233
-000699
-001107
-000874
-000350
-000350
-000815
-001107
-001339
-001747
-001863
-001107
-000175
-000350
-001165
-001107
-000641
-000990
-001805
-002096
-001921
-001630
-001456
-001572
-001747
-001107
-000350
-000466
-001107
-000874
-000292
-000524
-001165
-001107
-000757
-001456
-002329
-001572
-000175
-000175
-001048
-001281
-000932
-000699
-000641
-000641
-000699
-000408
-000059
-000233
-000699
-000990
-000990
-000757
-000408
-000292
-000292
-000350
-000233
0000058
0000232
-000292
-001048
-000990
-000466
-000408
-000757
-001165
-001398
-001107
-000466
-000233
-000233
-000175
-000117
0000058
0000174
0000058
-000292
-000699
-000990
-000641
-000117
-000233
-000524
-000292
0000174
-000117
-000641
0000000
0000989
0000814
-000117
-000408
-000175
0000058
0000232
0000058
0000058
0000814
0001746
0001397
0000291
-000524
-000699
-000292
0000291
0000174
-000292
-000233
0000174
0000698
0000931
0000174
-000932
-000990
-000408
-000466
-000874
-000466
0000291
0000523
0000407
0000698
0001047
0000640
-000059
-000408
-000350
0000116
0000640
0000814
0000640
0000349
0000058
-000175
-000233
-000233
-000059
0000407
0000756
0000407
-000175
0000116
0000698
0000465
-000233
-000524
-000408
0000000
0000349
0000058
-000408
-000524
-000175
0000407
0000931
0001280
0001222
0000640
0000000
0000000
0000465
0000931
0001106
0001106
0000873
0000698
0000582
0000582
0000756
0001106
0001280
0000698
0000174
0001164
0002677
0002735
0001629
0000756
0000349
0000582
0001106
0000873
0000291
0000349
0000756
0000873
0000756
0000931
0001047
0000814
0000349
0000058
0000116
0000873
0001688
0001629
0000931
0000291
0000058
0000698
0001629
0001804
0001280
0000523
0000000
0000232
0000931
0001047
0000756
0000640
0000582
0000349
0000232
0000640
0001106
0000756
0000058
0000058
0000640
0001106
0001338
0001164
0000640
-000117
-000699
-000757
-000233
0000931
0002037
0002444
0001862
0000465
-000757
0000116
0001804
0001688
0000407
0000349
0000989
0000698
0000174
0000640
0001455
0001047
0000174
0000640
0001455
0000640
-000757
-000292
0001047
0000698
-000524
-000292
0000582
0000232
-000583
-000350
0000407
0000349
-000175
-000408
-000175
0000349
0000989
0000873
0000523
0000640
0001047
0001222
0000989
0000116
-000815
-000815
-000350
-000233
-000350
0000058
0000465
-000175
-001107
-000874
0000058
0000291
-000117
-000466
-000641
-000466
-000117
-000059
-000233
-000699
-001281
-001514
-001223
-000350
0000407
-000117
-001107
-000466
0000931
0000931
-000059
-000932
-001398
-001281
-000757
0000058
0000640
0000698
0000174
-000408
-000815
-000641
-000117
0000000
-000233
-000466
-000583
-000408
-000292
-000757
-001398
-001281
-000757
-000699
-000874
-000699
-000350
-000059
0000058
-000117
-000350
-000408
-000350
-000466
-000583
-000699
-000641
-000350
0000058
0000349
0000349
-000408
-001165
-000641
0000465
0000407
-000350
-000641
-000524
-000524
-000757
-001107
-001398
-001398
-001107
-000466
0000000
-000233
-000757
-000699
-000175
0000174
0000291
0000058
-000408
-000641
-000641
-000233
0000058
-000408
-001048
-000757
0000000
0000232
0000058
0000116
0000232
-000059
-000524
-000757
-000815
-000932
-000932
-000524
-000175
-000757
-001689
-001630
-000990
-000699
-000874
-000990
-001165
-001339
-001398
-001165
-000815
-000292
0000000
-000641
-001514
-001165
-000233
0000058
-000233
-000641
-000990
-001223
-001165
-000932
-000641
-000583
-000757
-000932
-000990
-000641
-000292
-000699
-001398
-001339
-000874
-001048
-001514
-001339
-000815
-000874
-001223
-000932
-000466
-000408
-000757
-000990
-001107
-001281
-001398
-001398
-001223
-001048
-000757
-000408
-000117
0000116
-000059
-001339
-002504
-001398
0000582
0000232
-001281
-000757
0000640
0000174
-001223
-001339
-000699
-000757
-001223
-000990
-000583
-001048
-001689
-001339
-000466
0000058
-000059
-001165
-002387
-002154
-001107
-000699
-000815
-000524
-000117
-000292
-000815
-000932
-000699
-000583
-000583
-000524
-000583
-000874
-001223
-000932
-000466
-000932
-001630
-001339
-000524
0000058
0000058
-000524
-001223
-000990
-000292
-000175
-000408
-000175
0000232
0000174
-000233
-000583
-000874
-001048
-000990
-000408
0000291
0000116
-000641
-001223
-001339
-000699
0000174
-000117
-000990
-001165
-000699
-000408
-000233
-000059
0000116
0000232
0000232
0000116
-000175
-000874
-001456
-001456
-001048
-000583
-000350
-000408
-000583
-000408
-000059
-000117
-000233
0000116
0000523
0000000
-000815
-000757
-000175
0000116
0000058
0000000
-000175
-000583
-000990
-001223
-001165
-000641
-000059
-000524
-001165
-000641
0000465
0000640
0000116
-000117
-000059
0000116
0000232
0000174
0000000
0000232
0000465
0000291
-000175
-000175
0000000
-000233
-000524
-000350
0000000
-000059
-000350
-000292
-000059
0000058
0000000
0000058
-000059
-000350
-000757
-000932
-000874
-000815
-000757
-000815
-000815
-000583
-000233
-000233
-000350
-000408
-000350
0000000
0000349
0000058
-000408
-000524
-000292
0000174
0000523
0000291
-000233
-000233
0000116
0000232
0000174
0000174
0000232
0000174
0000058
-000059
0000000
0000291
0000640
0000814
0000698
0000232
-000175
0000058
0000582
0000465
0000058
0000058
0000232
0000232
0000174
0000291
0000582
0000756
0000873
0000931
0000873
0000814
0000756
0000756
0000698
0000174
-000233
0000465
0001397
0000465
-001107
-000641
0000873
0000989
0000232
0000291
0000756
0000582
0000116
0000000
0000232
0000640
0000931
0000640
0000116
-000175
-000059
0000582
0001222
0000582
-000466
0000116
0001513
0001513
0000698
0000174
0000116
0000349
0000698
0000873
0000814
0000756
0000756
0000640
0000523
0000756
0000931
0000407
-000233
0000174
0000989
0000814
0000116
0000174
0000756
0000931
0000814
0000523
0000291
0000582
0001047
0000989
0000582
0000582
0000756
0000523
0000116
-000059
-000059
-000175
-000233
-000233
0000058
0000582
0001164
0001047
0000582
0000407
0000523
0000582
0000582
0000465
0000465
0000814
0001164
0000989
0000582
0000465
0000698
0000814
0000814
0000407
-000175
-000408
-000350
-000175
0000058
0000349
0000582
0000756
0000640
0000000
-000583
-000175
0000756
0000931
0000582
0000349
0000291
0000349
0000349
0000058
-000233
0000174
0000698
0000407
-000233
-000059
0000407
0000407
0000000
-000350
-000466
0000116
0000814
0000407
-000350
0000116
0001222
0001106
0000407
0000174
0000407
0000407
0000291
0000407
0000523
0000291
0000000
-000175
-000175
-000233
-000466
-001281
-001980
-001165
0000291
0000465
-000233
-000292
0000174
0000640
0000756
0000291
-000350
-000117
0000523
0000349
-000292
-000466
-000350
-000233
-000292
-000583
-000990
-001223
-001165
-000932
-000524
0000349
0001047
0000873
0000116
-000641
-001048
-000874
-000408
-000233
-000408
-000874
-001223
-000466
0000640
0000698
0000058
-000117
0000174
0000931
0001688
0001455
0000698
0000349
0000465
0000814
0001106
0001338
0001280
0000756
0000174
0000465
0001047
0000523
-000408
-000524
0000058
0000523
0000873
0001455
0001804
0001280
0000407
0000291
0000756
0001106
0001164
0000873
0000349
0000058
0000116
0000349
0000698
0001047
0001222
0000873
0000349
0000349
0000698
0000756
0000640
0000465
0000291
0000232
0000291
0000407
0000407
0000465
0000349
0000116
-000059
0000291
0000756
0000174
-000583
0000000
0001222
0001222
0000465
0000116
0000116
0000232
0000232
-000292
-000815
-000350
0000523
0000582
0000058
-000350
-000350
0000465
0001338
0000640
-000699
-000408
0000698
0001047
0000640
0000349
0000174
0000000
-000175
-000524
-000699
0000000
0000873
0000989
0000523
0000407
0000465
0000465
0000291
0000174
0000058
0000000
-000059
0000000
0000174
0000407
0000582
0000582
0000523
0000523
0000582
0000523
0000349
0000000
-000233
0000058
0000465
0000349
-000059
0000058
0000465
0000349
0000000
-000175
-000117
-000117
-000175
-000175
-000059
0000174
0000407
0000640
0000582
0000058
-000524
-000524
-000175
-000524
-001165
-000990
-000524
-000699
-001107
-000757
-000117
-000059
-000292
-000175
0000174
0000465
0000407
-000408
-001398
-001747
-001514
-001048
-000466
-000175
0000058
0001164
0002037
0001047
-000932
-001630
-001398
-001398
-001398
-001048
-000524
-000059
0000116
0000116
0000000
-000350
-000524
-000117
0000407
0000058
-000699
-000583
-000059
-000292
-000932
-000815
-000408
-000641
-001048
-000757
-000175
-000117
-000466
-000524
-000466
-000583
-000757
-000757
-000699
-000641
-000641
-000583
-000583
-000757
-000874
-000874
-000699
0000000
0000465
-000233
-001339
-000874
0000291
0000174
-000641
-000815
-000408
0000232
0000640
0000058
-000990
-001223
-000757
-000117
0000232
-000466
-001281
-000466
0000931
0000640
-000641
-000815
-000292
-000466
-000932
-000641
-000175
-000757
-001630
-001398
-000524
-000292
-000583
-000757
-000815
-001281
-001456
0000058
0001688
0000291
-002271
-002213
-000524
-000350
-001107
-001048
-000466
-000350
-000583
-000990
-001223
-000757
-000117
-000466
-001107
-000641
0000232
0000058
-000757
-000815
-000466
-000350
-000583
-001048
-001456
-001339
-000990
-000874
-000874
-000524
-000059
0000000
-000408
-000932
-001456
-001805
-001863
-001339
-000699
-000699
-001107
-001048
-000874
-001048
-001281
-000815
-000233
-000874
-001921
-001456
-000233
0000232
0000058
-000350
-000641
-000350
0000058
-000583
-001514
-001165
-000175
-000233
-000815
-000815
-000408
-000408
-000699
-001281
-001689
-001456
-000699
0000058
0000523
0000349
-000175
-000233
0000000
-000292
-000815
-000990
-000874
-000699
-000524
-000815
-001048
-000292
0000698
0000582
-000117
-000350
-000117
-000175
-000292
-000233
-000117
-000175
-000466
-000583
-000524
-000233
0000058
-000292
-000815
-000583
0000000
0000349
0000174
-000699
-001572
-001339
-000408
-000059
-000175
-000408
-000641
-000757
-000699
-000408
-000059
-000059
-000292
-000117
0000116
0000058
-000350
-000932
-001165
-000350
0000873
0000989
0000407
0000174
0000291
0000407
0000523
0000349
0000058
0000058
0000116
0000058
-000059
0000174
0000523
0000698
0000640
0000640
0000582
0000291
-000117
-000292
-000233
0000000
0000291
0000058
-000292
0000116
0000698
0000291
-000466
-000350
0000349
0000640
0000582
0000523
0000523
0000349
0000058
0000000
0000000
-000059
-000175
-000583
-000699
0000116
0001164
0001222
0000523
-000175
-000524
-000059
0000698
0000349
-000466
-000466
0000000
-000059
-000350
-000292
-000059
0000116
0000291
0000582
0000698
-000059
-000932
-000350
0000873
0000756
-000175
-000059
0000640
0000523
0000174
0000814
0001688
0000931
-000466
-000175
0001106
0001688
0001513
0001222
0000873
0000291
0000000
0000582
0001397
0001280
0000582
0000582
0000989
0000814
0000232
-000059
-000059
0000349
0000814
0000873
0000640
0000407
0000291
0000058
-000059
0000291
0000814
0000582
0000058
0000000
0000232
0000116
-000117
0000116
0000523
0000582
0000291
-000117
-000466
-000350
0000000
-000175
-000583
-000408
0000000
-000175
-000583
-000699
-000466
-000117
0000174
0000000
-000466
-000815
-000757
-000059
0000756
0000640
-000117
-000699
-000932
-000990
-000874
-000408
0000000
-000408
-001107
-000874
-000292
-000699
-001514
-000874
0000232
-000175
-001339
-001398
-000757
-000757
-001165
-001281
-001165
-000874
-000641
-000641
-000815
-001165
-001398
-001339
-000990
-000524
-000292
-000757
-001398
-000874
0000116
0000058
-000699
-001223
-001456
-001572
-001572
-001514
-001339
-000874
-000408
-000583
-001107
-001223
-000990
-000641
-000466
-000874
-001514
-001339
-000757
-000524
-000524
-000233
0000000
-000175
-000699
-000990
-001048
-001165
-001281
-001630
-001805
-001339
-000815
-001223
-002154
-002271
-001863
-001980
-002213
-001223
-000059
-000408
-001514
-001572
-001107
-001747
-002736
-002445
-001456
-001048
-001165
-001223
-001223
-001048
-000932
-001223
-001689
-001805
-001630
-001805
-002038
-001689
-001107
-001281
-001747
-001398
-000757
-000815
-001339
-001747
-001747
-001398
-000815
-000350
-000117
-000117
-000466
-001281
-001980
-001398
-000233
-000059
-000524
-000350
0000116
0000349
0000291
0000174
0000058
-000059
-000175
-000117
-000117
-000641
-001048
0000000
0001455
0001164
-000059
-000292
0000174
0000058
-000350
-000233
0000116
0000000
-000408
-000815
-000932
-000350
0000465
0000465
0000058
0000291
0000698
0000465
-000059
0000174
0000814
0001047
0000931
0000523
0000291
0000814
0001455
0000582
-000350
0001397
0004249
0005646
0003900
-003319
-010071
-005880
0003550
0005006
0001106
0000465
0002095
0002212
0001222
-000117
-000932
-000059
0001804
0002852
0002735
0001455
-000059
-000292
0000756
0002270
0003376
0002852
0001455
0000989
0001280
0001164
0001047
0001513
0002328
0002910
0002968
0002444
0001746
0001688
0002037
0001979
0001746
0001571
0001571
0001746
0002037
0002153
0002095
0001862
0001629
0001979
0002444
0002212
0001629
0001338
0001397
0001629
0001862
0001804
0001629
0001862
0002328
0002794
0002968
0002386
0001513
0001106
0001222
0001804
0002561
0002794
0002677
0002968
0003201
0002794
0001979
0001338
0001106
0001513
0002212
0002386
0002212
0002328
0002503
0001979
0001455
0002212
0003492
0003667
0002968
0002212
0001746
0001920
0002386
0002270
0001920
0002444
0003143
0002503
0001280
0001164
0001804
0002386
0002677
0002619
0002328
0002270
0002270
0001920
0001513
0001746
0002212
0001979
0001513
0001862
0002619
0002619
0002037
0001746
0001804
0002212
0002561
0002386
0001862
0001455
0001397
0001920
0002561
0002444
0001862
0001280
0000989
0001455
0002270
0002561
0002444
0002386
0002444
0002386
0002328
0002212
0002095
0001920
0001746
0001746
0001746
0001222
0000814
0001629
0002852
0002910
0002212
0001920
0001979
0001746
0001455
0001804
0002270
0001746
0000814
0000931
0001629
0001571
0001106
0001047
0001280
0001222
0000989
0000640
0000523
0001280
0002270
0001862
0000931
0001338
0002386
0002386
0001629
0001164
0000756
0000000
-000524
0000058
0001047
0001164
0000582
0000174
0000116
0000232
0000407
0000698
0000698
0000116
-000524
-000524
-000059
0000174
0000232
0000523
0000814
0000989
0000873
0000349
-000175
0000058
0000582
0000174
-000524
-000233
0000756
0001688
0001979
0001222
-000117
-000874
-000874
-000583
-000233
-000292
-000524
-000699
-000641
-000175
0000407
0000640
0000523
0000116
-000292
-000408
-000292
-000175
-000117
-000175
-000175
0000349
0000814
0000291
-000699
-000990
-000815
-000932
-001165
-000815
-000175
0000000
-000117
-000466
-000641
-000292
0000174
-000233
-001048
-001339
-001165
-001165
-001223
-000932
-000524
-000583
-000874
-000990
-000932
-000466
-000059
-000408
-001048
-001107
-000815
-001165
-001572
-000815
0000291
0000232
-000408
-000408
0000349
0001629
0002153
-000641
-004075
-003202
-000117
0000174
-001339
-001281
-000292
-000350
-000990
-001281
-001165
-000757
-000233
0000291
0000523
-000117
-000990
-001165
-000757
-000292
-000059
-000350
-000815
-000932
-000815
-000990
-001223
-001223
-000932
-000233
0000291
-000059
-000990
-001281
-001107
-001048
-000990
-000815
-000583
-000466
-000466
-000757
-001165
-001223
-001107
-001107
-001107
-000990
-000815
-000815
-001048
-001514
-001980
-001863
-001281
-000699
-000466
-001223
-002271
-002154
-001339
-001281
-001514
-001165
-000466
0000000
0000174
0000000
-000408
-000990
-001456
-001630
-001339
-000815
-000292
-000292
-000641
-000699
-000583
-000583
-000932
-001863
-002678
-002504
-001514
-000583
-000059
-000059
-000466
-000757
-000990
-001630
-002038
-001223
0000000
0000000
-000815
-001107
-000932
-000350
0000232
0000349
0000058
-000175
-000350
-000583
-000699
0000174
0001106
0000640
-000641
-001107
-000932
-000583
-000292
-000350
-000583
-000524
-000466
-000815
-001456
-001747
-001630
-001165
-000641
-000233
-000175
-000350
-000524
-000524
-000408
-000466
-000641
-000466
-000350
-000699
-001165
-000932
-000408
-000350
-000583
-000583
-000350
-000059
0000116
0000058
-000233
-000699
-001107
-000990
-000466
-000117
0000000
0000000
-000117
-000466
-000757
-000583
-000233
-000292
-000583
-000350
0000116
0000058
-000059
0000407
0000931
0000349
-000641
-000699
0000000
0000582
0000873
0000873
0000698
0000407
0000174
0000116
0000058
-000233
-000583
-000524
-000175
0000291
0000582
0000407
0000116
0000582
0001280
0000873
-000059
-000117
0000465
0000931
0001106
0000814
0000349
0000407
0000640
0000174
-000408
0000465
0001804
0001688
0000523
-000408
-000641
0000116
0001222
0001047
0000232
0000407
0001106
0001280
0000873
0000174
-000292
0000407
0001629
0001746
0001164
0000931
0000989
0001222
0001222
0000465
-000524
-000408
0000407
0000523
0000232
0000174
0000232
0000349
0000407
0000407
0000407
0000873
0001280
0000523
-000524
-000059
0001222
0001688
0001397
0001047
0000814
0000582
0000523
0000698
0000989
0001047
0000989
0001106
0001338
0001455
0001455
0001455
0001455
0001455
0001397
0001047
0000582
0000291
0000291
0000582
0000873
0000523
0000000
0000174
0000698
0000814
0000814
0001338
0001979
0001920
0001338
0000873
0000582
0000291
0000174
0000523
0001106
0001280
0001106
0000814
0000640
0000582
0000756
0000989
0001222
0001455
0001571
0001629
0001571
0001106
0000582
0000756
0001222
0001280
0001106
0001222
0001513
0001280
0000989
0001513
0002212
0001513
0000291
0000407
0001338
0001280
0000582
0000407
0000582
0000523
0000349
0000232
0000174
0000291
0000523
0000698
0000698
-000117
-000990
-000815
0000116
0000640
0000756
0000814
0000640
0000232
-000175
-000059
0000349
0000873
0001047
0000058
-001165
-000815
0000349
0000756
0000465
0000465
0000465
0000116
-000292
-000233
0000116
0000058
-000117
0000116
0000407
0000174
-000292
-000408
-000292
-000233
-000350
-000524
-000583
0000000
0000698
0000814
0000349
-000350
-000874
-000874
-000583
-000757
-001107
-000699
0000174
0000640
0000640
0000349
-000117
-000583
-000699
-000350
0000232
0000407
0000232
-000117
-000408
-000059
0000465
0000232
-000175
0000640
0001629
0000756
-000932
-001165
-000466
-000466
-000932
-000874
-000583
-000350
-000233
-000117
0000000
0000058
0000174
0000349
0000523
0000291
-000117
-000350
-000350
-000117
0000000
-000408
-001048
-001398
-001107
0000349
0001688
0000698
-001398
-001572
-000524
-000524
-001165
-001223
-000874
-000466
-000292
-000757
-001456
-001456
-001107
-001223
-001689
-002038
-002154
-001572
-000874
-000990
-001630
-001689
-001398
-001572
-001863
-001514
-000990
-000990
-001339
-001572
-001456
-001165
-000932
-001339
-001980
-001805
-001339
-001339
-001747
-002038
-002096
-001921
-001689
-001630
-001572
-000990
-000350
-000408
-000990
-001398
-001572
-001456
-001223
-001107
-001107
-001339
-001805
-002445
-002853
-002445
-001689
-001281
-001281
-001223
-001223
-001339
-001339
-000874
-000350
-000175
-000466
-000932
-001747
-002969
-003842
-003202
-001572
-000059
0000756
0000931
0000349
-000699
-001747
-002271
-002096
-001223
-000350
-001048
-002271
-001863
-000524
-000059
-000466
-001165
-001863
-002271
-002213
-001398
-000583
-000699
-001398
-001572
-001339
-000932
-000641
-000815
-001514
-002445
-002969
-002213
-000757
0000000
0000000
-000233
-000583
-000757
-000757
-001165
-001689
-002038
-001980
-001223
-000350
-000524
-000932
0000116
0001513
0000931
-000874
-001689
-001747
-001863
-002038
-002445
-002620
-001921
-000815
-000059
0000058
-000233
-000699
-000874
-000815
-000641
-000699
-001572
-002329
-001398
0000291
0000291
-000699
-000641
-000059
-000408
-001165
-001165
-000757
-000583
-000641
-000524
-000292
0000232
0000756
0000698
0000291
0000000
-000292
-000699
-000990
-001165
-000990
-000466
0000174
0000465
0000465
0000407
0000291
-000117
-000524
-000641
-000524
-000408
-000292
-000059
0000349
0000756
0001047
0000756
0000349
0000582
0001047
0000873
0000349
0000349
0000523
0000058
-000524
-000117
0000698
0000523
-000175
-000117
0000465
0000756
0000698
0000349
0000000
0000116
0000465
0000640
0000523
0000407
0000291
0000465
0000582
0000058
-000641
-000466
0000116
0000291
0000174
0000116
0000116
0000174
0000232
0000465
0000640
0000174
-000583
-000641
-000175
0000465
0000756
0000232
-000583
-000408
0000407
0000698
0000523
0000407
0000291
0000407
0000465
0000174
-000175
-000350
-000117
0000407
0000873
0000814
0000291
-000292
-000583
0000058
0000931
0000931
0000407
0000174
0000232
0000349
0000523
0000582
0000582
0000465
0000291
0000232
0000407
0000640
0000814
0000698
0000291
-000117
-000350
-000117
0000174
-000292
-001048
-000815
0000058
0000698
0000931
0000640
0000291
0000465
0000931
0001106
0001047
0001106
0001164
0000873
0000523
0001047
0001688
0000873
-000350
0000465
0002153
0001862
0000523
0000291
0000873
0001164
0001222
0001222
0001106
0000523
-000059
0000174
0000756
0000640
0000174
0000232
0000523
0000698
0000582
0000232
-000175
-000175
0000000
0000116
0000058
-000175
-000524
-000815
-000874
-000699
-000292
0000058
0000407
0000989
0001338
0000873
0000058
-000175
0000232
0000640
0000931
0000698
0000116
-000757
-001456
-001165
-000292
0000291
0000407
0000465
0000291
0000058
-000175
-000408
-000466
-000524
-000524
-000350
-000175
0000116
0000232
-000117
-000583
-000699
-000408
-000059
0000232
0000000
-000350
-000117
0000465
0000349
-000059
0000000
0000174
-000175
-000583
-000117
0000698
0000407
-000292
-000233
0000232
0000232
-000233
-000932
-001456
-001165
-000524
-000815
-001514
-001281
-000466
-000059
-000059
-000292
-000524
-000175
0000407
0000349
-000175
-000641
-000932
-000699
-000350
-000408
-000641
-000641
-000524
-000466
-000583
-000757
-001048
-001689
-002154
-001572
-000466
0000174
0000232
-000175
-000815
-001339
-001456
-001048
-000408
-000408
-000815
-000699
-000350
-000757
-001398
-001223
-000757
-000699
-001048
-001398
-001514
-001223
-000874
-000990
-001281
-000932
-000408
-000641
-001281
-001747
-001863
-001339
-000874
-001456
-002445
-002445
-001630
-000815
-000350
-000815
-001630
-001689
-001398
-001572
-001863
-001223
-000350
-000524
-001281
-001572
-001398
-001398
-001572
-001980
-002329
-001980
-001398
-001514
-001863
-001165
-000117
-000175
-000932
-001223
-001223
-001456
-001747
-001980
-001980
-001747
-001398
-000874
-000583
-000932
-001514
-001863
-001689
-000932
-000059
-000059
-000641
-001165
-001398
-001339
-001048
-000815
-000874
-001456
-002096
-001572
-000641
-000757
-001456
-001630
-001514
-001514
-001630
-001805
-001921
-001980
-001921
-001456
-000990
-000874
-000990
-000641
-000292
-000699
-001572
-001980
-001921
-001514
-000990
-000466
-000117
-000117
-000408
-000874
-001339
-001223
-000874
-001281
-001863
-001398
-000466
-000175
-000524
-001339
-002038
-001689
-000932
-001048
-001514
-001223
-000466
-000059
-000175
-000932
-001630
-001281
-000583
-001107
-002213
-002445
-001921
-001281
-000874
-001165
-001689
-001398
-000815
-001223
-001863
-001107
0000291
0000349
-000583
-001281
-001456
-000699
0000291
-000175
-001281
-001165
-000408
-000466
-001048
-001747
-001980
-000990
0000407
0000465
-000233
-000233
0000174
0000058
-000233
0000000
0000465
0000349
0000174
0000931
0001804
0001106
-000292
-000524
-000059
-000233
-000583
-000350
0000174
-000059
-000524
0000058
0000931
0000756
-000117
-000408
-000350
-000350
-000466
-000524
-000466
-000059
0000465
0000756
0000814
0000931
0000989
0001106
0001164
0000931
0000640
0000465
0000407
0000465
0000523
0000698
0000814
0000465
0000000
0000058
0000407
0000465
0000407
0000698
0001047
0000931
0000582
0000465
0000523
0000291
0000116
0000523
0001106
0000756
0000058
0000291
0000989
0001397
0001397
0001280
0001164
0001106
0001280
0001746
0002095
0001455
0000465
0000232
0000756
0001455
0001920
0001455
0000582
0000523
0001047
0001280
0001164
0000640
0000058
-000175
0000174
0001047
0001979
0001920
0001164
0000698
0000582
0000756
0000989
0000989
0000873
0001222
0001688
0001804
0001688
0001629
0001629
0001804
0001862
0001397
0000873
0001106
0001688
0001571
0001164
0001106
0001338
0001688
0001920
0001629
0001164
0001338
0001862
0001979
0001920
0002212
0002386
0001688
0000640
0000465
0000989
0001280
0001338
0001513
0001455
0000814
0000058
-000175
0000116
0000407
0000640
0000931
0001106
0000873
0000582
0000989
0001629
0001280
0000582
0000756
0001397
0001222
0000640
0000407
0000407
0000407
0000465
0000873
0001222
0000873
0000291
0000174
0000407
0000523
0000640
0000523
0000523
0001047
0001513
0000698
-000408
-000059
0001047
0000931
0000232
0000349
0000931
0000931
0000582
0000407
0000349
0000174
0000174
0000523
0001047
0001164
0000873
0000523
0000174
0000058
0000116
0000291
0000465
0000523
0000465
0000582
0000698
0000698
0000582
0000582
0000523
0000000
-000524
-000233
0000523
0000698
0000523
0000814
0001106
0000698
0000058
0000058
0000640
0001222
0001397
0000698
-000175
0000291
0001280
0000814
-000292
0000000
0000989
0000873
0000291
0000640
0001164
0000407
-000815
-000408
0000814
0001047
0000407
-000292
-000583
-000175
0000465
0000465
0000058
0000000
0000232
0000349
0000407
0000523
0000523
0000349
0000058
-000233
-000175
0000873
0001920
0001164
-000466
-000641
0000058
0000000
-000524
-000932
-000990
-000757
-000350
-000117
0000000
0000174
0000174
-000175
-000757
-000932
-000815
-000757
-000757
-000350
0000000
-000408
-001048
-000990
-000408
-000233
-000292
-000292
-000175
-000292
-000408
-000117
0000407
0000582
0000407
0000000
-000408
-000699
-000815
-000874
-000874
-000757
-000583
-000583
-000583
-000350
0000000
0000058
-000117
-000524
-000874
-000641
-000117
-000233
-000524
-000059
0000582
0000232
-000583
-000641
-000175
0000058
0000058
-000059
-000059
0000232
0000407
-000350
-001398
-001456
-000641
0000640
0001629
0001164
0000058
0000291
0001047
0000232
-001165
-001339
-000641
-000408
-000524
-000524
-000524
-000874
-001165
-000641
0000174
0000407
0000058
-000059
-000117
-000583
-001165
-001281
-001048
-000815
-000699
-000350
-000175
-000757
-001398
-001048
-000175
-000175
-000524
-000350
0000116
0000000
-000408
-000583
-000757
-001689
-002620
-002154
-000815
0000116
0000465
0000407
0000174
0000174
0000291
0000058
-000350
-000292
-000175
-000815
-001689
-001398
-000641
-000641
-001107
-000990
-000524
0000000
0000407
0000349
0000116
-000059
-000059
-000117
-000059
0000232
0000465
0000116
-000408
-000466
-000117
0000174
0000116
-000699
-001572
-001456
-000641
-000292
-000350
-000408
-000466
-000524
-000524
-000350
-000175
0000058
0000174
0000116
-000175
-000815
-001339
-001048
-000350
-000175
-000350
-000466
-000350
0000232
0000814
0000407
-000524
-000932
-000757
-000233
0000232
0000058
-000466
-000524
-000292
-000408
-000583
-000233
0000349
0000465
0000291
0000058
0000000
0000291
0000582
0000058
-000699
-000524
0000291
0000640
0000465
0000291
0000000
-000350
-000524
-000233
0000174
0000291
0000232
0000291
0000465
0000291
0000000
-000117
-000117
-000059
-000059
0000000
-000059
-000233
-000350
0000058
0000640
0000640
0000174
-000292
-000524
-000175
0000291
0000000
-000524
-000175
0000698
0001164
0001164
0000931
0000756
0001338
0002095
0001920
0001164
0000756
0000640
0000349
0000174
0000523
0001106
0001222
0000989
0000698
0000291
-000408
-000874
-000233
0000931
0001106
0000640
0000465
0000698
0001106
0001397
0001280
0000814
0000582
0000523
0000582
0000698
0000756
0000814
0000873
0000873
0000931
0000814
0000582
0000232
-000117
-000117
0000640
0001571
0001338
0000582
0000756
0001397
0000989
0000058
0000116
0000640
0000640
0000291
0000640
0001164
0000640
-000175
0000000
0000698
0000523
0000000
0000349
0001047
0000756
0000000
-000117
0000232
0000291
0000291
0000349
0000349
-000117
-000466
0000291
0001397
0001106
0000232
0000465
0001280
0001338
0000931
0000465
0000232
0000232
0000407
0000756
0000931
0000640
0000291
0000640
0001164
0001047
0000523
0000582
0000814
0000523
0000116
0000058
0000291
0000407
0000523
0000756
0000931
0000582
0000058
0000116
0000465
0000465
0000407
0000814
0001222
0000756
0000000
0000232
0000989
0001280
0001164
0001397
0001629
0001629
0001222
0000407
-000233
0000349
0001513
0001920
0001571
0001047
0000756
0000873
0001280
0001338
0001222
0001222
0001280
0001280
0001106
0000756
0000465
0000640
0000989
0000989
0000698
0000465
0000349
0000232
0000232
0000465
0000756
0000989
0001106
0001280
0001397
0001222
0000873
0000232
-000117
0000582
0001629
0001455
0000640
0000523
0000931
0001164
0001222
0001047
0000756
0000640
0000640
0000465
0000291
0000291
0000465
0000698
0000873
0000640
0000349
0000523
0000989
0001164
0000989
0000523
0000116
0000523
0001280
0001280
0000873
0000756
0001513
0004715
0006752
0001164
-006986
-007568
-002387
0002212
0004482
0002910
-000292
0000116
0002153
0000582
-002387
-001747
0000931
0001688
0000814
0000116
-000233
-000292
-000059
0000232
0000582
0001455
0002037
0001047
-000583
-001223
-000815
0000116
0000989
0001164
0000873
0000989
0001106
0000407
-000408
0000349
0001571
0001397
0000232
-000292
-000175
0000291
0000814
0000640
0000174
0000465
0001047
0001106
0000698
0000058
-000175
0000931
0002270
0001571
0000116
0000349
0001688
0002095
0001629
0000931
0000291
0000232
0000640
0000931
0001047
0000756
0000523
0001047
0001746
0001455
0000640
0000465
0000756
0000756
0000698
0000989
0001455
0001397
0000989
0000582
0000174
-000466
-000874
-000699
-000117
0000349
0000465
0000407
0000291
0000291
0000407
0000465
0000349
-000117
-000583
-000757
-000583
-000292
-000059
-000059
-000059
0000232
0000814
0001164
0001222
0001047
0000582
0000000
-000641
-001456
-001921
-001572
-000524
0000814
0001920
0002212
0001804
0001513
0000989
-000408
-001689
-001572
-000350
0000523
0000873
0000873
0000640
0000407
0000291
0000174
0000174
0000523
0001047
0001164
0001047
0001338
0001746
0001571
0000989
0000698
0000640
0000582
0000523
0000349
0000174
0000232
0000349
-000175
-000583
0000291
0001629
0001397
0000407
0000582
0001455
0002037
0002095
0001862
0001397
0000989
0000756
0000756
0000873
0000989
0001047
0001164
0001280
0001280
0001106
0000989
0000873
0000989
0001106
0000814
0000407
0000756
0001397
0001280
0000698
0000349
0000232
0000058
-000117
0000058
0000407
0000989
0001397
0001338
0000814
-000059
-000641
0000232
0001571
0001397
0000407
0000582
0001397
0001397
0000931
0000989
0001222
0000931
0000523
0000407
0000640
0000989
0001164
0001047
0000814
0000931
0001164
0000523
-000175
0000349
0001571
0001920
0001688
0001862
0002095
0001629
0000931
0000931
0001338
0001397
0001047
0000349
-000233
0000174
0001047
0001164
0000814
0000989
0001513
0001688
0001513
0001047
0000407
0000116
0000174
0000465
0000814
0000989
0000873
0000814
0000640
0000116
-000233
0000349
0001222
0000989
0000058
0000058
0000523
0000407
0000000
0000058
0000407
0000698
0000931
0001280
0001338
0000407
-000874
-001398
-001048
-000233
0000698
0001164
0001222
0000698
0000582
0002561
0004307
0001106
-003784
-003726
-000350
0001164
0000931
0000407
-000059
0000116
0000582
0000349
-000233
-000583
-000583
-000175
0000291
0000232
-000292
-001165
-001572
-000524
0000931
0000698
-000524
-000583
0000116
0000116
-000292
-000292
-000175
-000699
-001456
-001630
-001398
-001339
-001339
-000874
-000233
0000291
0000291
-000466
-001630
-002213
-002271
-002154
-001921
-001572
-001223
-000990
-000874
-000990
-001165
-001223
-001165
-000990
-000815
-000874
-001107
-000874
-000583
-000874
-001339
-001223
-000932
-001398
-002038
-001747
-001048
-000815
-001165
-001572
-001805
-001689
-001398
-001398
-001456
-001456
-001165
-000699
-000292
-000408
-000815
-000932
-000874
-001514
-002213
-001980
-001281
-001281
-001747
-001689
-001281
-000932
-000815
-001456
-002213
-002096
-001339
-000641
-000233
-000524
-001107
-001223
-000990
-000990
-001107
-001456
-001689
-001630
-001398
-001281
-001281
-001223
-001165
-001107
-001165
-001339
-001572
-001398
-001107
-001223
-001630
-001689
-001456
-000932
-000524
-001165
-002096
-001630
-000408
0000000
-000408
-001048
-001689
-002096
-002096
-001630
-001048
-000699
-000757
-001048
-001339
-001223
-000815
-000874
-000990
-000408
0000291
-000233
-001281
-001456
-000932
-000350
0000000
-000117
-000641
-001223
-001514
-001398
-000990
-000815
-000815
-000699
-000524
-000466
-000524
-000583
-000699
-001107
-001514
-001165
-000641
-000815
-001339
-001514
-001281
-001107
-000932
-000932
-000990
-000815
-000583
-000466
-000524
-000699
-000874
-001223
-001281
-000408
0000582
0000116
-000932
-000990
-000350
-000233
-000524
-000583
-000699
-001456
-002096
-001165
0000349
0000291
-000699
-000932
-000408
0000291
0000814
0000349
-000583
-001107
-001165
-001107
-000932
-000815
-000641
-000233
0000116
0000058
-000233
-000466
-000699
-001165
-001514
-000990
-000117
0000116
-000059
0000000
0000232
0000000
-000408
-000583
-000583
-000524
-000524
-000815
-001107
-000932
-000466
-000059
0000058
-000175
-000524
-000408
-000117
-000175
-000350
-000117
0000232
-000059
-000524
-000350
0000174
0000058
-000292
-000117
0000407
0000931
0001106
0000465
-000466
-000524
-000059
0000000
-000233
-000117
0000232
0000407
0000465
0000407
0000407
0000582
0000814
0000582
0000232
0000058
0000116
0000465
0000756
0000582
0000174
0000232
0000582
0000640
0000582
0000640
0000698
0000291
-000175
-000233
0000058
0000407
0000582
0000523
0000349
0000465
0000640
0000232
-000292
-000292
0000116
0000116
0000000
0000232
0000523
0000465
0000232
-000059
-000059
0000523
0001222
0001106
0000582
0000698
0001106
0001280
0001106
0000814
0000523
0000232
0000174
0000523
0001106
0001222
0001047
0000989
0000873
0000582
0000232
0000232
0000232
-000175
-000641
-000466
0000116
0000465
0000465
0000232
-000059
-000175
-000117
0000116
0000291
0000000
-000466
-000292
0000174
-000059
-000699
-001107
-001048
-000583
0000058
0000465
0000465
0000174
-000233
-000699
-000757
0000000
0000931
0000756
-000175
-000699
-000874
-000990
-001048
-000641
-000117
0000174
0000116
-000641
-001456
-001165
-000524
-001107
-002096
-001572
-000350
-000175
-000815
-001339
-001514
-001107
-000466
-000466
-000932
-001398
-001456
-000815
0000058
0000058
-000408
-000524
-000292
-000233
-000292
-000117
0000000
-000408
-001107
-001514
-001514
-000990
-000350
-000292
-000757
-001398
-001980
-002096
-001805
-001223
-000641
-000466
-000641
-001223
-001980
-002562
-002678
-001456
0000000
-000175
-001456
-001980
-001747
-001281
-000932
-001107
-001689
-001980
-001805
-001223
-000641
-000699
-001281
-001805
-002271
-002736
-002911
-002504
-001805
-001689
-002038
-002504
-002795
-002387
-001630
-001048
-000874
-001107
-001398
-001281
-001107
-001514
-002213
-002504
-002271
-001630
-000932
-000757
-000932
-000815
-000699
-001398
-002213
-001689
-000466
-000350
-000990
-001223
-001165
-001165
-001165
-000990
-000757
-001048
-001281
-000757
0000058
0000058
-000466
-000990
-001165
-000815
-000350
-000350
-000699
-000932
-000990
-000757
-000524
-001223
-002038
-001689
-000641
0000116
0000291
-000233
-000815
-000408
0000291
-000233
-001281
-000990
0000116
0000523
0000291
0000000
-000233
-000059
0000232
-000117
-000583
-000292
0000349
-000175
-001048
-000583
0000407
0000232
-000524
-000699
-000350
0000058
0000291
0000232
0000000
-000175
-000117
0000349
0000756
0000291
-000641
-001107
-000990
-000466
0000000
-000583
-001456
-001223
-000233
0000232
0000174
0000116
0000232
0000698
0001106
0000756
0000116
0000058
0000291
0000174
-000117
0000174
0000698
0000523
0000174
0000582
0001280
0001629
0001513
0001106
0000582
0000232
0000116
0000232
0000523
0000814
0001222
0002037
0002561
0001629
0000116
-000175
0000465
0000873
0001106
0001280
0001338
0001338
0001280
0001397
0001397
0001047
0000582
0000407
0000640
0001047
0001397
0001280
0000989
0001280
0001746
0001571
0001164
0001571
0002095
0001571
0000640
0000465
0000989
0001455
0001746
0001862
0001688
0001106
0000582
0001164
0002095
0001979
0001280
0001164
0001397
0001629
0001629
0001280
0000989
0001629
0002619
0002794
0002212
0001571
0001047
0001106
0001571
0001862
0001804
0001338
0000756
0000873
0001280
0001397
0001222
0001222
0001280
0000873
0000465
0000931
0001804
0002095
0001979
0001979
0002037
0001920
0001629
0000989
0000523
0001106
0002153
0002270
0001746
0001629
0001746
0001513
0001338
0001746
0002328
0001862
0000989
0000523
0000698
0001513
0002386
0002212
0001397
0000873
0000814
0000989
0001338
0001804
0002270
0002270
0001920
0001397
0000989
0000873
0001106
0001222
0001338
0001629
0001862
0001804
0001513
0001338
0001222
0000814
0000407
0000756
0001397
0001629
0001629
0001746
0001862
0001920
0001862
0001979
0002095
0001920
0001513
0000989
0000523
0000523
0000814
0001164
0001397
0001280
0001047
0001338
0001746
0001280
0000407
0000232
0000582
0000582
0000349
0000291
0000349
0000756
0001164
0001222
0000931
0000291
-000233
0000116
0000931
0001338
0001222
0000698
0000174
0000698
0001513
0001338
0000465
0000116
0000058
-000408
-000757
0000058
0001222
0001280
0000582
0000465
0000640
0000291
-000117
0000291
0000873
0000465
-000408
-000350
0000058
-000466
-001223
-000815
0000349
0000873
0000873
0000698
0000465
0000349
0000407
0000582
0000814
0000640
0000291
0000174
0000291
0000465
0000640
0000523
0000174
-000466
-000874
-000350
0000640
0000873
0000407
0000000
-000292
-000583
-000757
-000932
-000990
-000466
0000000
-000641
-001630
-001514
-000699
-000466
-000583
-000233
0000232
0000000
-000524
-000350
0000116
-000059
-000524
-000408
-000233
-001281
-002154
-000408
0002153
0001804
-000292
-000757
-000117
-000175
-000757
-001281
-001339
-000408
0000698
0000698
-000175
-000641
-000583
-000117
0000407
0000291
-000175
-000466
-000583
-000932
-001223
-001107
-000699
-000175
0000232
0000291
0000058
-000059
-000233
-000932
-001630
-001630
-001165
-001281
-001514
-000699
0000465
0000640
0000116
-000175
-000292
-000641
-001107
-001747
-002329
-002271
-001630
-000466
0000465
0000291
-000641
-001165
-001281
-001165
-001048
-001223
-001514
-001630
-001514
-000815
-000117
-000175
-000757
-001165
-001223
-000990
-000757
-001223
-001980
-002387
-002154
-001165
0000058
0000582
0000582
0000582
0000523
0000232
-000175
-000524
-000815
-001281
-001630
-001456
-001107
-001339
-001747
-001223
-000408
-000466
-001107
-001456
-001514
-001456
-001339
-000932
-000583
-000874
-001339
-001398
-001048
-000699
-000524
-000699
-001048
-001048
-000932
-001048
-001339
-001456
-001514
-001572
-001514
-001339
-000932
-000466
-000117
0000058
-000117
-000524
-000932
-000874
-000757
-001165
-001747
-001921
-001630
-000874
-000292
-000699
-001572
-001747
-001281
-000874
-000583
-000408
-000408
-000874
-001223
-000699
0000116
-000175
-000990
-001048
-000641
-000583
-000757
-000699
-000583
-001223
-001863
-001281
-000175
-000059
-000583
-000757
-000641
-000583
-000583
-000699
-000699
-000408
0000058
0000232
0000000
-000466
-000815
-000408
0000232
0000232
-000292
-000641
-000641
0000000
0000698
0000291
-000583
-000524
0000000
-000117
-000524
-000757
-000699
-000233
0000291
0000232
-000292
-000641
-000815
-000757
-000583
-000350
-000233
-000408
-000641
-000641
-000408
-000175
-000059
0000058
0000000
-000292
-000641
-000408
0000058
0000116
-000117
0000291
0000756
0000174
-000641
0000174
0001455
0000640
-000990
-000699
0000756
0001397
0001280
0000873
0000407
0000291
0000465
0000465
0000291
0000291
0000407
0000814
0001106
0000989
0000582
0000349
0000291
0000349
0000523
0000756
0000873
0000582
0000116
-000175
-000292
-000524
-000583
0000232
0001106
0000582
-000641
-000641
0000232
0001106
0001455
0000931
0000174
0000523
0001338
0001222
0000349
-000408
-000874
-000932
-000641
-000466
-000350
0000000
0000407
0000931
0001280
0001106
0000582
0000174
0000000
-000175
-000117
0000756
0001862
0002095
0001629
0001047
0000640
0000465
0000523
0000698
0000931
0001513
0001979
0001571
0000756
0000523
0000814
0001047
0001106
0000989
0000873
0000582
0000407
0000640
0000931
0000640
0000058
-000408
-000583
-000466
-000059
0000407
0000814
0000814
0000582
0000465
0000582
0000873
0001106
0000931
0000523
0000582
0000756
0000465
0000000
-000117
0000116
0000523
0000873
0000814
0000465
0000407
0000523
0000582
0000756
0001222
0001629
0001164
0000349
0000116
0000465
0001164
0001688
0001397
0000582
0000232
0000407
0000814
0001164
0000756
0000058
0000058
0000465
0000407
0000174
0000523
0001047
0001106
0000756
0000698
0000756
0000582
0000349
0000116
0000000
0000232
0000465
0000407
0000058
-000233
-000524
-000932
-000932
0000174
0001571
0001746
0000989
0000640
0000698
0000756
0000814
0000873
0000756
0000523
0000232
0000523
0000873
0000640
0000058
-000292
-000292
0000174
0000698
0001106
0000989
-000117
-001165
-000757
0000407
0000465
-000233
-000583
-000466
0000116
0000523
-000175
-001223
-000583
0000698
0000523
-000408
-000175
0000523
0000116
-000757
-000466
0000291
-000175
-001107
-001165
-000466
0000000
0000058
-000175
-000524
-000233
0000232
-000175
-000932
-001223
-000990
-000524
-000059
-000059
-000292
-000350
-000350
-000292
-000233
-000408
-000583
-000292
0000000
-000233
-000815
-001223
-001281
-000757
-000292
-000815
-001689
-001398
-000583
-000932
-001805
-002038
-001805
-001805
-001863
-001398
-000874
-000815
-001048
-001107
-001107
-001398
-001805
-001805
-001572
-001689
-001863
-001281
-000583
-000641
-001048
-000757
-000117
-000408
-001165
-001223
-000932
-001107
-001514
-001339
-000815
-000292
0000000
0000000
-000292
-000757
-001107
-000874
-000408
-000350
-000757
-001398
-001980
-001863
-001165
-000233
0000465
0000058
-000990
-001805
-002038
-001689
-000990
-000175
0000232
0000000
-000699
-001107
-001107
-000932
-000815
-001048
-001339
-001339
-001048
-000408
0000000
-000583
-001572
-001398
-000641
-000874
-001572
-001572
-000990
-000350
0000116
0000000
-000466
-000641
-000583
-000815
-001223
-001805
-002096
-001630
-000874
-000757
-001048
-001223
-001048
-000466
0000058
-000583
-001689
-001572
-000699
-000292
-000466
-000990
-001514
-001281
-000699
-001048
-001630
-001223
-000233
0000058
-000233
-000641
-001048
-001339
-001339
-000757
0000058
0000407
0000174
-000408
-001048
-001398
-001281
-000815
-000292
-000175
-000350
-000175
0000000
-000583
-001398
-001456
-000990
-000815
-000874
-000990
-001223
-001398
-001456
-001165
-000757
-000583
-000757
-000932
-001165
-001281
-001165
-000699
-000175
-000059
-000292
-000583
-000815
-001107
-001223
-000815
-000350
-000815
-001456
-000874
0000116
-000059
-000990
-001630
-001630
-000815
0000174
0000349
0000058
0000174
0000465
0000291
-000117
0000232
0000640
0000058
-000874
-000699
-000117
-000583
-001281
-000408
0001047
0000582
-000815
-000757
0000000
-000350
-001281
-001281
-000641
-000408
-000350
0000116
0000640
0000814
0000640
0000407
0000291
0000698
0001047
0000407
-000699
-000932
-000641
-000874
-001223
-000757
-000059
-000350
-001048
-000757
0000116
0000640
0000640
0000465
0000232
-000117
-000350
-000059
0000291
0000058
-000466
-000233
0000407
0000291
-000117
0000232
0000873
0000698
0000058
-000117
0000000
-000059
-000175
0000349
0000814
-000117
-001398
-000815
0000640
0000116
-001107
-000292
0001280
0000349
-001630
-001514
0000000
0000640
0000640
0000698
0000640
-000059
-000757
-000350
0000582
0000698
0000232
0000349
0000640
0000291
-000292
-000466
-000233
0000465
0001106
0000989
0000291
-000292
-000583
-000175
0000465
0000465
0000116
0000465
0000989
0000814
0000349
0000232
0000465
0000582
0000465
0000174
-000059
0000582
0001397
0001047
0000116
-000117
0000174
0000116
-000175
-000233
-000059
0000349
0000814
0001106
0001164
0000756
0000291
0000232
0000523
0000756
0000756
0000523
0000291
0000582
0000989
0000814
0000349
0000582
0001106
0001106
0000756
0000873
0001106
0000989
0000640
0000349
0000232
0000407
0000640
0000407
0000058
0000058
0000232
0000232
0000174
0000349
0000523
0000523
0000291
-000059
-000292
-000350
-000117
0000407
0000989
0001222
0001106
0000640
0000291
0000814
0001571
0001280
0000349
0000000
0000174
0000291
0000465
0000931
0001397
0001397
0001164
0000873
0000814
0001106
0001397
0000989
0000232
0000174
0000523
0000698
0000523
0000058
-000175
0001047
0002561
0002212
0000756
0000407
0000756
0000523
0000000
-000233
-000117
0000058
0000407
0000814
0001106
0000989
0000640
0000582
0000640
0000407
0000232
0000640
0001280
0001047
0000349
0000174
0000291
-000233
-000815
-000350
0000640
0000989
0000814
0000465
0000116
-000117
-000117
0000116
0000407
0000232
-000175
-000292
-000408
-001107
-001747
-001107
0000116
0000291
-000175
-000292
-000117
-000117
-000175
-000175
-000059
-000233
-000408
-000059
0000407
0000232
-000233
-000117
0000349
0000582
0000523
0000174
0000232
0001513
0003318
0004656
0003609
-003319
-010129
-006113
0003259
0005355
0002037
0000465
0000523
0000582
0000465
-000408
-001339
-000932
0000291
0001164
0001397
0000989
0000174
-000292
-000175
0000814
0001804
0001455
0000116
-000815
-001223
-001339
-001165
-000641
-000059
-000175
-000583
-000408
0000116
0000058
-000350
-000408
-000233
-000350
-000524
-000292
0000232
0000582
0000582
-000175
-000990
-000583
