-000874
0000873
0000873
0000698
0000407
0000000
-000641
-001572
-002795
-004366
-005181
-003668
-001048
0000232
-000292
-002387
-004483
-003610
-001107
0000000
-000233
-000641
-000757
0000407
0001804
0001338
0000116
0000523
0002153
0003550
0004191
0003841
0002503
0000698
-001980
-006404
-011177
-014786
-015252
-010653
-004425
-003202
-004890
-002911
0000640
0001106
-000757
-002271
-003202
-003493
-003551
-004250
-004890
-003959
-001747
0000989
0002794
0001688
-000815
-001456
-000524
0000116
0000465
0000873
0001106
0000640
0000291
0001571
0003492
0003841
0003318
0003900
0004773
0004365
0003318
0003201
0003783
0003900
0004016
0005530
0007101
0006810
0004947
0002444
0001222
0003900
0007625
0006403
0002561
0001688
0003259
0004540
0004889
0003492
0001571
0001280
0002386
0003550
0004365
0004773
0004540
0003492
0001920
0000349
-000874
-001514
-001398
-000583
0000349
0000873
0000523
-000932
-002271
-001747
0000000
0001397
0001629
0000232
-001863
-002736
-002445
-001805
-000990
-000524
0000174
0002561
0005122
0005297
0003900
0003667
0004191
0003783
0003026
0002561
0002968
0005762
0008265
0005995
0001397
-000583
0000465
0003725
0006694
0005122
0001338
0000989
0002619
0001688
0000000
0002095
0005530
0005588
0002852
-001107
-003551
-000524
0004831
0005879
0003434
0001688
0000291
-002445
-004716
-004250
-001689
0001047
0002677
0001804
-000292
-000815
0000407
0002677
0004656
0004482
0003201
0003434
0004482
0004191
0003026
0002270
0002328
0003376
0004773
0005530
0005471
0004947
0004482
0005297
0006112
0004656
0002212
0000989
0001164
0001804
0002619
0003550
0003725
0001629
-000932
-000641
0001338
0001920
0001338
0000931
0000465
-000990
-002154
-000350
0002095
0000116
-003260
-001572
0002444
0002153
-000524
-000350
0001513
0001397
0000465
0001164
0002619
0002677
0001688
0000989
0000582
0000116
-000292
-000292
-000233
-000641
-001281
-001689
-001747
-001630
-001630
-002620
-003319
-001514
0000989
0001222
-001747
-008790
-016300
-019035
-016823
-012283
-007626
-006171
-006753
-005531
-003784
-005123
-006986
-004716
0000232
0004715
0006112
0000931
-005996
-005822
-000990
0001280
0001338
0002503
0003609
0002561
0001222
0003026
0006286
0007392
0006344
0004482
0003143
0004249
0006403
0006286
0004656
0003841
0003725
0003609
0003550
0003667
0003900
0004365
0004598
0003900
0002735
0002270
0002095
0001397
0000465
0000116
-000117
-001165
-002562
-003668
-003726
-001630
0000582
-000874
-004075
-004716
-003027
-000990
0000582
0000989
0000349
-000408
-000874
-000524
0000116
-000117
-000524
0000116
0001629
0003085
0004249
0005006
0005064
0003841
0002619
0003259
0005413
0008033
0009255
0006461
0002095
0001280
0002794
0002910
0001338
-001689
-003842
-000990
0003725
0003725
0000931
0000814
0002212
0001571
0000116
0000640
0002095
0002386
0001455
-000350
-001805
-000757
0001280
0000931
-000932
-001339
-000932
-001107
-001921
-003319
-004483
-004075
-003027
-003901
-005181
-003610
-000757
-000059
-000641
0000465
0001804
-000059
-002736
-001863
0000931
0001513
0000582
0000407
0000873
0001280
0001571
0001862
0001629
-000117
-002387
-003610
-003493
-002038
-000408
-000757
-001805
-000059
0002212
0000523
-003086
-003842
-002387
-001223
-000757
-000641
-000990
-002038
-002736
-001398
0000407
-000408
-002678
-003551
-002795
-000583
0001513
0000931
-001572
-004075
-005472
-004599
-002562
-002154
-002271
0000000
0002852
0003434
0001688
-001048
-003144
-002271
0000582
0002561
0003201
0002735
0001280
-000874
-002795
-003260
-002969
-003959
-005065
-003959
-002038
-002329
-003842
-003842
-003260
-004657
-006753
-006811
-005356
-003319
-002911
-007044
-013796
-019443
-021888
-020025
-015310
-011235
-008441
-006171
-004250
-000990
0001804
0001106
-001223
-001107
0000756
0001920
0002328
0002037
0001804
0003201
0005180
0005530
0004656
0004307
0003841
0001455
-000990
-000233
0002153
0002852
0001280
-003086
-006869
-004657
0000873
0003201
0002153
-000408
-003493
-006171
-007102
-004948
-001689
-001398
-002678
-001398
0001280
0002619
0002153
-000175
-003086
-004541
-004541
-004425
-003435
0000232
0004074
0004191
0001979
0001571
0002735
0004016
0004947
0005122
0004947
0005995
0006927
0005530
0002968
0001688
0001979
0003667
0005413
0005471
0004016
0002212
0000814
0000523
0001047
0001513
0001397
0000174
-001165
-000815
0000756
0002503
0003434
0002328
0000116
-001165
-001514
-001339
-001107
-001805
-002736
-002911
-002329
-001281
-000815
-002911
-005356
-003784
-000059
0001455
0001106
0000931
0001571
0003958
0006403
0005821
0003841
0004831
0007159
0006985
0005355
0005122
0005937
0005995
0005471
0005180
0004540
0002735
0000640
-000466
-000524
-000233
0000174
0000349
0000582
0001513
0002619
0002794
0001979
0000174
-000932
0001513
0004715
0003201
-001107
-003377
-003319
-001980
-000117
0001106
0000931
-001339
-003901
-003319
-001281
-002154
-003784
-001339
0002735
0003259
0001222
-000233
-000466
0000523
0002270
0004132
0005122
0004482
0002270
-001572
-004192
-001339
0003783
0004365
0001862
0001047
0001513
0001688
0001455
0001106
0000232
-002271
-004308
-002154
0001746
0002153
0000291
0000116
0000814
0000116
-000990
-000583
0000232
-000990
-003144
-003784
-002736
-000292
0002153
0002735
0001746
0000931
0000407
-000466
-000932
-000233
0001280
0002619
0003201
0002503
0001688
0003725
0004831
-002271
-012516
-016416
-013855
-008732
-003260
-000408
0000116
0001164
0001862
0000698
-001339
-002562
-002387
-000815
0001106
0001688
0001338
0001455
0002503
0005006
0007043
0005413
0001455
-002096
-003668
-002271
0000873
0003201
0003783
0002503
0000698
0000814
0002153
0002794
0002735
0002561
0002619
0003841
0004947
0003667
0001513
0001979
0003609
0002794
0001397
0004132
0008091
0008033
0004715
0000756
-001514
0000291
0004773
0008848
0010070
0005879
-000757
-003726
-003319
-002154
-001456
-003319
-005181
-001572
0003900
0003609
-000408
-002154
-002038
-002213
-002562
-002504
-002387
-002911
-003493
-003377
-002562
-000932
-000233
-003377
-007219
-005414
-000292
0002735
0003201
0002503
0001513
0001688
0002677
0003201
0003492
0004365
0005762
0007916
0009663
0009488
0007567
0004656
0002095
0001571
0002328
0002153
0001746
0003667
0005646
0003841
0000232
-000990
0000116
0001979
0003550
0003667
0002561
0001571
0001455
0003201
0005064
0003609
0000232
-001805
-002504
-003144
-003551
-003144
-002736
-003435
-004716
-005123
-005065
-006287
-006637
-001805
0004307
0004249
0000523
-000292
0001455
0003667
0004947
0003026
0000000
0000465
0002968
0003667
0002852
0001688
0001455
0004365
0007742
0006286
0002153
0000814
0001047
-000524
-003086
-005065
-005181
-001514
0002619
0000931
-003493
-003435
-000059
0003085
0004424
0002852
-000233
-001456
-001048
-000874
-000990
-001281
-002038
-004425
-005996
-002678
0002503
0003143
0000232
-002329
-003610
-002969
-000699
0002153
0004074
0003085
0001280
0003609
0007334
0006694
0003376
0001688
0001629
0002095
0002444
0001862
0000698
-000117
-000466
-000932
-001456
-001514
-003435
-011934
-021247
-021073
-014786
-011876
-011759
-011061
-009023
-004075
0000873
0000873
-002329
-003784
-003144
-001630
0000523
0002968
0004249
0002095
-000990
-000292
0002444
0002328
0000698
0000873
0002386
0003783
0004540
0004132
0003492
0004773
0006344
0004889
0002212
0002444
0004191
0003434
0001920
0003492
0006636
0007625
0006577
0005297
0003492
0000232
-002271
-000292
0003609
0003550
0001688
0003492
0006403
0004831
0000582
-001863
-002504
-002736
-002911
-004075
-004890
-002969
0000116
0001164
0000523
-000466
-001165
-000932
-000175
-000233
-000408
0000756
0002212
0001513
-000233
-000583
0000407
0001862
0003318
0004424
0004715
0003783
0002619
0003026
0004307
0004365
0003609
0003259
0003550
0004540
0005530
0005530
0004715
0004191
0003143
-000524
-004599
-005239
-003260
-001572
-000874
-001398
-002620
-002795
-002969
-005822
-008732
-006986
-003202
-003377
-005938
-006345
-005298
-005007
-004948
-003842
-002271
-001398
-000990
0000000
0000523
-001514
-004250
-004308
-001863
0002037
0005064
0004074
0000814
-000408
-000117
-001339
-002213
0000931
0005180
0004889
0001571
-000408
-000699
-000350
0000407
0001164
0001571
0001629
0001106
-000233
-001805
-002504
-002562
-003260
-003319
0000058
0003609
0001338
-004192
-007335
-006753
-002504
0002444
0002561
-000641
-002795
-003260
-002620
-001281
-000408
0000349
0002619
0004191
0001222
-003319
-003668
-001339
-000990
-001747
-000932
0000640
0000989
0000349
-000583
-001107
0000349
0001920
-000292
-003435
-001456
0003026
0003841
0001688
-000233
-001107
-000408
0001338
0002794
0003376
0003143
0002095
0000523
-000699
-000233
0000523
-001863
-004657
-002504
0001513
0001571
-003027
-011876
-020258
-021597
-017115
-011934
-007743
-005647
-005239
-004075
-003260
-005705
-008034
-003784
0003143
0004540
0001571
-001223
-002329
-000350
0002910
0003958
0002619
-000350
-002795
-001514
0001513
0001920
0000174
-001747
-002329
0000698
0004482
0003609
0000058
-000757
0000523
0000931
0000814
0001106
0001746
0003026
0003841
0002270
0000058
0000756
0003143
0004016
0003434
0002852
0002212
0001222
0000407
0000582
0000931
-000408
-002329
-002795
-001281
0002095
0005471
0005704
0004307
0005471
0007218
0004598
0000756
0002037
0005879
0005879
0003376
0002212
0002386
0002619
0002968
0003609
0003725
0002677
0000291
-003842
-006695
-003435
0002619
0004598
0002968
0001280
-000292
-002445
-004017
-003610
-002213
-002329
-002911
-001456
0000349
-000524
-003260
-005822
-006637
-003959
0000232
0002212
0001746
0000232
-001223
-001107
0000523
0002910
0004773
0004191
0002153
0000698
0000291
0000814
0001688
0001688
0001222
0001455
0002386
0003725
0004889
0005122
0004191
0001979
-000117
0000582
0002095
0000174
-003144
-003086
-000699
0000756
0000640
-001398
-003784
-003551
-002038
-002154
-003901
-006637
-008732
-007975
-005414
-003319
-002911
-005414
-008266
-006695
-002504
-000292
-000350
-001456
-002911
-003668
-003551
-002445
-001048
-000466
0000116
0002794
0006112
0007800
0006985
0002968
-001281
-000932
0002212
0003143
0002503
0003259
0003900
0001455
-001689
-000408
0002852
0002561
0000000
-001281
-001048
0000232
0001688
0001862
0001222
0001397
0001862
0001571
0000698
-000059
-000292
0000523
0001455
0000989
-000699
-002911
-004657
-004716
-003668
-003202
-002853
-001514
0000349
0001571
0002328
0003201
0003667
0003434
0000989
-006345
-014146
-014961
-010886
-008849
-007975
-004425
-000524
0000058
-001747
-002504
-002445
-002795
-002853
-000815
0001338
-000350
-003086
-001223
0003143
0005122
0004365
0001804
-000990
-001339
0000407
0002386
0003958
0004424
0004191
0004656
0005122
0004191
0002677
0002153
0002561
0002561
0003026
0005646
0008207
0006577
0002852
0001979
0003143
0003667
0003434
0002735
0002212
0003085
0004656
0005879
0006112
0005006
0003201
0001862
0000989
-000175
-000874
0000174
0001804
0001804
0000349
-001223
-002213
-001747
-000815
-001805
-003260
-001921
0000698
0001222
0000232
-000292
-000059
0000931
0001920
0001571
0000291
-000932
-001223
0000582
0003318
0004889
0004947
0004074
0002794
0002270
0002503
0003085
0003376
0002503
0000989
0000291
0000698
0002444
0004249
0004191
0002852
0002212
0002095
0001280
0000640
0001862
0003550
0002794
0000814
0000349
0000989
0001047
0000407
-000466
-001863
-004250
-006287
-005531
-003377
-003144
-003842
-002562
-000699
-001572
-003551
-003260
-001339
0000174
0000698
-000117
-001456
-001572
-001048
-001689
-002329
-000524
0002153
0002794
0002037
0002677
0003376
0001047
-001514
0000873
0005588
0006170
0004191
0004307
0005413
0004074
0001920
0002270
0003667
0002852
0000989
0000931
0002561
0005064
0006985
0005879
0003143
0001746
0001571
0001164
0000698
0000640
0000465
-000990
-002271
-000583
0002503
0004482
0003841
-001107
-006869
-007335
-004308
-003086
-003901
-005938
-007219
-004657
-000233
0002037
0001688
-000524
-003319
-004599
-004075
-002329
-000350
0000058
-000524
-000059
0000465
-001107
-002795
-000466
0003434
0004016
0002270
0001804
0002910
0005588
0008033
0007742
0004656
0000582
-004483
-011468
-017173
-017464
-013796
-010828
-008907
-007160
-005938
-005472
-005123
-003726
-001980
-001165
-001281
-001689
-002678
-005181
-006695
-003202
0002270
0003609
0001397
-000874
-003027
-005996
-007626
-005007
0000407
0005471
0008207
0006636
0003201
0003609
0005821
0004540
0001513
0000989
0002095
0002212
0001804
0002153
0002444
0001164
-000641
-000524
0000523
-000117
-001572
-001980
-001048
0001804
0004191
0002270
-001805
-003319
-002504
-001514
-001048
-002154
-003493
-001980
0000523
0000291
-001514
-001514
-000408
-000583
-000874
0000814
0003085
0003143
0001629
0000582
0000698
0003026
0005588
0004715
0001746
0000232
0000407
0001688
0002910
0001804
-000350
-000757
-000233
-001398
-003144
-003260
-002096
-000524
0000349
-000990
-003493
-004541
-004366
-003784
-003784
-006054
-008499
-006637
-002795
-002387
-004075
-003784
-002213
-000874
-000641
-002795
-005065
-003144
0000349
-000466
-003435
-003319
-000874
0001455
0002561
0001164
-000874
0000232
0002794
0002444
0000698
0001513
0003841
0005122
0004947
0003492
0001397
-000583
-001689
-001805
-001223
-001107
-001398
-001747
-001689
-000583
0000407
-001514
-003959
-002445
0001397
0004307
0004540
0000407
-004890
-005647
-003202
-002387
-002853
-002795
-002678
-003319
-004541
-006345
-007510
-006345
-004075
-003319
-003901
-004541
-004657
-003610
-001572
0000814
0002852
0004249
0004482
0003434
0001746
0000465
0000465
0002619
0005355
0005704
0004132
0002561
0001106
-000990
-002853
-003435
-002504
-000059
0002328
0002095
0000232
-000524
-000408
-000583
-000524
0001280
0002852
0000523
-003842
-005996
-006054
-006113
-005239
-001281
0002503
0001164
-004657
-012399
-018919
-020665
-018919
-018453
-018279
-015368
-011468
-009955
-009198
-005007
0000232
0001688
0000814
0002270
0004540
0004249
0002735
0002968
0004656
0006636
0007742
0006694
0004482
0003492
0003318
0002270
0001047
0000698
0001571
0004249
0006752
0005588
0002910
0003841
0006112
0004482
0000873
0000000
0000989
0001338
0000989
0000174
-000233
0001280
0003550
0004598
0003783
0000523
-002620
-001165
0002386
0001979
-000292
0000989
0003725
0002735
-000233
-000874
0000116
0000465
0000640
0001979
0003667
0004540
0003958
0001338
-001456
-001747
-000059
0001164
0002095
0003609
0004715
0004074
0002444
0001862
0001455
-000990
-003377
-001630
0001862
0001688
-000524
-000583
0000989
0002444
0003143
0002735
0001397
0000291
-000815
-002795
-004483
-004250
-002736
-001572
-000990
-000990
-001223
-000874
-000292
-000408
-000408
0001106
0002968
0002328
0000873
0002386
0004947
0004249
0002270
0003958
0007159
0007218
0005006
0003492
0002386
0000291
-001339
-000292
0001920
0001920
0001047
0002852
0005355
0004715
0002153
0000989
0000873
0000523
-000583
-003435
-005705
-003435
0000640
0001164
-001689
-005880
-009023
-007743
-004017
-002620
-002795
-001514
0000000
-000874
-002969
-004366
-003784
0000349
0004598
0002444
-002387
-001805
0002619
0005821
0006694
0004947
0002386
0002386
0003783
0003201
0001862
0002444
0003958
0004074
0002968
0001338
0000407
0002153
0004365
0002677
-000932
-002154
-000815
0002095
0004598
0003841
0000523
-002969
-005356
-005356
-003959
-003842
-004425
-003668
-002271
-001398
-001339
-001630
-002096
-002678
-002620
-000466
0001571
-000874
-005123
-005239
-002387
0000000
0001688
0003026
0004365
0007451
0008382
0000523
-010711
-014902
-012749
-009547
-006578
-005123
-004483
-002038
0000931
0002212
0001804
0000174
-000815
0002095
0005879
0004540
0000756
0001629
0004482
0002619
-001456
-001980
-000292
-000466
-001689
-001630
-001107
-001980
-003027
-001689
0000582
0000582
-001048
-002678
-003144
-000815
0002212
0002270
0000465
0000000
0000640
0001106
0001571
0002328
0003201
0004016
0004598
0005006
0005122
0005297
0005064
0003318
0001222
0000582
0001338
0003085
0004482
0003550
0001688
0001862
0003434
0004482
0004365
0002037
-000408
0000582
0003201
0002677
0000291
-000350
0000174
0000000
-000233
0000291
0001571
0003259
0003958
0001338
-002678
-004192
-003901
-005123
-005880
-002678
0002212
0004132
0003725
0004191
0004715
0003550
0001280
-001514
-002736
0000756
0005297
0003434
-001456
-000932
0002561
0002619
0000873
0002095
0003841
0000582
-003784
-000757
0005180
0004307
-000583
-001863
-000641
-000815
-001514
-000466
0001222
0001338
0000349
-000175
-000175
0000174
0000291
-000815
-002387
-002911
-002038
0000698
0002910
0000349
-003842
-003144
0000523
0002037
0001746
0001629
0001629
0001746
0001629
0000582
0000058
0002910
0006577
0005995
0002910
0001513
0001629
0001629
0001280
0000349
-000059
0002153
0004889
0003783
0000407
-001514
-001805
-001630
-000874
0000931
0002270
0001222
-001689
-004832
-007044
-007393
-006578
-007102
-007743
-005647
-002678
-002213
-003784
-005705
-006695
-005298
-002736
-002096
-002620
-002096
-000932
0000232
0000873
0000407
-000233
0001164
0002794
0000989
-001921
-000990
0002386
0004540
0004482
0001571
-002038
-002562
-000757
0000640
0000989
0000000
-001747
-003086
-003784
-003435
-004250
-010071
-017580
-021015
-019792
-016009
-011410
-008674
-007743
-006404
-005414
-005531
-006811
-009722
-011061
-005065
0002386
-000583
-008266
-007393
-001107
0001979
0001397
-001223
-003959
-003610
-000932
0001455
0003259
0005064
0006170
0005413
0004016
0004482
0005762
0005588
0004132
0002503
0000814
-001456
-002969
-001805
0000640
0001746
0001338
0000000
-000874
0001047
0003900
0003900
0002095
0001397
0001979
0003725
0004656
0001455
-003435
-005239
-004133
-002329
-000874
-001223
-002562
-002969
-002620
-002329
-002911
-005763
-008558
-007044
-003027
-000874
-000583
-000524
-000874
-002213
-002911
-000583
0002852
0003318
0001688
0000873
0000989
0002153
0002794
0000116
-003377
-002445
0001047
0002968
0002619
0000000
-002213
0000873
0005588
0004365
-000641
-003377
-003610
-003086
-001921
-000175
0001047
0000116
-001805
-002154
-001339
-001048
-001281
-001689
-002038
-001689
-001165
-001107
-001630
-002329
-002911
-002736
-001980
-000932
-000117
0000058
-000292
-001223
-001456
0001164
0004715
0005588
0004307
0003085
0002444
0002910
0003667
0002968
0001280
-000117
-000408
0001222
0003376
0003550
0001746
-001398
-004133
-003668
-001630
-002096
-003551
-002154
0000407
0000756
-001107
-004133
-006637
-006229
-003784
-002038
-001165
-000408
0000000
-000292
-000990
-001689
-002038
-001689
-000815
0000174
0000989
0001338
0001571
0002386
0003143
0002677
0001397
0000232
0000349
0003259
0006694
0006461
0003958
0002910
0003259
0003900
0004191
0003085
0001629
0001920
0002735
0000989
-001281
-000059
0003085
0004424
0003376
-000233
-003610
-001689
0002270
0000523
-004192
-004948
-003726
-006287
-009372
-006113
-000466
0000058
-004832
-012749
-020316
-023692
-022179
-017988
-012108
-005705
-001048
-000175
-001281
0000582
0003667
0003492
0001804
0002735
0004889
0004715
0003376
0003841
0005530
0006868
0007101
0005646
0003318
0001571
0001164
0002503
0004773
0006694
0007276
0005762
0003259
0002095
0002212
0002619
0003026
0003259
0002910
0001862
0000523
-000815
-001398
-000117
0001455
0000291
-002154
-002329
-000815
0000116
0000582
0001164
0001513
0001746
0001106
-001689
-004599
-004425
-001805
0000814
0002444
0002153
0001280
0003376
0005995
0003841
0000116
0001979
0006344
0006286
0003143
0001280
0000989
0001455
0002735
0004424
0005821
0005937
0005355
0005646
0005821
0004074
0001222
-001281
-002329
-001165
0001338
0003725
0005064
0004773
0003201
0001164
-000350
-000059
0000989
0000582
-000874
-001805
-001805
-000815
0000756
0002095
0002212
0000000
-003086
-004366
-003435
-000932
0001629
0001862
0000582
0000523
0001455
0002444
0002852
0001746
0000174
0000291
0001688
0003143
0003609
0001280
-001747
-001572
0000523
0001164
0000931
0002386
0004191
0004016
0002444
0000814
0000291
0002735
0005704
0004773
0001222
-001165
-001805
-000874
0000931
0002386
0002677
0001455
-000699
-002562
-003260
-002271
-000350
0000698
0001106
0002444
0003667
0003143
0001862
0002095
0002794
0000640
-001630
0000931
0005879
0007858
0006519
0002619
-001281
-001398
0001455
0004424
0005762
0003492
-000292
-000757
0000698
0000465
-001048
-002620
-002911
0000000
0003958
0005122
0003143
-001630
-005996
-004890
-000990
-001048
-003842
-005880
-006229
-004250
-001805
-002795
-004541
-001223
0004074
0005064
0002619
0000291
-000583
0001688
0004773
0003841
0001164
0002212
0004656
0003667
-000466
-006171
-011002
-011876
-009780
-008849
-007975
-004366
0000582
0004656
0006344
0004947
0001571
-001456
-002969
-001863
0000116
-000524
-002271
-001223
0000814
-000059
-002445
-002969
-002096
-002038
-002271
-001689
-000466
0001047
0002270
0003085
0002619
-000466
-003610
-002387
0001688
0004656
0005530
0004365
0002270
0001338
0002444
0006636
0010361
0007101
0001164
0001862
0006868
0009371
0008789
0005762
0002735
0004249
0007451
0005530
0001164
0000814
0003318
0005122
0005530
0004424
0002270
0000116
-000874
0000465
0002910
0004016
0003376
0001571
-000350
-000466
0000291
-000583
-002271
-003319
-003377
-002562
-001747
-002620
-003959
-003377
-001921
-002271
-003377
-002795
-000990
0000873
0002328
0003026
0002968
0002444
0002270
0003318
0005530
0009080
0011060
0006985
0000698
-000233
0002968
0005413
0006228
0005471
0003376
0000698
-000874
0000640
0003376
0003143
0001513
0002444
0004656
0005180
0003958
0001629
-000757
-001689
-001456
-001398
-001805
-003551
-005181
-004075
-001921
-002678
-004832
-004599
-002562
-000466
0001047
0001746
0000989
-002154
-004832
-002445
0002328
0003143
0001047
-000117
-000233
0000058
0000873
0002386
0004016
0005064
0005238
0004540
0002910
0000058
-002329
-001747
-000292
-003202
-007277
-006171
-002096
-000990
-002096
-002736
-002504
-001339
-000233
-000874
-002736
-004308
-005065
-004774
-003784
-003435
-003319
-002736
-001747
-000524
0000000
-001921
-003959
-001339
0002910
0002212
-001398
-002678
-001630
0000291
0002212
0002735
0002386
0003201
0004016
0002561
0000116
-000815
0000116
0002270
0004598
0005646
0004889
0002561
-000117
-001223
-001572
-003901
-006345
-005647
-003260
-002271
-004075
-009838
-016823
-020724
-020200
-015543
-009431
-006520
-006578
-006869
-006578
-005123
-002795
-000175
0000931
-002154
-006287
-005239
-001165
-000059
-000815
0000291
0001688
-000175
-002853
-001398
0002386
0003841
0003783
0005006
0006810
0007276
0007043
0007625
0007974
0005762
0002794
0002677
0003783
0002153
-000466
0000174
0002677
0003900
0003434
0001746
-000524
-002445
-003027
-001165
0001571
0002037
0001106
0001455
0001920
0000000
-003319
-005647
-006520
-006054
-004890
-004133
-004308
-005705
-006928
-005356
-002504
-001980
-002795
-001863
-000233
-000117
-001107
-002329
-002445
0000640
0004424
0004307
0001513
-000350
-000757
0000000
0000989
0000291
-000932
0000174
0002095
0001571
0000000
0000989
0002968
0002735
0001164
0000640
0001280
0002794
0004016
0003143
0001397
0002095
0003550
0001920
-001048
-001980
-001339
-001107
-001630
-002678
-004483
-007684
-010362
-009489
-006695
-005763
-005822
-003668
-000815
0000000
-000641
-001339
-000990
0001804
0005006
0005064
0002735
0000931
0000232
0000873
0002386
0004191
0004715
0001862
-001863
-001572
0001222
0002328
0001688
0000174
-001281
-001107
-000233
-001514
-002969
-000815
0002968
0004132
0002619
-000466
-003319
-003144
-001630
-003144
-005647
-004425
-001339
-000757
-001689
-001165
0000116
0000582
0000291
-000233
-000583
0000000
0000756
-000059
-001456
-001107
0000407
0001455
0001571
0000232
-001398
-001107
0000232
0000349
0000465
0004074
0007625
0004773
-001223
-002736
-001514
-003027
-005705
-005822
-004483
-004774
-005298
-002562
0001222
0002561
0000989
-003144
-007219
-007510
-005123
-003668
-002853
-001107
0000931
0002212
0002503
0002328
0001164
-001048
-005007
-012574
-019443
-019152
-013796
-009489
-006753
-004250
-002096
0000407
0002095
0000698
-001398
0000407
0004249
0005995
0005180
0002561
0000058
0001164
0004016
0003958
0002444
0003492
0005646
0006286
0004947
0001629
-001514
-001223
0001222
0002386
0002270
0001862
0001513
0001688
0001629
-000466
-002795
-001980
0000465
0000814
-000408
-001281
-001339
-000117
0001397
0001455
0000291
-000874
-001456
-001165
-000117
0000814
0001688
0003259
0004598
0004540
0003259
0001804
0000698
0000756
0001397
0001455
0001280
0001629
0002444
0003841
0005180
0005646
0005122
0003958
0002794
0002444
0002968
0003841
0004715
0005238
0004831
0002677
0000174
-000350
0000523
0000989
0000349
-001805
-004075
-004075
-002736
-002562
-003377
-003784
-004192
-005356
-006287
-005763
-003493
0000349
0003841
0004191
0001979
-000466
-002213
-002678
-001863
-000350
0000931
0000698
-000583
-001514
-001572
0000000
0001688
0000465
-001572
0000523
0004482
0005180
0003318
0001455
0000698
0002386
0004424
0002328
-001223
-000175
0003259
0003318
0001629
0002794
0004715
0002852
-000990
-002678
-002387
-001805
-001398
-001339
-002271
-005531
-008325
-005938
-000990
0000291
-001223
-001921
-002096
-003493
-004366
-001747
0002037
0002328
0000407
0000523
0001571
0000814
-000524
0000582
0002735
0002968
0001571
-000524
-001921
-000408
0002212
0002095
0000582
0001047
0002561
0002386
0001280
0001280
0001513
0000174
-001689
-002213
-001456
-000350
0000756
0001629
0001979
0001804
0000873
-000990
-003144
-004948
-005007
-001107
0003434
0002735
-000932
-001572
0000349
0002095
0003026
0002386
0000814
-000524
-000292
0003085
0007392
0008731
0007043
0004656
0000523
-007801
-016358
-019734
-018337
-015892
-012982
-009780
-007102
-005647
-005065
-004192
-003493
-003901
-004599
-004017
-002853
-002562
-002678
-001980
-000641
0000814
0001338
-000524
-003144
-003551
-002096
-000408
0000582
-000175
-001572
-001456
-000175
0000756
0001629
0003318
0004831
0004715
0003492
0002095
0002037
0005530
0009663
0008789
0005238
0004598
0006053
0006228
0005530
0005006
0004773
0004482
0004482
0005238
0005646
0003201
-000117
-000350
0000873
-000990
-003901
-004075
-001747
0001862
0005006
0005646
0004307
0003550
0002619
-000524
-003610
-002678
0000116
-000641
-003144
-002620
-000699
-001223
-003086
-003726
-002795
-000350
0002095
0002328
0000814
-000233
-000583
-000466
0000232
0001164
0002328
0004016
0005530
0006403
0006170
0004656
0002677
0001571
0001804
0003026
0004947
0007451
0008091
0003085
-003202
-002096
0002852
0002910
-000524
-002562
-003144
-003493
-002911
-000524
0002328
0003609
0002619
-000757
-004425
-004832
-003202
-003027
-004192
-005647
-006578
-006229
-005007
-003551
-002969
-004483
-006578
-006345
-004133
-001514
0000174
-000524
-002504
-003377
-002387
0001164
0004889
0004656
0002095
0001338
0002095
0002735
0002910
0002503
0001397
-000233
-001805
-002795
-002736
-001165
0000640
0001047
-000233
-003202
-005298
-002504
0002561
0004191
0002735
0000989
-000874
-003086
-004599
-004075
-002736
-003319
-004308
-002038
0001280
0000989
-001398
-001747
-000583
0000291
0000814
0001106
0001164
0000931
0000640
0000407
0000756
0002444
0004540
0005762
0005821
0005064
0003492
0000698
-001630
-000932
0001164
0000931
-000874
-001921
-002504
-004133
-005181
-003435
-000233
0001688
0000873
-004075
-010711
-014553
-015601
-016183
-015950
-014204
-011410
-007917
-005007
-004366
-004774
-003319
-001107
-000641
-001281
-001456
-001048
-000350
0000523
0001629
0002503
0002444
0002037
0002677
0003667
0003434
0002910
0004540
0006927
0007509
0006344
0004307
0002619
0003259
0004947
0004598
0003434
0004656
0006694
0006112
0003667
0001455
-000466
-002445
-004599
-007975
-010187
-007393
-002154
0000232
-000466
-002445
-004425
-004425
-003319
-003784
-004948
-004832
-003726
-002795
-002271
-002329
-002620
-002620
-001921
0000116
0001920
0000465
-002387
-002678
-000699
0002212
0004016
0001629
-002213
-001514
0001920
0003026
0002561
0003026
0004074
0004540
0004482
0004424
0003841
0001688
-000233
0001513
0004540
0004132
0001280
-000757
-001514
-001339
-000524
0000349
0000698
-000583
-002038
-000815
0001338
0000698
-001863
-004017
-004657
-002562
0000116
-000699
-003086
-002213
0000523
0002270
0001571
-003086
-008383
-008092
-004308
-003377
-003551
0000698
0005297
0002735
-003027
-003027
0000582
0001455
0000582
0001571
0002852
0001164
-001107
0000873
0004656
0004656
0002619
0003259
0005355
0005762
0005180
0006112
0006810
0004132
-000059
-002096
-001805
-000524
0001106
0002561
0002677
0000116
-003202
-003901
-002736
-002678
-003202
-002736
-001630
0000000
0000931
-000466
-002504
-001398
0001164
0000989
-000874
-001398
-001048
-001572
-002038
-000233
0001804
-000117
-003260
-001747
0002212
0003492
0002444
0000989
-000059
0000407
0001397
0000523
-001223
-002038
-001107
0002852
0006519
0003725
-001689
-001281
0002328
0002444
0000000
-001747
-002504
-002445
-002096
-002678
-003493
-003086
-001514
0000989
0003026
0003434
0000232
-009256
-019850
-023401
-020258
-015368
-010129
-005589
-002678
-001107
-000990
-001921
-002504
-000815
0002444
0006053
0007567
0003259
-002620
-002096
0002619
0005122
0005180
0004540
0003550
0002968
0002677
0001920
0001280
0001979
0003201
0003434
0002794
0001979
0001222
0000756
0000407
0000000
-000583
-001398
-001863
-001165
0000232
0001513
0002037
0001397
0000174
-000583
-000583
-000117
0000640
0001164
0001280
0000407
-000350
0000582
0002444
0003492
0003550
0002852
0002212
0003026
0004540
0004540
0004074
0005646
0007742
0007451
0005704
0005006
0005064
0004424
0003667
0004016
0004656
0004307
0002968
0001164
-000466
-001339
-001281
-000175
0000989
0000989
-000117
-001165
-002213
-003726
-004657
-003202
-001398
-003493
-006869
-005647
-001630
0000582
0000523
-001281
-003144
-002445
0000058
0002677
0003376
-001339
-006462
-002620
0005588
0007974
0005006
0000465
-002620
0000000
0005588
0007334
0006112
0005646
0005879
0006053
0005646
0003609
0001338
0000931
0002270
0004715
0006344
0004598
0001106
-000583
-000175
0001746
0003783
0003667
0001804
-000117
-001398
-001223
-000466
-001339
-002620
-001223
0000989
0000407
-002213
-004832
-006229
-005763
-003610
-000815
0001106
-000059
-002271
-001165
0001746
0002619
0002503
0005006
0007392
0004424
-000757
-001281
0001280
0001920
0001397
0002037
0003318
0004191
0003841
0000640
-002795
-002271
0000756
0001979
0001571
0001280
0000756
-000874
-002213
-001339
0000873
0002386
0002794
0002095
0000814
-000641
-000932
0001920
0005006
0002852
-002038
-003959
-002911
-000408
0002095
0002677
0001746
0000989
0000407
-000524
-001107
-000815
0000873
0004540
0007567
0005355
0000349
-000815
-001339
-009256
-018861
-020200
-014786
-008732
-004716
-005531
-008266
-005589
-000815
-001456
-004657
-003435
0000116
0000349
-001281
-000990
0000640
0001920
0002328
0001455
0000174
0000349
0001513
0001920
0001804
0001862
0002444
0003900
0005238
0004889
0003201
0001338
0000000
-000292
0000523
0001746
0003026
0004132
0004715
0004540
0004424
0006344
0008440
0007392
0004540
0002910
0002735
0002852
0003376
0004424
0005297
0004831
0003376
0001804
0000814
0001397
0002212
0000582
-002096
-002969
-002329
-001514
-001107
-002213
-003784
-003959
-003027
-001980
-001223
-001165
-001514
-001281
-000815
-001572
-002271
-000292
0002386
0001571
-000699
0000640
0003550
0003259
0000523
-002154
-003493
-001980
0000873
0001920
0001688
0002270
0003201
0003492
0003143
0002270
0001920
0004307
0006636
0003725
-001630
-003668
-002329
0000174
0002328
0002037
0000640
0001338
0003259
0003841
0002910
0001047
-001048
-002620
-003435
-004192
-004599
-004192
-003377
-002678
-002504
-003086
-004308
-006054
-007044
-004774
-001747
-002504
-005298
-005356
-003144
-000757
0000989
0001746
0001047
-001572
-003610
-000524
0004598
0005122
0002735
0002852
0004365
0004074
0003085
0004191
0006053
0005821
0004540
0005122
0006461
0005937
0004132
0002503
0001397
0000232
0000000
0002328
0004889
0003725
0000232
-002154
-002620
-001398
0000407
0000523
-000815
-002271
-003493
-004541
-004366
-000932
0002037
-002154
-009140
-009780
-005647
-002329
-001048
-002213
-004250
-003668
-001281
0000349
0000698
-000699
-002154
-000757
0002270
0003900
0004016
0003550
0003026
0003434
0003609
0000756
-002620
-001921
0001571
0004365
0005704
0005821
0004424
0002212
-001747
-010013
-017755
-017522
-012225
-010478
-011177
-010071
-007917
-006113
-005007
-004832
-004948
-003959
-002678
-002678
-003377
-003260
-002562
-001863
-001456
-001863
-002329
-001980
-000699
0001222
0002735
0002328
0001280
0002386
0004482
0004831
0003783
0003259
0002852
0001513
0000232
0000582
0001804
0002212
0001338
-001398
-004192
-003551
-001339
-001921
-003668
-002096
0000873
0001338
0000232
0000756
0001920
0000873
-000641
0001106
0003609
0001513
-002736
-003493
-002213
-003377
-004948
-003027
0000698
0002677
0002212
-000932
-004192
-003202
0000349
0002270
0002270
0001164
0000232
0001513
0004191
0006286
0007276
0007218
0006228
0004598
0003376
0003783
0005238
0006170
0006228
0005821
0004598
0002619
0000000
-003551
-005938
-004308
-000583
0001280
0000989
-000175
-000990
0000873
0003376
0002095
-001223
-002620
-002562
-003319
-004250
-004250
-002795
0000989
0004656
0004307
0000873
-002329
-004250
-005007
-003668
0000523
0004715
0004191
0000523
-001805
-002620
-003551
-003551
-001107
0002153
0003609
0003492
0003318
0003143
0002910
0002677
0002386
0002386
0002968
0003783
0004191
0003841
0002561
0000931
-000292
-000641
0000232
0001455
0001688
0000814
-000408
-001689
-002736
-003493
-004657
-005647
-005531
-004948
-005239
-005763
-004948
-003842
-004599
-006287
-006637
-006171
-006986
-007626
-005356
-001980
-001281
-002562
-003260
-002795
-000932
0001455
0002852
0003085
0002968
0002619
0002037
0001629
0001746
0001920
0000756
-000059
0002794
0007043
0008207
0006868
0005879
0005122
0003550
0001920
0001338
0001571
0001746
0001571
0001047
0000174
-000583
-001456
-002911
-004250
-004308
-003551
-003377
-003726
-003202
-004425
-012050
-020956
-021946
-016823
-012574
-009489
-006113
-002853
0000756
0003201
0002386
-000117
-000874
-000117
0000931
0001222
-001107
-002795
0002212
0009721
0011176
0008091
0006286
0005821
0005180
0004831
0005471
0006053
0004540
0002444
0002794
0004482
0004598
0003609
0003318
0003259
0002095
0000873
0001455
0002910
0003085
0002386
0002212
0002270
0002037
0000989
-001805
-004366
-003493
-000117
0003143
0005471
0006810
0006694
0005122
0003259
0003085
0003958
0003783
0002968
0002968
0003201
0002386
0001047
0000349
0000291
0000523
0000640
0000058
-000815
-000815
-000408
-000233
-000408
-001456
-001863
0001164
0005064
0005355
0002910
0000989
-000233
-002154
-003144
-000990
0002619
0004540
0003958
0001222
-002213
-003784
-003842
-004599
-005123
-003551
-000815
0001280
0002212
0001746
0000814
0001571
0002910
0002328
0001047
0002037
0004307
0005530
0005762
0005588
0005821
0008265
0010245
0006927
0001047
-001689
-000932
0002328
0005297
0003376
-000990
-002096
-000641
0000640
0000640
-002271
-006054
-006928
-005589
-004832
-004425
-003260
-001980
-001863
-002329
-001747
-001281
-003319
-005822
-004599
-001747
-002038
-003377
-000408
0004016
0004016
0000873
-001339
-002387
-003493
-003435
-000292
0003318
0002503
-000350
0000407
0003318
0003958
0003318
0003841
0005355
0006927
0007392
0005180
0001920
0001397
0002386
0001688
0000291
0000756
0001920
0001047
-000350
0000989
0003609
0004365
0003434
0002328
0000873
-001630
-003901
-004250
-003260
-003027
-003377
-003784
-003726
-002038
-000117
-000932
-002969
-002969
-001630
-001339
-002038
-003202
-003551
-001107
0001979
0001047
-001863
-002096
-000757
-000815
-002038
-003027
-004948
-010537
-016067
-015368
-010362
-006520
-004366
-002969
-001689
0001164
0003958
0003434
0000814
-000815
-001165
-001048
-000466
0000465
0001397
0002328
0002619
0001513
0000058
0000291
0001397
0001280
0000349
-000292
-000350
0000582
0001746
0002037
0001047
-001921
-004192
-000757
0004889
0005588
0003085
0003085
0003900
0001106
-002969
-004075
-002213
0001106
0004191
0004540
0002852
0001280
0000291
-000059
0000000
-000524
-000815
0000756
0002677
0001920
-000408
-001514
-001630
-002096
-002271
-001165
0000291
0000232
-000524
0000116
0001513
0002212
0002037
0001455
0000582
-000524
-001339
-001339
-001107
-002096
-003842
-005647
-006171
-003319
0000523
0000873
-000641
0000523
0003026
0003318
0002037
0000756
0000058
-000292
0000349
0003201
0005355
0001397
-004483
-004017
0000698
0003259
0003667
0003958
0003492
0001280
-001339
-002154
-002096
-003784
-005647
-004425
-001689
-000932
-001805
-002213
-002387
-002853
-003377
-003668
-003842
-004366
-004774
-004075
-002795
-002038
-001980
-002678
-003377
-002620
-001630
-002795
-004716
-004250
-002387
-001398
-001339
-001805
-001980
-000524
0001862
0003667
0005006
0006752
0007800
0006344
0003318
0000407
-000874
0001571
0004889
0003841
0000174
-001456
-001165
-000874
-000583
-000292
-000466
-001456
-002620
-002620
-002096
-002795
-004250
-005938
-006404
-003668
-000466
-001630
-005705
-008499
-009314
-008325
-006578
-005938
-006054
-005356
-004192
-003551
-003551
-004657
-005414
-003202
0000116
0000465
-000815
0000116
0002037
0002270
0001222
0000582
0000465
0000931
0001571
0001513
0001338
0002619
0004132
0003609
0001629
-000524
-001514
0000058
0002968
0005064
0003958
-003319
-012749
-017464
-017347
-015776
-013098
-009547
-006113
-003319
-002213
-003726
-006229
-006462
-005007
-003959
-004133
-006811
-009605
-008558
-004716
-001048
0000989
0000407
-001398
-001048
0000698
0001513
0001629
0001571
0001629
0002153
0002619
0002212
0001338
0000756
0000873
0002328
0004074
0004307
0003259
0001629
0000582
0001688
0003492
0002503
0000291
0000582
0001862
0000058
-002154
0001106
0006112
0005122
0000349
-001863
-001863
-002038
-002154
-001572
-001107
-002271
-004075
-004599
-003610
-000932
0001338
-000524
-003726
-001921
0002212
0002328
-000408
-002445
-003202
-003027
-001747
0000640
0002794
0003201
0001862
-000117
-001630
-000815
0001106
0001397
0001164
0003201
0005762
0005413
0003085
0001106
0000349
0001222
0002910
0004132
0003841
0001106
-002096
-002329
-000524
0000058
0000058
0001629
0003318
0002328
0000058
-000408
0000349
0000582
0000291
0000000
-000583
-002329
-003610
-001747
0001455
0002444
0001397
-000233
-001281
-000233
0001571
0001106
-000408
-000175
0001338
0002735
0003085
0000931
-001689
-000408
0002328
0001280
-001689
-001572
0000116
-000292
-001805
-001689
-000990
-002213
-004075
-004250
-003086
-002096
-001630
-001456
-001805
-003202
-004308
-003202
-001339
-001863
-003842
-004832
-004832
-005065
-004948
-003435
-001863
-002620
-004541
-004774
-003493
-001921
-000641
0000000
0000000
0000232
0000523
0000523
0000873
0002735
0005006
0006170
0005530
0002794
-000059
0000582
0002910
0002328
0000582
0001804
0004715
0006170
0005879
0004307
0002095
0000291
-000583
-000524
0000058
0000523
0000174
-002329
-004657
-002387
0001106
-001165
-005822
-004832
-001048
-001805
-004890
-004250
-003260
-009256
-017929
-020200
-017929
-017638
-017813
-014495
-009081
-003901
-000699
-000932
-002795
-002096
0000698
0003550
0005238
0004307
0002386
0002968
0005006
0005471
0005006
0005646
0006403
0005355
0003783
0004482
0006170
0005879
0004307
0003550
0003609
0003667
0003667
0003783
0003725
0003318
0002619
0001804
0000698
-001107
-002387
-000932
0001280
0000349
-001980
-001281
0001047
0002037
0001338
-000874
-003027
-002504
-000408
0000756
0000640
-000292
-001048
0000582
0002735
0001688
-001456
-004133
-004483
-000524
0005006
0007218
0005646
0001629
-002853
-005531
-004948
0000291
0005937
0004773
-000175
-000932
0001164
0001338
0000582
0001629
0003259
0002735
0001106
0000640
0001338
0003143
0004074
0001164
-003144
-003901
-002329
-002387
-003435
-003784
-003027
-000932
0001629
0003841
0004482
0002270
-001165
-002911
-002562
-001107
0000814
0002503
0003318
0003318
0002735
0002153
0001862
0002212
0002561
0001629
0000756
0002561
0005297
0005588
0003667
0000873
-001107
0000349
0002794
0000873
-002736
-002038
0001047
0001513
-000233
-002504
-003668
-001339
0002153
0002212
-000466
-002969
-004133
-002445
0000058
-000641
-002736
-001339
0001629
0002095
0000640
-000641
-000874
0001047
0003841
0004773
0004424
0004831
0005588
0005588
0005238
0005646
0006228
0005995
0004947
0003376
0001979
0001397
0001629
0002328
0002968
0003085
0002503
0001571
0000291
-001456
-003086
-003959
-004075
-004133
-003959
-003202
-002038
-000699
-000233
-002213
-005123
-006054
-005239
-004483
-003842
-002911
-002329
-002853
-004017
-005181
-005414
-003377
-000524
0000174
-000059
0002444
0005646
0005297
0003376
0004773
0007567
0007451
0005297
0003841
0002037
-002911
-008732
-012283
-012283
-008150
-002329
0000931
0001979
0004249
0005646
0002444
-001805
0000058
0004831
0004482
0001455
0002095
0004656
0004773
0002852
0000756
-000757
-000932
-000350
-000408
-001223
-002678
-003959
-003668
-002911
-004366
-006345
-005181
-002562
-001921
-002620
-001863
-000757
-001921
-003610
-002387
0000349
0001106
0000756
0001804
0003609
0004889
0004715
0001979
-000990
0000058
0003376
0004773
0003900
0001222
-001456
-000990
0001280
0001746
0000989
0000873
0001164
0001164
0000931
0000582
0000756
0002677
0004365
0001862
-001805
-000233
0003318
0001047
-003610
-002387
0001397
-000350
-004308
-002562
0001804
0001571
-001514
-001980
-001339
-003377
-006054
-005647
-003086
-001281
-000641
-000990
-001689
-001223
0000058
0000873
0000873
-000175
-001747
-002445
-002445
-003027
-003144
-000699
0001920
0000058
-003435
-002271
0001106
0000291
-002736
-003144
-001398
0000523
0001338
-000815
-003610
-002445
0000640
0000814
-001223
-002911
-003726
-003319
-002678
-003726
-005647
-006811
-006462
-003668
-000466
-000350
-002213
-002736
-001921
-000699
0000582
0000989
0001106
0002852
0004482
0002910
-000175
-000815
0000465
0001629
0002212
0001920
0000989
0000000
-000641
-000990
-001048
-001456
-001980
-001921
-001980
-003842
-005414
-002562
0001455
-000350
-004774
-003959
-000583
-001107
-003842
-004192
-002969
-002911
-003901
-005356
-006520
-006345
-005298
-004716
-004250
-003144
-001805
-000815
-000059
0001280
0002794
0003550
0003958
0005122
0006228
0005646
0004132
0003550
0003783
0004191
0003958
0001746
-000641
-000059
0002561
0004598
0005122
0003841
0001338
-000990
-002678
-003086
-004192
-010129
-017347
-019676
-017697
-014844
-012458
-012458
-012690
-007975
-002445
-004483
-009547
-007626
-001805
-000117
-001630
-002387
-002620
-003842
-004657
-002445
0000698
0000523
-001339
-000641
0001513
0002328
0001920
0000756
0000465
0003318
0007276
0008033
0006461
0005122
0004656
0005355
0006344
0006286
0004889
0001571
-001339
-000408
0002677
0003318
0002212
0001804
0002037
0002619
0002910
0002328
0001106
0000000
-000757
-001223
-001689
-003319
-004657
-003377
-000932
-000699
-001689
-001339
-000350
-000292
-000757
-000757
0000116
0002619
0005006
0004773
0002852
0001629
0001571
0002270
0003201
0003201
0002444
0001979
0001571
0000407
-000117
0002386
0005704
0005413
0002852
0001920
0001862
0000058
-001921
-001339
0000582
0000698
-000059
0001338
0003143
0001571
-000932
0000989
0004016
0000814
-004948
-005298
-002038
-000641
-000757
-000641
-000233
0000349
0000698
0000407
-000175
-000233
-000175
-001456
-002795
-001980
0000291
0002386
0003783
0004715
0004540
0002212
-000524
-000350
0001280
0000523
-001107
-000292
0001571
0001397
-000699
-003551
-005647
-004832
-001921
0001338
0003434
0002968
0000873
-000117
-000175
-000524
-000699
0000291
0001397
0000523
-000815
0000465
0002968
0003667
0002561
0000058
-002213
-002154
-000175
0002270
0003550
0001106
-002445
-001980
0000931
0001979
0001338
0000523
0000116
0001222
0002794
0002386
0001222
0001804
0003550
0004773
0005238
0005122
0004656
0004424
0003783
0001571
-000932
-001747
-000874
0000465
0001688
0002561
0002503
0000931
-000641
0000349
0002503
0002619
0000873
-001339
-003202
-003726
-003086
-001921
-001339
-002504
-004541
-005472
-004716
-002213
0000058
-000466
-004366
-011584
-018279
-018977
-015426
-013447
-011934
-007510
-001980
0001804
0003434
0003492
0002910
0003318
0004656
0006228
0007101
0005937
0004016
0003958
0005180
0005471
0005122
0005355
0005588
0004191
0002503
0003026
0004889
0006053
0005937
0003725
0001280
0001920
0004132
0003900
0001920
0000174
-000524
0000232
0001688
0002212
0001106
-002096
-005181
-004366
-001107
0001164
0001571
-000292
-002853
-003435
-001980
0000523
0002561
0001338
-000757
0001746
0005646
0004598
0000814
-000117
0001571
0003492
0005471
0007683
0008906
0007683
0005006
0002794
0001920
0002677
0004482
0005762
0006170
0005588
0004482
0004016
0003841
0002561
0001397
0002910
0004831
0002444
-001572
-001630
0000756
0000931
-000408
-000990
-000990
-000932
-001048
-001165
-001805
-004192
-005996
-003202
0001571
0002677
0001338
0001629
0002735
0002735
0002037
0001862
0002270
0002968
0003900
0004947
0005588
0005238
0003783
0001047
-001456
-001398
0000349
0001338
0001862
0003667
0005006
0002619
-000699
0001047
0004656
0002968
-001398
-001921
-000117
-000641
-001921
-000233
0002212
0000989
-002271
-003959
-004075
-004308
-004192
-002911
-001165
-000117
-000292
-001921
-003668
-002969
-000932
-000059
-000350
-000350
-000699
-002795
-004366
-001339
0003725
0005355
0005006
0007625
0010652
0008731
0004132
0002095
0002095
0001688
0000582
-001223
-003027
-003842
-003610
-002853
-002038
-002096
-002213
-000466
0001979
0002968
0002153
-000524
-003144
-002562
-000699
-002213
-005531
-006578
-005996
-006520
-006928
-004657
-001456
-000466
-001630
-004017
-005589
-002795
0001862
0002794
0001746
0003550
0006752
0008033
0007218
0004540
0001862
0002444
0003376
-001456
-009547
-016067
-018162
-013622
-006054
-002678
-002911
-002387
-001630
-001398
-002154
-004657
-006520
-003726
0001164
0002561
0001513
0001920
0002968
0002328
0000814
0000232
0000116
-000874
-002445
-004133
-004948
-003901
-001805
-000408
-000466
-002678
-005181
-004599
-002038
-000641
-000117
0001164
0002619
0003900
0004424
0003609
0002212
0001746
0001862
0001106
0000232
0000931
0002852
0005238
0006752
0005762
0003259
0001629
0001280
0001629
0002328
0002503
0001862
-000059
-001747
-000815
0001280
0000814
-000408
0001571
0005238
0007683
0007392
0003201
-002213
-004017
-003027
-003144
-003726
-002678
-001281
-001921
-004017
-006404
-007335
-004192
0000000
-000466
-003551
-003435
-001456
-001398
-002562
-003202
-002853
-001223
0000523
-000059
-001223
0000523
0003492
0003725
0002386
0002910
0004424
0005238
0004715
0002561
-000233
-002329
-002445
0001397
0005879
0005122
0001106
-000757
-000583
-000524
-000641
-000524
-000990
-003144
-005356
-004599
-002154
-001630
-001980
0000058
0002386
0001338
-001514
-002213
-001630
-002736
-004308
-003842
-002213
-001048
-000932
-002329
-003726
-002154
0000232
-001514
-004541
-002504
0002095
0003841
0002794
0000523
-001223
-000117
0002910
0005646
0006694
0005064
0001979
0000000
-000699
-000990
-000757
-000117
0001106
0003900
0005821
0002677
-002445
-003086
-000874
-000699
-001863
-001921
-001165
-000524
0000058
0000756
0001280
0001338
0000814
0000000
-000990
-002562
-003726
-003377
-001689
0000640
0002503
0002677
0001397
-001048
-002329
0000756
0005821
0007858
0006694
0004365
0001571
-000874
-001980
-000874
0000582
-001456
-004774
-004366
-001630
-000408
-000466
0000232
-000524
-006753
-015135
-019909
-020141
-017522
-013040
-007626
-004250
-006811
-011061
-007859
-001398
-001747
-005356
-002853
0002037
0000698
-003784
-003842
-001107
-000350
-001223
-001921
-001980
-000815
0001106
0002212
0003026
0005064
0007276
0007742
0006752
0005762
0005238
0005821
0006403
0004598
0002153
0002910
0004947
0003725
0000931
0000349
0001804
0003900
0005413
0004482
0002153
0001338
0001338
-000466
-002096
-000059
0003201
0002270
-000815
-000932
0000698
0000698
-000408
-000990
-001048
-001107
-000990
-000524
-000408
-001747
-003435
-003668
-002736
-002154
-001514
0000465
0002910
0004482
0005006
0005006
0004947
0005471
0006752
0009139
0011060
0010128
0007392
0005530
0004656
0003841
0003376
0003783
0004424
0004482
0004074
0004191
0003958
0002037
-000583
-002213
-002329
-000932
0000814
0000814
0000116
0001688
0003434
0001106
-002387
-001223
0002037
0001106
-002329
-003493
-002620
-001223
-000408
-001863
-004192
-004832
-003901
-002853
-001980
-001281
-000932
-000583
-000233
-000233
0000349
0003201
0006636
0008033
0006694
0002735
-001339
-001572
0000931
0002619
0002852
0001746
0000000
-001165
-001165
0000232
0002037
0002503
0001920
0001455
0001338
0001688
0001862
0000698
-000699
-000292
0001397
0002677
0003143
0002619
0001688
0001746
0002037
0001047
-000175
0000291
0001804
0002561
0002386
0001280
0000407
0001397
0003900
0007101
0009139
0007858
0004132
0000582
-001747
-002504
-001572
0000407
0002444
0003492
0002910
0000116
-002620
-001514
0001746
0002852
0002153
0001920
0001571
-000117
-001921
-001805
-000350
0000582
0000989
0001629
0001862
0000582
-001223
-001689
-001048
-000408
0000116
0000698
0000814
-000059
-002445
-007335
-012283
-014029
-012516
-010013
-006811
-003202
0000407
0004365
