-000408
-000641
-000350
-000350
-000466
-000524
-000350
0000174
0000698
0000756
0000407
0000116
-000059
0000116
0000291
0000058
-000292
0000000
0000640
0001047
0000989
0000465
-000059
0000174
0000756
0001106
0000931
-000117
-001165
-000815
0000465
0001455
0001746
0001629
0001106
0000349
-000233
-000292
0000116
0000407
0000698
0001106
0001513
0001688
0001455
0000814
0000174
0000349
0000989
0001338
0001338
0001106
0000698
-000175
-000815
-000408
0000465
0000291
-000466
-000524
0000000
0000814
0001397
0000931
0000232
0000698
0001688
0001222
0000116
0000349
0001164
0000640
-000466
-000524
0000349
0001338
0002153
0002561
0002386
0001920
0001222
0000640
0000291
0000349
0000698
0001106
0001455
0001455
0001280
0001455
0001746
0001513
0001047
0001047
0001164
0000640
0000000
0000232
0000931
0001397
0001571
0001688
0001629
0001455
0001164
0001047
0001106
0001397
0001688
0001455
0001047
0001222
0001746
0001746
0001397
0001106
0000931
0000931
0000989
0000465
0000116
0001047
0002386
0002561
0001862
0001804
0001979
0001513
0000873
0000873
0001280
0001397
0001222
0001222
0001338
0001397
0001397
0001222
0001222
0001920
0002561
0001804
0000582
0000698
0001571
0001397
0000756
0001047
0001804
0001804
0001571
0002212
0003085
0002910
0002095
0001571
0001513
0001455
0001455
0001629
0001746
0001455
0001106
0001571
0002212
0001804
0000873
0000756
0001222
0001338
0001164
0001222
0001338
0000989
0000582
0001106
0001979
0001629
0000698
0000407
0000756
0001164
0001455
0001164
0000640
0000814
0001397
0002095
0002503
0002212
0001397
0000407
-000233
0000000
0000814
0001629
0002037
0001455
0000582
0000814
0001629
0001804
0001455
0001222
0001047
0000349
-000350
-000175
0000407
0000523
0000291
0000291
0000349
0000232
0000058
-000059
-000059
0000407
0000756
0000291
-000524
-000583
-000117
0000349
0000523
0000465
0000058
-000350
-000583
-000466
-000175
0000116
0000058
-000583
-001223
-000583
0000465
-000117
-001339
-001223
-000292
-000292
-000815
-000815
-000524
-000524
-000757
-001048
-001107
-000757
-000350
-000757
-001456
-001398
-000990
-001223
-001747
-001747
-001456
-001339
-001398
-001281
-001165
-001107
-001281
-001863
-002445
-002096
-001223
-001048
-001398
-001107
-000757
-001339
-002271
-002213
-001572
-001339
-001514
-001747
-001921
-001805
-001689
-002329
-003144
-002795
-001805
-001630
-001863
-001398
-000874
-001921
-003260
-002620
-001048
-001281
-002562
-003086
-002911
-002562
-002329
-002445
-002736
-002620
-002213
-001921
-001805
-001805
-001747
-001223
-000699
-000699
-001165
-001398
-001456
-001863
-002387
-002736
-002795
-002504
-002154
-002038
-002096
-002096
-002038
-002213
-002271
-001921
-001281
-000874
-000815
-000990
-001339
-001689
-001921
-001980
-001805
-001572
-001339
-001107
-000990
-000815
-000757
-000990
-001281
-001514
-001572
-001398
-001165
-001048
-001048
-001281
-001339
-000699
0000174
0000174
-000524
-001107
-001398
-000990
-000408
-000641
-001398
-001572
-001281
-000990
-000815
-000641
-000583
-000815
-001107
-000757
-000292
-000466
-001048
-001514
-001572
-001281
-000757
-000583
-000583
-000292
0000116
0000058
-000292
-000524
-000641
-000524
-000292
-000175
-000059
0000291
0000523
0000349
0000058
0000291
0000756
0000640
0000349
0000523
0000989
0001455
0001688
0001338
0000873
0001047
0001571
0001455
0001106
0001629
0002328
0001629
0000523
0000873
0002037
0002444
0002270
0002095
0002037
0002270
0002503
0002212
0001804
0001920
0002270
0002095
0001688
0002095
0002794
0002735
0002037
0000873
0000349
0002153
0004482
0003958
0001688
0000989
0001513
0001746
0001862
0002328
0002735
0002386
0001688
0001513
0001804
0002095
0002386
0002561
0002561
0002386
0002212
0002794
0003434
0002968
0002095
0002503
0003434
0003026
0002037
0002037
0002677
0002561
0002037
0001920
0002270
0002910
0003318
0002852
0002095
0002212
0002794
0002852
0002561
0002503
0002677
0002852
0002852
0002153
0001338
0002037
0003259
0003201
0002386
0002270
0002735
0002735
0002677
0003026
0003550
0003492
0003026
0002503
0002212
0002503
0003085
0003434
0003434
0003201
0002852
0002852
0002968
0002386
0001862
0002503
0003667
0004016
0003667
0003550
0003434
0002735
0002037
0002444
0003259
0002910
0001979
0001979
0002561
0002503
0002270
0002794
0003550
0003259
0002444
0002095
0002095
0001979
0001862
0001979
0002095
0001571
0001047
0001746
0002968
0002794
0001920
0001629
0001979
0002386
0002794
0003085
0002910
0002037
0000931
0000640
0001222
0002444
0003376
0002503
0000814
0000698
0001629
0001862
0001513
0001106
0001047
0001804
0002794
0002444
0001455
0001338
0001862
0001979
0001688
0001571
0001513
0001280
0001106
0001338
0001688
0001513
0001164
0001571
0002270
0002095
0001455
0001455
0001688
0001280
0000698
0000640
0001047
0001571
0001629
0000640
-000524
-000175
0001047
0001164
0000523
0000349
0000582
0000756
0000873
0000582
0000232
0000523
0000989
0000640
-000117
-000233
0000000
-000292
-000757
-000583
-000059
-000175
-000583
-000815
-000641
0000000
0000582
0000058
-000990
-001107
-000699
-000641
-000874
-000815
-000583
-000350
-000233
-000466
-000815
-000815
-000641
-000641
-000641
-000350
-000175
-000699
-001572
-001630
-001223
-000932
-000932
-001223
-001630
-001630
-001281
-000815
-000524
-000932
-001630
-001630
-001223
-001223
-001398
-001339
-001165
-001223
-001572
-002038
-002445
-002562
-002271
-001398
-000757
-001747
-003144
-002329
-000466
-000466
-001572
-001921
-001572
-001572
-001747
-001805
-001921
-002213
-002562
-002853
-002969
-002736
-002329
-002038
-001921
-002154
-002504
-002736
-002736
-002853
-002911
-003027
-003086
-002911
-002795
-003027
-003377
-003260
-002736
-002154
-001921
-002387
-003144
-003086
-002620
-002911
-003435
-002969
-002154
-002213
-002736
-002445
-001921
-002445
-003377
-003668
-003260
-002562
-002038
-002329
-002911
-002620
-001980
-002154
-002795
-002911
-002620
-002562
-002678
-003144
-003493
-003027
-002213
-002038
-002504
-002911
-002969
-002271
-001281
-001048
-001572
-002213
-002795
-002911
-002620
-001980
-001456
-001630
-002154
-002387
-002329
-002271
-002329
-002445
-002678
-003027
-003144
-002445
-001572
-001456
-001921
-002154
-002096
-002213
-002271
-002329
-002329
-002096
-001805
-001805
-001921
-001863
-001689
-001572
-001630
-001805
-001980
-001747
-001223
-000932
-000815
-000699
-000757
-001281
-001921
-002096
-001980
-001921
-001805
-001398
-001107
-001456
-001980
-001747
-001165
-001165
-001630
-001630
-001339
-000699
-000292
-000583
-001339
-001863
-001921
-001339
-000641
-000757
-001398
-001630
-001514
-001165
-000874
-000874
-000932
-000641
-000292
-000699
-001339
-001107
-000408
-000059
-000117
-000641
-001048
-000233
0000931
0000640
-000408
-000408
0000232
0000174
-000408
-000641
-000583
-000408
-000233
-000350
-000524
-000233
0000232
0000407
0000465
0000989
0001455
0001106
0000291
0000232
0000523
0000116
-000350
0000349
0001513
0001338
0000349
-000059
0000116
0000232
0000465
0001222
0001979
0001688
0000814
0000174
0000000
0000000
0000291
0000989
0001688
0001688
0001280
0001047
0001106
0001280
0001397
0001222
0000989
0001280
0001746
0001513
0001047
0001455
0002212
0002328
0001920
0001397
0000931
0000873
0001164
0001804
0002270
0001804
0001047
0001455
0002212
0001688
0000640
0000814
0001746
0002037
0001862
0002212
0002503
0001746
0000640
0000756
0001688
0002677
0003143
0002270
0001222
0002037
0003609
0003143
0001571
0001222
0001862
0002386
0002735
0002735
0002619
0002677
0002735
0002444
0002095
0001979
0002153
0002270
0002270
0002328
0002386
0002677
0003026
0003201
0003143
0002968
0002794
0002852
0002910
0002503
0001979
0002212
0002735
0002735
0002386
0002153
0002212
0002619
0002910
0002270
0001455
0001571
0002386
0002910
0003026
0002677
0002212
0002386
0002852
0002503
0001746
0001629
0001920
0001862
0001746
0002037
0002444
0002619
0002444
0002212
0001979
0001746
0001688
0001688
0001688
0001455
0001338
0001920
0002677
0002386
0001571
0001222
0001397
0001920
0002328
0001862
0001222
0001746
0002677
0002386
0001455
0001571
0002270
0002677
0002561
0001688
0000640
0000698
0001513
0001920
0001920
0001746
0001513
0001280
0001164
0001338
0001513
0001280
0000931
0001047
0001338
0001222
0000989
0001571
0002212
0001397
0000116
0000291
0001338
0001397
0000814
0000640
0000814
0000989
0001164
0001164
0001047
0001047
0001222
0001862
0002328
0001513
0000291
0000174
0000698
0000407
-000292
-000292
0000232
0000523
0000582
0000349
0000000
-000292
-000350
-000117
0000116
0000000
-000059
0000756
0001629
0000698
-000932
-000641
0000640
0000640
-000059
0000349
0001047
0000465
-000641
-000583
0000116
-000292
-001107
-000990
-000233
0000465
0000756
0000640
0000232
0000058
0000116
0000232
0000291
0000349
0000232
0000000
-000233
-000292
-000350
-000641
-000932
-000815
-000466
-000233
-000292
-000699
-001107
-001223
-000990
-000932
-000874
-000350
0000174
-000059
-000583
-000583
-000350
-000815
-001630
-002038
-001863
-000990
-000117
-000466
-001339
-001339
-000874
-001048
-001572
-001747
-001572
-001398
-001223
-001223
-001398
-001514
-001514
-001514
-001514
-001572
-001689
-001747
-001747
-001805
-001805
-001572
-001223
-000990
-000932
-000815
-000757
-000874
-001048
-000990
-000874
-001165
-001630
-001572
-001339
-001980
-002678
-001980
-000815
-000874
-001689
-001863
-001572
-001514
-001630
-001921
-002038
-001339
-000466
-000524
-001223
-001863
-002096
-001630
-000932
-001281
-002154
-002154
-001689
-002154
-002853
-002620
-001980
-001747
-001921
-002038
-002154
-002096
-001921
-001630
-001398
-001630
-001980
-002154
-002213
-002504
-002736
-002154
-001339
-001165
-001572
-001863
-002038
-002504
-002736
-001980
-000932
-000815
-001339
-001689
-001747
-001863
-001805
-001514
-001107
-001165
-001398
-001456
-001281
-001165
-001107
-001281
-001514
-001398
-001165
-001281
-001630
-001805
-001805
-001689
-001514
-001456
-001456
-001281
-001165
-001398
-001689
-001456
-000815
-000233
0000058
-000583
-001456
-001514
-001048
-000932
-001107
-001456
-001689
-001398
-000874
-000699
-000757
-000815
-000757
-000815
-000874
-000757
-000641
-000641
-000757
-001048
-001165
-000466
0000407
0000232
-000466
-000292
0000232
-000117
-000990
-001107
-000699
-000466
-000350
-000408
-000408
0000116
0000698
0000407
-000292
-000292
0000232
0000465
0000407
-000175
-000350
0001862
0004365
0003900
0000291
-006404
-010886
-004832
0005238
0005413
-000524
-001630
0000873
0002095
0001746
0000000
-001747
-000932
0001164
0001513
0000523
-000233
-000583
-000641
-000292
0000756
0001688
0001397
0000349
-000233
-000292
0000116
0000640
0000756
0000582
0000931
0001338
0000873
0000058
0000116
0000814
0001629
0002270
0002735
0002677
0001746
0000640
0000523
0001222
0001746
0002037
0002037
0001746
0001338
0001106
0001571
0002212
0001920
0001047
0000698
0000814
0000873
0000931
0000814
0000756
0001106
0001571
0001513
0001164
0001047
0001222
0001629
0001920
0001455
0000814
0001222
0002153
0002328
0001804
0001106
0000582
0000756
0001338
0001629
0001688
0001862
0001920
0001862
0001688
0001455
0001222
0000931
0000814
0000873
0001106
0001280
0001397
0001513
0001513
0001338
0001164
0001164
0001338
0001513
0001746
0001979
0002037
0001688
0001106
0000931
0001222
0001688
0002037
0001746
0001222
0000989
0001106
0001455
0001746
0001688
0001455
0001513
0001804
0002037
0002095
0001804
0001455
0001862
0002503
0001979
0001106
0001688
0002852
0002270
0000931
0001106
0002153
0002095
0001397
0001222
0001397
0001688
0001804
0001455
0001047
0001338
0001979
0001920
0001397
0001513
0001862
0001979
0001688
0001164
0000640
0000523
0000640
0000465
0000407
0001164
0002095
0001862
0000989
0000523
0000640
0001164
0001688
0001688
0001397
0001746
0002095
0001455
0000582
0001397
0002794
0002386
0000989
0000698
0001106
0000989
0000698
0001164
0001862
0001513
0000640
0000407
0000698
0000989
0001280
0001455
0001397
0001106
0000814
0000931
0001222
0000931
0000465
0000931
0001629
0001571
0000931
0000756
0000756
0000523
0000174
0000232
0000349
0000058
-000292
0000232
0001047
0000873
0000232
0000465
0001047
0000698
-000059
0000291
0000931
0000232
-000874
-000466
0000698
0000698
0000058
0000174
0000640
0000058
-000874
-000641
0000116
-000059
-000699
-000641
-000175
-000059
-000233
-000233
-000059
0000232
0000349
0000116
-000233
-000408
-000524
-000757
-000990
-000641
-000059
-000233
-000757
-000641
-000233
-000466
-000990
-001223
-001048
-000641
-000233
-000350
-000641
-000524
-000233
-000350
-000757
-000757
-000583
-000757
-000990
-000699
-000350
-000583
-001339
-002271
-002678
-001630
0000000
0000000
-000641
0000465
0001979
0001164
-001223
-003202
-003842
-002096
0000349
0000174
-001630
-001689
-000932
-001456
-002329
-001689
-000408
-000757
-001921
-002038
-001572
-001514
-001689
-001456
-001165
-001281
-001630
-001689
-001572
-001514
-001572
-001514
-001514
-001398
-001339
-001456
-001630
-001747
-001863
-001747
-001572
-001223
-000932
-000815
-000874
-001339
-001689
-001107
-000117
0000000
-000699
-001281
-001689
-001863
-001747
-001572
-001398
-001281
-001223
-000815
-000583
-001223
-001980
-001805
-000990
-000408
-000350
-000699
-001107
-000874
-000466
-001048
-001921
-001514
-000641
-000874
-001747
-002213
-002271
-002271
-002213
-001747
-001223
-001339
-001747
-001747
-001572
-001630
-001805
-001572
-001165
-000874
-000815
-000990
-001281
-001514
-001514
-001223
-000874
-000874
-001107
-001281
-001398
-001456
-001398
-001456
-001514
-001339
-001165
-001165
-001398
-001805
-001921
-001107
-000117
-000466
-001398
-000874
0000232
-000408
-001747
-001281
0000000
-000059
-000874
-000815
-000350
-000524
-000932
-000757
-000350
-000583
-001281
-001805
-001921
-001048
0000000
0000058
-000699
-001165
-001281
-001223
-000932
-000408
0000058
-000466
-001165
-000466
0000698
0000407
-000699
-001165
-001107
-001048
-000990
-000524
-000117
-000292
-000757
-000990
-000932
-000757
-000583
-000524
-000524
-000641
-000815
-000990
-001165
-000990
-000699
-000641
-000757
-000990
-000990
-000059
0000873
0000232
-001281
-001805
-001398
-000757
-000233
-000408
-000874
-000641
-000059
-000233
-000757
-000815
-000408
0000174
0000407
-000292
-001223
-000757
0000407
0000756
0000407
0000116
0000000
-000059
-000175
-000583
-000874
-000350
0000465
0000640
0000291
-000175
-000524
-000583
-000350
-000175
-000059
-000350
-000699
-000815
-000641
-000408
-000292
-000350
-000583
-000932
-001107
-000874
-000466
-000175
-000059
0000116
0000174
-000175
-000641
-000408
0000116
0000116
-000233
0000116
0000698
0000698
0000116
-000641
-001107
-000815
0000058
0000989
0001397
0001106
0000407
0000116
0000174
-000175
-000641
-000292
0000407
0000523
0000232
0000291
0000465
0000465
0000232
0000058
-000059
0000174
0000349
0000000
-000583
-000466
0000058
0000640
0000931
0000640
0000116
0000116
0000465
0000407
0000232
0000349
0000582
0000582
0000232
-000233
-000757
-001223
-001281
-000524
0000407
0000523
0000058
0000174
0000523
0000465
0000291
0000523
0000756
0000582
0000058
-000408
-000583
-000233
0000349
0000465
0000174
0000116
0000000
-000524
-000990
-000350
0000640
0000349
-000524
-000059
0000989
0001106
0000582
0000640
0000989
0000873
0000523
0000523
0000698
0000873
0000931
0000465
-000059
0000232
0000989
0001455
0001338
0000465
-000466
0000058
0001047
0000465
-000757
-000641
0000174
-000233
-001107
-000932
-000175
0000116
0000058
0000058
0000116
0000174
0000174
0000232
0000291
0000174
-000059
-000175
-000292
-000350
-000292
0000000
0000407
0000931
0001047
0000058
-001165
-000932
0000116
0000349
-000117
-000757
-001223
-001107
-000583
-000292
-000117
0000232
0000523
0000407
0000058
0000116
0000291
-000117
-000583
-000292
0000407
0000523
0000174
-000350
-000641
-000292
0000407
0000582
0000291
0000000
-000292
-000408
-000350
-000117
0000232
0000582
0000814
0000989
0000873
0000291
-000466
-000990
-001048
-000292
0000465
-000059
-001223
-001223
-000408
-000117
-000350
-000466
-000524
-000757
-000874
-000292
0000465
0000407
-000233
-000757
-000874
-000466
0000116
-000175
-000990
-001398
-001398
-001223
-000932
-000466
-000059
-000233
-000583
-000408
0000000
-000117
-000524
-000757
-000815
-001048
-001165
-000757
-000117
0000116
0000000
-000117
-000117
0000058
0000116
-000583
-001398
-000990
0000116
0000582
0000349
-000408
-001165
-001165
-000757
-000583
-000757
-000990
-001048
-000408
0000349
-000292
-001398
-001223
-000292
0000174
0000232
0000349
0000349
-000292
-001048
-001048
-000583
-000350
-000350
-000583
-000874
-000641
-000233
-000292
-000583
-000641
-000583
-000757
-000932
-000641
-000233
-000466
-000932
-000466
0000232
0000000
-000932
-001747
-002038
-001339
-000292
-000350
-000990
-001107
-000757
-000408
-000292
-000583
-001048
-000932
-000583
-000699
-000874
-000117
0000640
-000292
-001921
-001921
-000815
-000175
-000059
-000233
-000350
0000000
0000582
0000407
0000000
0000174
0000523
-000059
-000932
-000466
0000465
-000175
-001514
-001456
-000641
-000466
-000641
-000466
-000117
0000000
-000175
-000350
-000524
-000699
-000815
-000815
-000524
0000232
0000873
0000582
-000233
-000524
-000350
-000524
-000641
-000175
0000465
0000465
0000058
-000117
0000000
0000174
0000116
-000524
-001223
-000874
0000000
0000349
0000058
-000583
-001165
-001281
-000815
-000059
0000582
0000407
-000175
-000524
-000583
-000524
-000408
0000000
0000407
0000523
0000349
0000291
0000174
-000524
-001223
-000874
0000058
0000058
-000292
0000000
0000698
0001106
0001106
0000582
-000117
-000233
0000058
0000291
0000349
0000058
-000292
-000059
0000465
0000349
-000059
0000058
0000465
0000349
0000000
0000000
0000349
0000814
0001164
0000523
-000408
-000466
0000116
0000582
0000756
0000465
0000058
0000000
0000174
-000059
-000292
-000117
0000232
0000349
0000232
0000465
0000756
0000465
0000000
0000116
0000465
0000407
0000174
0000407
0000814
0000756
0000407
-000117
-000408
-000117
0000407
0000582
0000523
0000465
0000407
0000465
0000582
0000698
0000756
0000582
0000465
0000989
0001571
0001222
0000407
0000291
0000640
0000814
0000814
0000931
0001106
0001280
0001397
0001455
0001455
0001629
0001804
0001571
0001222
0001455
0001746
0001164
0000291
0000465
0001280
0001746
0001688
0001106
0000407
0000407
0000814
0000989
0000873
0000814
0000873
0001106
0001280
0001222
0001047
0001164
0001455
0001571
0001513
0001106
0000698
0000640
0000756
0000698
0000523
0000582
0000814
0001164
0001397
0001397
0001280
0001455
0001629
0001164
0000523
0000698
0001455
0001979
0002037
0001106
0000058
0000640
0002037
0002444
0002095
0002095
0002212
0001979
0001571
0000989
0000523
0000582
0000989
0001571
0001920
0001397
0000523
0000523
0001164
0001571
0001629
0001397
0000814
0000000
-000757
-000932
-000524
0000523
0001746
0002503
0002561
0001862
0000989
0000989
0001338
0000873
-000059
-000466
-000350
0000116
0000640
0000698
0000523
0000873
0001280
0001047
0000407
0000232
0000291
0000058
-000117
0000640
0001629
0001455
0000640
0000582
0000989
0001106
0000756
0000058
-000524
-000350
0000291
0000873
0001164
0000873
0000523
0000814
0001397
0001222
0000640
0000291
0000232
0000174
0000232
0000174
0000174
0000291
0000465
0000523
0000640
0001164
0001513
0000931
-000059
-000175
0000349
0000640
0000756
0000756
0000640
0000465
0000349
0000349
0000407
0000465
0000465
0000407
0000465
0000698
0001047
0001047
0000873
0000931
0001047
0000814
0000582
0000756
0001106
0000873
0000349
0000582
0001106
0000814
0000232
0000407
0001047
0001280
0001047
0000291
-000466
-000292
0000407
0000756
0000640
0000523
0000291
0000058
-000059
0000116
0000523
0000814
0000989
0001047
0000814
0000291
-000350
-000932
-000990
0000000
0001164
0001106
0000291
-000059
0000116
0000465
0000698
0000523
0000116
-000117
-000117
0000116
0000407
0000698
0000814
0000640
0000407
0000174
0000058
0000000
0000174
0000407
0000814
0001222
0001455
0001280
0000873
0000523
0000523
0001106
0001746
0001397
0000407
-000117
-000117
0000291
0000756
0000756
0000523
0000465
0000523
0000582
0000523
0000582
0000640
0000465
0000291
0000291
0000349
0000058
-000233
-000059
0000291
-000059
-000583
-000583
-000175
0000174
0000232
-000117
-000583
-000699
-000583
-000641
-000641
0000232
0001106
0000174
-001339
-000874
0000582
0000640
-000175
-000059
0000465
0000174
-000524
-000524
-000117
0000058
-000175
-000815
-001398
-000932
-000117
-000175
-000815
-000990
-000699
-000117
0000291
0000174
-000292
-000408
-000292
-000408
-000583
-000350
0000000
-000292
-000932
-001339
-001281
-000699
0000000
-000233
-000874
-000874
-000583
-000990
-001514
-000990
0000000
0000291
0000000
-000233
-000408
-000815
-001281
-001456
-001456
-001689
-001805
-001223
-000408
-000233
-000699
-001339
-001747
-001572
-000932
-000408
-000233
-000757
-001456
-001223
-000466
-000408
-000815
-001165
-001398
-001456
-001456
-001398
-001456
-001747
-002038
-001689
-001107
-001223
-001689
-002096
-002271
-002271
-001980
-001339
-000699
-000583
-000815
-001107
-001398
-001514
-001514
-001456
-001281
-000583
-000059
-000641
-001630
-001805
-001398
-001456
-001805
-001805
-001630
-001398
-001223
-000932
-000874
-001281
-001863
-001921
-001630
-001921
-002445
-002329
-001921
-001863
-001980
-001921
-001805
-002213
-002620
-002096
-001165
-000699
-000757
-001107
-001572
-001921
-002038
-001921
-001689
-001514
-001398
-001514
-001630
-001630
-001514
-001339
-001223
-001339
-001630
-001747
-001805
-001747
-001572
-001339
-001223
-001339
-001514
-001223
-000815
-001107
-001689
-001223
-000408
-000583
-001339
-001398
-001107
-001281
-001572
-001107
-000408
-000641
-001281
-001223
-000874
-001339
-001863
-001107
0000058
-000059
-001048
-001630
-001747
-001747
-001572
-001165
-000932
-001339
-001921
-001572
-000757
-000815
-001398
-001572
-001339
-000874
-000524
-000874
-001456
-001223
-000641
-001165
-002038
-001630
-000641
-000699
-001223
-000641
0000232
-000117
-001048
-000990
-000292
-000117
-000233
-000233
-000175
-000641
-000815
0000465
0002037
0001629
0000000
-000874
-000932
-001048
-000874
-000233
0000523
0000291
-000292
0000174
0000989
0000523
-000466
-000524
0000058
0000174
0000116
0000640
0001047
0000407
-000699
-000990
-000583
0000232
0000814
0000174
-000932
-001107
-000466
0000349
0000814
0000291
-000466
0000116
0001222
0001106
0000291
0000291
0000756
0000698
0000349
0000349
0000465
0000407
0000291
0000582
0000873
0000582
0000000
-000175
0000174
0000989
0001804
0001862
0001280
0000523
0000116
0000873
0002095
0002386
0001804
0001222
0000756
0000756
0001164
0001862
0002386
0002095
0001280
0000523
0000349
0001280
0002444
0002153
0000873
0000000
-000117
0000931
0002270
0002212
0001280
0001164
0001629
0001746
0001688
0001920
0002212
0002037
0001629
0001222
0001106
0001688
0002386
0002153
0001455
0001397
0001746
0001629
0001280
0000989
0000989
0001571
0002386
0002735
0002503
0001571
0000640
0000756
0001513
0001920
0002037
0002270
0002386
0001920
0001280
0001222
0001513
0001688
0001804
0002328
0002852
0002677
0002095
0001979
0002037
0001338
0000407
0000465
0001222
0001688
0001862
0001862
0001688
0001571
0001571
0001920
0002328
0002444
0002270
0002212
0002212
0002095
0001979
0001979
0002153
0002503
0002619
0002153
0001513
0001862
0002444
0001804
0000698
0000698
0001455
0001746
0001688
0001688
0001746
0001804
0001804
0001629
0001455
0001513
0001746
0001862
0001629
0000756
-000059
0000640
0001920
0001629
0000582
0000931
0001862
0001455
0000582
0000873
0001862
0001862
0001164
0000640
0000465
0000582
0000814
0000582
0000291
0000873
0001629
0001106
0000000
0000349
0001280
0000931
0000174
0001106
0002561
0002212
0000814
0000523
0000873
0000640
0000174
0000523
0001222
0001164
0000698
0000582
0000756
0000640
0000407
0000640
0000931
0000523
-000059
0000291
0000989
0000814
0000116
-000233
-000175
-000233
-000350
-000466
-000524
-000233
0000116
0000116
-000059
0000174
0000465
0000174
-000292
0000174
0000873
0000523
-000350
-000699
-000524
-000292
-000233
-000583
-001048
-000874
-000175
0000465
0000698
0000058
-000874
-000874
-000408
-000408
-000641
-000524
-000292
-000641
-001281
-001456
-001165
-000699
-000175
0000116
0000174
-000059
-000524
-001107
-001514
-001223
-000583
-000350
-000524
-000757
-001048
-001339
-001398
-001107
-000874
-001339
-001980
-001572
-000699
-000757
-001339
-001107
-000641
-001048
-001863
-002096
-001863
-001689
-001514
-001107
-000815
-001281
-001921
-001689
-001048
-001107
-001747
-002038
-001863
-001281
-000524
-000233
-000408
-000699
-001107
-001572
-001980
-002213
-002213
-001805
-001398
-001514
-001921
-001863
-001572
-001339
-001398
-001630
-001921
-002154
-002154
-002038
-001863
-001863
-001863
-001456
-000990
-001048
-001398
-001689
-001805
-001863
-001980
-002213
-002387
-002096
-001630
-001223
-001223
-001630
-002154
-002271
-002096
-002329
-002562
-002096
-001223
-000815
-000990
-001572
-002213
-002096
-001572
-001514
-001689
-001398
-001048
-001398
-001980
-001921
-001456
-001165
-001165
-001456
-001747
-001456
-001048
-001398
-001980
-001747
-001107
-000757
-000874
-001165
-001281
-000583
0000232
-000233
-001339
-001165
-000408
-000699
-001398
-001048
-000175
-000233
-000757
-000583
-000117
-000292
-000815
-000990
-000874
-000641
-000466
-000874
-001339
-001107
-000292
0000523
0000873
0000349
-000641
-000990
-000641
0000116
0000756
0000523
-000175
-000524
-000408
-000059
0000232
-000059
-000583
-000815
-000699
-000059
0000698
0000814
0000523
0000232
0000058
-000117
-000233
-000059
0000232
0000465
0000465
0000291
0000116
0000407
0000756
0000640
0000232
0000349
0000698
0000698
0000523
0000814
0001164
0000698
0000000
0000116
0000698
0000582
0000116
0000000
0000349
0001106
0001804
0001804
0001280
0001047
0000931
0000640
0000523
0001222
0002095
0001979
0001164
0000814
0000931
0001397
0001920
0001979
0001746
0001862
0001979
0001513
0000873
0001222
0001979
0001862
0001164
0001047
0001338
0001397
0001455
0001688
0002037
0002037
0001920
0002328
0002677
0001804
0000582
0000931
0002212
0002852
0002619
0001746
0000873
0001338
0002503
0003201
0003143
0002328
0001513
0001920
0002735
0002270
0001164
0000931
0001338
0001629
0001746
0001746
0001688
0001862
0002037
0001862
0001513
0001280
0001222
0001164
0001222
0001688
0002153
0001920
0001397
0001397
0001746
0001688
0001397
0001455
0001688
0001862
0001920
0001688
0001571
0001979
0003085
0005762
0006636
-000757
-009256
-005531
0004598
0006985
0003318
0000523
-000408
0001047
0002910
0001222
-001863
-001281
0001571
0002794
0002386
0001513
0000582
0000232
0000640
0001746
0002852
0002852
0001979
0001106
0000523
0000407
0000640
0000931
0001222
0001979
0002561
0001629
0000174
0000291
0001280
0001106
0000349
0000116
0000349
0000640
0000814
0000873
0000756
0000582
0000407
0000698
0001106
0001106
0000931
0000989
0001164
0001222
0001106
0000814
0000582
0000756
0001047
0000989
0000582
0000232
0000058
0000174
0000465
0000698
0000814
0001222
0001571
0001513
0001222
0000989
0000873
0000523
0000232
0000174
0000232
0000116
0000000
-000059
0000058
0000465
0000873
0000698
0000174
-000233
-000466
-000583
-000583
-000466
-000292
-000175
-000117
0000116
0000232
-000175
-000757
-000757
-000292
-000117
-000059
0000523
0001164
0000698
-000350
-001107
-001281
-000874
-000292
-000233
-000583
-000815
-000932
-000815
-000583
-000524
-000524
-000233
0000116
0000000
-000350
-000408
-000350
-000466
-000641
-000524
-000292
-000233
-000350
-000466
-000583
-000932
-001223
-000990
-000641
-000874
-001398
-001165
-000641
-000641
-001048
-000932
-000641
-000932
-001398
-001339
-001048
-000874
-000874
-000641
-000466
-000932
-001630
-001689
-001398
-001630
-002038
-001747
-001165
-001223
-001630
-001747
-001514
-001223
-000932
-000292
0000232
-000175
-001107
-001980
-002329
-002096
-001514
-001281
-001339
-001514
-001514
-001165
-000699
-000815
-001514
-002504
-003144
-002213
-000757
-000699
-001630
-001980
-001980
-002329
-002620
-002213
-001398
-000815
-000641
-000932
-001339
-001514
-001456
-001572
-001689
-001398
-000990
-001223
-001689
-001398
-000815
-000990
-001514
-001398
-000990
-000932
-001107
-001107
-001048
-001456
-001921
-001747
-001281
-001514
-001980
-001747
-001223
-001339
-001805
-001747
-001514
-001572
-001805
-001863
-001805
-001805
-001689
-000757
0000174
-000292
-001456
-001747
-001456
-001339
-001514
-001630
-001689
-001514
-001223
-001165
-001223
-001048
-000932
-001398
-002038
-001863
-001281
-001165
-001281
-001048
-000641
-000292
-000233
-000757
-001398
-001689
-001572
-001514
-001398
-001165
-000932
-000932
-001281
-002096
-002620
-001398
0000523
0000873
0000116
0000000
0000407
0001280
0001513
-001048
-003901
-002504
0000931
0000814
-001281
-000990
0000640
0000756
-000292
-001165
-001630
-001456
-000932
-000815
-000874
-000466
0000000
-000641
-001514
-000408
0001397
0001688
0000873
0000698
0000873
0000582
0000116
-000059
-000059
-000175
-000350
-000466
-000583
-000466
-000175
0000523
0001047
0000582
-000175
0000000
0000756
0001047
0000931
0000582
0000291
0000582
0001164
0001513
0001455
0000873
0000174
-000117
0000058
0000465
0000873
0000756
0000349
0000174
0000232
0000291
0000407
0001164
0001804
0000989
-000175
0000349
0001804
0002270
0001804
0001280
0000873
0000698
0000873
0000989
0001222
0001746
0002095
0001280
0000116
0000058
0000698
0000989
0000873
0001047
0001164
0000873
0000523
0000931
0001746
0002095
0001804
0000989
0000232
0000349
0000989
0001164
0000931
0000814
0000814
0000814
0000873
0001047
0001338
0002037
0002561
0002037
0000989
0000698
0001047
0001513
0001862
0001862
0001571
0001164
0000814
0001106
0001629
0001629
0001338
0001397
0001688
0002037
0002212
0002212
0002037
0001804
0001629
0001804
0001920
0001513
0000931
0000989
0001397
0001338
0001164
0001688
0002386
0002270
0001571
0001164
0001222
0001688
0002153
0001979
0001455
0001222
0001164
0000756
0000465
0000989
0001920
0002153
0001920
0001920
0002212
0002677
0002910
0002212
0001164
0000989
0001513
0001920
0002095
0001862
0001513
0001571
0001862
0001804
0001629
0001746
0002153
0002735
0003026
0002037
0000698
0000756
0001688
0002212
0002153
0001746
0001338
0001804
0002503
0002386
0001804
0001862
0002270
0002037
0001455
0001106
0001047
0001222
0001513
0001746
0001688
0001455
0001106
0001047
0001106
0000814
0000465
0000814
0001571
0002212
0002444
0002095
0001688
0001920
0002503
0002503
0002037
0001513
0001106
0000756
0000523
0000349
0000407
0001047
0001746
0001571
0000989
0000989
0001338
0001338
0001164
0001047
0001106
0001571
0001920
0001397
0000582
0000756
0001571
0001862
0001513
0000873
0000232
0000349
0000756
0000407
-000233
0000000
0000523
0000174
-000524
-000466
0000291
0001047
0001397
0000814
-000175
-000466
-000233
-000117
-000059
0000174
0000465
0000407
0000232
0000349
0000582
0000291
-000175
-000175
0000116
0000116
-000117
-000524
-000815
-000524
-000059
0000058
-000175
-000524
-000699
-000466
-000059
-000117
-000466
-000641
-000699
-001223
-001689
-001398
-000699
-000350
-000466
-000699
-000932
-000757
-000408
-000233
-000408
-001107
-001747
-001339
-000408
-000408
-001048
-001572
-001514
-000466
0000698
0000174
-001281
-001630
-001165
-000815
-000757
-001107
-001572
-001689
-001339
-000699
-000292
-000990
-002096
-002154
-001514
-001223
-001223
-001281
-001339
-001398
-001456
-001572
-001689
-001921
-002154
-001980
-001572
-001223
-001107
-001281
-001689
-002096
-002329
-001747
-001107
-001514
-002445
-002329
-001689
-001980
-002678
-002853
-002445
-001689
-001107
-001572
-002504
-002504
-001921
-001456
-001572
-002620
-003842
-003551
-002271
-001747
-001863
-002271
-002504
-002038
-001281
-000932
-001223
-001980
-002795
-002911
-002504
-001921
-001456
-001339
-001689
-002387
-002969
-003027
-002504
-001921
-001514
-001747
-002271
-002213
-001863
-001980
-002445
-002620
-002736
-003319
-003726
-002795
-001339
-000815
-001339
-002329
-003144
-002736
-001689
-001572
-002038
-001630
-001107
-001805
-002853
-002213
-000932
-001107
-002271
-002911
-002853
-002271
-001514
-001398
-001805
-002387
-002736
-002504
-001921
-001514
-001339
-000815
-000583
-001572
-002853
-002504
-001281
-001281
-001980
-002271
-002096
-001863
-001805
-002213
-002736
-002795
-002271
-001572
-001107
-001805
-002911
-002445
-001281
-001339
-002096
-001805
-001165
-001863
-003086
-002911
-002096
-002387
-003144
-002795
-001921
-002038
-002736
-002562
-002096
-002329
-002969
-003027
-002620
-002213
-001863
-001281
-001107
-001921
-003086
-003086
-002271
-001630
-001456
-001572
-001863
-002096
-002096
-001863
-001689
-002038
-002562
-002329
-001630
-001398
-001456
-001456
-001281
-001165
-001107
-001223
-001339
-001398
-001281
-000874
-000524
-000583
-000815
-000990
-001048
-001107
-001165
-001281
-001456
-001863
-002154
-001805
-001281
-001281
-001572
-000932
-000117
-000641
-001805
-001921
-001398
-000990
-000990
-001514
-002038
-001514
-000583
-000641
-001165
-001048
-000641
-000874
-001398
-001339
-000757
0000116
0000756
0000291
-000757
-001281
-001107
-000408
0000174
-000233
-001048
-000699
0000058
-000175
-000932
-001165
-000815
-000059
0000582
0000058
-000874
-000757
-000059
-000059
-000583
-000874
-000932
-000641
-000117
0000465
0000698
0000000
-000932
-001107
-000583
-000233
-000175
-000641
-000990
-000408
0000640
0000931
0000756
0000814
0000931
0000523
-000117
-000408
-000292
-000059
0000291
0000873
0001397
0001397
0001047
0000989
0001047
0000814
0000407
0000116
0000116
0000465
0000873
0000698
0000232
0000349
0000698
0000582
0000349
0000582
0001047
0001222
0001164
0001397
0001513
0000756
-000059
0000698
0001920
0001222
-000175
0000465
0002212
0002561
0001688
0000756
0000116
-000059
0000232
0000698
0001047
0000756
0000291
0000698
0001455
0001688
0001513
0001280
0001164
0000873
0000698
0001280
0001979
0001920
0001455
0001571
0001979
0001629
0000989
0000756
0000873
0000989
0001164
0001397
0001629
0001746
0001804
0001688
0001455
0001047
0000814
0001222
0001804
0001746
0001222
0001106
0001106
0000465
-000117
0000582
0001862
0002095
0001455
0000931
0000698
0000931
0001280
0001222
0000873
0000698
0000756
0001047
0001338
0001222
0000873
0000873
0001222
0001629
0001804
0001047
0000058
0000349
0001397
0001338
0000814
0001455
0002503
0002270
0001280
0001047
0001455
0002037
0002386
0001688
0000698
0000582
0001106
0001047
0000698
0000523
0000698
0001280
0001862
0001571
0000756
0000465
0000582
0000756
0000931
0001280
0001571
0001920
0002037
0001338
0000523
0000698
0001455
0001222
0000582
0000582
0000989
0000931
0000582
0000640
0000814
0000523
0000174
0000873
0001804
0001629
0000873
0000698
0000931
0000349
-000350
0000058
0000989
0001047
0000640
0000989
0001571
0001164
0000291
0000291
0000873
0001397
0001571
0001047
0000349
0000640
0001338
0001280
0000873
0001280
0001862
0001571
0000756
0000232
0000232
0000756
0001397
0001222
0000582
0000349
0000465
0000582
0000756
0000814
0000873
0000873
0000698
0000116
-000466
-000059
0000873
0001222
0000989
0000640
0000349
0000291
0000349
0000174
0000000
0000000
0000116
0000465
0000756
0000931
0000931
0000582
0000174
0000116
0000349
0000873
0001280
0000989
0000291
0000174
0000407
0000349
0000000
-000466
-000699
-000059
0000698
0000349
-000583
-000524
0000058
0000232
0000116
0000291
0000582
0000349
0000058
0000174
0000582
0000523
0000174
0000116
0000058
-000233
-000466
0000291
0001164
0000640
-000524
-000350
0000465
0000291
-000524
-000524
-000233
-000524
-000874
-000175
0000814
0000582
-000350
-000524
-000117
0000232
0000349
-000117
-000699
-000641
-000233
-000699
-001456
-001223
-000524
-000292
-000466
-000408
-000233
-000175
-000233
-000117
0000116
0000407
0000523
-000117
-000815
-000699
0000058
0000407
0000465
0000582
0000582
0000058
-000583
-000815
-000583
-000059
0000465
0000349
-000175
-000583
-000874
-001223
-001572
-001863
-001980
-001747
-001281
-000757
-000408
-000175
-000292
-000932
-001630
-001398
-000874
-001339
-002329
-002678
-002445
-002154
-001863
-001863
-001980
-001863
-001747
-002329
-002853
-001980
-000524
-000175
-000699
-001398
-001747
-000932
0000174
-000233
-001514
-001689
-001165
-001107
-001398
-001456
-001456
-001689
-001805
-001281
-000466
-000350
-000583
-000583
-000466
-000757
-000990
-000350
0000465
0000000
-000932
-000583
0000349
0000174
-000699
-001339
-001398
-000350
0000756
0000116
-001281
-000990
0000174
0000174
-000466
-000524
-000117
-000117
-000233
-000175
0000000
0000000
-000175
-000583
-000932
-000815
-000466
-000350
-000408
-000117
0000174
0000058
-000466
-001048
-001281
-000233
0001047
0000873
-000175
-000350
0000000
-000059
-000233
-000175
0000116
0000582
0000931
0000523
-000175
-000175
0000232
0000058
-000233
0000349
0001164
0000814
0000000
0000058
0000640
0000640
0000407
0001106
0001920
0001688
0000873
0001164
0001920
0001571
0000814
0001338
0002386
0002153
0001164
0001047
0001455
0001397
0001222
0001804
0002503
0002386
0001804
0002037
0002503
0001804
0000814
0001571
0002968
0002328
0000698
0000931
0002153
0002153
0001397
0001338
0001804
0002153
0002270
0002270
0001979
0001571
0001164
0001106
0001280
0001455
0001629
0001746
0001862
0002328
0002619
0002095
0001280
0001047
0001397
0001688
0001804
0001688
0001513
0001222
0001222
0001862
0002561
0002212
0001338
0001047
0001222
0001571
0001746
0001280
0000698
0001222
0002212
0002677
0002561
0002270
0001862
0001280
0000814
0000931
0001455
0001979
0002212
0001920
0001455
0001455
0001862
0002444
0002735
0002328
0001571
0001338
0001746
0002328
0002910
0003201
0002968
0002095
0001106
0001164
0001804
0002212
0002270
0002386
0002386
0001920
0001455
0001920
0002735
0002794
0002212
0001688
0001338
0001397
0001629
0001513
0001222
0001397
0001804
0002037
0002037
0001920
0001746
0001629
0001688
0002037
0002386
0002328
0001862
0001338
0000931
0000989
0001397
0001513
0001455
0001629
0001862
0001920
0001746
0001513
0001338
0001338
0001455
0001338
0001164
0001164
0001338
0001513
0001513
0001164
0000814
0001280
0002095
0002153
0001688
0001513
0001571
0001629
0001688
0001571
0001455
0001164
0000931
0000640
0000582
0000989
0001629
0001804
0001571
0001338
0001164
0001106
0001222
0001571
0001862
0001746
0001164
0000523
0000000
0000174
0000698
0000989
0000989
0000989
0000931
0000756
0000582
0000232
0000116
0000756
0001455
0000814
-000408
-000408
0000349
0000698
0000698
0000756
0000756
0000814
0000756
0000465
0000174
0000523
0000931
0000349
-000466
0000116
0001338
0001338
0000523
-000117
-000292
0000058
0000465
0000232
-000466
-000699
-000583
-000350
-000292
-000699
-001223
-000932
-000350
-000583
-001223
-001514
-001398
-001165
-000932
-001107
-001281
-000757
-000059
-000175
-000932
-001456
-001572
-001281
-000874
-000932
-001223
-001048
-000699
-000874
-001339
-001805
-001980
-001689
-001339
-001921
-002620
-001863
-000583
-000990
-002213
-002038
-001048
-000815
-001107
-001339
-001514
-001747
-001863
-001572
-001165
-001572
-002271
-002096
-001572
-001514
-001863
-002096
-002096
-001805
-001456
-001572
-002096
-002678
-002969
-002329
-001514
-001921
-002853
-002562
-001630
-001456
-001921
-002387
-002504
-002213
-001689
-001747
-002038
-002038
-001805
-001689
-001572
-001223
-001107
-001747
-002736
-003086
-002736
-001630
-000641
-001165
-002387
-002678
-002213
-002154
-002329
-002271
-002038
-001747
-001572
-001630
-001805
-001921
-001980
-002154
-002271
-001921
-001456
-001747
-002329
-002096
-001572
-001805
-002271
-001630
-000699
-000990
-001921
-001863
-001048
-000292
0000000
-000815
-001921
-001921
-001281
-001339
-001805
-001398
-000699
-000932
-001689
-001805
-001456
-001398
-001398
-001165
-000932
-001223
-001689
-001630
-001223
-001165
-001339
-001514
-001572
-001107
-000583
-000932
-001514
-001107
-000350
-001107
-002445
-002154
-001048
-001048
-001514
-000699
0000465
-000175
-001456
-000932
0000465
0000349
-000699
-000932
-000583
-000350
-000350
-000641
-001107
-001398
-001223
-000350
0000465
-000059
-001223
-001514
-001048
-000583
-000466
-001223
-002213
-002154
-001281
-000466
0000174
0000582
0000698
0001047
0001222
0000465
-000583
-000932
-000815
-001514
-002154
-001048
0000756
0001164
0000640
0000756
0000931
0000058
-001048
-000815
0000116
0000349
0000000
-000466
-000583
0000232
0001338
0001280
0000465
0000174
0000232
-000175
-000757
-000932
-000466
0000640
0001804
0001920
0001513
0001804
0002270
0001920
0000931
0000291
0000058
-000233
-000350
-000059
0000582
0001222
0001688
0001746
0001397
0000931
0000582
0001047
0001629
0001106
0000058
-000117
0000523
0001513
0002444
0002794
0002619
0002037
0001338
0000873
0000640
0000640
0000814
0000989
0001164
0001397
0001513
0001280
0000931
0001047
0001455
0001979
0002212
0001862
0001222
0000873
0000989
0001338
0001746
0001862
0001629
0000931
0000291
0000465
0001047
0001164
0000931
0000873
0001047
0001455
0001862
0001746
0001338
0001455
0001804
0002037
0001979
0001746
0001455
0001164
0000989
0000640
0000523
0001280
0002386
0002677
0002386
0002153
0001979
0001629
0001280
0000931
0000756
0000873
0001222
0001397
0001571
0002328
0003026
0002444
0001397
0001688
0002619
0002735
0002270
0002037
0001979
0001804
0001629
0001920
0002212
0001862
0001338
0001629
0002328
0002444
0002153
0001920
0001688
0001513
0001397
0001397
0001571
0001746
0001862
0001920
0001979
0002212
0002270
0001571
0000698
0000756
0001455
0002095
0002386
0002328
0001979
0001920
0002037
0001862
0001571
0001280
0001280
0001688
0001979
0001164
0000058
0000407
0001571
0001629
0001164
0001571
0002270
0001979
0001164
0000873
0000989
0001047
0001047
0000814
0000640
0000756
0001047
0000873
0000407
0000232
0000291
0000116
0000000
0000407
0000989
0001047
0000640
0000349
0000291
0000523
0000814
0000873
0000640
0000232
-000059
0000058
0000407
0000523
0000407
0000523
0000640
0000349
-000059
0000000
0000232
0000116
-000175
0000000
0000407
0000640
0000698
0000931
0000989
0000116
-000815
-000175
0001047
0000698
-000466
-000757
-000292
0000058
0000232
0000232
0000000
-000292
-000583
-000874
-000990
-000641
-000117
0000291
0000349
-000059
-000641
-000990
-001048
-001339
-001514
-000815
0000174
0000407
-000059
-000757
-001456
-001572
-001339
-001572
-001805
-001339
-000524
-000292
-000583
-000815
-000932
-001165
-001398
-001398
-001223
-001281
-001456
-001689
-001805
-001805
-001572
-001165
-000757
-000233
0000000
-000874
-001456
0001280
0004656
0004249
0000291
-006404
-010770
-004774
0005064
0004889
-001398
-002678
-000350
0000349
-000466
-001921
-003027
-002329
-000641
0000058
-000408
-001398
-002329
-002038
-000932
0000232
0000698
-000292
-001921
-002154
-001514
-001456
-001747
-001689
-001339
-001048
-000874
-000990
-001281
-001630
-001747
-001456
-000932
-000699
-000815
-000990
-001107
-001107
-000990
-000815
-000641
-000350
-000233
-000874
-001689
-001747
-001281
-000757
-000524
-000874
-001398
-001107
-000524
-000874
-001689
-001747
-001223
-000583
-000117
-000350
-000990
-001165
-001107
-001281
-001456
-001107
-000641
-001165
-002038
-002038
-001514
-001456
-001689
-001630
-001456
-001456
-001514
-001572
-001572
-001514
-001456
-001223
-000990
-000932
-001048
-001223
-001339
-001281
-001165
-001456
-001921
-002038
-001863
-001805
-001747
-001223
-000815
-001514
-002620
-002736
-002038
-001165
-000583
-000757
-001339
-001398
-001223
-001398
-001747
-001747
-001514
-001281
-001165
-001165
-001281
-001630
-001863
-001456
-000874
-000990
-001456
-001630
-001456
-001281
-001165
-001281
-001456
-001339
-001107
-001339
-001689
-001398
-000932
-001107
-001689
-002096
-002096
-001689
-001165
-001107
-001281
-000815
-000117
-000117
-000699
-001339
-001689
-001514
-000990
-001048
-001456
-001689
-001630
-001223
-000699
-000524
-000699
-001107
-001398
-001281
-001048
-001630
-002329
-001747
-000524
0000116
-000059
-000990
-002038
-001805
-000932
-001339
-002213
-001689
-000466
-000059
-000292
-000641
-000874
-000757
-000466
-000292
-000233
0000000
0000174
-000175
-000757
-000932
-000815
-000641
-000524
-000583
-000815
-000874
-000874
-001107
-001456
-001514
-001281
-000699
-000233
-000524
-001165
-001223
-000757
-000524
-000408
-000175
-000117
-001107
-002329
-002387
-001514
-000524
0000116
-000175
-000757
-000408
0000465
0000407
-000175
-000583
-000583
-000292
0000174
0000291
0000058
-000350
-000699
-000815
-000699
-000583
-000408
-000175
0000116
0000407
0000523
0000174
-000292
-000117
0000291
0000116
-000350
-000233
0000174
-000175
-000641
0000058
0001164
0000698
-000408
-000117
0000931
0001106
0000407
-000699
-001747
-002271
-002096
-001223
-000059
0000814
0001106
0000640
-000350
-001339
-001980
-002271
-001689
0000873
0003434
0002735
0000000
-001514
-001514
-000583
0000465
0000116
-000990
-001107
-000408
0000174
0000465
0000174
-000350
-000292
0000000
-000059
-000408
-000757
-000874
-000408
0000232
0000291
-000117
-000524
-000815
-000583
-000175
0000000
-000059
0000058
0000058
-000350
-000874
-000815
-000466
-000233
-000233
-000350
-000524
-000932
-001165
-000757
-000117
-000059
-000466
-000524
-000350
-000059
0000058
-000292
-000874
-000757
-000350
-000175
-000233
-000408
-000583
-000408
-000059
0000000
-000059
-000175
-000175
0000232
0000698
0000582
0000291
0000465
0000873
0000814
0000465
-000059
-000350
0000291
0001222
0001222
0000814
0001280
0001746
0000582
-000874
0000116
0002037
0001338
-000583
-000292
0001222
0001338
0000582
0000349
0000291
-000641
-001572
-000699
0000873
0000756
-000233
-000292
0000407
0000582
0000523
0000523
0000582
0000291
-000117
-000350
-000408
-000292
-000117
-000059
-000059
-000175
-000292
-000350
-000292
-000350
-000292
0000000
0000465
0000523
0000291
-000059
-000233
0000174
0000756
0000756
0000291
0000291
0000465
0000232
-000175
-000524
-000583
0000000
0000814
0000873
0000407
0000232
0000232
0000291
0000349
0000232
0000058
-000175
-000175
0000465
0001164
0000698
-000175
0000116
0001047
0001164
0000640
0000116
-000175
-000350
-000175
0000407
0001047
0000873
0000291
0000407
0000814
0000582
0000058
0000232
0000756
0001164
0001164
0000349
-000524
-000175
0000931
0001455
0001338
0000582
-000233
-000292
0000174
0000698
0000931
0000523
-000175
-000292
0000000
0000058
0000116
0000582
0001047
0000582
-000233
-000233
0000349
0000523
0000465
0000465
0000523
0000349
0000058
0000058
0000174
0000174
0000174
0000465
0000814
0000756
0000407
0000174
0000232
0000465
0000756
0000640
0000291
0000582
0001047
0000931
0000523
0000465
0000523
-000117
-000874
-000233
0000756
-000059
-001572
-001630
-000583
0000174
0000291
-000117
-000757
-000757
-000350
-000233
-000292
0000000
0000407
0000232
-000233
-000350
-000175
-000350
-000583
-000292
0000174
-000175
-000874
-000932
-000524
-000059
0000058
-000583
-001398
-001456
-000990
-000583
-000350
-000059
-000059
-000874
-001747
-001281
-000175
-000117
-000757
-000874
-000583
-000583
-000757
-000990
-001107
-000815
-000408
-000583
-000990
-000641
-000117
-000524
-001398
-001456
-001048
-000932
-000932
-000583
-000350
-001339
-002562
-001980
-000524
-000524
-001339
-001339
-000874
-000990
-001339
-001107
-000699
-000932
-001630
-002038
-001980
-001747
-001281
-000350
0000349
-000350
-001572
-001630
-000932
-000524
-000524
-000641
-000874
-001281
-001689
-001689
-001630
-001980
-002387
-002038
-001398
-001048
-001048
-001223
-001456
-001689
-001805
-001921
-001921
-001398
-000815
-000990
-001572
-001630
-001456
-001805
-002154
-001572
-000641
-000466
-000815
-000641
-000233
-000292
-000583
-000583
-000350
-000175
-000233
-000583
-001107
-001398
-001339
-000932
-000466
-000350
-000524
-000466
-000292
-000175
-000175
-000233
-000233
0000058
0000349
0000000
-000583
-000699
-000408
-000233
-000175
0000232
0000523
0000058
-000874
-001747
-001921
-000757
0000756
0000698
-000408
-000990
-000932
-000292
0000349
-000408
-001630
-000990
0000523
0000640
-000292
-000815
-000874
-000699
-000350
0000116
0000465
0000349
0000058
0000291
0000640
0000174
-000466
-000059
0000756
0000291
-000641
-000175
0001047
0001222
0000756
0000873
0001106
0000698
0000116
0000058
0000349
0000523
0000465
0000291
0000174
0000174
0000291
0000465
0000582
0000582
0000465
0000698
0001047
0000989
0000756
0000756
0000873
0000698
0000465
0000698
0001047
0000931
0000582
0000582
0000698
0000698
0000523
0000291
0000058
-000292
-000350
0000349
0001280
0001746
0001688
0001338
0000931
0000931
0001164
0000989
0000640
0000582
0000698
0000873
0000931
0000582
0000174
0000756
0001571
0000989
-000117
0000174
0001222
0001629
0001397
0001280
0001338
0001571
0001629
0000756
-000233
0000232
0001513
0002328
0002677
0002794
0002794
0002735
0002561
0001746
0000814
0000873
0001571
0002037
0002153
0001688
0001164
0001455
0002037
0001688
0000873
0000814
0001280
0001455
0001455
0001746
0002153
0002328
0002095
0001571
0000989
0000756
0000814
0001047
0001397
0001513
0001455
0001047
0000756
0001164
0001804
0001804
0001280
0000989
0001047
0001571
0002037
0001571
0000698
0000349
0000523
0000931
0001338
0001338
