0000931
0001280
0003259
0005937
0008033
0007858
0006344
0006519
0007101
0005006
0002212
0002503
0005006
0007334
0007800
0004249
-000408
-000583
0002503
0005180
0006286
0005122
0002852
0002037
0002328
0001979
0001280
0000814
0000931
0002270
0003259
0000814
-002911
-003610
-002387
-003144
-004541
-003959
-001980
0000000
0001164
0000640
-000641
-000524
0000349
0000058
-000524
0000291
0002037
0003434
0004191
0004482
0004365
0004074
0003609
0002910
0002328
0002328
0002677
0002677
0002270
0001280
0000232
-000175
0000232
0001280
0002270
0001920
0000407
-001863
-003493
-002620
0000000
0002153
0003026
0002153
0000058
-001805
-002969
-003551
-003144
-001398
0000698
0001746
0001397
-000292
-001921
-001398
0000698
0002561
0003259
0001338
-000990
0000989
0004656
0004074
0000931
-000583
0000116
0002910
0006112
0006752
0005413
0004715
0004132
0002037
-000350
-000815
0000174
0001688
0002328
-000175
-003319
-002271
0000814
0000582
-001281
-000524
0001455
0001397
-000175
-001456
-002387
-003435
-004192
-004075
-003319
-002096
-001514
-003377
-005531
-003668
-000175
-000408
-002154
-000292
0003783
0006985
0007451
0003609
-003435
-011701
-017522
-017173
-012574
-009314
-007160
-003493
0000349
0002794
0003318
0001979
0000232
0000873
0002677
0002677
0001688
0001862
0002968
0004482
0005297
0003900
0001746
0001397
0002503
0003201
0003318
0003376
0002735
0000291
-001921
-000292
0003318
0004482
0003609
0003434
0003026
0000000
-003202
-002562
0000523
0002212
0002095
0000873
-000641
-001165
-000524
0000989
0002561
0003085
0002852
0002910
0002968
0002037
0000814
0000349
0000873
0002677
0004482
0004307
0003143
0003958
0005006
0002270
-001398
-000117
0003550
0002910
0000873
0004365
0009546
0008265
0003259
0001629
0002153
0000523
-002096
-003202
-002329
0000989
0004074
0002619
-000990
-001048
0001222
0002037
0001280
-000874
-002736
-001572
0001338
0002735
0002561
0001862
0001222
0001397
0002270
0003725
0004598
0003376
0001164
0000058
0000756
0003783
0006810
0005821
0002328
0000873
0000873
0000232
-000641
-000990
-000932
-000583
0000232
0001920
0003667
0004016
0003259
0002561
0002328
0003143
0003667
0001338
-001747
-000990
0001397
-000059
-003027
-002096
0000873
0001862
0000407
-003202
-006462
-005356
-001980
-001514
-002445
-000233
0002968
0002968
0001106
0001222
0002561
0002910
0003085
0005122
0007451
0007159
0004889
0002444
0001222
0003434
0006053
0003085
-002562
-004425
-003027
-001689
-000699
0000058
0000174
-001048
-002329
-001514
0000291
0000349
-000641
-000815
-000583
-000990
-001689
-001398
-001863
-006753
-011643
-008383
-001107
0000582
-001747
-002038
-001223
-002213
-003668
-003027
-001165
-000233
-000175
-000350
-000117
0001571
0003958
0005646
0005879
0003841
0001629
0003085
0006228
0006519
0004132
0000407
-002445
-001223
0001629
0001513
-002562
-011352
-019850
-020200
-015019
-012574
-012341
-010944
-008325
-004250
-000408
0000465
-000757
-000874
-000757
-002911
-005356
-005007
-002736
-001456
-000699
0001571
0003609
0002444
-000175
-000815
0000291
0001338
0002095
0002794
0003201
0002968
0002561
0002561
0003143
0004773
0006228
0005180
0003376
0004249
0006927
0009197
0009895
0007858
0004831
0004074
0004715
0003841
0002503
0003201
0004656
0004540
0002852
0000349
-002038
-003086
-002795
-001689
-001107
-003260
-006113
-005472
-002736
-001689
-001747
-000874
-000350
-002678
-005996
-006753
-005239
-003493
-002096
-001165
-001048
-001805
-002562
-001747
-000175
0000000
-000059
0002328
0005122
0004307
0001688
0001862
0003667
0003667
0002677
0002503
0002910
0003085
0002852
0002095
0001222
0001164
0001862
0002794
0003550
0003667
0003201
0002677
0002212
0002153
0001979
0000756
-000932
-001805
-001980
-002271
-002329
-001514
-000757
-001747
-003377
-003027
-001805
-002445
-003493
-000990
0001862
-001048
-006578
-008092
-005705
-002329
0000873
0002619
0003026
0003434
0003318
0001629
-000583
-001514
-000874
0001222
0003434
0003492
0002037
0001455
0001280
0000058
-000932
0000582
0003085
0003259
0002095
0002677
0004016
0004249
0002968
0000291
-002678
-004133
-003901
-002562
-001048
-000641
-000932
-000350
0000232
-000874
-002620
-002969
-002271
-001689
-001456
-001165
-001165
-001863
-002504
-001805
-000059
0002037
0003550
0003434
0002270
0001746
0001455
0000000
-001630
-002387
-001689
0000873
0003376
0002968
0000174
-003144
-005298
-004483
-001747
0000407
0000931
-000524
-002678
-002678
-001398
-001572
-002387
-001689
-000408
-000233
-001398
-003319
-005763
-007975
-010886
-017056
-022994
-023110
-018628
-013796
-009838
-007801
-006637
-003202
0000407
-000175
-002853
-003086
-001165
0000814
0002270
0002852
0002794
0003026
0003376
0003318
0002968
0002735
0002794
0003143
0003958
0005530
0006810
0006344
0004424
0002270
0000756
0000698
0001222
-000233
-001863
0000349
0004307
0005588
0004889
0005122
0005297
0003026
-000117
-001398
-001165
-001281
-001689
-001747
-001339
-000233
0000931
0001047
0000116
-001339
-002795
-003784
-003551
-001456
0001106
0001397
0000640
0001920
0004540
0006694
0008033
0008964
0008906
0006985
0004598
0004074
0004831
0004598
0004074
0004482
0005588
0006868
0007043
0004016
0000407
0001746
0004831
0002444
-002445
-002736
-000583
-001980
-004133
-000990
0004249
0004947
0002153
-000350
-001805
-002271
-001863
-001572
-001281
-000815
-000408
-000408
-000583
-000699
-000757
-001165
-001572
-001630
-001281
-000641
0000174
0001164
0002212
0003841
0004831
0003201
0000698
0000174
0002095
0005937
0009371
0008848
0005238
0001688
-000757
-001980
-001572
0000465
0002561
0002095
0000232
0000000
0000814
0000523
-000117
0000698
0001629
-000117
-002504
-001572
0001164
0002153
0001338
0000000
-001281
-002038
-002154
-001980
-001805
-001980
-002445
-003319
-003842
-002795
-001107
-000757
-001514
-002445
-002562
-000757
0001920
0003201
0003201
0002852
0002212
0000756
-000350
0000698
0002561
0002153
0000756
0001047
0002677
0004365
0005064
0003376
0000814
0000174
0000931
0001513
0001571
0000931
0000116
0000116
0001047
0003085
0004249
0001629
-002678
-004133
-003086
-002387
-001398
0001862
0004482
0000989
-004366
-002969
0002212
0003143
0001338
0001920
0003201
0001571
-002853
-009722
-015601
-015950
-012050
-008732
-006345
-003784
-001689
-000117
0000116
-002271
-004948
-003435
0000407
0002212
0002037
0001513
0001164
0001746
0002561
0002095
0000989
0000698
0001164
0001979
0002444
0000873
-000292
0003550
0008673
0008033
0003259
-000932
-002387
0001338
0006053
0003667
-002154
-002504
0000931
0002910
0002852
0001164
-000874
-000641
0001164
0001920
0002270
0004365
0006228
0004249
0000931
0001455
0004307
0005064
0004016
0002794
0001979
0002212
0003085
0003667
0003667
0002968
0002095
0002095
0002561
0002503
0001746
0000232
-001398
-002271
-001921
0000058
0002386
0003143
0002270
0000523
-001223
-001747
-001689
-002795
-003610
-001165
0002561
0003609
0002212
0000116
-001398
-000932
0000931
0002095
0002561
0003085
0003318
0002968
0002270
0001513
0001688
0004074
0006927
0006868
0005006
0004540
0005006
0004540
0003550
0002619
0002095
0001979
0002561
0004307
0005646
0004016
0000756
-000524
-000757
-002736
-004774
-003726
-000874
0001106
0001513
0000465
-001398
-002969
-003610
-002736
-001456
-001921
-003086
-002213
-000699
-001514
-003551
-003842
-003027
-003144
-003610
-002620
-001456
-002795
-004308
-001165
0003958
0005588
0004191
0002328
0000931
0000465
0001280
0003609
0005471
0003841
0000349
-001107
-000524
0000582
0001746
0002386
0002212
0000698
-000757
-000059
0001688
0001629
0000291
-000292
-000524
-001456
-002504
-002678
-001921
-000059
0001455
-000117
-002329
-000292
0003550
0003667
0001629
0002212
0003667
0002212
-000757
-001863
-001456
-001165
-001281
-002096
-002853
-001921
-000233
0000116
0000174
0002677
0005704
0005762
0002794
-002911
-007335
-004425
0002444
0006577
0004598
-006171
-020374
-029630
-030561
-022353
-010478
-005065
-005181
-003901
-002154
-002504
-003493
-002795
-000874
0000931
0001629
-000059
-002154
-001048
0001804
0002619
0001629
0000232
-000815
-000350
0000756
0000407
-000466
0000174
0002561
0006577
0009546
0007043
0002328
0002561
0005704
0005413
0003492
0004540
0006519
0004889
0001688
0001047
0002153
0002212
0001455
0000989
0000931
0001804
0002910
0002735
0002037
0002910
0003725
0000640
-003377
-002504
0000989
0001513
-000175
-001572
-002154
-001747
-001107
-002154
-003493
-002445
-000815
-003027
-006229
-004599
-000932
-001980
-005356
-005414
-003144
-001805
-001281
-000641
0000116
0000931
0002095
0004598
0006752
0005704
0003376
0003958
0006112
0006519
0005355
0004191
0002968
0001106
-000117
0001280
0003900
0004656
0004191
0005006
0005704
0003318
-000117
-000815
0000640
0001920
0002037
-000292
-003784
-006171
-006462
-003959
-000583
0000174
-001514
-003901
-005822
-005763
-004483
-004308
-004133
-001281
0002095
0002212
-000233
-003086
-004774
-003668
-001107
-000815
-001689
-000932
0000756
0001920
0001804
-000350
-002853
-002678
-000699
0000349
0000291
-000350
-001048
-000874
0000116
0001804
0003085
0002444
0000814
0000000
0000000
0000000
-000175
-000408
-000699
-000990
-000990
-000175
0000407
-000932
-002969
-002911
-001630
-001339
-001921
-002154
-002562
-004366
-006345
-006637
-005239
-002853
-001048
-001805
-004250
-006113
-006404
-004192
-001107
-000408
-001689
-003202
-003784
-002329
0000407
0002735
0003259
0000058
-003901
-003027
0000523
0000989
-000466
0000058
0001280
0000291
-001630
-001281
0000000
-001223
-003260
-002678
-000815
-000815
-002213
-003144
-004250
-007102
-010478
-012807
-013156
-011235
-008325
-007044
-006462
-003435
-000059
-000350
-003027
-005181
-005647
-003901
-001281
-001223
-001514
0002968
0008498
0007567
0003085
0002270
0004074
0004424
0003550
0002386
0001804
0003434
0005588
0004889
0002619
0002037
0002444
0001746
0000349
-000990
-001223
0000931
0003783
0004074
0002503
0001920
0001688
0000058
-002096
-003260
-003668
-004483
-005414
-006345
-006113
-003086
0000407
0000407
-001689
-001863
-000874
-001107
-002387
-004250
-005298
-003202
0000174
0001106
0000814
0003667
0006461
0003085
-002504
-002562
0001862
0006461
0009022
0007159
0002968
0001397
0001920
0001920
0001513
0001629
0001397
-000641
-002678
-001630
0001106
0002153
0001629
0001106
0000756
0001164
0000989
-002678
-006928
-006345
-002853
-001630
-002213
-002445
-002329
-002154
-002154
-003027
-004308
-005239
-005181
-003260
-001048
-001456
-002911
-001805
0000640
0001164
0000698
0001513
0003550
0006752
0008731
0005821
0001164
0001222
0004424
0005646
0004831
0003259
0001746
0001804
0002095
-000466
-003959
-004425
-002562
-000524
0000349
-001572
-004366
-004366
-002329
-000524
0000116
-001281
-003260
-002853
-000757
0001222
0002037
0000523
-002213
-004075
-004425
-003027
-001165
-000815
-002038
-004425
-006287
-004832
-001747
-000583
-001281
-002096
-002562
-002096
-000466
0002444
0005006
0004889
0002677
0000058
-001107
0001513
0005238
0004889
0002095
0001513
0002968
0004947
0006286
0005530
0003318
0001106
0000174
0001571
0003900
0003841
0002270
0001979
0002619
0003376
0003259
0000931
-001980
-002445
-001107
0000058
0000232
-001339
-003435
-003610
-002038
0000349
0001455
-001398
-007219
-013913
-018453
-017638
-012982
-008441
-005938
-006811
-008674
-006520
-001805
0001222
0002561
0004365
0004947
0001746
-003144
-005880
-005996
-004716
-002678
-001339
-000292
0002212
0004365
0003259
0001106
0002561
0005879
0007043
0005995
0004016
0001222
-002736
-005472
-003784
0000523
0002910
0003550
0004656
0005238
0003434
0000640
-000175
0000349
0000291
-000117
-000350
0000291
0003318
0006461
0006053
0003318
0001397
0001106
0002852
0005238
0005646
0004249
0002095
0000523
0001513
0003143
0001106
-001921
0000000
0004249
0005122
0002794
-000874
-003435
-001398
0002910
0004365
0003318
0002153
0001047
-000233
-001048
-000874
-000233
-000583
-001456
-001398
-000874
-000815
-001223
-001921
-002213
-000990
0000989
0002328
0002735
0002677
0002270
0002037
0002037
0002037
0001920
0000756
0000174
0002968
0006694
0006636
0004074
0002968
0003492
0004482
0005413
0005762
0004947
0002386
-000466
-001223
-000466
-000117
-000117
0000174
0000291
-000350
-001339
-001747
-001630
-001339
-000932
-000408
-000117
-000059
-001048
-004774
-008674
-008150
-005356
-005822
-007626
-005880
-002795
-003086
-005356
-005647
-004948
-006113
-007451
-005938
-002562
0000640
0002619
0003026
0002153
0000523
-000175
0002328
0005995
0006868
0005122
0002212
0000291
0002037
0005995
0008324
0008382
0006053
0003143
0002503
0003550
0003958
0003201
0000873
-001863
-003144
-002911
-002213
-001339
-000233
0000232
-001398
-003202
-001398
0001222
-001572
-006229
-004541
0000116
-000524
-004075
-004541
-002736
-001281
-000815
-001921
-003551
-003668
-002795
-002678
-002795
-001689
0000174
0001804
0002561
0001746
0000232
-000117
0000814
0003085
0003609
-002154
-010886
-015659
-016300
-016183
-014029
-007801
-000699
0002503
0001804
0000000
-001747
-002154
-000990
0001106
0002910
0002677
0001106
0000000
-000233
0000232
0001222
0001920
0002153
0002095
0001571
0000407
-000583
-000233
0000698
0000116
-001048
-000874
0000407
0001629
0002561
0003085
0003143
0002910
0002677
0003318
0003841
0002270
0000116
0000582
0002503
0003085
0002270
0000640
-000815
-000117
0001164
-000175
-002736
-003493
-002795
-002096
-002038
-003784
-005356
-003144
0000407
0000232
-002445
-004250
-005007
-005589
-005880
-005996
-005589
-003610
-001398
-000874
-002096
-004541
-006171
-003726
0000582
0002328
0001688
0000698
0000291
0001571
0003550
0004074
0003609
0003841
0004074
0002677
0000640
-000583
-000524
0000873
0002735
0004132
0003958
0000931
-002387
-001223
0001804
0000349
-002969
-001747
0001979
0002968
0002386
0004132
0006112
0004831
0000873
-003784
-007219
-007219
-004832
-002911
-002038
-002038
-002853
-004133
-005123
-004541
-003260
-003610
-004657
-004192
-002329
0000582
0002968
0002328
0000582
0001862
0004365
0003492
0000931
0000407
0001338
0001513
0001280
0001920
0002852
0003201
0002968
0002561
0001688
0000116
-001630
-002795
-003027
-002096
-000583
0000698
0001455
0001862
0001455
-000175
-002387
-003842
-004657
-005938
-006753
-005356
-003260
-003610
-005065
-004192
-002329
-002387
-003726
-004192
-004133
-004832
-005298
-003551
-001281
-001980
-003784
-002387
0000174
-001165
-003726
-001863
0002095
0002270
0000698
0002561
0005588
0004889
0002270
0002270
0003609
0002910
0001164
0000640
0000989
0000814
0000582
0001979
0003201
0001222
-001980
-002038
-000117
0000349
-000815
-002271
-005065
-011352
-017813
-019385
-016532
-011934
-007859
-007160
-007917
-005123
-001223
-001398
-003959
-004366
-003435
-003901
-004716
-003959
-002154
-000524
0000174
-001165
-003144
-003086
-001630
-001398
-000932
0003492
0008324
0007276
0002735
0000698
0001164
0002270
0003667
0004889
0005238
0003958
0002212
0002561
0003900
0003492
0001920
0000291
-000059
0002561
0005704
0004482
0001397
0002503
0005238
0003783
-000641
-004774
-007102
-006171
-003260
-001339
-000524
0000291
0000873
0000873
0000116
-002154
-003901
-001689
0001920
0001513
-000641
0001280
0005064
0005471
0003841
0004249
0005064
0002444
-001572
-003260
-002620
-000815
0001047
0001571
0001106
0001047
0001280
0001106
0000989
0001920
0002852
0002270
0000582
-001165
-002096
-001165
0000407
0000058
-001281
-000990
-000233
-001630
-003901
-004366
-003086
-000757
0001047
-000233
-002504
-001223
0002095
0003434
0003259
0003783
0004016
0001746
-000874
-000233
0003026
0006636
0008731
0006868
0003259
0003085
0004598
0003201
0000523
0000174
0001513
0002794
0003085
0001106
-001165
0000174
0002677
0000640
-002795
-000524
0004016
0003259
-001165
-004133
-005123
-004366
-003319
-004832
-007160
-006462
-003959
-003086
-003202
-002271
-001572
-003784
-006869
-007277
-005239
-002620
0000232
0003725
0006286
0006053
0004249
0004249
0005180
0004889
0004074
0004249
0005471
0007858
0009371
0006752
0002794
0003667
0006694
0005530
0002386
0002561
0004598
0004365
0002794
0002328
0002386
0001222
0000058
0001513
0003259
0000465
-003610
-001863
0002794
0003259
0000640
-001572
-002736
-002911
-002562
-002969
-003784
-004308
-004017
-002271
-000292
-000117
-001805
-004017
-007568
-014204
-020549
-021597
-017813
-012458
-007277
-004075
-002911
-002562
-001514
0002561
0007218
0007916
0005238
0001455
-001107
0000291
0003841
0005006
0004191
0003609
0003725
0004773
0005588
0003550
0000407
0000000
0001338
0001222
0000698
0002328
0004424
0003725
0001571
0000989
0001571
0001164
0000756
0002852
0005355
0004016
0000756
0000000
0000931
0000989
0000523
0000814
0001338
0001047
0000640
0001571
0002794
0002444
0001047
0000349
0000291
0000058
0000582
0003550
0006577
0005413
0001746
-000117
-000292
-000583
-000524
0001047
0002735
0002444
0000756
-000699
-001165
-000350
0001571
0004016
0005995
0006344
0005355
0004249
0003085
0002212
0000814
-003202
-007044
-005938
-001689
0001106
0002153
0002095
0001979
0003900
0006112
0005122
0002270
0000756
0000931
0002386
0004424
0005937
0006170
0004540
0002677
0003667
0005937
0005530
0003259
0001804
0001222
0000873
0000756
0001106
0001455
0000756
-000175
0000291
0001804
0003550
0004074
0001280
-003086
-006171
-006462
-002795
0001979
0003026
0001106
0000116
-000233
-001630
-002969
-002504
-001339
-001863
-002911
-001223
0001222
0000291
-002387
-002795
-001398
-000292
0000232
0000000
-000233
0001047
0002852
0003259
0002794
0003201
0004074
0004365
0004249
0004307
0004016
0002270
0000058
-000874
-000583
-000233
0000291
0001455
0002153
0000640
-001747
-002096
-000757
0000756
0001979
0002561
0002037
0000174
-001805
-001689
-000408
-000524
-001747
-002969
-003842
-003959
-003435
-002620
-002387
-004133
-006171
-005472
-003027
-001689
-001456
-001689
-001863
-000874
0000640
0001862
0002095
0000698
-000699
0000582
0003434
0005180
0005588
0005821
0005471
0004191
0002037
-000233
-003668
-010595
-017289
-018221
-014379
-009722
-005822
-004017
-003668
-002329
-000757
-000641
-000874
0000814
0003376
0004947
0004307
0000174
-004657
-005647
-003319
-000408
0001338
0000116
-002678
-003202
-002213
-001863
-002445
-004075
-005822
-005996
-004716
-002387
-000408
-000932
-002038
0000523
0004715
0006403
0005995
0005704
0005471
0004365
0003376
0004249
0005646
0004598
0002619
0003201
0004947
0004773
0003376
0003026
0003259
0002561
0001513
0001106
0001513
0002212
0002968
0003667
0003085
-000641
-004657
-003493
0000407
0001455
0000058
-001514
-002387
-001630
0000174
0001338
0002095
0003783
0004889
0002852
-000699
-002445
-002271
-001223
0000349
0002037
0003026
0002619
0001629
0002095
0003259
0003376
0002852
0002968
0002910
0000756
-001398
0000349
0004016
0005821
0004889
0001629
-002329
-004599
-004075
0000174
0004715
0003434
-000874
-001398
0000698
0001455
0000756
-000524
-002387
-004774
-006637
-006578
-005007
-003493
-002445
-001921
-001689
-000874
0000116
0000640
0000465
-000699
-001921
-001630
-000350
0000523
0000698
-000233
-001223
-000350
0001746
0003201
0003667
0003085
0001920
0001455
0001338
0000523
-000524
-000699
-000874
-002969
-005123
-003959
-000874
0000989
0001222
0000407
-000932
-001514
-002038
-004541
-007160
-007160
-004541
-000059
0003492
0002386
-002154
-007102
-009664
-006462
-001165
-001514
-004948
-004599
-001514
0000582
0001338
0001338
0000873
0000407
0000407
0001222
0001804
0000058
-002504
-002853
-001281
0000698
0002270
0002735
0002212
0001629
0001164
0000756
0000640
0001106
0001746
0002095
0001629
-000175
-001980
-001572
0000058
0000291
-000583
-001514
-002096
-002154
-002213
-002795
-005647
-013796
-022528
-024391
-020549
-016300
-012690
-009896
-007626
-003726
-000641
-002387
-006229
-006229
-003668
-002445
-002504
-002678
-002678
-002387
-001107
0002677
0005879
0003550
-001165
-000874
0002735
0004715
0004773
0003492
0002037
0002677
0004191
0003434
0001688
0001862
0003376
0004424
0004773
0004947
0004365
0002444
0000000
-001805
-002329
-001398
0000291
0001106
0001280
0002095
0002910
0002735
0001397
-001223
-003610
-003784
-002620
-003144
-003959
-001747
0000931
-001165
-005356
-005647
-003202
-002154
-001805
0000407
0002677
0001804
-000466
-000059
0001979
0003085
0002910
0001629
0000523
0001688
0003900
0004715
0003376
-000583
-004483
-003726
-000466
0000174
-000990
-000874
0000291
0001513
0002095
0001338
-000175
-001339
-001630
-000641
0000698
0000407
-000757
-001165
-000874
-000699
-000408
0000407
0001455
0002153
0002328
0001979
0001106
-000292
-001165
-000175
0001513
0001280
-000233
-000932
-000699
-000175
0000640
0001571
0002037
0000698
-000699
0001688
0005006
0003085
-001223
-001689
0000291
-000059
-001398
-000466
0001571
0002386
0001920
0000931
-000233
-001165
-001107
0000698
0002561
0001106
-002154
-003959
-004075
-003610
-002911
-002736
-003027
-003086
-003144
-003435
-003668
-003144
-002504
-003086
-004075
-003668
-002213
-000874
0000407
0002095
0003492
0003492
0002735
0003026
0003725
0003143
0001862
0001164
0000931
0000291
-000292
-000059
0000582
0001222
0001164
-000757
-002911
-002329
-000292
-000059
-001223
-002445
-002678
-000408
0002037
0000349
-003551
-005356
-005123
-004832
-004366
-003144
-001921
-001572
-002038
-003202
-003842
-002038
0000582
0000465
-001048
0000523
0001164
-007044
-018337
-021771
-018570
-015659
-012574
-007277
-001747
0001746
0002735
0002153
0000523
-001747
-002736
-000117
0003725
0003900
0001862
0002503
0004191
0003434
0001164
0000000
-000175
-000292
-000175
0000582
0001862
0003492
0004540
0003725
0001338
-001863
-004541
-005181
-004133
-002853
-001398
0001047
0003259
0003725
0002852
0001920
0001222
0000873
0000698
0000058
-000350
0000291
0002153
0005530
0007974
0005413
0000931
0001106
0004191
0005180
0004307
0003318
0002503
0002328
0003201
0005588
0007800
0007101
0004249
0001338
0000174
0003026
0006927
0006053
0002095
-000117
-000350
0000814
0001920
-000117
-002678
-000117
0004365
0004074
0000989
0000465
0002153
0004424
0006112
0005821
0003609
-000117
-003260
-002795
-000292
0000058
-000990
-001339
-000699
0001106
0002852
0002968
0001513
-001223
-002911
0000000
0005006
0006985
0005646
0002386
-000990
-002038
-001281
-001572
-002096
-000990
0000814
0001280
0000407
-001223
-002504
-001921
-000059
0001571
0002619
0003667
0003900
0002037
-000350
-000292
0001222
0001338
0000407
-000524
-000757
0000523
0002095
0001455
-000524
-001165
-001048
-002271
-003144
-000583
0002968
0002386
-000408
-000699
0001164
0003318
0004656
0004249
0002503
0000640
0000116
0002910
0006286
0005238
0001629
0000407
0001047
0001397
0001280
0000873
0000465
0000465
0000698
0000756
0000349
-000874
-001980
-001281
0000174
-000117
-001456
-001747
-001223
-000990
-000815
0000232
0000931
-000699
-003319
-004308
-003668
-001980
-000699
-002271
-004308
-002038
0002386
0004307
0003492
0001047
-000874
0001222
0004947
0004947
0003085
0004598
0007334
0006461
0003434
0002095
0002503
0004074
0004424
-000583
-008150
-012865
-014495
-015659
-015426
-012632
-008616
-005589
-003726
-001689
-000117
0000349
0000232
0000989
0002037
0001688
0000582
-000175
0000116
0002503
0004598
0002270
-002154
-003377
-002213
-001980
-002504
-002795
-002504
-000990
0000989
0001920
0001920
0001920
0001804
0000989
0000523
0002328
0005122
0006461
0006344
0005355
0004656
0006170
0008673
0009430
0008498
0006868
0004831
0002561
0001164
0002386
0004540
0003958
0001979
0002095
0003318
0003318
0002153
0000232
-001514
-001863
-001107
-000524
-000059
0001106
0002037
0001455
-000408
-002387
-003901
-004366
-003726
-002213
-001048
-002387
-004774
-005647
-004716
-002795
-000699
0000232
0000523
0002095
0004016
0004715
0004132
0002852
0001804
0002270
0004016
0006403
0008091
0007101
0004482
0002794
0002095
0001397
0000931
0000756
0000989
0001688
0002095
0000873
-000932
-001398
-000059
0003900
0007159
0004307
-001689
-004599
-004075
-002038
0000349
0000989
0000116
-000583
-001398
-002911
-004657
-006345
-007044
-005880
-003319
-000641
0000989
0000349
-001107
0000232
0002444
0001047
-001805
-001456
0000582
-000059
-001630
0000116
0003318
0003434
0002503
0005180
0008848
0007858
0004249
0002852
0002968
0002037
0000407
-000990
-001572
-000524
0000814
-000524
-002678
-001456
0000931
-000350
-003551
-004366
-003086
-001048
0000523
0000465
-000815
-001514
-002096
-004250
-006345
-005589
-002969
-001689
-001107
0000698
0002386
0001571
-000874
-002678
-003377
-003260
-002271
-000292
0001513
0001513
0000174
-001165
-001514
0000407
0003143
0003958
0003143
0002153
0001629
0002619
0003783
0002386
-000059
-000117
0000873
-000524
-002911
-002969
-002271
-003610
-007510
-014262
-020433
-021131
-017522
-013855
-010886
-008558
-006753
-004308
-002329
-003086
-004890
-004425
-002562
-001980
-002445
-002911
-003027
-002504
-000990
0002444
0005704
0005064
0002503
0003201
0005297
0004016
0001920
0004656
0009139
0008731
0005064
0003026
0002561
0002212
0001804
0000989
0000407
0001455
0003318
0004191
0003550
0001280
-001630
-003668
-004017
-001863
0001106
0002095
0000989
-000757
-002678
-004017
-004599
-004483
-004366
-005589
-006811
-005007
-002387
-003726
-006753
-006520
-003493
0000174
0002503
0000814
-002620
-003144
-001048
0001047
0002794
0003900
0003958
0002735
0001164
0000756
0001455
0002328
0003201
0003609
0003667
0003900
0003376
0000349
-002504
-000466
0003783
0003841
0001164
-000233
-000059
0001047
0002503
0003259
0002852
0000873
-001339
-001165
0000116
-000641
-002445
-003086
-002911
-002911
-003551
-005589
-007568
-007160
-004890
-002562
-000874
0000000
0000058
-000117
0000000
0001513
0002735
0000698
-002562
-002562
-000466
0000582
0000873
0001862
0003085
0003667
0003318
0001688
0000058
0000465
0002037
0002270
0001513
0000814
0000058
-001398
-002620
-002562
-001456
-000466
0000291
0001047
0001222
-000233
-002213
-002911
-002620
-002445
-002562
-002678
-002853
-003319
-003377
-001398
0000931
0000640
-001165
-001747
-001107
0000058
0000989
0000407
-000757
-000233
0000989
0000523
-000583
0000349
0002328
0003609
0003376
0001106
-001456
-001223
0000465
-000233
-002096
-002096
-000990
-000524
-000757
-001165
-001514
-001339
-001107
-002096
-002911
-000466
0002619
0001106
-002911
-003959
-002736
-002329
-002329
-001921
-001339
-001107
-001165
-001747
-002504
-002678
-003901
-009314
-016125
-019792
-019559
-016707
-012574
-009256
-007277
-006345
-005531
-002795
0000640
0002444
0003259
0005879
0008207
0006985
0003492
0001106
0000058
-000350
-000292
-000292
-000059
0001513
0003201
0003201
0001688
-000292
-001572
-000641
0001047
0000465
-001281
-001107
-000233
-002038
-004366
-002853
0000873
0003085
0003143
0001222
-001281
-002154
-001514
-000990
-000699
-000815
-000757
0000989
0003143
0003318
0002212
0001920
0002619
0003900
0005413
0006636
0007043
0005879
0004249
0004191
0005122
0005355
0004947
0004424
0003492
0001397
-000233
0001746
0004831
0003958
0000698
-001107
-001223
-000583
0000232
0000058
-000699
-000466
-000059
-001514
-003027
-000699
0002503
0000698
-003959
-006054
-005763
-005123
-004774
-005531
-006695
-006869
-005531
-001980
0001106
-001630
-005705
-002213
0005122
0007392
0005471
0003783
0002444
0000931
0000000
0000582
0001513
0000174
-001572
-000059
0003201
0005006
0004540
0001397
-002096
-002096
0000174
0001280
0001047
0000058
-000641
0000814
0002735
0001222
-001572
-001223
0001164
0002386
0002794
0004598
0005646
0002153
-002620
-001980
0001164
-000117
-003610
-003959
-002154
-001339
-001630
-002504
-003027
-001572
0000814
0001629
0000873
-000815
-002038
-000874
0001513
0002386
0002095
0002037
0002677
0005006
0006927
0004656
0000582
-000292
0000873
0000582
-000466
0000232
0001164
-001107
-003784
-001456
0003434
0005180
0004249
0003725
0003434
0002852
0002328
0002503
0002619
0000989
-000815
0000756
0003085
0000931
-003319
-004308
-003086
-003202
-004192
-004599
-004366
-003901
-003086
-001630
0000232
0002270
0003783
0004074
0003550
0003143
0003201
0003725
0004074
0003550
0000640
-006695
-015252
-020374
-020258
-014902
-007451
-003784
-003260
-001339
0000000
-003086
-007510
-007917
-004599
0000291
0003667
0001164
-003959
-004832
-002154
0000465
0002037
0002095
0001106
0000582
0000698
0001164
0001804
0002735
0003026
0001164
-000874
0000814
0003900
0003434
0000989
0000465
0001979
0004598
0006868
0006228
0003958
0003201
0003376
0002503
0001571
0002503
0004016
0003201
0001047
-000059
0000058
0000989
0001862
0000698
-000874
0000349
0002561
0001106
-001572
-000350
0003026
0004132
0003318
0002212
0001513
0002503
0003085
-000990
-005938
-004599
0000000
0000174
-002736
-004308
-004425
-004133
-003202
-001107
0000582
-000408
-002329
-001572
0001106
0003201
0004540
0005471
0006344
0008265
0009837
0009022
0006344
0003259
0001164
0001804
0003783
0003376
0001920
0002968
0004715
0003085
0000873
0004249
0009721
0010070
0006403
0002444
-000175
-000292
0001513
0002910
0003376
0002794
0001397
-000233
-001514
-001630
-001398
-002387
-003901
-004017
-003551
-004774
-006229
-004890
-002387
-002504
-004075
-004250
-003144
-001572
-000175
0000000
-000059
0002503
0005530
0004715
0002212
0002794
0005238
0006577
0006053
0003259
0000523
0001920
0005471
0006403
0004831
0002503
0000232
-001281
-001107
0001455
0004656
0005530
0004424
0003492
0003143
0003609
0004074
0003085
0000989
-001048
-002271
-002096
-000932
0000291
0000291
-003144
-007160
-006462
-002678
0000116
0000756
-001398
-004192
-003086
0000000
0000407
-000815
-000699
0000523
0001920
0002735
0001979
0000523
0000291
0000582
-000524
-001863
-001339
0000814
0003376
0005821
0008149
0009022
0007276
0003841
0001047
-000815
-002736
-003377
-000117
0002561
-003377
-013622
-019327
-019618
-017347
-013447
-009547
-006404
-004075
-002853
-002445
-002678
-003086
-002911
-000932
0001047
-000059
-002504
-001689
0000756
0000756
-000408
0000174
0001979
0003783
0004656
0003550
0001862
0002386
0004482
0006519
0007159
0005006
0001688
0000814
0001629
0001804
0001338
0000814
0000873
0002677
0004424
0002561
-001281
-003493
-003784
-003493
-002620
-001165
-000117
-000641
-002154
-003551
-004017
-002504
-000292
0000756
-000233
-003959
-007393
-005123
-000350
-000350
-003377
-004599
-003668
-001456
0001106
0002735
0003143
0003201
0002852
0001455
0000931
0004656
0009663
0010012
0007218
0005646
0005355
0005064
0004365
0002037
-000408
-000408
0001280
0002968
0003725
0002677
0000582
-001281
-002329
-002678
-002154
-000524
0001280
0001862
0000989
-000990
-003726
-007393
-009605
-007160
-002504
-000699
-001805
-003901
-005705
-004716
-002853
-004308
-006811
-005414
-001863
-000233
-000583
-001572
-002213
-000583
0002270
0004249
0004889
0004132
0002735
0001862
0001804
0001804
0002270
0003958
0005646
0005588
0003841
0000931
-001339
-000466
0001746
0001164
-000757
-000175
0001629
0001746
0000582
-000117
-000583
-001921
-003260
-003260
-002562
-002562
-003551
-005822
-007743
-006229
-003260
-003144
-005007
-006113
-006287
-006345
-005763
-003784
-001921
-002911
-005123
-004716
-002911
-003260
-004308
-002678
0000058
0000465
-000466
0000116
0001746
0003434
0004307
0002910
0000756
0000582
0001920
0003026
0003259
0001862
-000408
-002038
-002795
-003027
-002387
-000233
0002095
0002561
0001455
0000000
-000932
-000583
0000465
0001338
0000931
-002678
-006462
-005007
-001281
-002445
-005938
-004366
-002271
-009140
-019618
-023168
-020316
-016009
-011584
-008208
-006054
-003493
-001223
-000292
0000000
0001571
0002794
0000465
-002678
-001456
0002444
0004365
0004132
0002852
0001280
0000756
0000873
-000059
-000932
-000059
0001804
0003143
0003492
0002968
0001979
0001338
0001280
0002212
0002910
0001222
-001339
-002038
-000932
0000698
0002328
0003667
0003609
0000698
-002620
-001747
0001455
0002095
0000873
0000814
0001513
0002037
0001979
0000291
-001107
0000989
0005006
0007567
0007858
0005821
0003085
0002735
0003783
0003434
0002328
0002444
0003026
0002619
0001280
-000815
-002562
-002911
-002096
-001048
-000350
-000466
-001048
-000990
-000932
-002154
-003959
-005123
-005123
-003610
-001863
-002678
-003901
-000583
0004074
0003667
0000174
-000815
-000350
-001747
-003493
-002969
-000874
0000814
0002095
0003550
0004540
0004074
0002968
0002910
0003434
0003143
0002444
0002095
0002212
0002503
0002794
0002444
0001979
0002561
0003725
0004831
0004831
0002270
-000699
0000116
0002968
0003259
0001804
0001106
0000523
-001863
-004075
-002504
0000523
-000466
-003551
-003842
-002911
-004832
-007626
-007102
-004774
-004308
-005181
-005705
-005007
-002154
0000989
0000814
-001514
-002678
-002387
-000815
0000989
0001047
0000174
0000582
0001920
0003492
0004598
0004365
0003667
0004773
0006170
0005122
0002852
0002270
0002794
0002619
0001746
0000232
-000583
0001397
0004365
0004598
0002503
0000058
-002038
-003319
-003377
-002154
-000583
0000058
-000292
-001572
-002795
-002562
-001747
-002562
-003901
-003551
-002387
-002504
-003319
-003493
-003086
-002562
-001980
-001107
-000059
0000989
0001979
0003143
0003667
0001862
-000292
0001164
0003434
0000698
-005822
-013214
-018104
-017115
-011643
-005938
-002038
-001281
-002445
-001805
-000524
-002271
-004425
-001339
0003201
0001338
-003377
-002387
0001571
0001280
-001165
-000699
0001513
0002212
0001746
0001920
0002386
0002328
0001920
0001338
0001047
0001280
0001862
0002328
0002328
0001804
0001047
0000349
0000174
0001047
0002561
0003667
0004424
0005588
0006286
0005355
0003725
0003259
0003783
0004656
0005122
0003958
0002095
0001106
0000931
0000523
-000233
-002096
-003202
-000292
0003550
0002095
-002387
-004599
-003901
-000699
0002270
-000059
-004541
-004192
-000641
0000873
0000873
0001920
0003201
0003550
0002852
0001397
0000291
0001164
0003201
0004482
0004947
0005238
0005355
0005530
0005180
0003376
0001047
-000117
0000058
0000931
0002735
0005937
0008673
0008207
0005530
0003259
0002095
0002561
0003609
0003085
0001629
0001222
0001571
0001746
0001688
0001513
0001164
0000523
-000699
-003202
-005356
-004075
-001339
-001572
-003784
-005414
-005531
-002795
0000000
-002329
-006695
-006229
-002853
-002096
-003260
-004075
-003784
-001572
0001222
0002270
0001571
-000117
-001281
-000059
0002794
0005006
0006228
0006985
0006694
0004598
0002095
0001571
0002561
0003143
0003143
0002735
0002270
0002619
0003259
0003259
0002619
0001746
0001164
0001571
0002270
0001629
0000523
0000873
0001688
0000931
-000990
-003027
-003901
-001747
0000873
-001514
-005822
-005123
-001572
-000524
-001630
-002620
-003144
-003086
-002504
-001572
-000815
-001048
-001514
-000583
0000931
0001571
0001455
0001222
0001571
0004132
0006694
0005530
0002619
0002910
0004424
0002153
-001630
-001921
0000407
0002561
0003725
0003609
0002794
0003143
0003143
0000000
-005822
-013331
-019152
-018803
-014088
-010071
-007626
-006054
-005181
-003726
-002562
-003435
-005007
-004366
-002853
-003959
-005938
-004716
-001689
0000058
0000698
0001804
0002852
0003026
0002503
0002270
0001920
0000058
-001339
0001164
0005122
0005122
0002735
0002386
0003783
0005471
0006461
0005471
0003376
0002386
0002561
0003318
0003667
0002037
-000117
0000174
0002037
0003259
0003085
0000873
-001921
-002678
-001689
-000408
0000291
-000699
-002504
-003144
-002678
-002038
-001398
-000641
-000233
-000408
-000641
-000059
0000756
0000582
0000000
0000407
0001513
0002212
0002328
0001629
0000873
0001280
0002852
0005471
0007043
0003783
-000932
-000466
0002968
0003318
0001455
0000931
0000931
-001165
-003551
-002853
-000757
-000874
-002504
-003610
-003610
-002387
-000815
-000408
-000990
-001398
-001630
-001747
-001805
-001805
-001630
-000815
-000350
-002678
-005065
-002387
0002212
0001862
-001165
-000815
0001571
0002270
0001746
0001629
0001688
0001047
0000407
0001047
0002153
0002212
0001688
0001804
0002561
0003667
0004773
0005995
0006461
0004773
0002328
0001746
0001920
-000408
-003144
-002504
0000349
0002328
0002968
0003143
0001746
-003202
-008092
-007160
-003027
-002562
-004716
-005938
-006054
-005414
-004774
-005996
-007451
-005414
-002154
-002271
-004599
-005647
-004657
-001281
0002503
0003259
0001862
0001338
0001222
-000175
-001630
-000641
0001397
0001397
0000756
0003085
0005995
0004831
0001222
-000815
-000874
0000582
0002153
0001106
-001107
-000990
0000931
0002794
0003900
0003434
0001804
0000116
-001223
-002038
-002387
-002853
-003027
-002096
-001223
-002271
-004308
-005239
-005298
-005938
-006578
-005763
-005822
-010711
-017871
-022703
-023401
-019443
-012865
-007975
-005065
-001572
0000232
-002969
-007277
-004948
0001106
0003667
0002561
-000641
-003726
-003610
-000699
0002910
0005821
0006752
0005704
0003667
0001571
0000756
0000989
0000873
0000698
0001513
0002619
0002852
0002735
0003492
0004947
0006868
0008149
0007567
0004947
0000174
-004133
-004483
-001921
-000292
0000698
0002677
0004191
0002852
-000233
-002387
-003260
-003377
-002504
-000524
0001862
0003609
0004191
0003841
0002968
0002386
0002037
0001338
0000582
0000465
0000698
0000814
0000640
-000350
-001456
-001339
-000408
0000291
0000756
0000814
0000989
0002212
0003376
0002677
0000873
-000233
-000757
-001165
-001747
-003027
-003784
-002096
0000465
0000873
-000350
-000990
-001281
-002213
-002969
-001805
0000058
-000059
-000815
0000873
0003550
0003841
0002212
0000116
-000932
0000931
0004365
0006112
0006112
0005879
0005006
0002619
0000407
0000989
0003376
0004831
0004947
0004307
0002968
0001455
0000174
-000524
-001107
-003027
-004425
-001921
0001862
0001455
-001398
-002038
-001048
-000524
-000641
-001339
-002271
-002969
-002853
-000990
0001106
0001164
-000466
-002096
-003086
-003027
-002213
-001281
-000641
-000292
-000233
-000175
0000116
0001106
0002503
0004074
0004773
0003085
0000698
0001164
0002910
0002270
0000349
-000466
0000174
0002095
0004074
0004365
0003259
0001804
0000698
0000232
0000698
0002328
0003609
0001862
-001281
-002445
-002038
-001805
-002387
-004599
-006986
-006637
-004890
-004774
-005531
-004716
-003435
-004425
-006287
-006811
-005414
-001747
0002037
0002561
0000407
-001921
-003377
-003086
-001514
-000059
0000640
-000583
-001980
0000640
0003201
-001863
-010711
-015252
-014844
-011876
-007277
-002445
0001222
0003085
0002677
0000523
-001863
-002678
-000990
0004016
0008557
0006112
0000291
-000292
0002212
0001513
-000990
-001921
-001398
-000233
0000814
0000407
-000641
-000233
0000873
0001629
0001106
-002096
-004948
-001921
0003609
0004307
0001979
0001862
0003376
0004598
0004773
0002794
0000291
0000232
0001979
0003550
0004249
0003609
0002735
0003783
0005471
0004889
0002794
0001222
0000349
-000233
-000059
0001862
0003783
0002794
0000814
0002037
0004773
0004889
0003434
0003085
0003550
0003318
0002619
0002503
0002328
0000698
-001107
-000757
0000523
0000116
-001223
-001747
-000990
0001571
0004016
0003318
0000756
-000466
-000466
-000699
-000874
-000583
0000116
0001106
0001746
0000814
0000000
0002503
0005937
0005530
0002444
0000174
-000874
-000874
-000699
-002038
-003377
-001281
0001688
-000292
-004075
-002562
0001164
-000175
-003901
-003784
-001165
0000174
0000232
0000174
-000350
-002038
-003551
-002969
-000874
0001746
0002677
-001223
-006462
-006404
-002387
0000814
0002212
0001571
0000116
0000523
0001979
0002328
0001338
-001281
-002678
0002153
0009430
0011234
0008789
0006810
0005879
0006228
0006577
0003958
0000582
0001047
0003026
0001164
-002620
-003901
-002795
-000524
0001338
0000756
-001456
-002969
-003319
-002271
-001281
-002736
-005472
-006287
-005938
-006928
-007510
-004366
-000117
0000116
-002154
-002445
-001339
-000990
-000932
0000174
0001397
0000465
-001048
-000059
0002386
0003667
0004249
0005762
0007451
0007974
0007159
0005180
0002852
0001571
0001164
0000582
0000232
0001106
0002037
0000698
-000757
0002212
0006344
0004889
0000698
0001164
0003259
0000640
-005763
-013156
-018803
-020258
-017813
-014262
-010420
-006869
-004192
-001863
-000990
-002736
-005472
-006229
-005472
-005181
-005298
-005414
-004832
-002096
0001106
0001920
0000640
-001514
-002213
0002095
0008033
0008789
0005530
0002852
0001397
0000931
0001571
0003550
0005006
0002968
-000233
0000291
0003026
0003376
0002619
0004074
0006577
0007858
0007392
0005180
0002735
0002910
0004307
0003201
0001164
0001746
0003841
0004947
0004889
0004482
0003434
0000698
-001689
-000408
0002153
0000640
-003202
-005007
-004541
-003202
-001107
0001455
0003841
0005471
0006170
0006112
0005413
0003900
0002910
0004482
0007043
0007742
0006636
0004365
0002852
0005413
0008964
0007509
0002968
0000640
0000523
0000407
0000582
0001746
0003026
0002968
0002037
0002037
0002328
0001862
0000814
-000408
-001398
-001747
-001747
-002329
-003027
-002678
-001980
-002445
-003493
-003668
-003086
-002504
-001630
0000232
0001746
0000523
-001456
-000175
0002503
0002561
0000873
0000174
0000349
0000000
0000116
0002270
0005064
0005646
0004365
0002328
0000756
0001047
0002444
0002910
0002037
-000175
-002445
-002795
-001921
-001863
-002329
-001805
-000990
-001398
-002213
-001980
-001223
-001048
-001514
-002038
-002445
-002387
-002096
-002154
-002038
-000350
0000931
-002213
-006462
-005589
-001281
0001397
0001513
-000990
-003959
-003668
-001630
-002038
-004075
-005705
-005531
-001339
0003550
0003201
0000058
0000465
0002968
0003841
0002619
-000408
-003435
-003435
-001281
0000291
0000814
0000640
-000408
-002271
-004192
-005705
-005531
-001863
0002212
0001222
-002911
-004890
-004541
-003202
-001863
-002154
-003610
-004948
-005472
-004774
-003493
-001921
-002678
-009722
-018570
-021306
-018861
-016416
-014437
-012807
-010944
-006986
-002678
-001223
-001398
0000407
0002968
0003958
0002910
-000874
-004192
-002154
0003318
0007218
0008382
0007043
0004074
0001455
0000407
0002095
0004715
0004889
0002910
0000523
-001223
-000990
0000291
0000116
-000466
0001164
0003550
0004074
0002444
-000874
-004133
-004657
-003377
-002911
-003144
-003027
-002853
-003610
-004192
-002678
-000524
-000815
-002387
-002387
-001398
-001281
-001980
-003086
-003842
-003144
-001514
-000466
0000698
0003958
0007101
0006461
0003318
0001047
0000058
-000233
-000059
-000175
-000292
0000582
0001629
0001106
0000000
0000640
0002270
0002794
0002561
0002968
0003259
0001862
-000408
-002038
-002445
-000990
0000931
0000582
-000641
0000931
0003143
0001164
-002504
-002445
-000641
-002096
-005007
-005298
-003493
-001980
-000874
0000116
0000756
0000931
0001106
0002677
0004016
0001979
-001107
-000408
0002444
0002794
0001397
0000465
-000059
-000699
-001281
-001514
-001339
-000699
-000059
-000175
-000757
-001048
-000757
0000523
0001920
0001862
0000989
0000698
0000931
0001280
0000931
-001281
-003959
-004599
-003202
-000408
0001688
0000174
-002969
-002911
-000757
0000174
-000117
-000524
-000932
-000932
-000233
0001688
0003958
0005530
0006112
0005879
0005297
0005588
0005762
0003550
0000349
-000990
-000641
0000058
0000931
0001862
0002270
0001571
0000407
0000116
0000000
-002271
-004657
-002795
0000291
-002213
-006578
-004657
0000291
0000523
-002329
-003610
-003144
-002154
-001048
-000292
-000233
-000815
-001863
-002795
-003842
-005763
-006986
-004599
-000757
-000233
-001747
-001863
-000350
0002386
0005122
0006752
0005355
-001165
-009605
-015019
-015834
-012749
-007743
-004599
-002969
0000116
0002910
0002153
-000233
-000117
0001280
0000756
-001107
-003144
-004250
-003551
-001456
0000931
0002794
0003609
0003492
0003318
0002677
0000698
-001456
-001630
-000641
-000583
-000932
0000058
0001280
0000407
-000990
0000756
0003900
0005006
0004016
0002095
0000523
0001338
0003841
0006519
0008149
0007218
0005762
0008382
0011816
0009546
0003783
-000408
-001398
0001338
0005646
0007800
0007218
0005064
0002328
0000582
0000058
-000117
0000291
0001513
0003026
0004132
0004540
0004424
0003550
0001804
-000175
-001572
-001980
-000932
0000407
-000292
-001863
-001921
-001048
-001223
-001805
-001223
-000350
-000641
-001398
-000699
0000698
0001047
0001164
0002852
0004831
0004365
0002910
0003841
0005937
0006228
0004831
0002735
0000989
0000989
0002328
0003783
0004656
0004249
0002910
0001804
0000989
-000175
-001048
-000757
0000407
0002095
0003026
0001280
-001165
0000000
0002968
0003376
0002153
0002328
0002794
0000989
-001805
-002911
-002620
-002620
-002504
-001339
-000117
-000175
-001339
-002620
-003493
-003668
-002678
0000174
0003143
0003026
0002503
0008149
0014319
0010536
0001455
-002271
-000874
0001397
0003376
0003667
0002561
0001746
0001338
0000698
0000407
0001746
0002852
0000873
-002911
-005472
-006113
-005414
-003493
-000990
0001047
0001455
0000582
-000641
-001048
0001047
0003725
0003085
0000756
0000698
0002212
0003085
0003143
0002386
0001338
0000873
0001106
0002212
0002910
0001047
-001456
-000932
0001746
0004016
0005064
0004540
0003376
0003667
0005122
0006985
0007858
0005530
0001746
0000465
0000873
0000582
-000350
-001863
-002504
0000698
0004016
0001106
-006462
-014204
-019152
-019035
-014670
-009081
-004716
-004017
-005938
-006462
-006113
-007160
-008092
-006113
-002736
-001281
-001281
-000641
0000174
0000000
-000524
-000350
0000814
0003667
0006053
0003841
0000058
0000873
0004307
0005064
0004540
0007101
0010303
0009313
0006286
0005995
0007392
0007276
0005879
0004191
0002852
0002212
0002503
0003667
0005064
0005704
0005879
0006577
0007101
0005530
0003376
0003259
0004191
0003725
0001920
-000408
-002445
-002911
-002504
-003319
-004308
-003144
-001165
-001107
-002387
-003086
-003493
-004599
-005298
-003493
-000699
0000465
0000058
-001223
-001747
0001338
0005588
0006344
0004598
0004016
0004598
0005762
0007043
0008091
0008731
0009197
0009197
0008557
0007043
0004132
0001280
0000407
0001338
0002735
0003725
0003143
0002153
0003259
0005471
0006286
0005297
0002503
-000757
-002387
-002736
-003551
-004308
-003551
-002504
-003551
-005007
-003027
-000175
-001747
-005472
-006171
-004133
-001630
0000465
0000989
0000640
0001397
0002910
0004424
0005006
0003492
0000698
-001863
-003144
-002445
-000350
0001979
0003259
0002444
0000523
-000408
-000175
0000523
0001280
0001455
0001164
0001047
0001397
0002677
0003725
0002503
0000291
0000232
0000814
-001514
-004425
-003260
0000000
0000407
-000815
0000058
0001338
-000641
-004017
-005181
-004192
-002329
-000757
-001514
-002620
0000232
0004249
0003318
-000175
-000466
0001047
-000292
-002154
0000174
0004191
0004947
0002910
0000465
-001107
-000117
0001979
0002270
0000989
-000583
-001339
0000582
0002677
0000174
-004425
-006054
-004716
-002562
-000699
-000699
-002154
-003319
-003551
-002096
-000408
-000932
-002911
-004308
-004657
-003551
-003668
-010071
-018395
-020665
-017464
-013680
-009955
-006054
-002911
-000699
-000117
-001572
-003435
-002736
-000117
0002328
0003900
0003958
0003259
0003318
0004365
0006403
0008149
0007742
0005471
0002095
0000232
0003667
0008964
0009197
0005471
0002503
0000640
-000932
-001747
-001630
-000990
-000990
-001456
-001107
-001048
-002678
-005239
-007626
-008266
-005705
-001863
-000117
-000815
-003027
-005007
-004017
-001456
-000990
-001980
-002213
-001805
-001398
-000757
0000523
0001920
0002677
0002852
0003143
0002852
0000523
-002213
-002329
-000932
-001281
-001921
0000349
0003900
0005646
0005064
0002503
-000117
0000465
0002794
0003259
0002037
0000582
-000641
-001630
-001514
0000989
0003550
0001804
-002271
-004366
-004075
-001980
0000000
-001398
-004366
-004308
-002504
-002213
-002795
-002213
-001048
-000932
-000932
0000873
0003085
0003026
0001164
-000932
-002329
-002620
-001456
0000931
0003201
0003318
0001513
-001339
-003435
-002329
0000407
0001222
0000116
-001921
-003610
-002969
-000815
0000465
0001106
0002444
0003026
0000349
-003435
-004483
-002736
0000291
0002852
0002386
0000116
-000815
-000466
0000291
0000465
-001921
-004832
-004308
-001630
-000350
-000175
0000465
0001280
0001862
0001920
0000931
-000175
0000465
0001513
0000174
-002213
-002911
-001863
0000349
0002270
0002037
-000059
-002271
-003784
-003784
-002911
-002969
-003610
-004017
-003842
-002736
-000990
0000931
0002677
0004365
0004773
0001746
-001747
-000408
0003026
0002328
-000932
-002096
-001572
-001165
-001223
-001572
-002620
-004599
-006578
-007626
-006986
-004250
-001048
0000116
-000408
-001107
-000990
0001280
0003900
0003376
0000873
0000465
-000059
-005181
-012458
-016998
-017871
-015950
-011992
-007743
-003842
0000232
0002677
0001338
-001921
-003377
-002678
-000583
0001338
0000407
-001747
-001281
0000465
-000059
-001572
-000815
0001106
0001571
0001280
0002503
0003609
0001455
-001980
-002620
-001223
-000466
-000641
-002096
-003086
-000524
0002968
0002328
-000583
-000524
0001688
0003550
0004656
0005122
0004947
0004365
0003841
0003783
0004365
0005937
0007218
0006461
0004132
0001513
0000523
0003841
0008324
0007916
0003900
0000349
-001572
-000990
0000873
0001164
0000640
0002037
0003492
0001629
-001921
-003319
-002678
-001165
0000058
-001048
-002853
-001572
0000698
-000583
-003610
-003668
-002213
-003493
-005298
-002678
0001513
0001338
-001514
-002562
-001980
-000932
0000116
0000582
0000756
0001629
0002910
0004365
0005471
0005646
0005355
0005937
0006286
0004074
0001338
0001862
0004365
0005588
0005471
0005355
0004598
0002270
-000408
-001281
-000583
0000174
0000756
0001280
0001222
0000174
-001223
-001630
-001398
-001630
