0001804
-000292
-001863
0000232
0003259
0001746
-002678
-005938
-006637
-003435
0000523
-000466
-004017
-003784
-000815
0001571
0002561
0001688
0000116
0000756
0002095
0000174
-002387
0000058
0004540
0004424
0001804
0002037
0003725
0003143
0001164
0000582
0000756
-000641
-002213
-001514
0000116
-000292
-001572
-000932
0000465
-000524
-002154
-000757
0001920
0002328
0000582
-002154
-004308
-003959
-002038
-001048
-001514
-003260
-005181
-005181
-003610
-001747
-000059
0000989
0001746
0003026
0004540
0006286
0006985
0004831
0001979
0002619
0004889
0004074
0001746
0001571
0002852
0003550
0003667
0003609
0003434
0003609
0003434
0001688
-000583
-001514
-001281
-000757
-000641
-002038
-003726
-003784
-002329
-000292
0000756
-001398
-005065
-006637
-006520
-007568
-008034
-004657
-000175
0000465
-001747
-003551
-003610
-000350
0003434
0002444
-000932
-001339
0000640
0002095
0002910
0004074
0004191
0000756
-002736
-000233
0005704
0009139
0008789
0004831
-000117
-001339
0001047
0004947
0008033
0007392
0004074
0001397
0000174
0000756
0002444
0004074
0004365
0001746
-001223
0000116
0003725
0004656
0002677
-001048
-004832
-006229
-005123
-002678
-000466
-000524
-002213
-003493
-003610
-001863
0000349
0000058
-001572
-001281
-000175
-001281
-002387
0001047
0005413
0003550
-001048
-000117
0003609
0002677
-000524
-000233
0002037
0001804
0000582
0001920
0004482
0004831
0003667
0003259
0003201
0002561
0001629
0001047
0000989
0001222
0001571
0001455
0001455
0002794
0004249
0003725
0001979
0000698
0000407
0001280
0002153
0000407
-002213
-002213
-000524
0000116
0000116
0000931
0001688
0000465
-001281
-000466
0001397
0000582
-001747
-003144
-002795
-000175
0002794
0002444
0000465
0000814
0002677
0004074
0004132
0001804
-000524
0001629
0005530
0005122
0001979
0000698
0000640
-000524
-001921
-001747
-000583
0000174
0000465
0001106
0001862
0002619
0003201
0003492
0003550
0003725
0003550
0002212
0000349
-000699
-000757
-000233
0000814
0002561
0003725
0002037
0000000
0002561
0006868
0006752
0003259
-000292
-002213
-001048
0001746
0002794
0002619
0004132
0005180
0001804
-002736
-002329
0001397
0003434
0003667
0003783
0003201
0000698
-001689
-000466
0002561
0003434
0002328
0000814
-000815
-002329
-003202
-002562
-001572
-002795
-004366
-002387
0000931
0000756
-001339
-001107
0000523
0000814
0000582
0002095
0004249
0004889
0004074
0002270
0000407
-000524
-000466
0000058
0000407
-000641
-001572
0000349
0003667
0005238
0005180
0005180
0005064
0004598
0004132
0004191
0004365
0003318
0002619
0005530
0008848
0006286
0000756
-001339
-000350
0001106
0002270
0002619
0001397
-002154
-005705
-005647
-003260
-002038
-002504
-003959
-005938
-007451
-007510
-005298
-001921
0000523
0001222
-000059
-002154
-002795
-002213
-001572
-001165
-001456
-001805
-001281
-000175
0000407
0000873
0002386
0004132
0004889
0004424
0002968
0001164
0000116
-000233
-000990
-000932
0002619
0006519
0005355
0001338
0000407
0001455
0000814
-000583
-000874
-000408
-000233
-000292
-000117
0000116
0000465
0000698
0000698
0000582
0001047
0000931
-002329
-005996
-004832
-001281
-001572
-003493
-001339
0001746
-000757
-005705
-006345
-003377
-000059
0001920
0000582
-002213
-002736
-000583
0003434
0006927
0006403
0003492
0002735
0003667
0004132
0004365
0005413
0006053
0003609
0000698
0002386
0005937
0005471
0002270
0000698
0000058
-002096
-003901
-001980
0001804
0003259
0002852
0003143
0003259
0000756
-001747
0000407
0004540
0004307
0001455
0000873
0001513
0000291
-001514
-001281
-000059
-000524
-001747
-001456
-000524
-001048
-002154
-002096
-001398
-002038
-002853
-001689
0000698
0002328
0002735
0001513
-000175
0000058
0001280
0001047
0000349
0001629
0003376
0002735
0000349
-001980
-003027
-001223
0001920
0003492
0002910
0000291
-002387
-002213
0000058
0002037
0002561
0000640
-002504
-004541
-004541
-001747
0001746
0002095
0000407
0000116
0000756
0000873
0000349
-001165
-002678
-002911
-001980
-000699
0000756
0002561
0003550
0001804
-000641
0000291
0003026
0003434
0002619
0004016
0005588
0003318
-000699
-002038
-000932
0000931
0002270
0001455
-000699
-002213
-002271
-000524
0001338
0000291
-002795
-005414
-006637
-005938
-003959
-002329
-001689
-002445
-003551
-002620
-000990
-001689
-003377
-003202
-001398
0001222
0002561
-000815
-005822
-006520
-004192
-002911
-002795
-002911
-002504
0000116
0003376
0004365
0003609
0003259
0003492
0004132
0004773
0004947
0004307
0002619
0001222
0002153
0004656
0007101
0007451
0002852
-002911
-002678
0000931
0000756
-001339
-000408
0001746
0000989
-001630
-003493
-004075
-003842
-002969
-002154
-001747
-001980
-002562
-002329
-002213
-004075
-006811
-008150
-007743
-005647
-003319
-003319
-004599
-004308
-002620
-000292
0001455
0000465
-001514
-000874
0000756
-000874
-003551
-002562
0000523
0001804
0001513
0001106
0001164
0002561
0004191
0003609
0001862
0001397
0001688
0001280
0000465
0000000
-000059
0000116
0000582
0001746
0002503
0000523
-002154
-001398
0000989
0000232
-002445
-004308
-004716
-003377
-001107
0000582
0001106
0000058
-001747
-002911
-002853
-001456
0000174
-000117
-001165
-000233
0001629
0002095
0001513
0001222
0000698
-001805
-004250
-003260
-000059
0001920
0002386
0002386
0001571
-000466
-002038
-000292
0002735
0002270
-000175
-000874
-000408
-000874
-001339
0000582
0002968
0001455
-001339
0000640
0004482
0003725
0000407
-000408
0000756
0001629
0001862
0000873
-000583
-001281
-000699
0001920
0004598
0004365
0001979
-000350
-001863
-002504
-001921
0000174
0002212
0001397
-000466
0000582
0002968
0003085
0001338
-000233
-000874
0000232
0002037
0002270
0000989
-000874
-002562
-003086
-002504
-001630
-000292
0001862
0003609
0003143
0001571
0001571
0002270
0001164
-000874
-001863
-002154
-003027
-003726
-003144
-001863
-001572
-001398
0001222
0004249
0004132
0001571
-001223
-002271
0001397
0006228
0005180
0000698
-000932
0000291
0002735
0005238
0006403
0005471
0001804
-002038
-001980
0000814
0002852
0003725
0004074
0004074
0004482
0004947
0005006
0004016
0001047
-002154
-002911
-001514
0000349
0001222
-000874
-003959
-003901
-002329
-003726
-005938
-004250
-000583
0000407
-000583
-000175
-000117
-004017
-008790
-008790
-005181
-001805
0000582
0002619
0003259
0001455
-000583
0001629
0005413
0004715
0001979
0002910
0005937
0007159
0006170
0003085
0000232
0001746
0004947
0003841
0000640
0000756
0002968
0003609
0003085
0003318
0004016
0004424
0004249
0003143
0001862
0001513
0001455
-000292
-002387
-002154
-000583
-000292
-000350
0001920
0004249
0002153
-001980
-002911
-001805
-002445
-004192
-005414
-005589
-004366
-002969
-003959
-005822
-004948
-002504
-001223
-001339
-002445
-003493
-002969
-001398
-000524
0000174
0002270
0004715
0005821
0005180
0002619
0000000
0000000
0001862
0002677
0002444
0001571
0000814
0001688
0002735
0000873
-001630
-000175
0003026
0002910
0000523
-000874
-000641
0001746
0004307
0004016
0001106
-002969
-006171
-005996
-003493
-001921
-001456
-001281
-001630
-003319
-004308
-001339
0003201
0004773
0003318
0000465
-001980
-001281
0001280
0002212
0002037
0003143
0003900
0001106
-002620
-001921
0001455
0002619
0002328
0003434
0004773
0004016
0002328
0002037
0002968
0004307
0005122
0004365
0002968
0003201
0004249
0004016
0003143
0003026
0003376
0003259
0002735
0002386
0001746
-000233
-002154
-001630
0000698
0003026
0004016
0002270
-000641
-001281
-000233
-000117
-000350
0000698
0002037
0001862
0001106
0002095
0003550
0002677
0000814
0000873
0002386
0003667
0004482
0005064
0005355
0005530
0005122
0003318
0000640
-002038
-003377
-001514
0000873
-001805
-006404
-006054
-002271
-000117
0000873
0003085
0004773
0003201
-000175
-002271
-002329
-000641
0001571
0002212
0001338
-000059
-001048
-000466
0001164
0002212
0002328
0001571
0000582
0000407
0001222
0002444
0003667
0004132
0003667
0002386
0000989
0000349
0000232
-000175
-000757
-001223
-001048
0000232
0002444
0005413
0007043
0003841
-001107
-001456
0000698
-000466
-003027
-002271
0000291
0000989
0000407
0000989
0001629
0000291
-002154
-004250
-004425
-000350
0004482
0003958
-000117
-002329
-002445
-001747
-000874
-001223
-002096
-002154
-001630
-001514
-001223
0000756
0003026
0003201
0001455
-001223
-003086
-001747
0001804
0004424
0006053
0007974
0009022
0007509
0004773
0002910
0002968
0005937
0008848
0006228
0001222
0001746
0004540
0001746
-003319
-003319
-000408
-000408
-001863
-000408
0001571
-000699
-004832
-005589
-004541
-006520
-009372
-008907
-006171
-003959
-003086
-003784
-005065
-004948
-003959
-003668
-003551
-002154
-000815
-001921
-004192
-004774
-003726
-002387
-000641
0002270
0004598
0003434
0000756
0001164
0002910
0001164
-002096
-002795
-001107
0001338
0003026
0001688
-001048
-001456
-000292
0000291
0000291
0000291
0000465
0001164
0002153
0003085
0003376
0002037
0000291
-000117
0000931
0002677
0004249
0004540
0003492
0001746
-000117
-001165
-001572
-002096
-002795
-003842
-004599
-004133
-002911
-002096
-001165
0001455
0004074
0003550
0001280
0000349
0000291
-000757
-002096
-002736
-002213
-000175
0002153
0002619
0002037
0002910
0003492
-000175
-004890
-004541
-001107
0000058
-000350
0000465
0001513
0000349
-001514
-001223
0000291
0000640
-000117
-001165
-001980
-002154
-002154
-003260
-004308
-003027
-000175
0002852
0004191
0001513
-002620
-002795
-000350
0000291
0000232
0002212
0005238
0007742
0008498
0006286
0003318
0003550
0005704
0006053
0004773
0003550
0002270
0000523
-000874
-000583
0000582
0001047
0000523
-001048
-002329
-000932
0001280
0000582
-002038
-003668
-004017
-003901
-003144
-001863
-000932
-001863
-003493
-002620
-001398
-004541
-008790
-007510
-003551
-004192
-007044
-005822
-002504
-002096
-003319
-002445
-000990
-002678
-004774
-001863
0003026
0003026
0000465
0001106
0003725
0005064
0004656
0002095
-000641
0000058
0002503
0002212
0000465
0000756
0001804
0000407
-001863
-001514
0000058
-000408
-002271
-003377
-003551
-003260
-002678
-002096
-002096
-003668
-005763
-006462
-005996
-005239
-004599
-004483
-004948
-005938
-006054
-002969
0000873
0000989
-001921
-005589
-007917
-006287
-002620
-001456
-002154
-002096
-000990
0001397
0003725
0003725
0002212
0001455
0001455
0001047
0000640
0000523
0000931
0002095
0002968
0001106
-000990
0001338
0005297
0004831
0001513
-000350
-000292
0001280
0003318
0004249
0003841
0002910
0001746
0000698
0000407
0001804
0003376
0002328
0000058
-000292
0000873
0002095
0002153
-000874
-004192
-002620
0001338
0001920
-000466
-003377
-005472
-005589
-004075
-002562
-001572
-001165
-001223
-001048
-001048
-001689
-002504
-002736
-001805
0000582
0003259
0004249
0003841
0003667
0003434
0002735
0001222
-001747
-004541
-004774
-002853
-000641
0001222
0002386
0002444
0001397
-000233
-001689
-002038
-000059
0002503
0001979
-000408
-001339
-001630
-004017
-006345
-004890
-000932
0002561
0003900
0001106
-002620
-000990
0003550
0004831
0002852
-000641
-003842
-004133
-001921
0000698
0003259
0006053
0007858
0007567
0005355
0001979
-000699
0000174
0002561
0002270
0000407
0000349
0001688
0003026
0003783
0003900
0002794
-000466
-003435
-001921
0001571
0001047
-001747
-001980
-001165
-003202
-005996
-005414
-002853
-002271
-002853
-002387
-001398
-001339
-001921
-002096
-001980
-001921
-001339
0001047
0003783
0004482
0003259
0001164
-000408
-000175
0001979
0005704
0008906
0007974
0005122
0005588
0007451
0005821
0002270
-000117
-000524
0001280
0003376
0002328
-000757
-003027
-003435
-001456
0001106
0001106
-000990
-002795
-004192
-005880
-006928
-005996
-004425
-005356
-007219
-006520
-004192
-002795
-002329
-002038
-002154
-002678
-003493
-004716
-005239
-003435
-000815
-000699
-001921
-001572
0000174
0002386
0003900
0003318
0001688
0001629
0002677
0003143
0002794
0001746
0000232
-001339
-002096
-000990
0001222
0002968
0004016
0004656
0004715
0003900
0002619
0001513
0000698
-000117
-000175
0001862
0003841
0002386
-001398
-004716
-005880
-003377
0000407
0000989
-001107
-003668
-004832
-001980
0002212
0002444
-000117
-001107
-001339
-003726
-005822
-003493
0001164
0003609
0003783
0003318
0002794
0003667
0004365
0001455
-002271
-001339
0002503
0004889
0005238
0003958
0001920
0000291
0000000
0001746
0004424
0006577
0006694
0002968
-001572
-001339
0001804
0002619
0001804
0002037
0002561
0001513
-000117
0000058
0000698
-001398
-004017
-002620
0000465
-000117
-002736
-003144
-002154
-002445
-003144
-001921
-000292
-001398
-003610
-003319
-001165
0000523
0001397
0001338
0000698
0000465
0000814
0002153
0002794
0000116
-003784
-004599
-002736
-000059
0001920
0001513
-000641
-002853
-003610
-001223
0002212
0002677
0001047
0000349
0000349
-000408
-001048
0000465
0002386
0001222
-001339
-001747
-000815
-000874
-001572
-001630
-001630
-002620
-004366
-006345
-007160
-004832
-000699
0002561
0003667
0001688
-001281
-001398
0000291
0000232
-000292
0001804
0005006
0006577
0005937
0003434
0000116
-002736
-003551
-000874
0003259
0004889
0004307
0003841
0003201
0001338
-001107
-003784
-005181
-003144
0000232
0000291
-001514
-000990
0000756
0000523
-000408
0000873
0003026
0003376
0002386
0001746
0001280
0000640
-000292
-002038
-003610
-003202
-001863
-001747
-002620
-003377
-003435
-002038
0000407
0003259
0004947
0003783
0001455
0001629
0003085
0002444
0000931
0001513
0003259
0003958
0003900
0004715
0004889
0000814
-003610
-000932
0004598
0003609
-000874
-000641
0001862
0000232
-003086
-002562
0000000
0000116
-001689
-003202
-003959
-003726
-002853
-002329
-001747
0000058
0001688
0000756
-001572
-002795
-002795
-001747
-000815
-001805
-003668
-003901
-002504
0000000
0002386
0003318
0002794
0001804
0000698
-000292
-000874
-001048
-000408
0001629
0003783
0004016
0002852
0001862
0001629
0002561
0003841
0003900
0002852
0000989
-000641
-000524
0000582
0000698
0000291
0000756
0001222
0000116
-001921
-003901
-004425
-002038
0001455
0002444
0001397
0000640
0000349
0000407
0000058
-002213
-004890
-005065
-003260
-001630
-000699
-000815
-001398
-001048
-000059
0000465
0000582
0000698
0001164
0002328
0003492
0003318
0002153
0000698
-000292
0000174
0001455
0002386
0002561
0001920
0000989
0000582
0001047
0002561
0003900
0003085
0000814
-001339
-002853
-003959
-004425
-004017
-003086
-001980
-001165
-001223
-001398
-000292
0001688
0003667
0004132
0001164
-003435
-006287
-006753
-005298
-003202
-002504
-003086
-003668
-003784
-003027
-001630
-000292
0000291
-001048
-002329
0000465
0004540
0004365
0000873
-002445
-004308
-003551
-001048
0000698
0001280
0001047
0000232
-000408
-001572
-005065
-008383
-007451
-004017
-002736
-002853
-001398
0000582
0000931
0000174
-000233
0000000
0001338
0002794
0003201
0002095
-001165
-003959
-001921
0002328
0002270
-000117
0000582
0002328
0000058
-003493
-002736
0000756
0002444
0002444
0002153
0002095
0003492
0004598
0002153
-001747
-002504
-001223
-001630
-002562
-001281
0000814
0000989
-000059
-000350
0000232
0001920
0003201
0001280
-001747
-001572
0000116
-000932
-003377
-003959
-003377
-003901
-004832
-004366
-003319
-003435
-004192
-004774
-004599
-003319
-001747
-001398
-001456
0000407
0002328
0000640
-002504
-002504
-000466
0000349
-000175
-001805
-002795
-000175
0003725
0003900
0001688
0001455
0002270
0001629
0000291
0000349
0001455
0002561
0003434
0004831
0005180
0001920
-002329
-002445
-000408
-001398
-003959
-004774
-003842
-002154
-000932
-001805
-004017
-005880
-006404
-004948
-002853
-002562
-003784
-004890
-005822
-006928
-007510
-006345
-004308
-002736
-002096
-002271
-002445
-001223
0000523
0001222
0000814
-000757
-001281
0003376
0009022
0007916
0002677
0000291
0000523
0000407
0000814
0003725
0006577
0004773
0000582
-001223
-000524
0001047
0002910
0004249
0004365
0002852
0000814
0000873
0001629
0000000
-002678
-003842
-003435
-002387
-001980
-004890
-007801
-004250
0001688
0001222
-003260
-005123
-004483
-003551
-002387
-000641
0000640
-000292
-002213
-002969
-002154
0000174
0002910
0004132
0003609
0002270
0000756
-000175
0000000
0001804
0003958
0004540
0003841
0003318
0003085
0003318
0003259
0001455
-000932
-001921
-001456
-000292
0001106
0002328
0002619
0001280
-001165
-003610
-005239
-005589
-004774
-002969
-001339
-001572
-002445
-000932
0001164
0000407
-001980
-003260
-002853
-001107
0001047
0002037
0001338
-001572
-004541
-003959
-001165
0000058
0000407
0003085
0005297
0001746
-003668
-002911
0001164
0000698
-001921
-000408
0002619
0001397
-001863
-001630
0000465
-000233
-001980
-000990
0001513
0002735
0002444
0001106
-000583
-001747
-001747
-000350
0001746
0003259
0003318
0001688
-000990
-004017
-005763
-004425
-001630
-000874
-001456
-000874
-000059
-000583
-001863
-002445
-002329
-002213
-001572
0000873
0003376
0003085
0001629
0003259
0006112
0006228
0004482
0004424
0004132
-000757
-006404
-005647
-001398
-001281
-002969
-000350
0003958
0004132
0001804
0001513
0002561
0002794
0002095
0000232
-001281
0000407
0002561
-000175
-005356
-007626
-006928
-005298
-003027
-000059
0002153
0002328
0000873
-000815
-001572
-000350
0001862
0002968
0002561
0000931
-000524
0000349
0002619
0004249
0004540
0002852
0000873
0001688
0004482
0006985
0008440
0008440
0007683
0008265
0008615
0005413
0000989
0000058
0001455
0001164
-000175
-000524
-000350
-000874
-001048
0001629
0004482
0002561
-002154
-004948
-005181
-003377
-001048
-000466
-002096
-005298
-008208
-008266
-005880
-003144
-001339
-002154
-003726
-002096
0000989
0001222
-000408
-000932
-000408
0000582
0001455
0001164
0000582
0001280
0003085
0005588
0007334
0005704
0003026
0003725
0006868
0009604
0010186
0006810
0001280
-003086
-004541
-002096
0002386
0005006
0005355
0004656
0003376
0002328
0002095
0003376
0004482
0002095
-001456
-000990
0001513
0000989
-001048
-000699
0001047
0001455
0000756
-000117
-000932
-001456
-001456
-000757
0000000
-000466
-001630
-002154
-001980
-001339
-000175
0001629
0003259
0003318
0002386
0002503
0002910
0001629
-000233
-000641
0000407
0002095
0003900
0005355
0005762
0004831
0002794
0000116
-001514
0000582
0003783
0002735
-000466
-000466
0001571
0002212
0001513
-000233
-001689
-000874
0000931
0000465
-000932
-000059
0001804
0002037
0000756
-001048
-002096
-000292
0002619
0002852
0001746
0002968
0005122
0005006
0003201
0001979
0001106
-000466
-001747
-001223
0000465
0001804
0002619
0003609
0003492
-000466
-004890
-003551
0000465
-000292
-003377
-002562
0000116
-000932
-003493
-002736
-000466
-000757
-002736
-003726
-003726
-003493
-003260
-004017
-004425
-001805
0001397
0000116
-003202
-002504
0000349
0000582
-001048
-002271
-002445
-000932
0001455
0003026
0003201
0001688
0000407
0002910
0006636
0005646
0002561
0003201
0006519
0009313
0010186
0007567
0003492
0001804
0002503
0004249
0005471
0003900
0001164
0001222
0002735
0001862
-000292
-001048
-000990
-001863
-003086
-003144
-002620
-002911
-003260
-002096
-000466
-000233
-001281
-002911
-004425
-004832
-004250
-003493
-002562
-001048
0000058
-001107
-002562
-000175
0003725
0004249
0002212
0000582
0000000
0000523
0002095
0004249
0005646
0004656
0002328
0001222
0001280
0001688
0002153
0002677
0002852
0002444
0001920
0002270
0002561
0000232
-002271
-000292
0003958
0005297
0004715
0006344
0007916
0004598
-000699
-002038
-001048
-002795
-005822
-006753
-006113
-005705
-005472
-004890
-003610
-000815
0001920
0001920
-000117
-001514
-002387
-003610
-004599
-004425
-003260
-001398
0000116
0000116
-000932
-001747
-002271
-002678
-002853
-002329
-001630
-002213
-002445
0000989
0005530
0006403
0004598
0003492
0003376
0003783
0003841
0001338
-001747
-001747
0000349
0001746
0001920
0000873
-000815
-002038
-003086
-005239
-007219
-006811
-005239
-005589
-005996
-001689
0003434
0001746
-003027
-002445
0001164
0001397
-000757
-002038
-001921
-000175
0001862
0001222
-000583
0000116
0002037
0002153
0001106
0000407
0000640
0002212
0003725
0002794
0000232
-001572
-002329
-002213
-001456
-000466
0000232
0000174
-000932
-003668
-005880
-003901
0000000
0001047
-000699
-003551
-005996
-006287
-004425
-001165
0001106
-001339
-005007
-002504
0002386
0000814
-004192
-005123
-002736
-000175
0001513
0000931
-000699
-000757
0000349
0000814
0000814
0001280
0001513
0000174
-001048
0001280
0004947
0005530
0003492
0000989
-000757
0000000
0001629
0000349
-001630
0000698
0004598
0004249
0001106
-000350
-000699
-002329
-004250
-004716
-003842
-002154
-000990
-002329
-004774
-005065
-004075
-004133
-004541
-002969
-001165
-002213
-004425
-003784
-001980
-003144
-005414
-005239
-003027
-000117
0001746
0000349
-002562
-003027
-001689
-000524
-000583
-003784
-006637
-002736
0003841
0004773
0001397
-001165
-001980
-000292
0002212
0001920
0000232
0000931
0002386
0001338
-001165
-002795
-002678
-000292
0002910
0004307
0003900
0003201
0001979
-000292
-002969
-005531
-006695
-005007
-001980
-000699
-000990
-001456
-001747
-002038
-001863
-000757
0000582
0000931
0000407
-000408
-001398
-002504
-003144
-002271
-000350
0001455
0002910
0004249
0004773
0004191
0002735
0000931
0000116
0002095
0005588
0007742
0008091
0007392
0005821
0003492
0001280
0000116
-000233
-000874
-001689
-002154
-002271
-001921
-001456
-001339
-001805
-003144
-004483
-004832
-003901
-001980
-000350
-001048
-002969
-003086
-002504
-004017
-006345
-006462
-005647
-006753
-008441
-007684
-005472
-004599
-004774
-005123
-004948
-003027
-000641
-000175
-000990
-001514
-001339
-000117
0001338
0001164
0000465
0001862
0003667
0002444
-000350
-001630
-001339
-000815
0000058
0001920
0003259
0001338
-001747
-001863
-000292
-001048
-002504
-001048
0001571
0001513
-000466
-001863
-002213
-001456
-000408
-000466
-001165
-000524
0000174
-001805
-004483
-003726
-001048
-000350
-000641
0001397
0003958
0003492
0001280
0000523
0001164
0001979
0002503
0002270
0001397
0000000
-000757
0000756
0003026
0003143
0001629
0000000
-000932
-000466
0000523
0000174
-000641
0000465
0002386
0003026
0002503
0001688
0000698
-000466
-000815
0001222
0003609
0002037
-001223
-000815
0001455
0001280
-000350
-000408
0000698
0001979
0002444
0000756
-001572
-001281
0000407
0000232
-001048
-001339
-000815
0000000
0000814
0000989
0001047
0001920
0003259
0004482
0004598
0001862
-001223
0000000
0003609
0005006
0004132
0002095
0000000
-000292
0000407
0000058
-000815
-000466
0000174
-000350
-001514
-001980
-001805
-001456
-001456
-002678
-004366
-005007
-004890
-004657
-004425
-004250
-003959
-003202
-002387
-002387
-002620
-001805
-000524
-000292
-000466
0000407
0001746
0002212
0002095
0002153
0002328
0002095
0002270
0003958
0006228
0007276
0006228
0001979
-002445
-001980
0001629
0003376
0003201
0002561
0001746
0001397
0001513
0001920
0002270
0002212
0001338
-001281
-003551
-001572
0001571
-000757
-005822
-007393
-005822
-003959
-002562
-002329
-003027
-003668
-004075
-004890
-004832
-001689
0002386
0003609
0001979
-001107
-003784
-003551
-001339
-000408
-000175
0001222
0002968
0003143
0002386
0002095
0002095
0001571
0001338
0003201
0005471
0004773
0002735
0003085
0004482
0003609
0001688
0001571
0002561
0002735
0002270
0002037
0001804
0001106
0000465
0000698
0001164
0000698
-000408
-001398
-001456
0000756
0003376
0002968
0000698
-000292
-000117
-000233
-000350
0000349
0001164
0000814
0000174
0001047
0002153
0000407
-002445
-003086
-002038
-001630
-001747
-001921
-001863
-001223
-000699
-001747
-003784
-005239
-005531
-004657
-002678
0000232
0002386
0001629
-000932
-002562
-002678
-001165
0000698
0000349
-000815
0000407
0002619
0002794
0001280
-000466
-001689
-001223
0000174
0000931
0000698
-000233
-001514
-002387
-002678
-002504
-001805
-000175
0001164
0000174
-002038
-002445
-001921
-002795
-003610
-001398
0002037
0003026
0002153
0001920
0002212
0002212
0001920
0001338
0000814
0000989
0001455
0001280
0000814
0000931
0001222
0000814
0000291
0000931
0001164
-002154
-006404
-006695
-004192
-003086
-002795
-000932
0000814
-000059
-002562
-004308
-004716
-003842
-002969
-004948
-007393
-005996
-001980
0001513
0003085
0001979
-000466
-001572
-000932
0001047
0003259
0004365
0003958
0002328
0000814
0001397
0003434
0005064
0006170
0007567
0007858
0004831
0000582
-001281
-000699
0001047
0002910
0003958
0003667
0002095
0000058
-001048
-000815
0000873
0002852
0003434
0001862
-002620
-007160
-007160
-004308
-003027
-003610
-005181
-006753
-006811
-005822
-005647
-005531
-003260
-000932
-002154
-005007
-005239
-003377
-002096
-000757
0002677
0005588
0003376
-000874
-000874
0002037
0003958
0004482
0004598
0003725
0000814
-002038
-001689
0000873
0002561
0002968
0002153
0001106
0001688
0002852
0001862
-000059
-000233
0000523
0000058
-000990
-001165
-000583
0000465
0001106
0000756
-000874
-003784
-006054
-004599
-001223
0000116
-000466
-001048
-001165
-000350
0000931
0001047
0000640
0000931
0001629
0001920
0001571
0000814
-000350
-002271
-003319
-000874
0002677
0002503
0000000
-001107
-000874
-000466
-000059
0000058
0000174
0001688
0002910
0000698
-002562
-001980
0000640
-000059
-001805
0000698
0004540
0003725
0000291
-000583
0000698
0001979
0002270
0000349
-002504
-003377
-002678
-001921
-001456
-001398
-001805
-002620
-003610
-005239
-005996
-003842
-000350
0001397
0001397
0000989
0000582
0001047
0001688
0001222
0000232
0000291
0001164
0002503
0003376
0002910
0001397
-000117
-001048
-000815
-000233
-001281
-002678
-001165
0000989
-000583
-003959
-004366
-002504
-000699
0000407
0000349
-000757
-002154
-003202
-002911
-001398
0001164
0002677
0000000
-004366
-005298
-003668
-003260
-003668
-003319
-002213
0000116
0002037
0000931
-001747
-002911
-002445
-000874
0000407
-001107
-003319
-002154
0001222
0003550
0004307
0003667
0002386
0002153
0002328
0001047
-000874
-001689
-001456
-001048
-000641
-000699
-000932
-000524
0000000
-000408
-001630
-003551
-004657
-002736
0000000
-001107
-004192
-004890
-003493
-002038
-001223
-001339
-002736
-005822
-007975
-004774
0000465
0001222
-001630
-004716
-006578
-005938
-003493
-000757
0000582
-001281
-004308
-004192
-001572
0001222
0002968
0002561
0000640
-000699
-001281
-001863
-001805
-000059
0002270
0003259
0003085
0003085
0002677
0000465
-001805
-001107
0000989
0000698
-000990
-001456
-000990
-000350
-000641
-003668
-007219
-007277
-004308
-000292
0002212
-000583
-005531
-005938
-003784
-005298
-008092
-006869
-003144
-000408
0000232
-001805
-004890
-005996
-004948
-002853
-000641
0000582
0000465
-000641
-001921
-001980
-000874
0000814
0002328
0002561
0001862
0001455
0001338
0001455
0001397
0000698
0000058
0001222
0002619
0001222
-001223
-000815
0000989
0000465
-001281
-001281
-000583
-001630
-003493
-003901
-003668
-004774
-006229
-006287
-005298
-004599
-004250
-004541
-004890
-004250
-003260
-003027
-003668
-005356
-006637
-005065
-001805
0000174
0000640
0000291
-000757
-002562
-003435
-000990
0002968
0004365
0003609
0003318
0002735
-000292
-002911
-000233
0004831
0005937
0004191
0003900
0004482
0004365
0003667
0002910
0001804
-000641
-002853
-001980
0000582
0001455
0001106
0001338
0001629
0000174
-001281
0000698
0003434
0001164
-003144
-003377
-000699
0001047
0001222
0000058
-001514
-001281
0000000
0000349
0000174
0000698
0001164
-000117
-001747
-000990
0001106
0001688
0001222
0001338
0001862
0002677
0002852
0000873
-001339
-000117
0002386
0000989
-001863
-000350
0002910
0002212
-000932
-002678
-002795
-001572
-000350
-001223
-002969
-002329
-000524
-000524
-001456
-001339
-000350
0000873
0001804
0001920
0001397
0001513
0001455
-000524
-002562
-001572
0001222
0002735
0002794
0002212
0001513
0001862
0002677
0002386
0002037
0003783
0006053
0006053
0004365
0003201
0002677
0002212
0001862
0001629
0001338
0000640
-000175
-000641
-000874
-001456
-001514
0000756
0003085
0001280
-002736
-004832
-004308
-001165
0002270
0001513
-001281
-000641
0001280
-001223
-005239
-004890
-001921
-001048
-002038
-003260
-004192
-004541
-003901
-001863
0000582
0001920
0002328
0003085
0003841
0004016
0003434
0001862
0000523
0001571
0003725
0003958
0002968
0002735
0003026
0002735
0002619
0004016
0005530
0004482
0002095
0001513
0001862
0000756
-000815
-000524
0000756
0000698
-000466
-001805
-002911
-003260
-003319
-004366
-005647
-005472
-004308
-003377
-002853
-002911
-002911
-001281
0000291
-001281
-004017
-003842
-001572
0000000
0000349
-000815
-001572
0001746
0006461
0007101
0004947
0004249
0004424
0003492
0002386
0002910
0004191
0003900
0003026
0004016
0005471
0004016
0001397
0001338
0003026
0004132
0004424
0004598
0003958
0000931
-001863
-000292
0003550
0004831
0003667
0002153
0000291
-002387
-004133
-002445
0000523
0000116
-001747
0000116
0003026
0001280
-002678
-003144
-001165
-000350
-000466
-000466
-000059
0001455
0003259
0003958
0004016
0005180
0006286
0005122
0003318
0004598
0007159
0006752
0004249
0001804
0000756
0002561
0005180
0004540
0001746
0000000
-000350
-000175
0000756
0002852
0004482
0003085
-000117
-002678
-003551
-002213
-000059
0000232
-000815
-000815
-000757
-002853
-005414
-005356
-003027
0000116
0002561
0002735
0000756
-002329
-004832
-005123
-003377
-000583
0001629
0000756
-000932
0001513
0005646
0006519
0004191
0000407
-002562
-001689
0001804
0004424
0004831
0001862
-001805
-000466
0002444
-000874
-006986
-008325
-005589
-002504
-000117
0000407
-000350
-000757
-000466
0000523
0001571
0001397
0000116
-001689
-003493
-005123
-005472
-003086
0000232
0000931
-000117
-000059
0000465
-000175
-001456
-002445
-002562
-001281
0001047
0003783
0005471
0004307
0001338
-001805
-002795
0000931
0006461
0007916
0005762
0003143
0000756
-001223
-001572
0000931
0004016
0003376
0000523
-000466
0000116
0000756
0001280
0001804
0002153
0002561
0002270
-000059
-003202
-004774
-004948
-005414
-005647
-005181
-003959
-001980
-000699
-002562
-005589
-005880
-004308
-003784
-004133
-004483
-004541
-003668
-001980
0000465
0002619
0002968
0002095
0001397
0001746
0004482
0007509
0007334
0004424
0000407
-002271
-000175
0004191
0005006
0003318
0002735
0002910
0002270
0001397
0001338
0001804
0002153
0002153
0001397
0000116
-001514
-002562
-001572
0000349
0000582
-000583
-001747
-003202
-005996
-008441
-007684
-005239
-004599
-005414
-005996
-006054
-005065
-004075
-005181
-006520
-003726
0000349
-000233
-002736
-000175
0004132
0002794
-001339
-001223
0001688
0002910
0002677
0002386
0002212
0002794
0002852
-000059
-003435
-002620
0000582
0001629
0001047
0001629
0002677
0002794
0002444
0002968
0003492
0002328
0000640
0000640
0001920
0003318
0003492
0000873
-002853
-004599
-004250
-002853
-001339
-000815
-001281
-001805
-002038
-001747
-001398
-001980
-002736
-001747
-000175
-000117
-001281
-002213
-002271
-001107
0000931
0003085
0004249
0003085
0000873
0000291
0001280
0002735
0003667
0002677
0000349
-001572
-002504
-002445
-001863
-002038
-002678
-003027
-003086
-003260
-003260
-002562
-001921
-002736
-003959
-003086
-001514
-002329
-004308
-004541
-003784
-004250
-005065
-004366
-002853
-002038
-001805
-001048
-000117
0000756
0000989
0000291
-001107
-002969
-003842
-001805
0001804
0004074
0004365
0003201
0001222
-000350
-001048
-000874
0000058
0001280
0002212
0001979
0001164
0001455
0002270
0002677
0001746
-002271
-006345
-005181
-000874
0001513
0001571
0000931
-000757
-004308
-007626
-007335
-005123
-005472
-006986
-006229
-003784
-001165
0000523
-000175
-001863
-001339
0000349
-000233
-001514
0000058
0002735
0002735
0001047
0000291
0000582
0001106
0002095
0004132
0005879
0005355
0002910
-000641
-003202
-002213
0001047
0003085
0003492
0002677
0001164
-000175
-000641
0000174
0001455
0001979
0001688
0001397
0000640
-001689
-003842
-002911
-000466
0000291
-000583
-001689
-002504
-002096
-001223
-001689
-003260
-005123
-005938
-003610
-000117
0000174
-001572
-001805
-001456
-003144
-005356
-005298
-003086
-000059
0002794
0004482
0004831
0004540
0004016
0003609
0003318
0002386
0001338
0000698
0000931
0002503
0004307
0004424
0003085
0001513
0000349
0000582
0001338
0000814
-000350
-000641
-000117
0000582
0000873
-000350
-001921
-001223
-000175
-003377
-007568
-006462
-001980
0001106
0001688
-000408
-003202
-002911
-000990
-001165
-002795
-003784
-003551
-001398
0001106
0001047
-000641
-001398
-001165
-000699
0000174
0001979
0003609
0003434
0002444
0003143
0004598
0004191
0002968
0003026
0003841
0003958
0003201
0001571
-000117
-000175
0000465
-000292
-001572
-001281
0000000
0001047
0001629
0001920
0001280
-001281
-003842
-002678
-000233
-002154
-005763
-005705
-002445
0001862
0004715
0002444
-002154
-002678
-000524
-000874
-001805
0000931
0004132
0001280
-003959
-004133
-000408
0002910
0004598
0004132
0002270
0001164
0000814
0000349
0000640
0003725
0006636
0004132
-001048
-002969
-001689
0000756
0003085
0003609
0002386
0000465
-001398
-002678
-002387
0000989
0004947
0005413
0003026
0000116
-001747
-000699
0001804
0002386
0001571
0001397
0001571
0000931
-000350
-001572
-002795
-004366
-005181
-003610
-000641
0001338
0002095
0002328
0002037
0001164
0000873
0003259
0006461
0007043
0005355
0003026
0000989
0000058
0000116
0000407
0000465
0000058
-000699
-001223
-001339
-000874
0000058
0001164
0001804
0001222
-000292
-001747
-002853
-003551
-004133
-005239
-005880
-004425
-001863
-000466
-000292
-000699
-001165
-000874
0000000
0000407
0000465
0000232
0000698
0003434
0006694
0007218
0005937
0005704
0005821
0004365
0002852
0003958
0006461
0007451
0006810
0005530
0003783
0001804
0000349
0000291
0001164
0001571
0001862
0003085
0003958
0002037
-001339
-003377
-003668
-002736
-001165
0000232
0000814
0000058
-000990
-000059
0001338
0000291
-002271
-003959
-004483
-004541
-004250
-004250
-003784
-001514
0001106
0001397
0000000
-001339
-001980
-001398
-000350
-000641
-001165
0000582
0003026
0002794
0001106
0001106
0001979
0001164
0000116
0001513
0003900
0004016
0002619
0002328
0002503
0001106
0000000
0002386
0005995
0005995
0003725
0003026
0003434
0003143
0002444
0001979
0001920
0002619
0003201
0002095
0000232
-000059
0000465
-000175
-001398
-001572
-001223
-001572
-002504
-003842
-004774
-004133
-002504
-001398
-000757
0000523
0001629
0001222
0000407
0001571
0003550
0004074
0003201
0001746
0000756
0001804
0003667
0003492
0001804
0000756
-000059
-001805
-003319
-002329
-000059
0000756
0000349
-000524
-000699
0001571
0004307
0003900
0001571
0000407
0000640
0001338
0002503
0004773
0005530
0000698
-005938
-007451
-004366
-000117
0003085
0002212
-000932
-002387
-001572
0000931
0003201
0001920
-001107
-001630
-000117
0001280
0002328
0003085
0003085
0001746
-000117
-001281
-001165
0001047
0003318
0002444
-000292
-001514
-000874
0001106
0003376
0004249
0003667
0002735
0001397
-000233
-001863
-003842
-004657
-002096
0001629
0002328
0000814
-000059
-000059
0000523
0000989
-000233
-002213
-003260
-003086
-002096
-000641
0000698
0001629
0002095
0002037
0001513
0000756
-000059
-000292
0001164
0002968
0002561
0001629
0004191
0007625
0006810
0003376
0001688
0001688
0001629
0001979
0003841
0005762
0005006
0003318
0004540
0006344
0003900
-000583
-002387
-001747
-000757
-000233
-001398
-003260
-004192
-003959
-002853
-001514
-000990
-001107
-000641
-000524
-002795
-005647
-005880
-004308
-003610
-003551
-002678
-001921
-003086
-004832
-004250
-002154
-000583
0000000
-000641
-001398
0000058
0002910
0005530
0006577
0004365
0000989
0000232
0001862
0004424
0006403
0006286
0004191
0000989
-001456
-000408
0002852
0005297
0005937
0004074
0001455
0001688
0003143
0001746
-000641
0000407
0002503
0000232
-004017
-004948
-003319
-001863
-001223
-001921
-002969
-002038
-000583
-001339
-003377
-004192
-003901
-003610
-003435
-003086
-002969
-003610
-004366
-004657
-003668
-000350
0003201
0003318
0001280
0001047
0001571
0000232
-001863
-002736
-002213
-001165
0000523
0003550
0006053
0005297
0002619
0001222
0000931
0000116
-000466
0000465
0001629
0000873
-001107
-002387
-002620
-002038
-001107
-000815
-001223
-001921
-002329
-001572
0000000
0001746
0002910
0002794
0001455
-000524
-002271
-002387
-001398
-000815
-000990
-001747
-003144
-005298
-006637
-005181
-001980
0000989
0002153
0000000
-003377
-003610
-002154
-003027
-004599
-003086
-000233
0000349
-000524
0000058
0001397
0001920
0001746
0001920
0001862
0000116
-001630
0000174
0003201
0002328
-000699
-001107
-000583
-003610
-006986
-004250
0001106
0001397
-001689
-002853
-002504
-003027
-003668
-002911
-001630
-001630
-002271
-001980
-000932
0000058
0001047
0002153
0002619
0001047
-001456
-003435
-003551
-000408
0003783
0005064
0003667
0001397
-000815
-002271
-002445
-001456
0000116
0001338
0001338
-000757
-003551
-004948
-004541
-002853
-001165
-001863
-003086
-000699
0002444
0000291
-004657
-007160
-006520
-003784
-000583
0000174
-001165
-002387
-002969
-002096
-001048
-002213
-003901
-002096
0001106
0001338
-000233
-000583
0000582
0003492
0006112
0005355
0002444
0001047
0000873
0000232
-000350
0000116
0001455
0003434
0004831
0004132
0001571
-002154
-004832
-003377
0000058
0000232
-001747
-002213
-001630
-002213
-002853
-001689
-000117
-001107
-003551
-005123
-005647
-005938
-005763
-005065
-004017
-002795
-001747
-001223
-001165
-001339
-001572
-001339
-001223
-002562
-003784
-001921
0001513
0003259
0003434
0003492
0003550
0003667
0004074
0005471
0006577
0004947
0002153
0001455
0002328
0003143
0003318
0002212
0000931
0001746
0003550
0003434
0002503
0003609
0004889
0002444
-001339
-001048
0001106
-000175
-002969
-002445
-000583
-002387
-005589
-005123
-002562
-002387
-003610
-003377
-002911
-005007
-007743
-007219
-004599
-002736
-002271
-003319
-004716
-004250
-002562
-001863
-001456
0000756
0003143
0002910
0001047
0000407
0000814
0001047
0001338
0001920
0002852
0004482
0005238
0001920
-002271
-001223
0002735
0003609
0001862
-000175
-001921
-003144
-003202
-001630
0000291
0000407
-000524
-000350
0000407
0000116
-000524
-000524
0000058
0000640
0000698
-000757
-002504
-002096
-000641
-000932
-002154
-002504
-001863
-000350
0000640
-001223
-003784
-002562
0000640
0001338
0000523
0001455
0002968
0002910
0001688
0001164
0000640
-001805
-004366
-004133
-002329
-002038
-003319
-005705
-007044
-003493
0001688
0001862
-001223
-002445
-001805
-000059
0001222
-000408
-003144
-003086
-001165
-000583
-000757
0000349
0001804
0001920
0000814
-000874
-002329
-002271
-001630
-002445
-003668
-002620
-000292
0001280
0002095
0002910
0003667
0004482
0004947
0004656
0004132
0005064
0005821
0003434
0000000
-000583
0001047
0002503
0002677
0000174
-002853
-002620
-000233
0000873
0000349
-001572
-003493
-003319
-001514
0000000
0000349
-000990
-003377
-005181
-005705
-004774
-003086
-002213
-001805
-000408
0000756
-000408
-002504
-002562
-001689
-002911
-004774
-004425
-002387
-000059
0001571
0001688
0000931
0001338
0002037
0000523
-001048
0001920
0006170
0005122
0001338
0001280
0003376
0003026
0001455
0001979
0003085
0001455
-001398
-002096
-001281
-000990
-001398
-002213
-002795
-001572
0000174
-000117
-001514
-001398
-000932
-003027
-006171
-007160
-006404
-005705
-005007
-004192
-003144
-001398
-000466
-003086
-006811
-007219
-004716
-001514
0000407
-001514
-005123
-006113
-004250
-000757
0002735
0003841
0002968
0002328
0001746
0000465
-000641
-000059
0001047
0000291
-000874
0001280
0004482
0004424
0002328
0002153
0003376
0004482
0005122
0005530
0004831
0001862
-001689
-002853
-001980
-000932
-000292
-000641
-001921
-003726
-004890
-004133
-001747
0001513
0003725
0002095
-001456
-003144
-002678
-000990
0000989
0002037
0001804
0000931
-000175
-000583
-000350
0000058
0000465
0000756
0001047
0001746
0002386
0002677
0002444
0001629
0000814
0001047
0001571
0000814
-001107
-004192
-006054
-002911
0002328
0003318
0001746
0003143
0005006
0001979
-002736
-002329
0001222
0002794
0001920
-000292
-003027
-005239
-005996
-005356
-003144
0001222
0004540
0001746
-003784
-004716
-001921
0000523
0001804
0001571
0000058
-001747
-003027
-002853
-001863
-002329
-002736
0000174
0003958
0004074
0002095
0002619
0003900
0002037
-001805
-005298
-006637
-003901
0000465
0001513
0000174
0000174
0000349
-002096
-004948
-004017
-000932
0000116
-000350
0000291
0001164
0000058
-001747
-002096
-001165
0000407
0001280
-000583
-003144
-002620
-000233
0000698
0000174
-000641
-001630
-002969
-003959
-003901
-002678
-000059
0002153
0001455
-000641
-000059
0001804
0001571
0000640
0002561
0005064
0003201
-000175
0001047
0005006
0007334
0007625
0007159
0005704
0002677
-000233
-000059
0001280
-000815
-004017
-003319
-000583
-000233
-001223
-000524
0001106
0002037
0001746
-000233
-002795
-003842
-003726
-003784
-004133
-004483
-004483
-003260
-001339
0000582
0001629
0000756
-001107
-002213
-001514
0002212
0005995
0004715
0000640
-000874
0000640
0004424
0007916
0007392
0004249
0002735
0002735
0002444
0002037
0001513
0001280
0002212
0003085
0001746
-000524
-000641
0000873
0002503
0003085
0001280
-001747
-003668
-004250
-004366
-004075
-003726
-003144
-001398
-000233
-002213
-005880
-008150
-008034
-005356
-001921
-000699
-002096
-005822
-008965
-007160
-001863
0003201
0005180
0000640
-005822
-005531
-000350
0003318
0005122
0006228
0006577
0006752
0006053
0002677
-000990
-000990
0001513
0002910
0003318
0004249
0004831
0003841
0002095
0001222
0001979
0005297
0008557
0007392
0003143
-000583
-002620
-002620
-001398
-001281
-001980
-002096
-001980
-002096
-002329
-002329
-002445
-003610
-004774
-004250
-002678
-001456
-001398
-003260
-005123
-003086
0000640
0001338
0000058
0000291
0001455
0001920
0001688
0001280
0000523
-001107
-002329
-001165
0001047
0001455
0000291
-001048
-001921
-001514
-000350
0000349
0000058
-001514
-003086
-002445
-000408
0000814
0001106
0001106
0000756
-000175
-000874
-000350
0001164
0002910
0004191
0004016
0003085
0002619
0002503
0001920
0001164
0000756
0000640
0000465
0000000
-001398
-002911
-003027
-002504
-003842
-005007
-001689
0002735
0001920
-002096
-003610
-002853
-001805
-001223
-002562
-004541
-004716
-003202
-000699
0000640
-002853
-007160
-004017
0002444
0002968
-000815
-003493
-004308
-003202
-001281
-001281
-002620
-003319
-003610
-004483
-005414
-005880
-005705
-005298
-004425
-002911
-001281
-000117
-000175
-002387
-004774
-003726
-000932
-000699
-001747
-000583
0001688
0002328
0001746
0001688
0001862
0001804
0000989
-001398
-003435
-001398
0002444
0003550
0002270
0001106
0000232
-000524
-000815
-000583
0000174
0001804
0002852
0000989
-001921
-002038
-000292
0000232
-000408
-001165
-002213
-004017
-005356
-004308
-001805
0000291
0000873
-001223
-003959
-003435
-001165
-001048
-002271
-001980
-001107
-002213
-003610
-001689
0001455
0001804
0000291
0000058
0000756
0000756
0000989
0003492
0006519
0006752
0005064
0003958
0003783
0004773
0005588
0003609
0000465
-000466
0000349
0001106
0000989
-001456
-004308
-004017
-001514
0000582
0001688
0001629
0000931
0000989
0000756
-002096
-005239
-004192
-001048
-000757
-002329
-002504
-001805
-001514
-002096
-004133
-006113
-005356
-003551
-004599
-006695
-005763
-002853
-000408
0000407
-001398
-004075
-003842
-002329
-003784
-005938
-004017
-000059
0001106
0000349
0000407
0001338
0002852
0004191
0004132
0002677
0000407
-001165
-000059
0002735
0004482
0005064
0006053
0006112
0003143
-000641
-001339
0000000
-000175
-001281
-001747
-001747
-001980
-002445
-003202
-003435
-001514
0000698
-000815
-003377
-001048
0003434
0003900
0001455
-000350
-000641
0001164
0003318
0002386
-000350
-002271
-002038
0002037
0006519
0005355
0001164
0000465
0002270
0002794
0002212
0001862
0001164
-001165
-003668
-004192
-002969
-001398
0000000
0000873
0001222
0001862
0002095
0000814
-001048
-001689
-001572
-002445
-003319
-002154
-000233
-000292
-001398
-001514
-000175
0003376
0006286
0003725
-000990
-000350
0003201
0002968
0000698
0001106
0002852
0002794
0001688
0001338
0002095
0004249
0006286
0006170
0004424
0002619
0001629
0002153
0003201
0002794
0001397
0000523
0000291
0000291
0000523
0000582
0000349
-000350
-001630
-003842
-005298
-003027
0000291
-000699
-004250
-005531
-004832
-003784
-002969
-002969
-003377
-003027
-001921
0000116
0001862
0001455
-000583
-002795
-004017
-002911
-000466
0000989
0001688
0002852
0004191
0005122
0005413
0004947
0003958
0003026
0002561
0003085
0003900
0003958
0003143
0001222
0000116
0003085
0007043
0005821
0001688
0000465
0001222
0000349
-000699
0001338
0004016
0002968
-000641
-003726
-005065
-004075
-001921
-000874
-001165
-002271
-003144
-001921
0000407
0001280
0001164
0001688
0002095
0000814
-001107
-001980
-001805
-001689
-001398
-000641
0000174
0000465
0000523
0000873
0001804
0003550
0005297
0005879
0005355
0004249
0003143
0002910
0003143
0002794
0002270
0002677
0002968
0000989
-001514
-001048
0001222
0002270
0001979
0001047
0000349
0001629
0003783
0004889
0004540
0003376
0001338
-001805
-004308
-003901
-001514
0000291
0000640
-000932
-003086
-003319
-002038
-000874
-000233
0000058
-000292
-001572
-002911
-003319
-002504
-000408
0001513
0001280
-000292
-000757
-000292
0000523
0000931
-000408
-001863
0000000
0003434
0004540
0003958
0004074
0004773
0005879
0006228
0004132
0001571
0002386
0005122
0006286
0005238
0001746
-001921
-001980
0000058
0000058
-001281
-001689
-000815
0001629
0003900
0002910
0000232
-000757
-000583
-001514
-002387
-000699
0002153
0003667
0003259
0000931
-001689
-002213
-000757
0001164
0002852
0003783
0003667
0002619
0001280
0000640
0000873
0001629
0002444
0002794
0002561
0001862
0001571
0003841
0005704
0001746
-004075
-003260
0001106
0001106
-001514
-001398
0000058
-000583
-002445
-003377
-003493
-004308
-004483
-001572
0002095
0001979
0000000
0000989
0003318
0003434
0001804
0000291
-000815
-001921
-001980
0001106
0004424
0002270
-001747
0000116
0005355
0007567
0007159
0007392
0007043
0003550
-000583
-000990
0001513
0003841
0004947
0004307
0002561
0001629
0001455
0001513
0001338
-000350
-001863
0000116
0003318
0003550
0001280
-000757
-002445
-004425
-005822
-006054
-004541
-000408
0003201
0001106
-004017
-006637
-005414
-000408
0005180
0005588
0002212
-000233
-001339
-001689
-001689
-001980
-002853
-004716
-005705
-002678
0002153
0004365
0004132
0003841
0003376
0002503
0001397
-000350
-001339
0000523
0003201
0002503
0000465
0001920
0005180
0006228
0005180
0003434
0001513
-000059
-000990
-001980
-002154
0000000
0001979
-001165
-005705
-004017
0000523
0000116
-003726
-005996
-006404
-005938
-004657
-002969
-001281
0000465
0000873
-002213
-005996
-005589
-002504
-001165
-001165
-001048
-000466
0000931
0002444
0002444
0001513
0000931
0000640
-000175
-000524
0001338
0004016
0005238
0004656
0002386
0000058
0000058
0001629
0002444
0002503
0002677
0002619
0001571
0000465
0000989
0002328
0003026
0002444
-000233
-002445
0000116
0004482
0004249
0000931
-000699
-000874
-001456
-001921
-001165
-000175
-000466
-001980
-004250
-005589
-003377
0000058
-000233
-002562
-002736
-001048
0000873
0001862
0000232
-002678
-004192
-003959
-002736
-001107
-000175
0000174
0000814
0001513
0002037
0001746
-000466
-002911
-002504
-000815
-001863
-004017
-003959
-002154
-000641
0000232
0000349
0000116
0000640
0001047
-000874
-003493
-004250
-003202
-001921
-000699
0000873
0001222
-001980
-005763
-004308
0000000
0001629
0001047
0000814
0000756
-000117
-001223
-001572
-000932
0000814
0002444
0002095
0000407
-000641
-001223
-002736
-003610
-001048
0002270
0000640
-003086
-002329
0000931
0001629
0000174
-001805
-003086
-001863
0000291
-000059
-001747
-001980
-000990
0000349
0000698
-002271
-006113
-006171
-003493
-001048
0000291
0000291
-000932
-002271
-003668
-005298
-006578
-007102
-006171
-002504
0001280
0000582
-002038
-000059
0003376
0001106
-003551
-002911
0001106
0003201
0003259
0002561
0001222
-000874
-002504
-002445
-000990
0001047
0002444
0001688
0000116
0000756
0002561
0003026
0002270
0001338
0000174
-002154
-003959
-002795
-000233
0000291
-001398
-004948
-007917
-006404
-002620
-001572
-002853
-004192
-004541
-002504
0000232
-000117
-001980
-001398
0000116
-000932
-003493
-005123
-005181
-003493
-001339
-001630
-002387
0001047
0005530
0005238
0001862
0000232
0000116
-000641
-000990
0001455
0004365
0003609
0000582
-000874
-000699
0000232
0001280
0001280
0000523
-000583
-001048
0000756
0002910
0001629
-000874
0000814
0003609
0000582
-004832
-005705
-002969
-000699
0000523
0000407
-000699
-001514
-002445
-005181
-007626
-006054
-002736
-002853
-005007
-005647
-004483
-002387
-000175
0000814
0000814
0000989
0001513
0002561
0003550
0003259
0002212
0001688
0001513
0000814
0000232
0000640
0001746
0002968
0003550
0002677
0001047
0000058
0000174
0002037
0003783
0001979
-001456
-002271
-001398
-001921
-003086
-003202
-002038
0000873
0002910
-000117
-005414
-007277
-005763
-003377
-001398
-001339
-002271
-001165
0000232
-002096
-005472
-004366
-000524
0001280
0001746
0003783
0005355
0002503
-001165
0001746
0007218
0006927
0002270
-002271
-004657
-002969
