-001980
-001339
-002329
-004774
-006869
-005298
-002038
-001165
-001921
-001398
-000699
-002271
-004774
-005472
-004890
-004832
-004541
-001863
0001106
0000814
-000757
0001164
0004482
0004482
0002503
0002270
0002386
-000408
-003901
-004192
-001863
0001164
0002968
0001106
-002445
-003086
-001398
0000407
0001804
0002561
0002619
0002386
0001804
0000814
0000174
0001164
0002328
0000873
-001863
-002853
-002562
-003435
-004192
-002329
0000407
0000698
-000583
-000757
-000466
-001572
-002911
-001805
-000292
-002795
-006578
-006229
-002329
0002677
0005762
0002386
-003377
-003377
0001164
0005588
0008207
0008615
0005413
-003377
-011119
-006869
0003900
0008731
0007159
0003085
-001456
-003493
-002271
0001804
0005762
0004598
0000756
0000640
0002153
-000408
-004133
-002969
0000814
0001513
0000698
0002852
0005413
0002852
-001398
-000292
0003667
0004365
0001920
-002154
-004716
-000641
0005530
0004132
-001572
-002969
-001048
0000058
0000756
0002794
0004831
0005064
0003725
0001746
0000640
0002444
0005471
0006344
0004831
0001979
-001165
-003202
-003610
-002562
-000990
-000699
-000874
0000582
0002212
0000931
-001281
0000523
0003201
0000349
-004948
-005414
-002562
-001107
-001048
-001165
-001456
-001980
-002387
-001980
-001398
-002038
-002969
-002096
-000641
-001107
-002620
-002969
-002096
-000524
0000756
-000175
-002154
-002969
-002271
-000641
0001106
0001688
0001047
-000175
-001572
-003260
-003726
-001223
0002444
0003841
0002270
-002504
-006695
-003493
0002735
0002095
-002445
-003086
-000990
-000233
-000699
-001281
-001805
-001805
-001572
-001630
-001921
-002445
-002620
-001514
-000175
-000466
-001747
-001921
-001747
-003260
-004774
-002969
0000291
0000931
-000292
-000583
-000757
-003202
-005531
-003377
0000989
0002561
0001455
-000292
-001980
-002620
-002678
-003319
-004017
-003726
-001980
0002270
0005937
0003841
-001398
-003610
-003086
-002736
-002271
-000699
0000523
-000990
-003842
-004716
-003959
-002678
-001805
-002795
-003959
-001689
0001688
0000989
-002154
-003668
-003377
-002038
-000699
-001165
-002445
-001921
-001107
-003493
-006462
-004890
-000815
0000931
0000814
0001338
0001920
0001338
0000582
0001338
0003259
0005704
0006228
0000756
-006171
-006287
-001689
0001338
0001513
-001398
-005763
-009023
-009256
-004948
0001280
0005355
0005180
-000874
-008383
-009547
-005589
-001980
0000756
0003492
0004831
0003609
0000465
-002853
-005181
-005531
-004366
-003551
-002620
0000000
0002386
0001571
-001107
-002736
-002620
-000350
0001920
-000059
-003202
-000874
0003725
0003492
0000058
-001747
-002154
-003435
-003493
0001571
0007101
0004598
-001980
-002969
0000465
0003900
0005530
0003201
-000466
-000175
0002444
0002968
0001746
0000232
-000874
-000524
0000465
-000059
-001281
-001572
-001514
-002504
-004366
-006811
-008034
-005123
-000524
0000814
-000408
-001107
-001165
-000990
-000292
0001455
0003201
0003259
0001979
0001047
0000000
-002911
-005065
-002154
0002852
0003725
0001397
-000117
-000874
-001863
-002504
-001921
-000466
0001222
0002212
0001397
0000116
0001280
0003318
0002735
0000349
-001514
-002387
-002329
-001630
-001165
-001281
-002445
-003435
-002445
-000117
0002037
0002735
0000698
-002620
-004308
-004075
-002678
-000990
-000175
-000815
-003260
-005531
-004599
-001456
0000582
0001629
0003492
0004656
0002852
-000350
-001689
-001223
0000000
0001222
0001455
0000989
0000582
0000640
0002037
0002968
-000175
-004250
-003202
0000523
0000814
-000815
-000350
0001571
0003318
0003609
0000698
-003086
-003610
-002038
-002213
-002795
-000175
0003143
0002037
-001514
-002736
-002154
-002445
-002911
-002038
-000757
-000874
-001805
-002387
-002038
0000058
0002037
0000756
-001689
-000757
0002095
0002910
0002212
0001629
0001862
0003783
0005704
0004656
0001164
-003901
-006928
-002911
0004249
0006112
0004482
0005937
0007742
0003434
-002969
-003668
-000757
-000699
-002562
-003260
-002678
-001165
0000174
-000175
-001689
-003202
-003493
-001398
0002095
0005879
0006344
-001689
-012167
-014379
-008790
-000466
0006170
0005297
0000058
-001165
0001047
0002852
0003900
0004132
0003725
0003958
0003550
-000524
-004832
-003260
0001513
0002677
0001106
0000000
0000058
0001688
0004132
0006170
0006228
0002095
-002445
-000117
0005297
0005122
0001397
-000175
0000582
0002852
0004715
0003026
-000524
-001805
-000932
0000698
0001862
0001164
-000524
-000932
-000175
0001106
0002444
0003725
0004016
0001862
-001165
-002096
-001456
-001514
-001630
-000466
0001106
0001222
0000523
0000814
0001455
0000873
0000232
0001979
0004482
0004656
0003318
0003201
0003667
0002735
0001280
0001164
0002037
0002444
0002677
0003259
0003841
0003841
0002910
0000931
-001281
-002445
-002562
-002445
-002096
-000815
0000291
-000524
-001980
-000757
0001222
0000174
-002329
-002562
-001107
-000350
-000059
0000349
0001047
0002270
0003201
0002328
0000407
-001048
-001339
0000058
0001979
0002212
0000931
-000641
-001689
-001398
-000059
0001455
0001979
-000059
-003144
-004192
-003202
-001572
0000232
0002153
0002968
0000698
-002096
-000233
0003376
0002503
-000932
-001514
-000350
-000641
-001630
-001456
-000408
0000989
0001804
0000407
-001747
-002096
-000466
0002386
0004540
0003085
0000232
0000756
0003259
0003725
0002619
0002153
0001804
-000292
-002154
0000058
0003492
0002503
-000757
-000641
0001397
0001338
0000174
0000814
0002328
0002794
0002270
0001397
0000814
0001222
0002619
0004598
0005879
0004715
0001862
-000874
-002096
-000524
0002037
0001862
-000466
-002853
-004483
-004716
-003901
-003377
-002562
0000174
0002968
0002910
0000698
-000874
-002154
-005123
-007568
-006287
-002329
0002561
0004482
-002620
-010770
-004425
0008848
0011758
0006694
0003725
0002153
-001863
-004890
-001048
0005355
0004773
0000814
0002503
0006985
0007043
0003900
0001688
0000931
0001338
0002619
0003550
0003900
0003783
0003085
0001804
0000116
-001630
-002795
-002329
-001223
-001456
-002504
-003202
-003610
-004425
-004657
-002620
-000233
-001747
-004541
-003086
0000698
0002328
0001804
-000117
-001514
0000523
0004132
0005122
0004132
0003550
0003259
0002503
0001455
0000232
-001107
-003027
-004017
-001514
0002444
0003667
0002561
0001222
0000465
0001280
0002735
0002735
0001571
0000582
0000000
-000059
0000058
-000932
-002154
-001863
-001107
-001921
-003784
-005239
-005531
-003842
-001630
-001921
-003202
-001863
0000407
-000233
-002096
-001456
0000698
0001688
0001455
0000640
0000174
0001629
0003725
0003725
0002619
0003026
0004191
0003900
0002852
0002677
0002852
0002328
0001513
0001862
0002386
0000756
-001572
-001630
-000466
-000815
-001689
-000757
0000931
0001106
0000000
-001572
-002562
-001572
0000291
0000814
0000291
-000059
-000233
-000757
-001165
-000583
0000582
0001455
0001629
0000640
0000000
0002619
0005821
0004074
-000175
-001281
0000174
0001338
0002037
0002677
0002910
0002503
0001455
0000000
-000990
-000233
0001455
0002386
0002095
0000291
-001165
0000698
0004249
0005762
0005064
0003026
0001164
0002095
0004074
0002968
0000174
-000641
0000174
0001338
0001746
-000874
-003901
-002504
0001106
0001629
0000000
-000524
-000233
0000349
0000232
-002445
-005472
-005007
-002154
0000058
0000523
-001921
-004599
-002620
0001804
0002968
0001688
0000931
0001106
0002270
0003376
0002561
-000524
-006753
-011352
-007044
0002270
0008091
0007916
0000407
-008092
-006287
0002386
0008382
0009721
0006752
0000640
-007160
-011410
-005181
0005122
0005995
0000465
-001689
-001107
-001514
-001980
-000641
0000640
-001689
-005356
-006054
-004250
-002271
-000641
0000814
0001222
-000524
-002562
-001223
0001455
0000873
-001223
-000990
0001106
0003667
0005122
0003201
0000232
0001338
0003958
0002095
-002096
-003784
-002562
0001047
0004656
0004249
0001513
0000698
0001338
0001047
0000523
0001513
0002328
-000466
-004541
-005472
-003726
-001398
0000058
-001398
-003726
-002096
0000989
-000175
-004017
-006345
-006520
-004425
-002096
-003435
-005822
-002969
0001804
0001338
-002271
-003319
-002271
-001281
-000815
-001048
-001747
-001863
-001456
-000524
0000174
-000583
-001689
-000932
0000698
0000582
-000583
-001281
-001048
0000523
0002095
0001455
-000524
-001398
-001165
-000757
-000292
0000116
-000175
-002445
-004774
-003842
-001107
-000233
-001107
-002271
-003260
-003726
-003493
-003027
-002154
0000116
0001455
-002154
-006520
-003551
0003259
0006053
0004424
0000349
-003901
-005123
-003086
0000931
0004074
0002153
-002271
-003086
-001165
-000524
-000292
0001746
0003841
0002735
0000116
-000292
0000873
0001513
0001688
0001920
0002270
0002968
0002968
0000407
-003027
-004541
-003842
-001630
0000407
-000233
-002504
-003610
-003668
-003959
-003959
-002678
-001281
-001514
-002853
-003842
-003551
-000641
0002852
0003318
0001338
-000990
-001980
0000640
0004947
0007567
0006927
0001688
-004366
-004541
-000932
0000232
-000524
-000524
-000059
0000291
0000523
0000640
0000698
0000931
0000989
0000232
-000932
-001689
-001689
-000524
0000407
-000815
-004075
-009081
-012690
-010886
-005298
0000873
0003492
-003319
-012050
-008383
0002619
0008382
0007800
0003667
-001980
-006811
-007510
-000350
0008673
0008382
0001804
-001805
-002271
-002154
-001281
0000698
0002095
0000232
-002969
-003435
-001980
-001165
-000641
0000814
0002444
0002852
0002386
0002328
0002270
0000989
-000233
0001047
0003201
0002910
0000756
-001048
-002329
-004192
-004948
-002329
0001571
0002968
0001338
-003260
-007102
-003901
0002153
0001222
-003202
-002736
0000989
0002968
0003085
0002561
0001571
0000582
-000350
-001572
-002504
-002620
-001805
-000583
0000698
0001688
0002503
0003958
0004947
0003434
0000582
-001572
-002213
-000874
0001338
0002386
0002386
0002619
0002677
0002095
0000698
-001863
-003842
-002329
0000931
0001979
0001455
0002212
0002968
0001106
-001514
-001281
0000873
0002095
0002037
0001047
-000408
-001630
-001980
-000932
0000582
0000465
-000466
0000000
0000465
-001921
-004832
-004366
-001048
0003550
0006403
0002794
-002795
-001223
0004249
0005064
0003143
0004947
0007101
0002735
-003784
-003493
0001338
0003958
0004132
0003085
0001455
0000291
0000116
0001164
0002561
0002561
0001862
0002794
0003376
-000990
-006054
-003842
0002212
0003783
0002153
0002968
0003725
-000699
-006520
-006171
-001921
0000116
0000174
0001047
0001455
-001223
-004541
-003842
-000932
-000583
-001921
-002213
-001281
0000756
0002852
0003550
0002561
-000117
-002445
-001398
0001862
0004016
0004831
0004598
0004365
0005995
0007800
0006461
0002910
-000583
-002504
-001572
0000989
0002444
0002212
0000232
-001980
-001048
0000873
-001048
-004832
-005996
-004948
-003551
-002445
-001980
-002038
-002213
-001630
0001571
0004424
0001804
-003842
-007626
-007801
-003493
0002212
0004249
0002619
-000757
-002620
0001920
0009546
0013330
0012107
0006461
-000117
-001921
0000407
0003201
0005297
0005879
0005355
0005413
0005646
0004947
0003318
0000873
-001281
-001165
-000059
-000583
-001747
-000699
0001280
0001280
-000292
-002562
-003784
-001921
0001688
0004715
0005180
0000931
-004599
-005181
-002154
-000233
0000000
-001223
-002969
-003493
-002795
-001572
-000292
0000407
0000931
0002386
0004016
0004598
0004016
0002561
0001397
0002037
0003667
0004598
0004365
0002619
0000814
0001571
0003492
0003550
0001920
-000408
-002096
-001281
0000931
0002619
0002328
-001572
-005938
-004948
-000466
0002677
0003492
0002037
-000524
-001572
-001398
-001398
-001456
-001165
-000874
-001223
-001398
-000059
0001629
0000873
-000583
0000989
0003667
0003026
0000989
0001629
0004365
0007392
0008498
0004307
-001689
-002736
0000174
0003201
0005297
0006636
0006170
0002910
-000815
-000641
0001571
0001106
-000874
-001281
0000000
0002270
0004132
0003201
0000989
0001222
0002503
0001688
-000350
-001921
-002213
-000641
0001280
0000814
-000932
-000815
0000232
-000233
-001398
-000757
0000349
-000815
-002445
-000524
0003085
0004132
0003201
0002852
0003143
0004016
0004365
0001979
-001165
-001281
0000814
0002444
0002852
0001571
-000059
0000931
0002619
0000931
-002213
-002387
-000641
0000000
-000117
0000756
0001338
-001223
-004308
-002562
0001338
0001746
-000466
-001863
-002096
-001863
-000757
0001862
0003609
0000232
-005123
-006345
-004017
-001514
0000232
0000698
-000175
-001630
-003027
-004017
-003610
-000524
0002677
0001397
-002154
-002562
-000874
-000932
-001689
-000815
0001106
0003259
0003259
-003260
-010478
-007859
0000291
0003667
0001629
-003901
-009372
-009780
-005239
0001688
0007159
0006519
0000756
-006753
-011119
-005996
0003434
0006403
0003725
0001106
-000641
-001223
-000583
0000640
0001629
0001455
0000407
-000350
-001048
-002678
-003668
-001223
0002794
0004773
0004191
0001804
-000874
-001339
0000291
0002386
0004016
0004074
0002735
0000873
-000350
0000989
0003026
0002153
-000408
-001747
-001281
0001164
0003783
0003609
0001338
-000583
-001630
-002213
-001339
0002619
0006752
0005937
0002328
0001397
0002444
0002619
0001920
0000523
-000583
0000058
0001571
0001688
0001047
0001338
0002153
0002444
0002270
0002153
0001804
0000698
0000058
0002095
0005471
0007800
0007742
0003958
-001107
-003260
-002795
-002271
-001514
-000175
0001338
0002735
0003259
0001862
-000117
-000175
0001629
0004598
0006577
0004249
0000058
-001048
0000232
0001047
0001106
0000582
-000117
-000059
0000174
-000990
-002445
-001921
-000583
-001398
-002795
-001572
0001106
0003085
0002852
-001339
-006113
-005298
-001165
0000058
-000990
-001281
-001281
-002969
-003901
0000232
0005355
0003318
-002387
-003610
-001223
0000873
0002095
0002386
0001979
0001920
0001862
0000640
-000757
-000932
0000000
0001338
0002386
0002270
0001280
0000349
0000174
0001979
0003783
0001979
-001805
-003668
-004133
-005705
-006928
-005298
-002096
-000408
-000408
-001398
-002445
-001921
-000583
-000117
-000524
-001165
-001805
-002562
-002853
-001921
-000466
0000058
-000059
0000698
0001397
0000116
-001630
-001107
0001164
0003143
0004016
0003143
0001397
0000873
0001280
0001338
0000931
0000174
-000874
-001921
-002562
-002271
-001223
0000232
0001397
0001804
0000873
-001921
-005589
-009023
-010187
-006578
-001048
0001397
-000233
-006345
-011002
-004250
0007683
0011758
0007916
0000291
-006171
-004308
0002677
0006228
0006112
0005006
0003143
0000582
-000932
0001164
0003841
0000989
-004133
-004425
-001281
0000465
0001280
0003667
0005646
0004191
0000989
0000116
0000640
-000699
-002387
-001514
0000698
0001688
0001222
0000174
-001165
-002445
-003086
-002445
-001456
-001689
-003144
-005239
-006986
-007684
-006462
-002736
0001338
0002735
0001280
-001863
-004774
-004425
-002154
-001805
-002213
-000408
0002386
0003609
0003085
0001513
-000117
0000000
0001164
0001571
0001222
0000523
0000174
0001455
0003201
0002794
0001222
0001106
0001397
-000699
-003435
-003435
-001572
-000350
-000408
-001863
-003726
-004075
-003260
-002445
-002038
-002445
-003144
-003027
-002562
-002911
-003319
-001630
0000232
-001223
-003959
-002969
-000408
-001281
-003959
-004308
-003027
-002678
-002736
-001980
-000583
0000931
0001629
-000059
-002562
-002795
-001398
-000699
-000408
0000174
0000873
0001397
0001513
0001338
0000407
-002154
-004366
-002736
0000465
0000756
-001456
-003784
-005239
-004890
-003027
-000175
0001862
0000698
-001689
-000874
0001688
0002328
0001280
-000641
-002096
-001165
0000523
-000699
-003086
-002911
-000990
0000407
0000698
-000699
-002271
-001107
0001164
0000640
-001107
0000174
0002212
-000292
-004250
-003260
0000465
0001338
0000174
-000466
-000117
0001804
0003318
0000582
-003493
-003144
0000000
0000873
0000582
0002386
0004598
0003958
0001280
-001107
-002096
-000757
0001571
0001920
0000989
0001397
0001746
-001107
-004599
-003901
-001107
-001572
-003726
-003493
-001863
-001165
-001398
-001805
-002329
-003202
-003842
-003377
-002213
-000583
-000292
-004541
-008266
-001863
0008789
0011933
0007625
0000291
-006287
-007451
-003610
0002328
0006519
0003667
-002154
-002096
0002270
0005704
0006403
0003085
-002562
-007277
-008674
-004483
0001804
0003667
0002037
0001862
0002037
-000524
-003086
-000874
0003900
0006286
0005297
0000698
-004075
-002795
0001455
0001513
-001339
-002853
-003202
-004366
-004948
-002736
0000931
0003318
0003783
0002386
0000465
0000523
0001862
0002153
0001571
0000814
-000233
-002271
-003901
-003260
-001165
-000117
0000349
0001513
0003201
0005471
0006344
0002444
-002504
-001514
0003201
0005238
0004365
0002270
-000233
-002329
-002678
0000000
0004016
0006228
0005879
0003376
-000059
-002387
-002853
-001281
0000814
0000582
-001223
-002504
-002853
-002736
-001747
0000174
0002561
0004598
0005704
0005879
0004656
0001629
-001398
-001747
-000350
0000232
0000174
0000640
0001455
0002444
0003259
0003609
0003492
0003143
0002619
0001513
0000931
0003085
0005413
0003318
-000990
-002736
-001747
0000873
0002910
0001047
-003202
-005996
-006520
-005007
-002329
0000116
0001164
0000116
-002096
-003377
-003319
-002329
-001165
-001398
-002445
-002562
-002154
-002271
-002678
-002736
-002736
-003493
-003901
-001747
0001455
0002503
0002037
0002561
0003434
0003085
0002270
0002619
0003376
0003318
0001979
-000757
-003435
-003784
-002213
-000408
0001106
0002444
0002619
0000116
-002853
-002620
-000233
0000814
0000931
0001629
0002095
0000814
-001514
-003493
-003842
-000990
0002852
0003841
0002037
-000583
-002853
-003610
-003202
-003086
-003377
-004075
-004425
-003202
-000757
0002153
0004598
0005355
0004947
0005821
0005064
-003027
-012341
-012225
-004657
0004365
0009197
0003318
-007393
-010886
-006520
0002386
0011001
0013155
0007916
-004192
-014437
-009314
0003492
0005413
0000058
0000116
0002794
0000814
-003027
-002853
-000233
0000756
0000174
-000524
-001107
-001630
-001398
0000523
0002968
0003900
0003434
0003143
0002677
0001513
0000349
0000465
0001513
0001746
0002037
0004365
0006519
0004365
0000349
-000175
0001979
0003958
0004831
0003725
0001629
0000931
0001106
0000698
-000350
-001747
-002853
-002678
-001398
0000640
0002212
0001455
-000059
0001688
0003783
0000174
-005589
-006345
-003202
-000233
0000989
-001165
-004541
-004599
-001980
0000698
0002503
0002619
0001746
0001571
0002153
0002794
0003376
0003318
0002910
0002677
0002386
0001571
0000814
0001280
0001979
0000232
-001747
0000349
0004307
0005006
0003376
0002852
0003026
0002794
0002153
0000931
-000059
0000814
0002212
0001571
-000059
0000174
0001455
0001513
0000582
-000408
-001456
-002969
-004133
-003260
-001630
-001630
-002562
-002504
-001048
0002794
0005937
0003376
-002271
-005239
-004774
-001747
0001688
0002212
0000523
-000699
-000815
0000756
0002386
0000698
-002213
-001921
0000349
0000873
0000058
-000175
-000350
-001921
-002911
0000465
0005006
0004016
0000116
-000059
0002095
0002677
0001338
-001456
-003959
-002969
-000815
-003202
-006753
-004250
0001164
0002095
0000291
0001397
0003376
0001571
-002154
-004075
-003610
-001107
0001513
0001047
-001339
-002387
-002038
-001048
-000059
-000292
-000990
0000116
0001629
0000814
-001048
-000757
0000116
-002678
-005880
-003435
0001804
0003026
0001164
-000175
-000990
-002329
-003086
-001630
0000814
0001513
0001222
0002270
0002852
-000641
-004890
-003493
0001338
0004074
0003318
-001921
-007510
-006113
-000524
0001222
0000931
0005122
0008265
-000815
-012982
-010478
0000465
0003376
0000582
0001280
0003085
-000059
-004250
-001921
0003318
0003201
-000350
-001514
-000699
-000350
-000059
0001164
0002444
0002444
0001280
-000408
-001339
0000465
0003085
0002270
-000117
0000698
0002735
0001222
-001514
-000175
0002619
0000814
-003086
-002969
-000757
-001223
-003260
-003610
-002795
-002271
-002562
-004133
-005996
-006520
-005763
-004890
-003435
0000000
0002794
0000814
-003726
-005996
-005414
-002736
0000174
0000174
-001689
-002969
-002445
0001164
0005064
0004191
0000174
-002911
-003842
-001921
0000814
0000349
-001863
-001689
0000000
0000116
-000059
0001979
0004773
0005297
0003550
0000465
-002271
-002096
-000408
-000524
-001980
-003086
-003435
-002445
-000990
-001048
-001630
0000058
0002153
0001455
-001165
-003260
-004017
-002795
-000874
-000757
-001630
-001048
0000349
0000756
0000349
-000175
-000524
-000350
0000058
-000466
-001048
0000058
0001571
0000756
-001281
-002387
-001980
-000117
0002328
0003434
0003318
0003201
0002270
-000932
-004133
-003493
-000699
0000000
-000932
-001223
-001630
-004250
-006928
-005938
-003377
-004133
-006520
-006287
-004133
-002445
-001572
-001514
-002096
-003144
-003610
-001456
0000873
-001165
-005181
-005938
-004017
-002213
-001165
-001863
-002969
-001689
0000698
0000931
0000291
0002328
0004831
0003259
-000117
-000059
0001862
0001688
-000117
-001630
-002445
-002154
-001107
-000292
0000465
0002212
0003492
0001688
-001165
-001048
0000989
0001571
0000989
0000407
-000117
-000466
-000874
-001863
-002736
-002387
-001805
-003435
-005763
-006345
-005007
-001456
0001106
-002096
-008092
-010944
-009198
-003086
0004074
0007276
0005704
0000873
-004425
-006637
-004890
0000640
0005995
0004831
-000408
-003144
-002736
0000000
0003085
0003085
0000349
-004017
-006753
-003144
0003376
0005530
0003667
0000931
-001398
-001921
-001630
-003260
-005414
-005239
-003435
-001805
-001048
-000990
-002154
-005239
-007801
-005822
-001398
0001047
0001280
0000640
-000175
0000291
0001397
0001804
0001280
0000174
-001165
-002562
-003144
-001514
0000349
-001223
-003784
-001747
0002270
0003085
0000814
-002911
-005356
-002620
0002328
0003026
0000523
-001456
-002329
-002096
-000874
0001338
0002270
-001689
-007219
-007510
-004366
-002911
-002911
-002620
-001689
0000989
0003143
0000465
-003842
-002911
0000582
-000175
-003319
-003842
-002154
-000117
0001455
0001804
0000873
-001281
-002445
0001106
0005704
0003667
-001398
-001339
0002037
0003143
0002386
0001688
0001571
0002677
0003900
0002910
0000640
-000874
-001339
-001223
-000757
-000583
-000641
-000641
-000932
-002445
-003610
-001747
0001455
0002444
0001222
-001107
-003202
-002969
-001689
-002445
-004308
-004948
-004017
-001572
0001280
0003143
0003201
0000814
-002096
-002271
-000059
0002619
0004540
0004249
0002386
0000582
-000466
-000408
0000523
0001571
0002212
0001629
0000931
0002328
0004191
0003259
0000698
-000990
-000815
0001920
0005064
0004715
0002270
0001164
0001804
0003550
0005355
0006112
0005006
0001280
-002969
-004716
-003668
-001165
0001746
0003376
0003550
0003085
0001979
0000174
-001630
-002853
-002853
-001107
0000873
0000291
-001747
-002329
-001339
0000814
0002444
0000465
-002853
-002969
-000233
0004074
0006170
-000175
-008732
-007684
-000059
0005006
0005821
0002270
-002795
-004541
-001863
0004889
0011758
0013737
0009488
-000990
-010362
-006869
0003667
0007159
0004598
0002270
0000465
-001747
-002736
-000466
0002735
0001920
-000815
-000292
0002095
0002444
0001222
-000117
-000524
0001455
0004016
0003609
0001397
0000000
0000232
0002212
0004598
0005180
0003725
0000814
-001747
-001048
0001280
0000931
-000583
0000523
0002910
0003900
0003318
0001979
0000873
0001629
0002561
0000116
-003668
-004832
-003377
-000641
0001688
0001222
-000874
-001630
-001281
-001048
-001456
-002969
-005007
-006404
-006345
-003959
-001048
-000874
-002387
-002387
-001048
0000640
0002153
0003492
0003900
0002735
0000931
0000174
0000698
0002619
0004482
0003841
0001862
0001629
0002444
0002270
0001629
0002386
0003026
0000465
-002795
-001921
0001047
0000523
-001398
0000174
0003201
0002677
0000291
0000000
0001338
0002794
0003434
0001862
-000233
0000814
0002910
0000756
-002853
-001921
0001106
0000174
-003027
-004774
-004541
-002969
-000932
0000000
-000233
-000699
-001281
-002213
-002504
-000815
0001629
0002386
0001397
-001048
-002853
-001048
0003026
0006228
0007043
0004482
0000465
-001223
-000292
0002270
0004656
0003725
0001455
0003026
0005704
0003434
-000932
-001281
0001338
0003376
0003900
0002037
-000699
-001456
-000292
0001455
0003085
0004307
0004307
0002444
0000349
0001047
0003143
0002968
0000931
-001398
-003260
-004308
-004366
-004017
-003027
-001339
0000814
0003667
0005413
0003143
-000699
-001107
0000756
0001338
0001047
0001338
0002037
0002270
0002561
0004132
0005588
0004249
0001397
0000232
0000582
0001397
0002212
0002328
0002037
0001979
0001979
0001979
0000989
-002795
-006753
-006520
-002853
0002095
0004773
-000117
-007102
-005007
0002735
0007101
0006927
0003550
-001747
-007219
-009605
-004948
0002037
0001746
-002213
0000000
0005006
0004715
0001571
0002212
0004947
0005471
0003958
0001455
-000699
-000233
0001222
-000641
-002969
0000349
0005646
0005413
0001862
0001222
0002444
0001804
0000523
0001455
0003143
0002153
0000291
0001804
0004365
0003026
-000524
-002329
-002620
-003377
-003784
-002504
-000874
-001689
-003319
-001630
0001455
0002037
0000349
-002329
-004133
-002213
0000989
-000117
-003319
-003027
-000408
0001455
0001862
0000582
-001281
-001630
-000932
-000990
-001747
-002504
-003086
-003726
-003377
-000059
0003958
0004889
0003376
0002037
0001455
0001979
0002968
0003085
0001920
-000583
-002853
-001980
0000465
0000873
-000408
-001281
-002154
-004192
-006171
-006229
-004657
-001980
-000059
-001572
-004133
-002736
0000640
0001047
-000874
-002736
-003784
-003144
-001689
-001630
-001980
-000117
0002444
0002852
0001862
0001804
0002561
0003259
0003609
0003434
0002619
0001222
-000408
-001863
-002736
-003377
-002678
0001571
0005646
0003318
-002853
-007102
-007451
-002969
0002968
0004307
0002037
0001047
0000814
-000641
-001805
-000175
0002503
0002561
0000698
-000466
-001339
-003319
-005472
-006811
-006054
-001747
0003201
0003725
0001338
0001106
0001571
-000815
-004192
-004890
-003493
-001980
-000815
0000349
0000814
-000175
-001339
-000524
0001397
0002270
0002037
0001397
0000582
0000058
0000291
0001862
0003900
0004656
0004016
0002735
0000989
-001339
-002795
-001514
0000640
-000117
-002969
-005589
-006695
-005123
-002387
-001630
-002562
-003610
-003959
-002096
-000757
-005123
-010944
-009896
-004599
-001398
-001863
-007102
-011992
-007568
0002212
0008498
0009546
0006577
0000640
-006753
-010478
-003668
0007101
0007974
0002503
0001571
0003725
0003667
0002677
0003841
0005064
0001862
-002853
-003144
-000059
0003259
0004540
0001397
-003668
-005414
-004075
-001747
0000174
-000233
-001863
-002096
-001398
-001747
-002096
-000117
0002212
0001629
-001223
-004075
-005531
-004075
-001107
0000582
0000465
-001107
-002911
-002504
-001107
-001921
-002969
0000058
0004191
0003376
-000524
-002329
-002096
-001689
-000874
0000931
0002444
0001862
0000058
-000466
-000059
0000058
-000466
-002387
-004308
-004133
-002271
-000292
0000814
-000292
-001980
-000757
0001688
0001571
0000000
-000117
0001164
0003318
0004889
0003434
0000756
0000814
0001862
-000117
-003610
-005531
-004890
-000466
0004249
0003841
-000059
-002736
-003086
-000932
0002503
0005006
0005413
0003318
-000233
-003610
-004599
-000641
0005064
0006752
0004307
-000408
-004541
-004075
-000641
0001222
0001280
0000756
-000059
-000990
-001398
-000990
0000000
0000756
0001397
0002386
0003085
0002561
0001513
0002037
0002444
-001107
-005589
-005065
-001689
-001339
-002911
-003260
-002387
-000699
0000698
-000059
-001921
-002504
-002213
-002795
-003260
-001630
0000814
0001629
0000640
-001630
-003493
-002387
0000407
0001688
0000873
-002387
-005647
-005123
-001689
0001746
0003492
0001513
-001689
-000990
0002153
0003434
0002735
0001280
-000757
-003726
-005705
-003784
-000524
-001165
-004599
-007626
-008383
-004948
0000058
0001397
-000641
-003668
-005822
-004890
-002271
-001281
-001863
-002969
-003784
-003377
-001689
0000873
0003492
0006112
0005821
-002038
-011119
-010478
-003027
0002968
0004307
-002096
-010595
-010246
-003202
0003085
0006403
0006286
0002619
-004133
-009081
-005065
0003026
0004016
0000349
0000465
0002153
-000117
-003901
-004075
-002038
-002038
-002969
-001398
0000582
-001165
-004366
-003784
-000932
0000465
0000291
-000466
-001456
-002213
-002271
-001165
0000349
0000756
0000174
-000408
-000874
-001107
-000990
-000175
0000407
-000815
-002387
-001747
0000523
0003085
0004424
0002852
0000116
-000175
0001047
0000640
-000815
-001863
-002387
-002620
-002096
0000058
0002037
0000582
-002620
-003842
-003319
-002795
-002736
-003784
-004716
-003260
-001048
-001747
-003842
-003901
-002038
0000582
0002619
0002735
0001280
-000699
-001281
0001979
0006461
0007276
0004831
0001338
-000815
0001513
0006344
0009604
0009371
0004016
-002562
-003435
0000174
0002910
0004191
0004482
0003492
0001222
-001048
-001805
-000757
0001979
0004074
0001338
-003027
-002096
0001397
0000873
-001921
-002038
-000874
-002387
-004599
-003610
-000757
0000640
0000582
0000174
-000583
-001572
-001980
-000408
0001746
0001746
0000523
0000814
0002153
0003259
0003841
0004249
0003725
0001397
-001339
-002154
-001514
-001398
-001165
0000756
0002852
0002619
0001164
0001629
0002735
0001746
-000233
-000815
-000583
-001339
-002038
-000175
0002037
0000116
-003435
-003144
-000583
-000524
-001514
0000349
0003201
0003434
0001571
-000350
-001630
-001398
-000583
-001339
-002678
-002387
-001339
-001689
-002504
-001747
-000059
0000931
0001106
0000756
0000291
0000873
0001338
-001048
-003493
-000699
0004482
0006344
0004831
0002153
-000117
0000291
0002212
0002444
0001455
0000582
0000523
0002561
0003900
-000699
-006695
-005472
0000523
0004715
0005180
0001280
-004599
-008790
-008441
-000641
0008964
0011234
0005821
-004541
-012982
-009547
0000174
0002153
-000932
0000291
0003259
0001513
-001863
-000175
0003434
0001746
-002271
-001689
0001629
0002561
0001629
0001106
0000873
0000465
0000465
0001571
0003376
0004598
0005355
0006636
0007101
0004191
0000349
0000349
0002561
0002328
0000756
0001106
0002153
0000698
-001514
-000932
0001106
0001571
0000523
-000815
-002213
-003842
-004366
-001572
0001979
0001338
-001630
-002038
-000524
0000523
0000523
-001223
-002736
-000175
0003609
0002444
-001223
-001572
0000698
0003143
0004424
0002910
0000407
0000523
0002561
0004424
0004831
0001979
-001398
0000232
0004016
0003143
-000117
0000116
0002328
0002212
0000698
0000465
0001397
0002852
0004132
0004249
0003492
0003026
0002503
0001222
0000116
0000349
0001804
0003958
0005238
0003026
-000292
-000059
0001804
0000232
-002795
-002678
-000757
-000408
-000874
0000058
0001688
0002561
0003143
0005064
0006752
0005530
0002735
0001920
0002153
0000291
-001747
-000175
0002561
0001222
-002038
-002213
0000116
0002561
0004365
0005588
0005238
0002212
-001398
-001689
0000174
0000640
0000000
0000000
0000000
-001514
-003319
-003027
-001805
-002038
-003144
-003027
-002213
-001863
-001980
-002213
-002620
-003377
-003668
-002387
-000815
-001630
-004133
-006637
-007684
-005414
-001514
0000407
0000582
0000873
0000989
0000291
-001048
-003086
-003959
-000466
0004074
0003085
-001223
-003027
-002271
-000815
0000698
0001746
0001455
-001165
-003784
-002038
0001571
0001397
-001281
-002562
-002271
-001165
-000117
-000583
-002154
-003784
-004017
0000116
0003841
-002096
-011817
-013447
-008208
-001630
0002619
0000291
-005472
-007626
-005356
0000116
0006170
0009895
0008731
0000058
-009256
-007160
0001862
0006112
0005413
0003259
0000873
0000116
0001047
0002503
0003958
0005180
0004947
0001164
-003202
-002969
0000698
0004132
0005995
0005530
0004132
0005471
0007276
0004773
0000523
0000232
0002270
0002095
0000465
0000291
0000465
-001223
-003435
-004250
-002678
0002677
0007625
0005180
-001339
-004425
-003260
0000523
0004889
0006752
0005588
0002561
-000990
-003260
-003260
-000583
0002794
0003667
0002270
0000349
-000757
0000640
0003318
0004889
0004656
0002444
-000583
-002445
-002969
-002620
-001805
-000874
0000000
0001397
0002503
0002386
0001047
-001281
-002911
-001107
0001746
0000756
-001980
-001398
0001047
0001513
0000232
-000874
-002154
-004599
-006637
-005414
-003027
-003726
-005822
-005123
-002620
-001223
-000583
0000640
0001862
0001920
0001688
0002619
0004132
0004947
0004424
0002037
-000641
-000932
0000291
0000756
0000232
-001107
-002038
-000641
0001629
0001746
-000350
-004133
-006869
-004366
0000756
0002794
0001979
0000931
-000117
-000757
-001689
-005065
-007801
-004599
0000698
-000175
-004541
-005181
-003377
-003202
-003842
-003086
-001689
-001048
-001223
-001921
-002445
-001456
-000117
-000990
-002795
-002445
-000874
-000699
-001107
0000116
0001804
0001513
0000174
0000058
0000523
-000350
-001514
-000874
0000523
0000174
-000932
-000350
0001047
0001629
0001164
-000292
-001689
-000932
0000174
-002096
-005298
-004192
-000874
-000350
-001398
-000292
0001222
-000757
-004483
-006229
-005880
-004716
-002795
0000116
0002095
0000465
-003027
-004657
-003842
-000583
0002328
-000059
-004832
-005647
-002969
0000756
0003318
0001804
-002329
-005938
-006287
-000350
0007974
0011991
0009779
0000698
-008907
-008616
-001863
0001688
0001455
-000233
-002795
-005356
-006287
-003901
-000233
0000582
-000874
-001805
-001980
-001630
-000466
0001862
0003841
0003434
0001397
-000292
-001107
-000932
0000000
0001338
0001979
0000174
-002271
-002154
-000059
0001979
0002852
0001513
-000641
-000815
0000640
0002444
0003143
0000349
-002969
-001281
0003259
0005588
0005180
0002735
0000058
0000058
0001920
0002968
0002386
-000350
-003610
-005123
-004133
-000408
0003143
0001338
-002736
-001863
0001338
0000349
-003260
-005472
-006171
-006520
-006578
-006462
-006345
-006113
-005472
-003260
-001223
-002154
-005007
-007626
-007801
-002329
0004424
0004947
0000582
-003726
-005822
-004133
0000232
0004656
0007043
0005530
0002212
0001571
0002910
0003376
0002735
0001804
0000174
-003086
-005531
-003377
0001280
0003783
0004249
0005355
0005588
0001804
-002911
-002620
0000058
-001339
-004599
-004075
-001398
-000815
-001863
-002504
-002795
-002969
-003086
-003493
-004017
-004308
-004425
-004774
-005239
-005938
-006054
-003901
-000990
0000116
-000408
-001223
-001456
0000116
0002386
0003026
0002270
0001571
0000640
-001281
-003027
-002911
-001572
-001281
-001456
-000524
0000465
-000699
-002038
0001047
0005122
0003259
-001456
-001805
0000698
0001513
0001164
0001571
0002328
0002503
0002328
0002095
0002386
0004656
0006286
0002503
-002736
-001398
0003318
0003201
0000000
-000757
0000116
-000059
-000699
-000059
0000814
-000233
-001572
0000232
0003143
0002270
0000000
0001920
0005413
0005006
0002037
0000116
0000232
0004074
0007334
0002095
-006171
-006695
-001107
0005064
0007625
0000814
-008208
-005647
0003841
0007625
0006170
0004715
0002677
-002213
-006287
-003610
0001397
-001456
-007044
-003435
0004016
0002968
-002562
-002154
0001164
-000408
-003842
-001747
0002794
0003085
0000523
-000466
-000466
-001921
-003027
-000757
0003201
0005238
0005355
0005006
0004191
0002852
0001397
0000000
-000292
0002153
0005238
0005064
0002794
0002037
0002153
0001338
0000407
0001106
0002677
0003667
0003376
0001455
-001398
-003842
-005065
-004483
-002795
-001398
-000583
0000349
0000756
-000466
-002096
-001863
-000350
0000523
0000873
0001513
0001688
0000116
-001980
-002038
-000990
-001689
-002736
-000990
0001455
0000698
-001747
-002213
-001107
-000233
0000174
0000465
0000116
-001980
-003959
-003086
0000174
0004249
0006636
0003667
-001223
-001165
0002561
0005762
0006868
0004482
0000756
0000116
0001862
0003085
0003143
0001571
-000466
-001048
-000408
0000174
0000698
0001455
0001746
0000407
-001514
-001689
-000757
-000466
-001048
-002911
-004308
-002736
0000582
0002794
0003085
0001047
-001689
-002504
-001339
0000407
0001979
0002328
0001804
0001746
0001629
0000000
-001863
-001572
0000232
0002037
0002328
-000815
-004308
-002154
0003026
0004947
0003667
0000931
-001339
-000350
0002503
0003725
0002968
0000814
-001456
-001630
-000175
0001164
0001862
0001862
0000989
-000757
-002213
-001572
-000059
-000932
-002736
-002154
-000292
0000232
-000350
-000815
-000815
0000058
0001222
0001629
0001979
0003958
0006228
0006344
0004424
0001164
-001689
-001456
0000582
0001106
0000640
0000989
0001688
0001397
0000814
0001571
0002735
0002677
0001397
-000757
-002969
-004308
-005007
-006753
-007160
-001805
0004424
0002794
-004192
-010246
-011584
-004599
0006112
0012282
0011700
0004947
-003901
-007975
-006404
-001165
0004715
0006577
0005238
0005006
0005413
0005238
0004191
0001979
-000292
-000641
0000523
0001920
0003085
0004016
0004424
0004307
0003434
0001397
-000757
-001572
-000932
0000523
0002037
0002328
0001979
0002503
0002910
0001222
-001281
-002038
-001805
-003144
-004425
-002504
0000989
0002794
0002095
-001689
-005356
-003027
0001688
0000349
-003842
-003144
0000523
0001688
0001164
0001804
0002852
0003026
0002270
0000756
-000583
-000059
0001280
0000814
0000000
0002212
0005122
0004191
0000814
-001048
-001165
-000466
0000465
0000756
0000116
-001863
-003377
-001339
0002037
0002677
0000698
-002678
-004890
-002038
0003085
0004889
0003376
0000291
-002445
-001863
-000059
-001863
-004948
-004192
-001107
0000058
-000233
0000349
0001106
0000582
-000524
-000524
0000465
0001455
0002619
0005122
0006519
0002794
-002678
-003086
-000117
0000349
-000117
0003085
0006694
0004016
-000874
0001222
0006636
0007043
0003609
0000698
-000641
0000174
0001979
0002153
0001222
0001397
0002037
0001862
0000814
-000874
-002387
-002271
-001339
-001398
-002387
-003959
-004948
-004075
-001747
0000698
0002095
0000931
-001165
-000990
0000989
0003376
0004540
0002386
-001107
-002271
-001223
0000232
0001629
0002677
0003434
0004947
0005821
0003550
-000059
-002096
-001689
0001397
0004307
0002212
-002736
-005356
-004948
-001921
0001688
0002735
0001629
0000291
-000350
0000931
0002852
0002794
0001106
-000874
-002387
-002445
-001398
-000524
0000174
0001338
0001920
0000232
-002038
-001689
0000291
0001338
0001397
0002037
0000931
-006229
-013738
-011526
-003319
0001920
0001979
-004075
-010304
-005763
0004307
0007509
0004656
0001338
-001980
-006695
-008907
-002853
0005937
0006344
0001513
0000931
0002503
0000407
-003144
-003027
-000815
-000874
-002038
-001107
0000407
-001281
-004017
-003610
-000990
0000873
0001455
0000931
-000117
-000583
-000583
-000990
-001165
0000291
0001746
0000698
-002096
-004483
-005181
-002853
0000640
0001571
0000523
-000175
-000059
0001047
0002037
0000931
-000757
0000291
0002386
0001979
-000117
-001572
-001398
0001979
0005180
0001862
-004133
-004599
-001398
-000815
-001747
-000524
0001280
0000698
-001339
-002736
-002504
0000640
0003550
0000698
-004890
-006520
-004599
-001980
-000233
-001572
-004541
-005531
-005298
-006462
-007743
-006404
-004075
-004308
-005181
-002096
0002095
0001513
-001747
-002562
-000699
0003492
0006694
0003201
-002853
-002387
0002095
0003667
0002561
0000989
-000350
-000990
-000408
0001397
0003201
0002794
0001106
0000291
0000582
0001629
0002677
0002561
0001397
0000000
-001107
-000699
-000117
-001572
-004366
-006811
-007568
-004657
-000641
-000233
-002271
-002969
-002620
-002795
-003027
-002096
-001165
-002504
-004657
-004133
-002271
-002445
-003493
-002795
-000990
-000059
0000582
0002910
0004889
0003259
-000292
-001747
-001514
-001630
-001689
-000757
0000814
0002852
0003783
0001047
-002620
-002096
0001106
0002852
0002735
0001688
0000232
-000699
-000932
-000757
0000174
0002444
0004715
0004947
0003434
0002037
0000232
-003726
-007568
-007510
-005239
-005123
-006054
-004832
-002213
0000465
0001920
0000873
-001048
-000233
0001629
0000465
-002387
-003610
-003377
-003435
-003144
-000874
0000814
-003144
-007859
-003319
0005122
0005937
0000291
-007393
-011468
-003842
0008382
0010943
0005064
-001805
-007160
-009140
-006869
-000641
0005646
0006170
0002212
-001223
-003377
-004774
-004774
-002969
-000990
-001630
-003377
-002620
-000583
-000350
-001281
-001223
-000466
0000465
0001397
0002328
0003085
0003259
0003434
0005064
0005995
0002328
-002795
-003086
-000466
-000815
-002445
-001107
0001280
0000000
-002504
-000466
0003434
0003259
0000640
0000000
0000582
-000524
-001805
-000524
0001688
0001397
-000932
-003377
-004890
-004192
-002329
-001980
-002736
-003377
-003842
-004832
-005414
-004483
-002562
-000466
0000640
-000699
-003027
-003377
-002445
-002387
-002620
-001863
-000175
0002503
0004365
0002444
-000815
-000641
0001804
0002794
0002735
0003550
0004191
0002561
0000116
-000408
0000407
0000291
-000408
-000699
-000350
0000931
0002444
0003434
0002968
-000292
-003435
-001107
0003550
0003318
-000059
-001339
-000874
-001048
-001339
-000524
0000407
-000233
-001980
-003784
-004832
-004657
-003493
-001980
-001107
-001980
-003202
-002038
0000756
0003026
0004016
0003550
0002037
0000640
-000641
-002562
-003668
-001805
0001513
0003376
0002735
-001223
-004483
0000407
0008498
0009488
0005297
0002561
0001280
-000466
-001398
0000873
0004016
0003783
0001513
0001222
0001804
0000465
-001281
-000350
0001688
0001280
-000641
-001223
-000757
-000524
-000699
-001339
-001863
-000583
0000931
-000350
-003027
-003842
-002911
-001456
0000291
0001920
0003085
0003783
0003725
0002619
0001688
0003143
0005064
0003318
-000233
-001223
-000233
0000000
-000117
0000582
0001106
-000524
-002387
-000757
0002677
0004598
0004016
0000814
-003377
-006054
-005938
-002387
0002212
0004424
0002910
-003260
-009023
-006229
0001862
0006985
0007276
0002503
-004657
-009605
-010653
-007510
-002911
-002620
-003901
0000058
0005762
0005995
0002619
0001164
0000873
-001572
-003784
-001456
0002968
0004656
0003318
0000407
-002154
-001514
0001280
0003318
0004132
0004074
0003492
0003492
0003318
0000698
-001805
0000291
0004540
0005995
0004424
0001106
-002154
-002911
-001689
-000524
-000408
-002329
-004832
-004948
-003086
-001281
0000407
0002503
0003783
0002328
-000466
-001630
-001456
-001747
-002038
-001281
0000116
0001571
0002677
0003259
0003492
0004074
0004598
0004016
0002852
0001979
0001629
0002270
0002852
0001688
-000059
0000232
0001455
0001222
0000232
0000756
0001513
-000117
-002445
-001630
0000465
-000932
-003435
-001747
0001338
-000233
-003842
-003551
-000350
0002735
0003550
-000641
-006462
-007743
-004948
-001048
0001746
0000814
-002620
-005531
-006345
-004133
-000175
0003143
0004249
0001746
-002154
-003202
-001456
0001164
0003725
0005006
0004773
0002910
0001455
0003958
0007916
0008091
0005588
0004656
0003958
0000232
-003610
-002736
0001106
0003259
0002968
0000349
-002795
-002620
-001281
-003784
-007451
-006462
-002504
0000000
0000523
-000350
-001689
-001339
-000350
-001281
-003144
-003668
-003027
-002329
-001456
0000174
0001688
0001280
-000117
-000408
-000117
-000932
-002038
-001805
-000641
0000349
0001571
0004715
0007043
0003609
-001747
-001107
0002735
0002444
-000059
0000058
0002328
0005064
0006461
0004074
0000116
-000932
0000465
0002153
0003085
0002153
0000174
-001048
-000990
0000291
0001979
0002677
0001979
-000117
-002620
-003610
-004075
-006753
-009489
-008383
-004308
0000058
0002619
0001455
-002213
-005705
-006404
-001107
0006461
0010070
0008033
0000407
-007743
-008674
-003202
0003958
0008964
0006927
0001222
-000175
0001920
0003259
0003376
0002212
0000291
-001863
-002853
-001048
0002444
0005530
0006461
0003143
-001572
-002678
-000757
0000640
0001338
0001804
0001688
0001164
-000175
-003319
-006113
-005298
-001805
0001804
0003259
-000292
-005298
-004657
-000466
0000989
0000465
0001164
0002677
0004424
0005006
0002444
-001223
-001689
-000292
-000757
-002271
-002795
-002213
-000350
0001397
0000698
-001107
-000815
0000698
0000931
0000291
0000116
0000407
0001222
0002037
0002270
0001862
0001047
0000232
-000408
-000408
0000698
0002095
0001746
0000756
0001746
0003318
0002386
-000408
-003493
-005181
-003435
-000292
-000524
-002387
-001689
0000640
0001804
0002095
0002444
0003550
0006810
0009546
0007509
0002444
-002154
-003493
0001164
0007974
0009546
0006228
0001804
-001980
-003086
-001805
0000058
0001047
-000932
-003668
-002620
0000931
0003492
0004191
0002619
0000232
0000349
0001513
0000174
-002504
-004133
-003784
-000466
0002968
0001804
-002445
-005822
-007160
-006171
-003551
-001281
0000407
0002153
0003201
0002328
0000640
0000523
0001164
0000232
-000815
0001338
0004132
0002503
-001456
-002504
-001223
0000174
0000931
0000058
-000815
0001688
0005180
0004831
0002037
0001338
0001629
-000117
-002271
-001747
0000000
-000524
-002154
-001921
-000932
-001747
-003610
-005065
-005181
-003260
-000524
0000814
0000523
-000990
-002329
-000990
0000931
-001107
-004716
-004774
-002213
-000466
-000059
-001339
-003086
-002795
-001339
-000874
-001107
-000757
-000175
0000174
-000350
-002736
-005356
-005880
-004192
-000815
0001688
-000641
-005531
-008558
-007626
-001165
0006810
0009895
0007218
-000233
-007219
-005531
0001047
0002619
0000291
-001281
-001863
-001980
-001689
-001689
-001689
-000757
0000058
-000874
-002329
-001980
-000466
0000116
-000175
-000815
-001048
0000407
0002095
0000756
-001630
-001107
0001164
0002270
0001979
0000989
-000233
-001107
-001281
-000292
0000814
0000058
-001514
-001805
-001048
-000350
0000000
-000059
-000117
0000698
0001513
0000465
-001165
-000524
0001047
0000232
-001572
-001048
0000523
-000408
-002271
-001572
0000291
0000291
-001281
-003610
-005007
-003027
0000291
0000582
-000641
0000989
0003143
0000931
-002853
-002387
0000640
0001920
0001164
-001107
-003144
-002154
0001280
0005355
0007858
0006053
0001920
-000117
0000349
0002328
0004249
0003085
0000582
0000814
0002328
0001571
-000175
-000117
0001164
0002153
0001746
-001572
-005298
-005181
-002620
-002096
-002678
-001165
0000291
-002620
-006637
-005472
-001339
-000117
-001048
-001223
-000292
0002037
0003609
0000407
-004774
-006171
-004599
-003901
-003260
-000233
0003201
0003085
0001455
0003725
0006519
0002794
-003377
-003027
0000931
0000698
-001805
-001398
0000756
0001164
0000698
0001920
0003667
0003667
0002153
0000465
-000932
-001747
-001456
0000698
0003201
0004074
0003026
0000698
-001805
-003144
-002853
-001165
0000814
0001513
0000640
-001572
-004017
-004832
-004716
-005996
-007510
-006986
-005065
-003610
-002329
0000174
0002386
0001804
-000292
-000932
-000524
-000932
-000932
0002153
0005646
0004424
0000582
-000466
-000175
-002911
-005763
-003551
0001222
0002794
0002037
0002794
0003958
0003609
0001862
-000408
-002969
-006462
-008674
-006462
-002213
-000815
-003027
-009372
-014262
-009198
0001688
0008557
0009488
0005937
-000641
-008150
-011876
-005705
0004191
0005006
-000233
-001630
-000641
-001863
-003726
-002853
-000350
0001106
0001455
0001164
0000698
0001164
0002153
0002503
0002503
0003026
0003259
0001571
-000350
0000931
0003492
0002619
0000232
0000989
0002968
0001571
-001165
-000932
0001513
0004365
0005471
0002153
-002795
-003784
-001630
0000058
0000931
0000989
0000931
0002503
0004074
0002328
-000815
-001048
0000582
0001513
0000873
-002329
-005531
-004308
-000350
0001571
0001979
0003725
0005064
0002735
-001223
-002911
-001921
0000931
0003900
0004191
0002212
-000117
-001805
-002445
-001514
0001397
0003900
0002153
-001689
-002678
-001398
-000757
-000466
0000989
0001979
-000524
-003842
-002736
0000174
-001398
-005472
-007393
-006811
-004657
-002329
-002213
-003202
-002504
-000699
0001106
0001688
-000757
-003260
-000583
0004540
0005995
0004482
0003609
0002852
0000407
-001572
0000873
0004715
0003609
-000059
-000641
0001106
0002270
0002677
0002852
0002561
0002037
0001106
-000699
-002271
-001805
-000117
0000989
0001338
0001106
0000465
-000117
-000932
-002562
-004133
-004075
-003202
-003551
-004716
-005938
-005763
-001339
0003085
-000757
-007510
-005822
0000523
0001338
-001339
-001223
0000291
-000117
-001689
-002911
-002620
0000698
0004365
0003725
0000756
0000989
0002677
0001513
-000815
-000990
0000756
0003318
0005006
0003958
0001106
-001107
-001630
0000349
0003085
0003201
0001629
0001222
0001746
0002270
0002270
0000989
-000815
-002038
-002213
-001165
0000291
0000291
-000175
0001571
0003318
0000873
-003202
-003551
-001630
-001572
-003144
-005298
-006229
-002969
0001862
0003900
0001979
-004774
-011061
-008325
0000232
0007043
0008848
0003667
-004483
-008325
-006695
-000990
0004889
0004249
0000116
0000116
0003085
0005238
0005471
0002444
-001165
-000117
0003376
0003958
0002212
0000465
-000466
0000058
0001397
0002095
0001862
0000407
-000932
0000000
0001979
0002095
0000989
0001106
0001338
-000757
-003726
-005414
-004425
0000814
0006170
0004598
-000990
-003377
-002271
0000582
0003376
0003318
0001222
-000233
-000641
-000583
0000000
0001106
0001804
0000582
-000874
0000931
0004249
0005122
0003841
0001804
0000174
0000058
0001746
0005064
0007334
0003900
-001398
-000292
0004016
0003667
0000640
0000407
0001513
-000059
-002620
-002504
-000524
0001164
0001979
0001920
0001397
0001397
0001397
-000408
-002271
-000990
0001338
0000058
-002736
-002038
0000523
0000989
-000059
-000699
-000583
0000756
0002095
0001513
-000350
-002096
-002445
0000232
0003492
0002503
-000524
-000408
0001979
0004307
0004598
-000292
-005705
-002853
0004249
0005937
0003259
0001164
-000292
-001921
-002853
-001689
0000291
0000640
-000117
-000408
-000408
-000990
-000932
0001629
0004715
0004773
0001979
-002154
-005472
-005239
-002678
-001048
-000466
0000116
0000640
0001338
0002095
0002794
0002794
0001455
-000641
-002620
-003260
-001339
0001397
0001455
0000232
0001804
0004132
0002677
-000699
-001514
-000524
-000408
-000641
0000232
0000931
-000990
-003901
-004250
-002736
-001398
-000932
-002154
-003901
-003842
-002736
-002678
-002795
-000815
0001804
0002561
0001804
0001455
0001513
0001979
0001979
-000292
-003086
-003260
-001281
0001106
0002852
0003201
0002212
0000756
-000350
-000408
0000232
0000349
