0000291
0000058
-000292
-000408
-000292
-000059
0000174
-000059
-000524
-000757
-000641
-000059
0000582
0000407
-000175
-000175
0000174
-000233
-000757
-000466
0000349
0000873
0000931
0000582
0000058
-000175
-000117
0000000
0000058
-000059
-000292
-000699
-001048
-000874
-000292
0000000
0000116
0000232
0000232
0000116
-000117
-000524
-000699
-000233
0000523
0000291
-000233
0000116
0000873
0000640
0000000
0000582
0001455
0000756
-000524
-000175
0001047
0001164
0000407
-000757
-001514
-000524
0001106
0001280
0000407
-000233
-000524
-000583
-000524
-000524
-000408
0000407
0001338
0001222
0000349
-000059
-000175
-000408
-000583
-000408
-000233
-000699
-001339
-000874
-000059
-000524
-001456
-000874
0000349
0000291
-000757
-001456
-001572
-000990
-000175
0000116
-000059
-000059
-000117
-000699
-001398
-001398
-000815
-000350
-000175
-000408
-000757
-000932
-000990
-001456
-001863
-001339
-000408
-000466
-001048
-001223
-000990
-000524
-000117
-000175
-000524
-000524
-000408
-000466
-000641
-000583
-000408
-000524
-000757
-000699
-000466
-000233
-000175
-000641
-001048
-000815
-000175
-000059
-000466
-000815
-001165
-001456
-001514
-001107
-000583
-000524
-000815
-000583
-000350
-000932
-001689
-001572
-000757
-000117
0000000
-000350
-000932
-001281
-001281
-000990
-000583
-000292
-000117
0000291
0000582
0000058
-000583
-000175
0000698
0000465
-000408
-000932
-000990
-000583
-000233
-000641
-001339
-001281
-000757
-000699
-000874
-000641
-000292
-000408
-000699
-000874
-000641
0000116
0000873
0000640
-000175
-000815
-000932
-000524
0000116
0000000
-000524
-000641
-000408
-000350
-000524
-001048
-001572
-001689
-001339
-000583
0000174
0000174
-000408
-000932
-000990
-000117
0000814
0000174
-001048
-000583
0000640
0000407
-000699
-000932
-000757
-001165
-001689
-001398
-000699
-000466
-000699
-001107
-001514
-001398
-001165
-001339
-001689
-001339
-000524
0000174
0000698
0001106
0001222
0000698
-000059
-000408
-000350
-000524
-000641
-000292
0000058
-000874
-001863
-000699
0001222
0000873
-000699
-000699
0000174
0000232
-000350
-000815
-000990
-000815
-000292
0000582
0001164
0000756
0000000
0000232
0000931
0000873
0000174
-000292
-000583
-000874
-000932
-000641
-000117
0000465
0000873
0000873
0000640
0000349
0000174
0000058
-000175
-000874
-001689
-001805
-001339
-000583
0000116
0000232
0000058
0000116
0000465
0001047
0001222
0000174
-001281
-001339
-000466
0000116
0000232
0000232
0000174
0000174
0000174
-000059
-000466
-000874
-001048
-000524
0000232
0000291
0000000
0000000
0000232
0000407
0000407
0000000
-000524
-000641
-000524
-000466
-000524
-000466
-000350
-000233
-000059
0000174
0000349
0000058
-000233
0000174
0000873
0000698
0000058
-000350
-000292
0000174
0000698
0000465
-000175
-000292
0000000
0000116
0000058
-000175
-000408
0000000
0000523
0000232
-000408
-000350
0000000
-000408
-001048
-000699
0000058
-000117
-000757
-000524
0000116
0000465
0000349
0000174
-000059
0000116
0000291
-000059
-000699
-001048
-000932
-000233
0000465
0000465
-000059
-000583
-000815
-000757
-000350
0000000
0000232
0000232
0000000
-000059
-000059
-000175
-000292
-000175
0000116
0000640
0001047
0000640
0000000
0000116
0000582
0000232
-000408
-000292
0000232
0000116
-000175
0000523
0001397
0000698
-000699
-000990
-000466
-000292
-000175
0000640
0001455
0001164
0000291
0000000
0000116
0000058
-000175
-000175
-000117
-000059
-000059
0000349
0000756
0000756
0000465
-000175
-000524
0000058
0000931
0000174
-001107
-000932
0000174
0000349
-000175
-000350
-000292
-000233
0000174
0001629
0003434
0005006
0004132
-003319
-010828
-006637
0003318
0005588
0001746
-000757
-001339
-000350
0001222
0000873
-000524
-000583
0000407
0001571
0002095
0001047
-000641
-000990
-000059
0000989
0001746
0001455
0000523
-000233
-000641
-000641
-000350
-000175
0000058
0000873
0001688
0001338
0000407
0000174
0000465
0000523
0000465
0000698
0000931
0000291
-000292
0000523
0001804
0001629
0000465
-000350
-000524
-000117
0000465
0000523
0000291
0000349
0000523
0000174
-000292
0000000
0000698
0000523
-000117
-000233
0000116
0000873
0001455
0000989
0000116
0000349
0001047
0000640
-000059
0000465
0001455
0000873
-000583
-000932
-000466
-000350
-000233
0000640
0001571
0001164
0000058
-000175
0000174
0000116
-000059
-000059
0000174
0000523
0000756
0000814
0000640
0000465
0000291
-000059
-000233
0000116
0000756
0001106
0000989
0000465
-000117
-000175
0000349
0000931
0001455
0001455
0001164
0000873
0000582
-000117
-000641
-000175
0000640
0000523
-000117
-000175
0000116
0000174
0000174
0000814
0001280
0000291
-001223
-001281
-000408
0000058
0000058
0000058
0000058
-000175
-000408
-000059
0000349
-000292
-001223
-000699
0000465
0000291
-000466
-000059
0000873
0000989
0000465
0000523
0000756
0000349
-000175
0000058
0000523
-000117
-001223
-001456
-000932
-000292
0000232
0000232
-000059
-000059
0000291
0000931
0001338
0000931
0000058
-000233
-000117
-000059
0000000
-000059
-000059
0000058
0000174
0000523
0000756
0000698
0000291
-000117
-000292
0000174
0000814
0000814
0000465
0000814
0001397
0001106
0000349
-000117
-000117
0000174
0000640
0000931
0000931
0000291
-000350
0000232
0001222
0000931
-000117
-000292
0000116
0000582
0000873
0000814
0000582
0000582
0000756
0001047
0001164
0000931
0000640
0000698
0000814
0000291
-000292
0000116
0001106
0001571
0001455
0000931
0000465
0000989
0001979
0002444
0002095
0001047
-000059
-000117
0000582
0001047
0001164
0000989
0000698
0000349
0000291
0000698
0001338
0001688
0001629
0001455
0001164
0001106
0001164
0001047
0000931
0000814
0000756
0001222
0001688
0001571
0001047
0000582
0000349
0000523
0000640
-000175
-001165
-000350
0001222
0001397
0000640
0000582
0001047
0001280
0001397
0001688
0001862
0000989
-000117
0000058
0001106
0001746
0001979
0001979
0002270
0004132
0005530
0002852
-001223
-001398
0000989
0002095
0001804
0001047
0000407
0001338
0002794
0002910
0002095
0001629
0001688
0002153
0002910
0004016
0004598
0003318
0001571
0001979
0003667
0004132
0003492
0002910
0002386
0001862
0001513
0001629
0001979
0001979
0001979
0002386
0002968
0003026
0002619
0002095
0001862
0002328
0003026
0002852
0002153
0002037
0002270
0001979
0001629
0002037
0002677
0002444
0001804
0001688
0001862
0001746
0001513
0002153
0002852
0002270
0001164
0001047
0001629
0002153
0002444
0002619
0002561
0002095
0001571
0001513
0001920
0002386
0002735
0002735
0002503
0002328
0002270
0002212
0002212
0002386
0002503
0002212
0001746
0001862
0002095
0001688
0001106
0001513
0002386
0002386
0001979
0002153
0002561
0002328
0001804
0001746
0001979
0001920
0001688
0001746
0001920
0001979
0001746
0001280
0000873
0001222
0001920
0002095
0002037
0002095
0002212
0001920
0001455
0001513
0001746
0001571
0001164
0000989
0001047
0001222
0001455
0001629
0001629
0001338
0000989
0000814
0000989
0001164
0001338
0001164
0000814
0000640
0000698
0000698
0000756
0001571
0002444
0002153
0001164
0000349
0000058
0000698
0001397
0000873
-000233
-000059
0000873
0001338
0001222
0000523
-000059
0000291
0001047
0000814
0000000
-000117
0000116
0000000
-000233
0000116
0000756
0000989
0000873
0000465
0000000
-000408
-000524
-000117
0000407
0000058
-000815
-001223
-001223
-000990
-000641
-000117
0000232
0000407
0000291
0000174
0000058
0000000
-000059
-000233
-000466
-000583
-000524
-000408
-000292
-000466
-000757
-001165
-001281
-000524
0000232
-000583
-002096
-002038
-001107
-001048
-001514
-001339
-000932
-001165
-001572
-001048
-000292
-000990
-002387
-003086
-002969
-002736
-002445
-002154
-002038
-002154
-002329
-002154
-001747
-000932
-000175
-000175
-000757
-001630
-002329
-002096
-001456
-001747
-002678
-003377
-003668
-003435
-002911
-002329
-001863
-001689
-001921
-002387
-002853
-002969
-002678
-002213
-001805
-001863
-002154
-002329
-002329
-002387
-002387
-002154
-001863
-001805
-001805
-001863
-001805
-001921
-001980
-001863
-001689
-001747
-002038
-002096
-002096
-002329
-002504
-002154
-001630
-001630
-002096
-002562
-002736
-002678
-002504
-002445
-002562
-002445
-002387
-002387
-002562
-002795
-002853
-002096
-001107
-000932
-001456
-002329
-002969
-002969
-002387
-001863
-001572
-001514
-001630
-001630
-001747
-002329
-002911
-002329
-001281
-001398
-002096
-001921
-001281
-001223
-001630
-001921
-001921
-001398
-000699
-000524
-000815
-000990
-001048
-001165
-001165
-001165
-001107
-000990
-000932
-001048
-001107
-000815
-000408
-000408
-000583
-000524
-000292
-000292
-000350
-000233
0000000
0000116
0000174
0000058
-000059
-000175
-000233
-000292
-000233
0000000
0000291
0000291
0000058
-000233
-000233
0000640
0001513
0001222
0000291
0000232
0000582
-000233
-001339
-001223
-000292
0000349
0000582
0000640
0000523
0000698
0000873
0000349
-000350
-000175
0000582
0001338
0001688
0001164
0000465
0000873
0001804
0001804
0001222
0001164
0001397
0001397
0001106
0000640
0000232
0000465
0001047
0001222
0001106
0001280
0001513
0001746
0001804
0001338
0000756
0000873
0001164
0000931
0000465
0000582
0001047
0001629
0001979
0001862
0001513
0001629
0001979
0001979
0001804
0001920
0002037
0001629
0000931
0000814
0001047
0001280
0001397
0001397
0001338
0001688
0002153
0002328
0002153
0001629
0001047
0001164
0001571
0001513
0001280
0001862
0002677
0002735
0002212
0001804
0001513
0001047
0000756
0001164
0001920
0002328
0002444
0002386
0002270
0001920
0001688
0001746
0002037
0002037
0001920
0002095
0002153
0001571
0000873
0001047
0001746
0002153
0002095
0001804
0001513
0001571
0001920
0002212
0002270
0002095
0001862
0001629
0001455
0001338
0001164
0000814
0000640
0001222
0002095
0002386
0002095
0001513
0001106
0001280
0001746
0001688
0001397
0001746
0002212
0001979
0001280
0001164
0001397
0001455
0001397
0001280
0001222
0001222
0001338
0001222
0001047
0000873
0000756
0000756
0000873
0001106
0001280
0001280
0001106
0000989
0000873
0000640
0000349
0000232
0000174
0000000
-000175
-000175
0000000
0000174
0000465
0000873
0000989
0000232
-000641
-000175
0000873
0000989
0000349
-000117
-000350
-000408
-000233
-000059
0000058
-000175
-000350
0000232
0000873
0000523
-000350
-000757
-000699
-000641
-000524
-000350
-000350
-000699
-001107
-000990
-000583
-000583
-000757
-000641
-000466
-000990
-001630
-001223
-000350
-000175
-000699
-001048
-001281
-001514
-001689
-001805
-001863
-001456
-000990
-001223
-001747
-001630
-001223
-001339
-001630
-001514
-001223
-001223
-001398
-001223
-001107
-001863
-002678
-002038
-000815
-000815
-001689
-002096
-002096
-001863
-001514
-001281
-001456
-002038
-002678
-002620
-002096
-001805
-001805
-001747
-001863
-002387
-002911
-002795
-002445
-002795
-003260
-002678
-001805
-002154
-003144
-003086
-002620
-002969
-003668
-003435
-002736
-002387
-002562
-003144
-003668
-003027
-001980
-001980
-002736
-003027
-002853
-002562
-002271
-002271
-002504
-002911
-003319
-003610
-003668
-003493
-003027
-002387
-001805
-001747
-002154
-003027
-003726
-003493
-002795
-002504
-002562
-002678
-002795
-002678
-002562
-002562
-002678
-002562
-002562
-003144
-003784
-003435
-002504
-002213
-002329
-002329
-002329
-002387
-002562
-003027
-003377
-003260
-002736
-002387
-002271
-002329
-002445
-001921
-001223
-001281
-001805
-001747
-001456
-001805
-002504
-002969
-003202
-003319
-003086
-001921
-000699
-000874
-001921
-002504
-002504
-002271
-001863
-001514
-001339
-001689
-002096
-001456
-000524
-000932
-001980
-001805
-000990
-000932
-001339
-001456
-001398
-001398
-001339
-000583
0000174
-000350
-001339
-001048
-000292
-001048
-002387
-001980
-000699
-000699
-001339
-000932
-000059
0000000
-000524
-000932
-001165
-001456
-001572
-001165
-000641
-000699
-001107
-001223
-000990
-000408
0000116
-000059
-000524
-000233
0000291
-000059
-000641
-000233
0000698
0000582
-000059
0000116
0000582
0000232
-000408
-000350
0000174
0000582
0000756
0000756
0000582
0000523
0000582
0000814
0001106
0001222
0000989
0000174
-000583
-000175
0000756
0000698
0000174
0000407
0000931
0001047
0000698
0000116
-000175
0000873
0002270
0002328
0001455
0000640
0000174
0000232
0000698
0001338
0001746
0001571
0001106
0001222
0001688
0001979
0001979
0001513
0000989
0000814
0000989
0001106
0001164
0001222
0001164
0001280
0001338
0001338
0001222
0001164
0001222
0001688
0002153
0002270
0001979
0001629
0001397
0001513
0001804
0001979
0001920
0001629
0001338
0001397
0001688
0001979
0002095
0001920
0001571
0001106
0000931
0001688
0002619
0002386
0001455
0001164
0001513
0002212
0002910
0003026
0002677
0002270
0002037
0002270
0002735
0002910
0002735
0002561
0002270
0001338
0000582
0001338
0002852
0003492
0003318
0003318
0003201
0002328
0001280
0001164
0001571
0001688
0001513
0001513
0001688
0002037
0002270
0002037
0001746
0002037
0002503
0002619
0002328
0001746
0001397
0001862
0002561
0002212
0001455
0001746
0002503
0002503
0002037
0002095
0002328
0002037
0001746
0002212
0002968
0003318
0003085
0002619
0002095
0002212
0002561
0002386
0001920
0001979
0002212
0001804
0001106
0000989
0001397
0001804
0002037
0001629
0001106
0001397
0002037
0001746
0000989
0000931
0001338
0001280
0001047
0001338
0001746
0001629
0001397
0001629
0002037
0001920
0001455
0001164
0001106
0001338
0001629
0001571
0001164
0000756
0000582
0001106
0001688
0001222
0000291
0000465
0001106
0000814
-000059
-000583
-000466
0000349
0001280
0001164
0000582
0000640
0001106
0000698
0000000
0000116
0000582
0000232
-000466
-000117
0000640
0000582
-000059
-000524
-000699
-000466
0000000
0000465
0000756
0000523
0000174
0000232
0000465
0000116
-000466
-000524
-000233
-000292
-000583
-000699
-000699
-000583
-000408
-000292
-000233
-000175
-000292
-000699
-001223
-001747
-001980
-001572
-000815
-000466
-000524
-000757
-001048
-001107
-000990
-000757
-000466
-000175
-000175
-000583
-001107
-001048
-000815
-001223
-001863
-001863
-001514
-001863
-002271
-001630
-000641
-000874
-001747
-001747
-001223
-001107
-001339
-001863
-002154
-001572
-000699
-000757
-001514
-001980
-002096
-002154
-002154
-002154
-002096
-001689
-001165
-000990
-001281
-001805
-002329
-002271
-002038
-002154
-002445
-002329
-001921
-001339
-001107
-001630
-002562
-003260
-003377
-002445
-001398
-001921
-003086
-002853
-001863
-001980
-002736
-002853
-002445
-001921
-001514
-001339
-001630
-002562
-003493
-003144
-002154
-001863
-002038
-002154
-002154
-002096
-002096
-002096
-002271
-002562
-002853
-003144
-003144
-002678
-002154
-002387
-003027
-003260
-003027
-002271
-001514
-001514
-001980
-002387
-002562
-002562
-002445
-002620
-002736
-002038
-001107
-001456
-002387
-002213
-001572
-001747
-002329
-002154
-001572
-001281
-001398
-001980
-002504
-001980
-001048
-000990
-001572
-002038
-002271
-002562
-002620
-002154
-001689
-001921
-002329
-001805
-000990
-001165
-001863
-001921
-001398
-000815
-000466
-000932
-001747
-001514
-000874
-001223
-002038
-001805
-001048
-000990
-001398
-001630
-001630
-001223
-000874
-001107
-001689
-002154
-002329
-002038
-001630
-001980
-002445
-001630
-000466
-000699
-001572
-001398
-000641
-000932
-001747
-001747
-001223
-000641
-000350
-000641
-001165
-001223
-000757
-000059
0000523
0000349
-000175
-000117
0000116
-000466
-001339
-001456
-000990
-000641
-000408
-000408
-000524
-000350
0000058
0000407
0000523
0000058
-000524
-000233
0000349
-000175
-001048
-000874
-000175
-000233
-000757
-000699
-000175
0000814
0001455
0000349
-001281
-000699
0000931
0000640
-000699
-000699
0000058
0000232
0000000
0000291
0000640
0000232
-000524
-000757
-000524
-000350
-000117
0000582
0001280
0001338
0000873
0000349
0000000
0000000
0000232
0000640
0000989
0001222
0001222
0000698
0000174
0000465
0000989
0000640
-000117
-000292
-000059
0000116
0000232
0000465
0000756
0001164
0001338
0000873
0000116
-000233
-000117
0000232
0000349
-000117
-000699
-000117
0001047
0001280
0000756
0000174
-000059
0000698
0001688
0001513
0000582
0000291
0000465
0000756
0000989
0001047
0000989
0001106
0001164
0000814
0000465
0000698
0001397
0002212
0002561
0001455
-000059
-000117
0000873
0001338
0001338
0001688
0002037
0001746
0001164
0001106
0001338
0001338
0001280
0001629
0002153
0002270
0001979
0001571
0001338
0001862
0002619
0002561
0001920
0001280
0000989
0001280
0001862
0001979
0001746
0001629
0001629
0001688
0001629
0001397
0001164
0001571
0002212
0002270
0001804
0001455
0001164
0001106
0001106
0001106
0001164
0001397
0001746
0001746
0001571
0001804
0002095
0001804
0001280
0001164
0001397
0001455
0001397
0001571
0001804
0001629
0001280
0001106
0001222
0001688
0002037
0001455
0000582
0000931
0001804
0001571
0000814
0000931
0001455
0001164
0000582
0000640
0001106
0001222
0001106
0001338
0001688
0001920
0001862
0001513
0000931
0000232
-000117
0000523
0001513
0001338
0000640
0001047
0001979
0001862
0001280
0001338
0001804
0001862
0001513
0001222
0001047
0001106
0001280
0001397
0001455
0001629
0001688
0001164
0000582
0000814
0001513
0001804
0001571
0000931
0000232
0000116
0000232
0000116
-000059
0000349
0000989
0001164
0001047
0001047
0000989
0000407
-000059
0000931
0002212
0001513
-000117
-000408
0000349
0000756
0000931
0001338
0001513
0000756
-000233
0000000
0000814
0000756
0000291
0000523
0000989
0000756
0000174
-000175
-000175
-000350
-000408
-000059
0000407
0000174
-000524
-000874
-000932
-000932
-000757
-000233
0000291
0000000
-000583
-000408
0000174
0000058
-000408
-000874
-001107
-001107
-000932
-000874
-000757
-000117
0000523
0000174
-000524
-000408
0000174
0000291
-000059
-000757
-001339
-001339
-000874
-000699
-000583
0000000
0000523
-000292
-001514
-001572
-000815
-000524
-000583
-000524
-000583
-001223
-001805
-001107
-000059
-000874
-002387
-001921
-000408
-000117
-000699
-001048
-001107
-000932
-000699
-000408
-000292
-000524
-000990
-001281
-001398
-001630
-001805
-001747
-001514
-001398
-001281
-000815
-000350
-000583
-001281
-001514
-001339
-000932
-000466
-000059
-000059
-000932
-002096
-002271
-001805
-001689
-001805
-001514
-001048
-000583
-000408
-000466
-000757
-000874
-001048
-001514
-001863
-001456
-000815
-001107
-001805
-001630
-001107
-001398
-001980
-001456
-000641
-000990
-001863
-001630
-000990
-002096
-003493
-002562
-000408
0000058
-000757
-001514
-001863
-001456
-000815
-001165
-001805
-001339
-000408
-000932
-002096
-002096
-001339
-000932
-000932
-000874
-000874
-000874
-000932
-001048
-001223
-001339
-001223
-000699
-000117
-000117
-000641
-001165
-001456
-001689
-001689
-001805
-001747
-001281
-000699
-000641
-000932
-000641
-000117
-000175
-000466
-000641
-000641
-000466
-000292
-000233
-000233
-000292
-000466
-001165
-001747
-001456
-000757
-000699
-001107
-001339
-001339
-000874
-000350
-000175
-000350
-000524
-000815
-001339
-001572
-000757
0000407
0000174
-000641
0000174
0001397
0000582
-001165
-001165
-000175
-000059
-000466
-000292
0000058
-000466
-001339
-001630
-001223
-000466
0000232
-000059
-000815
-001048
-000932
-001223
-001456
-000583
0000698
0000814
0000174
-000292
-000524
-000641
-000583
-000350
-000059
0000232
0000232
-000350
-001048
-001048
-000524
-000059
0000174
-000059
-000408
-000583
-000583
-000932
-001223
-000641
0000291
0000465
0000174
0000232
0000465
0000349
0000174
0000291
0000582
0000465
0000058
-000466
-000757
-000699
-000408
-000292
-000350
-000466
-000466
0000291
0001164
0000873
0000058
0000058
0000523
0000291
-000292
-000524
-000408
0000058
0000523
0000407
0000000
-000059
0000116
0000116
0000000
-000233
-000408
-000175
0000232
0000582
0000756
0000640
0000349
-000175
-000117
0001920
0004482
0005238
0003085
-004133
-010246
-005007
0005355
0006868
0002037
-000059
0000349
0000931
0001222
0000407
-000815
-000815
0000232
0001629
0002386
0001222
-000757
-001456
-000699
0001455
0003259
0001979
-000757
-001165
-000117
-000175
-000641
0000232
0001688
0002037
0001513
0000989
0000582
0000000
-000292
0000174
0000989
0001164
0000931
0001106
0001338
0000873
0000116
0000000
0000174
-000117
-000466
-000233
0000465
0000989
0001222
0000989
0000640
0000523
0000465
-000292
-000932
0000116
0001746
0001862
0000814
-000059
-000292
0000523
0001571
0001222
0000116
-000059
0000465
0000814
0000640
-000583
-001689
-000874
0001047
0001746
0001397
0000582
0000000
0000582
0001629
0001746
0001047
-000059
-000990
-001048
-000583
-000466
-000466
0000174
0001047
0001455
0001397
0001106
0000640
0000116
-000233
-000408
-000350
-000466
-000408
0000523
0001629
0001571
0000873
0000931
0001338
0001106
0000349
-000117
-000350
-000524
-000466
0000116
0000931
0001455
0001571
0001106
0000407
0000058
0000174
0000349
0000465
0000349
0000058
-000059
-000059
0000058
0000291
0000407
0000407
0000465
0000465
0000349
0000116
-000583
-001165
-000874
-000175
0000116
-000059
-000175
-000233
-000175
-000175
-000524
-000874
-000641
-000117
0000000
-000292
-000699
-000932
-000466
0000174
-000117
-000815
-000815
-000292
-000059
-000059
-000059
-000059
-000233
-000350
-000117
0000291
0000349
0000174
0000058
-000059
-000233
-000292
0000000
0000291
0000116
-000292
-000466
-000408
-000059
0000174
0000116
-000292
-000757
-000990
-000583
0000000
-000524
-001339
-000874
0000174
0000174
-000466
-000583
-000350
-000408
-000641
-000757
-000757
-000815
-000815
-000699
-000641
-000815
-000932
-000583
-000059
0000058
-000233
-000815
-001339
-001398
-000990
-000699
-000466
-000117
0000000
-000699
-001514
-001107
-000292
-000699
-001689
-001630
-000932
-000583
-000641
-000757
-000990
-001339
-001572
-001805
-001747
-001165
-000583
-000932
-001689
-001689
-001107
-000466
-000233
-000990
-002038
-001921
-001165
-001223
-001689
-001281
-000524
-000292
-000466
-000699
-000815
-000699
-000466
-000233
-000117
0000000
-000059
-000350
-000757
-000932
-001107
-001689
-002445
-002853
-002620
-001689
-000466
0000291
0000291
-000466
-000990
0000931
0002968
0000174
-004250
-003551
0000058
0000814
-000641
-001630
-001805
-000874
0000174
-000524
-002038
-002096
-001048
-000175
0000174
-000175
-000815
-001107
-001048
-000757
-000466
-000233
-000292
-000699
-001165
-001048
-000583
-000641
-000874
-000466
0000174
0000291
-000117
-000524
-000815
-000757
-000524
-000466
-000583
-000583
-000583
-000932
-001281
-000583
0000465
0000291
-000524
-000757
-000524
-000641
-000932
-001048
-000932
-000408
0000174
0000291
0000000
-000292
-000292
0000000
0000407
0000232
-000233
-000408
-000350
-000292
-000292
-000117
-000059
-000350
-000815
-000815
-000350
0000407
0000989
0000756
0000116
0000000
0000291
0000873
0001222
0000640
-000233
0000000
0000931
0000931
0000407
0000232
0000349
0000174
0000116
0000582
0001106
0000582
-000292
0000058
0000989
0000873
0000291
0000873
0001862
0001571
0000582
0000349
0000582
0000407
0000116
0000814
0001804
0001688
0000873
0000523
0000582
0000814
0000931
0000407
-000233
0000000
0000698
0000989
0000873
0000523
0000232
0000291
0000523
0000407
0000232
0000582
0001047
0000698
0000000
0000174
0000756
0000582
0000058
0000058
0000465
0000873
0001047
0000698
0000174
0000407
0000989
0001164
0000989
0000582
0000232
0000582
0001164
0000931
0000465
0000814
0001513
0001397
0000640
0000058
-000175
-000175
0000116
0000640
0001106
0001164
0000931
0000756
0000640
0000407
0000174
0000407
0000814
0000989
0000873
0000523
0000291
0000640
0001106
0000698
0000000
0000000
0000407
0000407
0000291
0000698
0001338
0001397
0001047
0000582
0000291
0000640
0001106
0000814
0000174
0000349
0000989
0001164
0001047
0001222
0001280
0000640
-000059
0000523
0001688
0002095
0001746
0000989
0000465
0001222
0002386
0002270
0001164
0000232
-000292
-000117
0000465
0000407
0000174
0000814
0001804
0002386
0002270
0001688
0000756
-000292
-000815
-000117
0001280
0002270
0002386
0001688
0000698
0000291
0000523
0000698
0000756
0000756
0000814
0001164
0001629
0001571
0001338
0001629
0001979
0001455
0000582
0000291
0000523
0000931
0001222
0000931
0000698
0001629
0002735
0001920
0000116
-000466
0000000
0000582
0000989
0001222
0001106
0000698
0000232
0000291
0000523
0000174
-000292
0000174
0001106
0001571
0001513
0001338
0001106
0001047
0001047
0000698
0000291
0000640
0001106
0000523
-000524
-000466
0000349
0001047
0001280
0000698
-000175
-000233
0000349
0000989
0001338
0000873
0000000
-000059
0000465
0000989
0001338
0001629
0001513
0000582
-000408
-000175
0000698
0000698
0000058
-000350
-000466
-000524
-000350
-000117
0000174
0000232
0000174
0000116
0000174
0000465
0000814
0000698
0000291
0000116
0000116
0000116
0000174
0000465
0000814
0000523
-000117
-000641
-000815
-000466
0000116
0000291
0000174
0000349
0000523
-000059
-000815
-000757
-000117
0000232
0000407
0000931
0001397
0001106
0000291
-000175
-000292
-000350
-000292
-000117
0000000
-000059
-000175
-000175
-000059
0000116
0000174
-000117
-000583
-000583
-000350
-000117
0000000
0000174
0000232
-000408
-001165
-001165
-000699
-000408
-000466
-000815
-001107
-000583
0000116
-000408
-001398
-001165
-000350
-000233
-000583
-000175
0000465
0000174
-000699
-001048
-000932
-000699
-000466
-000699
-001107
-001339
-001165
-000641
0000000
-000117
-000583
-000815
-000815
-000583
-000350
-000583
-000990
-001165
-001107
-000932
-000699
-000583
-000524
-000641
-000815
-001165
-001398
-001165
-000757
-000641
-000874
-000990
-000932
-000699
-000466
-000699
-001048
-001223
-001165
-000990
-000757
-000350
-000059
-000408
-000874
-000583
0000116
0000232
-000175
-000524
-000757
-000699
-000524
-000466
-000524
-000524
-000350
0000058
0000465
0000349
-000117
-000583
-000815
-000524
0000000
0000000
-000350
-000408
-000292
-000292
-000408
-000292
-000175
-000350
-000641
-000641
-000350
-000233
-000117
0000291
0000582
0000058
-000757
-000757
-000175
0000058
0000058
-000117
-000292
-000292
-000233
-000757
-001456
-001630
-001281
-000874
-000408
0000174
0000523
0000291
-000292
-000524
-000350
-000175
0000058
0000349
0000349
-000350
-001165
-000874
0000116
0000756
0000873
0000640
0000349
0000407
0000582
0000349
0000000
0000407
0000931
0000407
-000466
-000117
0000698
0000291
-000641
-000699
0000000
0000523
0000756
0000523
0000116
-000175
-000292
-000175
0000116
0000523
0000814
0000756
0000465
0000407
0000407
-000059
-000408
0000116
0000931
0000814
0000116
0000058
0000291
0000058
-000292
0000058
0000698
0000582
0000058
0000116
0000523
0000698
0000698
0000814
0000698
0000058
-000641
-000117
0000931
0001047
0000465
-000117
-000350
0000116
0000873
0001164
0000931
0000291
-000175
0000116
0000756
0000698
0000291
0000465
0000814
0000582
0000058
0000291
0000931
0001106
0000873
0000465
0000000
0000000
0000232
0000465
0000698
0001106
0001455
0001455
0001222
0001106
0001106
0001397
0001746
0001571
0001106
0000931
0000989
0001106
0001280
0001397
0001455
0001280
0000873
0000465
0000232
0000640
0001280
0001338
0001106
0001222
0001571
0001571
0001280
0000989
0000931
0001629
0002386
0001455
-000059
0000116
0001280
0001513
0001106
0001106
0001338
0001280
0001047
0001280
0001571
0001397
0000931
0000523
0000465
0000756
0001222
0001455
0001513
0001455
0001338
0001106
0000814
0000814
0000989
0000989
0000989
0001338
0001862
0002386
0002561
0002153
0001338
0000931
0000931
0001455
0002095
0002270
0002270
0002677
0003143
0002561
0001746
0002270
0003143
0002037
0000291
0000582
0002037
0002270
0001688
0001629
0001862
0001746
0001455
0001280
0001338
0001397
0001455
0001746
0001979
0001629
0001047
0001222
0001804
0001920
0001804
0001920
0002153
0001571
0000989
0001862
0003201
0002910
0001629
0001047
0001106
0001164
0001164
0001397
0001513
0001222
0000640
0000232
0000232
0000814
0001629
0001920
0001688
0001164
0000756
0000989
0001629
0001804
0001513
0000931
0000523
0000698
0001280
0001455
0001338
0001455
0001629
0001513
0001222
0000931
0000756
0001047
0001455
0001397
0001106
0001397
0001920
0002095
0001862
0001222
0000698
0000698
0001106
0001047
0000873
0000989
0001338
0001746
0001862
0001222
0000349
0000407
0000989
0000989
0000582
0000291
0000232
0000523
0001106
0001455
0001513
0001047
0000523
0000698
0001338
0001746
0001746
0001513
0001164
0000640
0000291
0000640
0001338
0001629
0001513
0001338
0001164
0000814
0000582
0000989
0001571
0001338
0000698
0000640
0000989
0001338
0001629
0001746
0001746
0001571
0001164
0000698
0000407
0000814
0001397
0001047
0000349
0000523
0001106
0001047
0000640
0000698
0001047
0001164
0001106
0001222
0001338
0001397
0001455
0001746
0002037
0001804
0001222
0000931
0000873
0000756
0000873
0001629
0002444
0002212
0001338
0000640
0000465
0000931
0001629
0001746
0001338
0000756
0000523
0001106
0001979
0001979
0001338
0000814
0000523
0000407
0000407
0000523
0000523
-000175
-000815
-000059
0001280
0001397
0000698
0000407
0000523
0000698
0000931
0001280
0001455
0000814
0000000
0000000
0000407
0000465
0000116
-000292
-000524
-000117
0000640
0000989
0000873
0000523
0000349
0000989
0001804
0001164
-000059
-000175
0000407
0000291
-000117
0000232
0000814
0000523
-000117
0000465
0001280
0000640
-000641
-000583
0000291
0000582
0000465
0000756
0000989
0000116
-000990
-000583
0000582
0000523
-000233
-000233
0000174
0000232
0000000
-000233
-000350
-000292
-000117
0000058
0000000
-000641
-001398
-001048
-000175
0000116
-000233
-000815
-001281
-000932
-000175
0000000
-000292
-000408
-000408
-000292
-000117
-000117
-000233
-000583
-000932
-000990
-000874
-000932
-000990
-000524
-000059
-000292
-000874
-000932
-000641
-000583
-000757
-001165
-001398
-001048
-000466
-000466
-000874
-001048
-000932
-000874
-000815
-000757
-000815
-001048
-001398
-001456
-001339
-000932
-000641
-000990
-001456
-001223
-000641
-000815
-001281
-001339
-001281
-001863
-002562
-002504
-001863
-001165
-000815
-000990
-001572
-001863
-001863
-001398
-000932
-001107
-001572
-001630
-001456
-001514
-001805
-001863
-001805
-001863
-001980
-001921
-001921
-002329
-002678
-002096
-001107
-001107
-001630
-001630
-001223
-001281
-001630
-001921
-002096
-001980
-001689
-001107
-000815
-001398
-002271
-002096
-001223
-000815
-000815
-000932
-001223
-002096
-002853
-002445
-001398
-001165
-001456
-001281
-001048
-001689
-002504
-002329
-001514
-001223
-001398
-001572
-001747
-002096
-002329
-002038
-001689
-001921
-002387
-001921
-001165
-001514
-002387
-002678
-002445
-002096
-001805
-001514
-001398
-001456
-001630
-001689
-001747
-002271
-002853
-002445
-001514
-001107
-001165
-001339
-001572
-001863
-002038
-002096
-001921
-001456
-000990
-001165
-001630
-001630
-001456
-001747
-002213
-002096
-001630
-001514
-001630
-001747
-001630
-001048
-000524
-001223
-002271
-001921
-000757
-000408
-000815
-001339
-001689
-001630
-001223
-000641
-000408
-001165
-002154
-002154
-001398
-000699
-000350
-000641
-001165
-001048
-000757
-001281
-002038
-001805
-001107
-000874
-001107
-001165
-001107
-001107
-001048
-000641
-000292
-000641
-001223
-000990
-000408
-000524
-000932
-000524
0000058
-000059
-000583
-000524
-000233
-000524
-000990
-001048
-000874
-001223
-001514
-000932
0000000
0000174
-000350
-000932
-001281
-000874
-000117
-000117
-000466
-000233
0000174
-000350
-001281
-001456
-001048
-000757
-000466
0000116
0000582
0000349
-000233
-000175
0000232
0000232
-000117
-000408
-000641
-000699
-000641
-000583
-000524
-000583
-000641
-000699
-000641
0000116
0000756
0000116
-000874
-000466
0000582
0000523
-000233
-000466
-000292
-000699
-001048
-000233
0000814
0000232
-001165
-001572
-001048
-000408
0000174
0000116
-000292
-000233
0000116
0000349
0000232
-000292
-000699
-000175
0000698
0000873
0000523
0000349
0000291
-000175
-000583
-000059
0000698
0000349
-000524
-000466
0000116
0000291
0000058
-000059
-000175
-000292
-000408
-000292
0000058
0000582
0000756
-000350
-001689
-001165
0000291
0000116
-000990
-001107
-000524
-000175
-000117
-000059
-000059
0000116
0000232
0000174
0000000
-000350
-000466
0000116
0000814
0000814
0000349
0000174
0000174
-000175
-000524
-000175
0000465
0000349
-000175
-000292
-000117
-000059
-000059
-000117
-000117
0000349
0000756
0000465
-000233
-000350
-000233
-000350
-000583
-000233
0000174
-000117
-000699
-000699
-000350
-000408
-000757
-000990
-000874
-000292
0000465
0000582
0000232
-000117
-000408
-000815
-000990
-000641
-000117
0000058
-000233
-000932
-001281
-000117
0001513
0001629
0000698
-000117
-000466
-000524
-000350
0000000
0000174
-000233
-000874
-001048
-000932
-001281
-001747
-001572
-001107
-001165
-001281
-000815
-000117
-000408
-001048
-000990
-000583
-000524
-000815
-001048
-001048
-001048
-000990
-000815
-000699
-000641
-000874
-001456
-001980
-001747
-001165
-001456
-002213
-002271
-001980
-002329
-002911
-002736
-002154
-001456
-001165
-001689
-002445
-002096
-001281
-001456
-002154
-002213
-001863
-001863
-002096
-002271
-002329
-001980
-001630
-002154
-002853
-002445
-001514
-001630
-002271
-002213
-001747
-001630
-001863
-002329
-002620
-002154
-001339
-001398
-001921
-002096
-001980
-002038
-002271
-002620
-002795
-002504
-002096
-002154
-002445
-002620
-002562
-002213
-001805
-001805
-002038
-002329
-002504
-002387
-002096
-002038
-002096
-002213
-002387
-002271
-002213
-002795
-003377
-003086
-002096
-001107
-000815
-001980
-003668
-004017
-003319
-003202
-003377
-003086
-002678
-002678
-002853
-002504
-002038
-002154
-002504
-002445
-002154
-002213
-002445
-002445
-002329
-002445
-002678
-002911
-003027
-003027
-002911
-002795
-002795
-002795
-002736
-002154
-001630
-002213
-003144
-002736
-001805
-001980
-002678
-002620
-002096
-002096
-002387
-002096
-001689
-001863
-002271
-002038
-001339
-000874
-000874
-001514
-002387
-002620
-002213
-001630
-001048
-000815
-001048
-001630
-002096
-001572
-000524
-000233
-000524
-001107
-001514
-001223
-000641
-000641
-001048
-001339
-001456
-001223
-000874
-000932
-001339
-001689
-001805
-001339
-000641
-000117
-000175
-001165
-002213
-001805
-000524
-000059
-000292
-000350
-000233
0000000
0000174
-000117
-000524
-000524
-000292
0000000
0000058
-000233
-000583
-000524
-000292
-000292
-000524
-000874
-001048
-000990
-000641
-000292
-000059
-000059
-000233
-000059
0000174
-000117
-000583
-000466
0000116
0000640
0000873
0000291
-000524
-000583
-000059
0000291
0000349
0000058
-000233
0000291
0000989
0000582
-000175
0000291
0001338
0001338
0000640
0000407
0000523
0000523
0000582
0000873
0001106
0000582
-000117
0000058
0000582
0000058
-000874
-000524
0000523
0000931
0000756
0000756
0000756
0000407
0000174
0000931
0001920
0001513
0000465
0000407
0000989
0000873
0000523
0000989
0001804
0001920
0001571
0001455
0001513
0001280
0001047
0001280
0001804
0002270
0002328
0001629
0000814
0001280
0002444
0002619
0002037
0001455
0001280
0002037
0002968
0002561
0001513
0001629
0002270
0001629
0000640
0000989
0002095
0002212
0001746
0001746
0002095
0002270
0002270
0002444
0002619
0002328
0001804
0001688
0001862
0001920
0002095
0002677
0003143
0002386
0001164
0001047
0001746
0002212
0002503
0002852
0003026
0002852
0002444
0001979
0001688
0001979
0002503
0002677
0002444
0001746
0001164
0001455
0002212
0002328
0002095
0001920
0001979
0002386
0002794
0002852
0002619
0002503
0002503
0002386
0002270
0002212
0002095
0001862
0001571
0001280
0001338
0002037
0002910
0002852
0002270
0002503
0003026
0002794
0002153
0001979
0002095
0001920
0001688
0001746
0001979
0002270
0002386
0002444
0002328
0001979
0001629
0001804
0002037
0001571
0000931
0001338
0002270
0002503
0002153
0001688
0001571
0002037
0002910
0003550
0003667
0003259
0002503
0001804
0001397
0001513
0001862
0001920
0001746
0001746
0001746
0001338
0001047
0001455
0002328
0003143
0003434
0002212
0001455
0005297
0009430
0005530
-002445
-006113
-004425
0001920
0008324
0006927
0001164
0000174
0002328
0001979
0000291
0000058
0001106
0002328
0003026
0002619
0001455
0000582
0000407
0001164
0002328
0003143
0003143
0002095
0000698
0000465
0001047
0001106
0000931
0001513
0002270
0002503
0002270
0001920
0001571
0001222
0001047
0001222
0001455
0001455
0001222
0001047
0000873
0000407
0000116
0000582
0001280
0001222
0000640
0000232
0000174
0000523
0001047
0001164
0000931
0000873
0001047
0001280
0001397
0001106
0000640
0000465
0000523
0000523
0000465
0000698
0000873
0000523
0000058
0000232
0000698
0000756
0000523
0000640
0001047
0001106
0000931
0000756
0000640
0000523
0000349
-000233
-000757
-000466
0000232
0000349
0000000
-000350
-000524
-000583
-000350
0000174
0000582
0000407
-000233
-000699
-000757
0000000
0000756
0000232
-000990
-001281
-000757
0000058
0000523
-000117
-001281
-001456
-000932
-000990
-001281
-000990
-000641
-000874
-001456
-001572
-001281
-000990
-000815
-000990
-001339
-001572
-001514
-000990
-000524
-000990
-001747
-001630
-001107
-001456
-002213
-002096
-001572
-001747
-002213
-002329
-002154
-001805
-001514
-001456
-001514
-001514
-001456
-001572
-001689
-001689
-001572
-001223
-000874
-000874
-001048
-000990
-000932
-001805
-002795
-002329
-001048
-000408
-000524
-000932
-001514
-002271
-002620
-002038
-001048
-000699
-000990
-001572
-001980
-001863
-001339
-001107
-001165
-001223
-001281
-001223
-001107
-001048
-001107
-001223
-001456
-001863
-002271
-002445
-002387
-002271
-002096
-001805
-001514
-001165
-000932
-000874
-001048
-001223
-001339
-001339
-001398
-001921
-002387
-001456
-000350
-001223
-002795
-002096
-000466
-001107
-002678
-002096
-000524
-000874
-002154
-002096
-001281
-001398
-001980
-002096
-001863
-001630
-001456
-001339
-001165
-000699
-000350
-000583
-001048
-001107
-000932
-001398
-002038
-001980
-001456
-001456
-001689
-001514
-000990
-000699
-000583
-000524
-000699
-001165
-001572
-001689
-001456
-001165
-000874
-000641
-000583
-001107
-001572
-000990
-000117
-000350
-001281
-001281
-000815
-001107
-001689
-001398
-000641
-000233
-000292
-000757
-001281
-001456
-001281
-001107
-001048
-001572
-002038
-001398
-000408
-000874
-001514
0000116
0002503
0002503
0000582
-002154
-003784
-001921
0001455
0001862
0000407
0000582
0001455
0000814
-000641
-000990
-000408
0000232
0000640
0000232
-000350
-000059
0000698
0000756
0000465
0000756
0001164
0000640
-000175
0000000
0000873
0001397
0001338
0000523
-000466
-000641
-000059
0000756
0001280
0001047
0000465
0000698
0001280
0001280
0000873
0000349
0000116
0000407
0000989
0001746
0002153
0001979
0001455
0001047
0000814
0000523
0000582
0001629
0002735
0002386
0001222
0000873
0001164
0001280
0001280
0001397
0001571
0002037
0002328
0001629
0000640
0000814
0001629
0001862
0001629
0001746
0001979
0001629
0001106
0001164
0001571
0001746
0001571
0001047
0000582
0000756
0001338
0001455
0001397
0001746
0002212
0001979
0001397
0001222
0001455
0001629
0001746
0001804
0001688
0001455
0001397
0002037
0002677
0002212
0001280
0001455
0002212
0002212
0001746
0001629
0001862
0001979
0001920
0001688
0001513
0001629
0001979
0002037
0001920
0002095
0002386
0002386
0002270
0002328
0002503
0002503
0002328
0002153
0002095
0002619
0003201
0002735
0001920
0002328
0003143
0002794
0001804
0001513
0002037
0003143
0004132
0003667
0002444
0001979
0002212
0002386
0002503
0002444
0002328
0002444
0002619
0002095
0001397
0001688
0002444
0002619
0002386
0002095
0002037
0002386
0002794
0002677
0002270
0002328
0002561
0002503
0002212
0002212
0002328
0002212
0002037
0002212
0002503
0002503
0002270
0002153
0002037
0001920
0001804
0001513
0001280
0001571
0002095
0002503
0002677
0003026
0003085
0002270
0001222
0001106
0001571
0001338
0000873
0001222
0001979
0001746
0001106
0001047
0001280
0001106
0000756
0000814
0001222
0002095
0002735
0002153
0001047
0000931
0001397
0001222
0000814
0000931
0001280
0001455
0001513
0001513
0001571
0001804
0001979
0001920
0001746
0001746
0001804
0001688
0001455
0001280
0001164
0000873
0000582
0000407
0000349
0000232
0000116
0000291
0000640
0001047
0001338
0001338
0001106
0000698
0000349
0000116
0000116
0000582
0000931
0000465
-000292
0000000
0000931
0001280
0001164
0001222
0001222
0000873
0000349
0000174
0000174
-000117
-000292
0000407
0001338
0001513
0001047
0000407
-000059
0000116
0000698
0000640
0000232
0000000
-000059
0000174
0000407
0000349
0000116
-000175
-000292
-000350
-000233
-000059
0000058
-000059
-000350
-000466
-000524
-000583
-000641
-000699
-000699
-000408
-000059
-000059
-000233
0000000
0000291
0000174
-000175
0000000
0000291
-000059
-000699
-000874
-000641
-000350
-000117
0000000
-000059
-000175
-000408
-000874
-001223
-000815
-000117
0000000
-000350
-000408
-000350
-000350
-000466
-000641
-000874
-001107
-001165
-000874
-000408
-000233
-000292
0000000
0000174
-000350
-001107
-001107
-000699
-000874
-001339
-001165
-000641
-000466
-000583
-000757
-000874
-000699
-000524
-000757
-001107
-000757
-000233
-000466
-001048
-000699
-000175
-001107
-002387
-001863
-000408
-000292
-001048
-001281
-000932
-000583
-000292
-000175
-000233
-000117
-000059
-000292
-000641
-000583
-000408
-000990
-001747
-001805
-001514
-001863
-002271
-001630
-000583
-000641
-001514
-002213
-002562
-002504
-002154
-001863
-001805
-001863
-001921
-001456
-000932
-001048
-001630
-001863
-002096
-002911
-003842
-004017
-003493
-002795
-002213
-001980
-002096
-002154
-002154
-002038
-001863
-001514
-001165
-000757
-000699
-001456
-002678
-003260
-003260
-003144
-002969
-002620
-002213
-001921
-001805
-002154
-002504
-002038
-001398
-001863
-002911
-003086
-002445
-001572
-000874
-001165
-001863
-001921
-001514
-001456
-001630
-001689
-001689
-001805
-001980
-001863
-001747
-001805
-002038
-002154
-002154
-001863
-001572
-001747
-002096
-001980
-001514
-001165
-001048
-001456
-002038
-002271
-001980
-000583
0000582
-000583
-002678
-002387
-000815
-001107
-002445
-002853
-002562
-002445
-002271
-001456
-000408
-000175
-000292
0000116
0000640
0000174
-000757
-001281
-001456
-002096
-002620
-002038
-000815
-000117
0000174
0000640
0000931
0000232
-000874
-001456
-001456
-001514
-001339
-000466
0000582
0001106
0001164
0001513
0001746
0001222
0000291
-000059
0000058
-000117
-000233
0000174
0000814
0000931
0000698
0000989
0001397
0001047
0000349
0000116
0000232
0000116
-000175
-000524
-000641
0000058
0001106
0001920
0002212
0001862
0001164
0000989
0001106
0001106
0001047
0001222
0001455
0001222
0000814
0000698
0000814
0000814
0000756
0000989
0001397
0001455
0001338
0001280
0001280
0000873
0000523
0000989
0001746
0001455
0000814
0000931
0001571
0001571
0001338
0001862
0002444
0001746
0000640
0001047
0002328
0002444
0001746
0001629
0001688
0001280
0000873
0001164
0001920
0002037
0001746
0001688
0001688
0001280
0000873
0001280
0002095
0002619
0002561
0001862
0001106
0001513
0002444
0002328
0001629
0001338
0001455
0001629
0001862
0002095
0002212
0002095
0001746
0001280
0000989
0001629
0002561
0002270
0001455
0001629
0002328
0002386
0001979
0001629
0001397
0001629
0001920
0001746
0001455
0001862
0002503
0002444
0001979
0001804
0001920
0001979
0001862
0001513
0001164
0001222
0001746
0002677
0003376
0003085
0002153
0001804
0001920
0002386
0002735
0002386
0001746
0001629
0001979
0002095
0002095
0001979
0001920
0002270
0002735
0002619
0002037
0001455
0001106
0001164
0001513
0001804
0001920
0001629
0001280
0001164
0001338
0001397
0001397
0001455
0001455
0001164
0000814
0000873
0001106
0001047
0000931
0001455
0001979
0001280
0000174
0000232
0001047
0001455
0001338
0001106
0000931
0001047
0001397
0001455
0001222
0000756
0000291
0000291
0000640
0000931
0001280
0001804
0002095
0001455
0000407
0000000
0000058
-000117
-000350
-000059
0000349
0000465
0000349
0000232
0000232
0000349
0000640
0001106
0001338
0000756
-000117
-000233
0000058
-000292
-000990
-001398
-001223
-000233
0000756
0000291
-000874
-001165
-000757
-000292
-000059
-000059
-000117
0000174
0000349
-000466
-001514
-000990
0000116
0000058
-000757
-000699
-000059
0000174
-000059
-001107
-001980
-001398
-000117
-000408
-001398
-001107
-000292
-000699
-001805
-002445
-002445
-001921
-001281
-001339
-001689
-001165
-000350
-000641
-001514
-001747
-001514
-001398
-001339
-001398
-001572
-001980
-002154
-001165
0000058
-000233
-001456
-002213
-002562
-003086
-003493
-002853
-001747
-001281
-001456
-001630
-001921
-002387
-002620
-001863
-000932
-001514
-002853
-003086
-002562
-002853
-003260
-002329
-000932
-001048
-002096
-002387
-002154
-001980
-001805
-001630
-001456
-001456
-001689
-002154
-002504
-002387
-002096
-002271
-002620
-002271
-001747
-001747
-002154
-002504
-002620
-002620
-002504
-002562
-002736
-002678
-002504
-002736
-003086
-003086
-002853
-002562
-002387
-002096
-001980
-002504
-003144
-002678
-001863
-002213
-003260
-003610
-003319
-002387
-001572
-001689
-002445
-002795
-002795
-002795
-002736
-002154
-001456
-001456
-001863
-002096
-002096
-002096
-001980
-001689
-001398
-001456
-001689
-001805
-001689
-001456
-001339
-001747
-002271
-002038
-001339
-001048
-001165
-001165
-001048
-000641
-000408
-001281
-002504
-002620
-001980
-001572
-001456
-001572
-001689
-001747
-001689
-001514
-001339
-001572
-001805
-001630
-001281
-001398
-001805
-001805
-001514
-001048
-000583
-000350
-000350
-000408
-000583
-001107
-001572
-001223
-000466
-000292
-000583
-000757
-000874
-001048
-001165
-001456
-001572
-000874
-000117
-000524
-001456
-001456
-000815
-000408
-000350
-000583
-000874
-000699
-000233
0000174
0000291
0000232
0000000
-000117
-000175
-000233
-000233
-000292
-000117
0000640
0001222
0000523
-000524
-000175
0000989
0001047
0000407
0000174
0000291
0000174
0000000
-000175
-000175
0000291
0000931
0001280
0001222
0000873
0000640
0000756
0001222
0001746
0001862
0001222
0000232
-000233
-000117
0000058
0000407
0000873
0001164
0001047
0000698
0000582
0000698
0000698
0000814
0001397
0001979
0001629
0000756
0000407
0000698
0001455
0002212
0002153
0001455
0000931
0000756
0001397
0002212
0002212
0001746
0001804
0002037
0001746
0001280
0001164
0001164
0000814
0000465
0001106
0002095
0002037
0001397
0001222
0001338
0001338
0001222
0001047
0000873
0000873
0001106
0001571
0001979
0001979
0001571
0000814
0000291
0001047
0002212
0001862
0000814
0000989
0001862
0001920
0001629
0001804
0002328
0002619
0002561
0002328
0001920
0001397
0001164
0001338
0001804
0002153
0002270
0002386
0002270
0001804
0001338
0001338
0001804
0002561
0003085
0002503
0001338
0001106
0001571
0001920
0002037
0002037
0001920
0001920
0001862
0001397
0000931
0000989
0001455
0002095
0002328
0001222
-000117
0000407
0001979
0002561
0002328
0002037
0001629
0000873
0000291
0000640
0001513
0001746
0001397
0001338
0001338
0001106
0000756
0000756
0000989
0001164
0001338
0001455
0001455
0001338
0001338
0001688
0002095
0001688
0000931
0000931
0001280
0001047
0000523
0000523
0000931
0001397
0001629
0001571
0001222
0001106
0001222
0001571
0001862
0001920
0001629
0000814
-000059
0000232
0001106
0001746
0001746
0001047
0000232
0000873
0002037
0001920
0000931
0000640
0000756
0000640
0000465
0000698
0001047
0001047
0000814
0000931
0000931
0000000
-001107
-000815
0000349
0001047
0001047
0000756
0000291
0000349
0000582
0000407
0000058
-000117
0000116
0000640
0000989
0000058
-001281
-001223
-000292
0000174
0000174
0000058
-000175
-000699
-001223
-000990
-000466
-000466
-000699
-000175
0000640
0000465
-000233
-000466
-000292
-000233
-000466
-001048
-001456
-000874
0000058
-000233
-001223
-001398
-000990
-000932
-000990
-000466
0000174
-000059
-000583
-000292
0000232
-000175
-001048
-001165
-000699
-000466
-000408
0000116
0000349
-001165
-003027
-002562
-000874
-000524
-001107
-001398
-001456
-001689
-001863
-001630
-001281
-001456
-001921
-001805
-001398
-001514
-001863
-001514
-000932
-000815
-001107
-001514
-002038
-002445
-002562
-002213
-001514
-001048
-000815
-000757
-000932
-001165
-001456
-001689
-001863
-002329
-002678
-002271
-001572
-001572
-001980
-002096
-001863
-001398
-001165
-001747
-002504
-001863
-000641
-000874
-001921
-002387
-002271
-002096
-001980
-002504
-003086
-002795
-001980
-001747
-001980
-001747
-001456
-001805
-002445
-002329
-001921
-001863
-001980
-001863
-001689
-001805
-002096
-002096
-001805
-001456
-001339
-001630
-002213
-002736
-002853
-002387
-001747
-001921
-002387
-002445
-002038
-001689
-001630
-001980
-002445
-002562
-002271
-001689
-001165
-001165
-001456
-001165
-000874
-001572
-002562
-002562
-001921
-001572
-001514
-001689
-001921
-001921
-001805
-002154
-002387
-001630
-000466
-000117
-000641
-001805
-002795
-002562
-001689
-001630
-001980
-001572
-000874
-000932
-001398
-001514
-001281
-001048
-000990
-001048
-001165
-001165
-001107
-001281
-001514
-001456
-001165
-001165
-001339
-001456
-001339
-000815
-000350
-000932
-001805
-001339
-000350
-000815
-001863
-001747
-001048
-001107
-001572
-001630
-001456
-001630
-001863
-001223
-000524
-000990
-001921
-001572
-000699
-000990
-001805
-001456
-000524
-000233
-000466
-000932
-001223
-000583
0000407
0000523
0000000
-000175
-000059
0000116
0000174
-000059
-000350
-000233
0000116
0000174
0000058
-000292
-000583
-000175
