-005181
-003551
-002329
-004425
-007277
-005589
-001339
0000465
0001106
0004540
0008498
0008207
0005937
0007159
0009954
0009604
0007276
0006170
0006228
0006403
0006752
0007567
0008033
0006985
0005238
0004773
0005122
0004947
0003841
0001397
-000874
-000408
0001804
0002968
0003143
0003434
0002968
0000232
-003144
-004192
-003668
-004250
-005181
-004657
-003144
-001223
-000175
-001456
-003610
-003959
-002853
-002271
-001980
-000932
-000059
-000699
-002038
-002678
-002038
0000523
0003609
0005238
0004889
0003026
0000814
0000291
0000873
0000582
0000232
0001862
0004074
0004132
0002735
0001862
0001629
0001804
0002212
0002619
0002852
0002619
0002153
0001920
0001455
-000408
-002387
-002213
-000292
0001920
0003318
0002619
0000465
-001572
-002795
-002504
-001572
-001980
-002853
-002038
-000117
0001338
0002328
0003318
0004074
0004191
0004074
0004191
0004307
0003434
0002270
0001862
0002037
0001862
0001862
0002968
0004482
0005355
0004773
0002095
-000990
-001572
-000466
-000583
-000990
0000873
0003143
0001804
-001165
-001398
0000291
0001047
0001106
0001629
0002095
0001397
0000465
0001571
0003143
0002153
-000524
-002853
-003493
-000990
0002794
0003958
0003201
0003143
0003259
0001862
0000174
-000117
0000989
0002852
0004249
0003259
0001455
0001804
0004016
0007218
0009080
0005762
0000465
-000583
0001222
0001047
-000350
-000524
-000233
-000990
-002213
-002969
-002329
0000931
0004307
0003201
-000815
-003959
-005298
-004832
-003377
-003202
-003377
-001572
0001106
0002503
0002153
0000000
-002445
-002911
-001398
0000989
0003085
0003725
0002910
0001222
-000466
-000524
-001165
-007044
-015077
-019909
-019850
-015194
-008150
-002853
0000116
0002444
0003609
0003143
0002037
0001862
0002852
0005122
0006752
0004249
-000059
-000932
0000698
0001629
0001862
0002095
0002270
0002037
0001862
0002386
0002619
0000174
-002504
-000932
0002735
0003492
0001746
-000350
-001107
0001688
0005355
0004656
0001106
-001223
-001281
0001455
0004365
0002968
-000641
-001456
0000232
0002153
0003550
0003783
0002794
0001222
0000000
0000291
0001746
0003550
0004656
0003318
0001455
0002852
0005646
0005006
0002968
0004016
0006810
0008033
0007509
0006112
0004016
0001571
-000524
-002038
-002271
-000175
0002386
0002444
0000814
0000174
0000698
0001688
0002503
0002153
0001106
0000640
0000756
0000989
0000989
-000233
-001456
-000350
0001862
0002328
0001397
0000523
0000174
0000582
0001455
0002153
0002619
0002968
0003550
0005180
0006228
0004074
0000640
0000058
0001804
0003667
0004947
0005355
0004715
0003550
0002328
0001164
0000873
0002619
0004482
0002794
-000350
0000232
0002503
0001280
-001281
-000757
0001920
0004191
0005064
0003958
0002095
0002153
0002735
0000523
-002562
-002387
-000641
-001572
-003784
-003842
-002271
-000583
0000465
0000349
-000583
-001514
-001630
-000175
0001862
0002619
0001979
0000232
-001223
0000058
0002444
0002619
0000814
-001398
-003144
-003260
-002504
-003202
-004017
-002096
0000756
0000873
-001281
-004075
-005705
-003959
-000466
0001280
0000814
-000990
-003027
-003435
-002213
-000641
0000931
0002153
0002794
0003143
0002561
-000350
-003319
-001805
0001571
0001338
-000932
-000699
0001222
0002270
0002503
0002561
0002503
0002561
0002561
0002212
0001629
0001280
0000989
-000233
-001223
0000116
0002212
0002852
-000059
-008849
-019035
-023343
-021539
-016823
-011352
-008325
-007451
-005763
-004192
-004832
-005880
-003959
-000466
0001047
0000989
0001746
0001513
-003551
-009256
-008266
-002911
0000582
0001571
0001920
0000931
-002736
-005472
-000815
0006228
0005413
-000175
-002096
-000641
0001688
0003783
0004191
0003667
0004424
0005821
0006228
0005995
0006403
0006461
0004249
0001862
0003783
0006810
0004424
-000990
-003959
-003610
-000292
0003085
0000989
-003260
-001630
0002677
0001862
-002038
-003901
-003377
-001048
0000931
-001107
-005181
-006986
-006520
-005647
-004250
-002329
-000292
0001746
0002561
0000407
-002271
-001398
0001688
0003318
0003259
0001979
0000756
0001688
0003376
0002095
-000233
0000989
0003376
0001571
-001747
-000350
0003026
0002037
-001048
-000583
0001920
0002386
0001513
0001920
0002735
0001920
0000465
0000349
0000931
0000349
-001165
-003202
-004774
-004425
-002911
-001747
-001456
-001921
-002736
-002853
-002213
-000932
-000292
-002504
-005414
-005239
-002562
0000349
0002153
0001746
0000000
-000990
-000757
0000349
0001397
0001106
-000524
-002969
-005065
-005705
-004425
-001223
0002037
0002794
0001280
-000932
-002387
-000757
0001862
0000756
-002154
-002154
0000116
0002503
0003958
0003492
0001920
0001106
0001338
0002153
0002794
0001920
-000233
-003086
-004890
-003435
-000175
0001804
0001746
-000699
-003319
-002329
0000873
0002561
0002619
0002212
0001280
-000583
-001805
-000292
0003026
0006286
0007858
0005995
0002270
-000233
-001048
-000641
0000232
-000059
-001048
-001339
-000874
0000407
0001338
-000175
-002853
-004250
-004192
-003027
-001805
-002271
-003901
-005065
-005065
-003319
-001048
-000350
-001572
-004075
-007568
-011584
-015252
-017929
-018977
-018803
-016532
-010537
-004308
-003086
-004948
-004192
-001921
-001805
-002038
0001397
0006228
0008265
0007974
0007800
0008033
0008906
0009895
0009779
0008498
0006286
0003958
0002328
0002386
0005006
0008033
0007567
0004889
0003900
0004132
0003958
0002968
0000640
-001514
-001223
0000814
0002561
0003259
0002095
0000291
0000582
0001804
0000756
-001281
-001572
-001048
-001863
-003260
-003202
-001980
-000815
0000058
0000582
0000174
-001980
-004366
-004366
-002329
-000117
0001629
0002386
0002095
0001513
0001164
0001513
0002794
0005122
0007567
0008731
0008615
0007974
0006344
0002444
-001281
-000874
0001862
0002503
0001397
0000465
0000174
0001164
0002386
0001571
-000059
0000000
0000814
-000350
-002620
-004192
-004425
-003086
-000874
0001106
0001920
0001164
-001048
-004250
-006462
-005239
-002096
-001398
-001805
0000291
0003725
0006286
0006810
0004307
0001106
0001629
0003900
0002794
-000233
-001863
-001630
0000407
0002794
0002910
0001629
0000931
0001629
0005064
0007800
0004016
-002620
-004250
-001689
0001047
0002212
-000524
-004657
-005356
-002853
0000989
0003725
0001862
-002329
-003726
-002504
-001165
-000059
0000814
0000931
0000174
-000699
0000116
0001688
0002037
0001455
0001280
0001397
0001164
0000989
0001280
0001862
0002503
0002561
0000873
-001048
-000524
0001571
0003143
0003725
0003550
0002794
0001688
0000989
0001920
0003085
0001979
-000408
-001630
-001805
-001980
-001921
-001339
-000233
0001688
0003376
0003841
0002619
-000583
-003668
-003086
-000292
0000873
0000814
0001571
0002328
0001688
0000291
-000583
-000699
-000059
0000349
-001048
-003144
-003726
-002329
0000814
0004365
0007451
0006752
-002445
-014204
-018512
-016009
-012807
-009838
-007335
-005181
-001339
0002212
0002212
0000407
0000989
0002852
0002794
0001571
0001106
0001338
0002095
0002095
-000990
-004425
-002678
0001338
0000989
-001805
-001747
0000291
0001804
0002328
0001862
0000989
0001106
0001688
0001746
0000814
-001805
-003668
-000233
0005122
0005704
0002968
0002212
0002619
0001280
-000117
0001513
0004540
0005588
0005413
0006694
0008324
0008091
0006694
0005530
0005238
0006170
0007334
0006636
0004831
0004074
0003958
0002735
0001804
0003958
0006519
0003958
-000641
-000466
0002794
0004249
0003841
0002910
0001746
0000873
0000232
-000757
-001805
-002620
-002911
-002736
-002387
-002620
-002911
-001747
-000583
-002154
-004599
-003435
-000990
-002736
-006054
-005531
-002329
0000232
0001338
0000814
-000350
0000232
0002095
0004074
0005180
0004016
0002444
0004715
0007742
0005238
0000058
-001514
-000117
0001106
0001862
0002561
0002910
0003550
0003318
0000349
-003260
-003842
-001980
0000058
0001222
0000291
-001456
-001456
-000350
-000233
-001107
-002620
-004075
-004657
-004017
-001980
-000292
-001805
-004425
-003551
-000757
-000117
-000874
-000350
0000582
-000059
-001165
-000466
0001164
0001513
0000873
0000640
0000582
0000000
-000699
-000874
-000466
0000698
0001164
-001398
-004890
-005239
-002795
0000174
0002619
0003376
0002561
0001164
-000292
-001339
-001456
-000117
0000989
-001339
-004890
-005123
-003319
-003202
-004192
-003959
-003202
-003493
-004017
-003260
-001456
0000756
0002328
0001920
0000232
-001572
-002271
-000757
0001629
0001979
0001047
0001513
0002153
-000117
-002562
0000523
0005355
0004132
-001107
-004948
-005996
-003551
-000932
-003842
-010828
-018162
-022703
-021247
-015834
-011876
-009955
-009081
-008325
-005763
-003027
-003493
-005298
-004075
-001689
-002504
-004774
-004890
-003319
-002213
-001281
0000640
0002095
0000465
-002445
-003027
-001339
0001047
0003143
0003725
0003376
0004249
0005238
0003900
0002212
0004307
0007683
0006985
0003725
0002561
0002212
-000932
-004366
-003784
-000641
0001222
0001513
0001222
0000931
0002037
0003201
0002095
-001048
-005181
-008150
-007044
-003551
-001630
-001572
-002213
-003377
-004948
-005705
-003901
-001398
-002271
-004017
-000699
0003609
0000174
-006404
-006054
-001339
0000174
-000757
-000874
-000583
-000757
-000815
0000291
0002095
0003550
0004424
0004947
0005238
0005646
0005937
0005530
0004656
0003900
0003143
0001688
0000349
0000174
0000873
0001571
0001920
0001571
0000931
0000814
0001047
0000814
-000175
-002445
-005007
-006345
-006345
-005996
-005239
-003668
-002504
-003319
-005472
-007335
-007917
-006287
-003668
-002562
-002969
-004075
-004541
-001980
0001222
0000000
-003377
-003202
-001107
-001747
-003202
-001048
0002794
0004016
0003143
0002328
0001979
0002386
0003201
0003725
0003783
0003434
0003259
0004424
0005588
0004365
0001979
0001571
0002270
0001571
0000407
0000698
0001455
0000814
-000466
-000059
0000814
-000699
-002853
-001514
0000814
-001398
-005298
-004425
-001048
-000932
-002736
-002504
-001572
-003435
-005472
-002271
0002968
0003434
0000756
0000000
0000756
0001629
0002037
0001571
0000523
-000059
-000117
0000291
0000931
0001455
0001688
0001629
0001280
0000814
0000523
0001280
0002212
0001338
-000117
0000174
0001338
0000814
-000524
-000583
0000349
0001513
0001804
-000583
-003668
-003260
-001863
-004308
-009896
-016241
-020840
-021189
-017988
-013971
-010246
-007393
-005472
-003726
-002154
-000641
0000523
0001047
0000989
0000698
0000698
0001455
0002794
0004074
0004947
0004889
0004307
0004191
0004424
0004365
0004307
0004715
0004947
0003725
0001804
0001164
0001106
-000292
-001921
-001572
-000408
-000932
-002096
-001107
0000814
0001047
0000000
-000990
-001630
-001339
-001107
-003144
-005356
-003668
0000291
0002619
0002968
0001571
0000116
0002037
0004889
0003783
0000407
-001514
-001456
-000233
0002095
0005238
0007683
0007392
0005122
0002852
0001979
0004598
0007858
0006286
0002153
0001164
0002677
0003900
0004307
0003609
0002095
0000116
-001398
-001921
-001398
-000175
0000756
0000232
-001165
-002096
-002620
-003726
-004599
-003959
-002329
-000292
0000523
-002504
-005996
-003901
0001455
0004307
0004249
0002735
0000698
-000524
-000815
-001107
-000990
0000058
0001164
0000291
-000524
0002503
0006810
0006810
0004715
0006577
0009546
0007043
0002677
0004482
0008964
0008149
0003550
-000408
-001921
0000582
0004715
0005530
0003609
0001746
0000582
0000465
0000873
0000291
-000408
0000582
0002328
0002852
0002037
0000058
-002038
-002038
-001107
-001921
-003668
-004483
-003901
-001747
0000756
0001629
0001164
0000756
0000698
0001629
0002212
-000117
-002736
-000292
0004191
0003958
0001047
0001222
0002968
0002444
0000989
0002153
0004598
0005413
0004656
0003318
0001862
0000582
0000116
0001047
0002386
0002270
0000931
-000292
-000815
-000350
0001222
0004365
0006228
0002328
-003842
-005356
-003377
-002853
-003377
-003377
-002853
-001630
-000757
-001921
-003901
-004308
-003377
-002445
-001630
-000932
-000233
0000582
0001688
0003492
0004016
-000233
-006520
-009489
-009547
-010071
-010246
-008208
-005356
-004657
-004657
-001863
0001920
0002968
0002561
0004482
0006403
0003259
-001980
-003260
-001048
0001746
0003958
0004889
0004074
0001571
-000932
-000757
0001338
0002677
0003259
0004074
0004424
0003259
0001513
0001338
0001979
0001338
0000407
0001280
0002735
0002386
0000814
-000059
-000524
-002271
-003377
-000524
0003841
0004947
0003609
0003085
0003550
0004540
0005238
0004249
0002328
0001164
0000582
0000000
-000641
-001456
-002038
-001863
-001223
-000932
-001223
-002445
-003493
-002038
0000058
-001630
-004716
-003842
-000874
0000000
-001048
-002911
-004308
-003435
-001456
-001223
-001980
-001514
-000815
-002213
-004192
-004133
-002154
0000640
0002968
0003376
0002153
0000465
-000466
0000989
0003841
0005821
0006403
0005588
0004074
0003143
0003201
0004249
0005355
0004773
0003318
0003026
0003085
0001338
-001107
-001863
-001456
-001514
-001689
-001398
-000466
0001688
0003085
0000407
-003901
-005065
-003726
-002678
-002445
-003551
-005007
-004832
-003319
-001398
-000524
-003086
-006404
-005472
-001980
-000757
-001281
-001165
-000641
-000815
-000990
-000117
0000989
0000232
-001107
-000466
0001222
0000989
0000349
0002794
0006112
0005762
0003259
0002735
0003434
0002852
0001746
0001979
0002561
0001222
-001048
-002445
-002154
0000523
0003318
0002095
-001223
-001689
-000524
-001514
-002969
-001165
0001513
0000291
-003086
-004250
-003319
-001514
-000175
-001281
-003842
-005472
-005705
-005007
-003901
-003551
-003202
-001048
0001746
0003259
0003085
0001164
-000641
0001164
0003958
0002037
-002504
-004890
-004890
-003842
-001980
0000174
0002153
0004249
0004482
0000640
-006578
-016009
-023401
-023809
-018686
-013273
-009081
-006578
-005822
-005065
-004425
-004657
-004541
-001805
0000873
-001107
-005531
-007393
-006345
-003610
-000292
0001979
0003201
0004889
0006170
0005821
0004132
0001804
0000407
0001804
0004424
0004249
0002561
0002968
0004307
0003492
0001804
0001920
0002619
0000756
-001863
-001572
0000814
0003201
0004191
0002444
-000466
-001048
-000233
-001339
-003144
-003319
-001689
0001920
0004773
0002386
-002387
-003144
-001630
-003260
-005996
-005472
-002562
0000116
0001164
-000699
-003668
-003726
-001921
-001921
-002678
-001223
0000931
0000931
-000292
0000116
0001513
0002328
0002503
0002153
0002153
0004424
0006810
0005180
0002153
0003434
0006985
0008498
0007043
0002503
-002969
-005996
-006229
-005181
-003668
-003144
-003319
-002620
-001747
-002271
-003144
-001980
-000175
-000641
-002620
-003901
-004599
-005531
-006054
-005123
-003144
-000990
0000349
-000117
-001514
-001630
-000815
-000583
-000641
-000233
0000116
-000815
-001456
0001513
0005122
0004016
0000174
-001747
-001107
0001455
0004715
0006810
0007043
0005413
0003026
0001688
0001571
0001862
0002095
0001688
0000814
0000116
-000292
-000292
0000116
0000756
0001338
0001513
0000989
-000466
-002038
-002329
-001456
-000350
0000407
-000059
-001223
-001514
-001339
-001747
-002562
-003551
-004192
-004075
-003027
-000524
0001862
0001571
-000233
-000524
0000407
0001047
0001164
0000407
-000350
0000349
0002328
0005122
0007159
0006636
0004482
0003376
0003550
0004132
0005180
0006927
0008149
0007218
0004889
0003085
0002270
0002619
0003376
0003143
0002270
0001746
0001746
0002503
0002968
0000989
-001514
-001048
0000756
-000059
-002853
-004774
-008092
-018104
-027942
-026137
-016765
-011002
-009081
-007160
-005589
-004017
-003027
-003901
-005007
-003435
-000408
0001164
0001571
0002561
0003550
0003783
0003143
0001688
0000582
0001629
0003841
0004831
0004482
0003143
0001804
0002153
0003783
0005122
0005995
0006519
0006403
0005471
0004191
0003318
0003201
0004307
0005413
0004307
0002270
0002386
0003085
0000989
-002038
-002504
-000699
0001804
0003259
0001164
-002504
-003435
-002213
-001456
-000932
0000407
0002095
0003318
0004074
0005064
0005530
0003783
0001804
0003259
0006053
0005588
0002852
0000931
0000582
0002444
0004947
0005471
0004365
0003900
0003609
0002153
0000640
0000640
0001513
0001222
0000814
0002677
0004947
0004074
0001047
-001630
-003027
-003027
-001921
-001107
-000350
0001280
0002444
0001280
-001339
-003610
-004366
-002795
0000000
0001106
0001571
0004424
0007334
0005762
0001920
0001164
0002561
0002968
0002968
0004598
0006053
0003725
0000465
0001862
0005879
0007567
0006868
0004831
0002910
0003376
0004773
0003550
0000989
-000059
0000058
-000292
-000641
0000232
0000873
-001456
-004832
-005589
-003784
-000699
0001513
-000292
-004308
-006171
-006113
-005996
-005938
-006229
-006287
-005007
-003086
-001514
-000990
-002387
-003551
-000117
0004656
0003900
0000000
-000874
0000523
0000989
0001222
0003026
0005413
0006694
0006519
0005006
0003492
0004191
0006112
0006927
0006868
0007334
0007509
0005588
0002910
0002212
0002677
0001804
0000000
-002213
-002969
0000814
0005413
0003841
-001514
-004832
-004948
-001980
0001280
-000408
-004541
-005181
-003319
-003027
-003668
-003435
-002678
-001921
-001514
-002038
-002620
-001863
-000408
-000175
-000874
-001572
-003027
-006520
-010886
-014786
-015892
-011410
-004657
-002271
-002736
-000408
0002794
0002852
0001222
0001513
0002619
0001571
-000175
0000640
0002561
0002386
0001164
0001746
0003841
0006868
0008149
0003434
-003260
-003493
0000116
-000059
-002038
-000408
0002735
0002735
0000873
0000756
0001979
0003201
0003434
0000873
-001980
-000466
0003201
0003783
0001862
0000116
-000874
-000466
0000931
0002386
0003376
0003900
0003783
0003318
0002503
0001397
-000117
-002504
-004483
-004075
-002038
0000000
0001222
0001047
0000000
-000408
-000466
-001398
-002329
-001514
-000292
-001514
-004017
-005356
-005123
-003377
-001107
0000349
0000873
0001804
0001862
-001165
-004832
-004541
-001339
0001629
0003143
0002386
0000407
-000408
0000174
0001746
0003201
0002910
0001746
0001862
0002735
0002910
0002677
0002968
0003434
0003376
0002386
-000059
-002853
-004192
-003610
-000641
0002503
0002037
-000699
-001980
-001689
-000583
0000465
-000466
-002213
-002504
-001630
-001398
-001165
0000698
0002619
0001862
-000408
-001805
-002038
-001456
-000699
-000874
-001514
-001281
-000641
-000699
-001339
-002038
-002271
-001223
0000174
0000232
-000815
-002096
-002795
-001456
0000640
0000756
0000407
0003259
0007276
0008440
0007451
0007159
0006694
0003841
0000116
-002038
-002504
-002445
-002038
-001689
-001630
-001863
-002213
-002445
-002678
-003784
-004599
-003260
-001339
-001921
-004192
-005414
-005996
-007859
-009081
-006287
-002387
-003202
-006753
-007801
-006287
-003493
-000874
-000583
-002213
-004425
-005938
-005822
-004017
-001165
0001164
0000465
-001398
-000466
0002095
0003026
0002561
0002386
0002153
0001222
0000640
0002677
0005297
0004307
0001164
-000350
-001689
-006637
-012399
-013855
-012749
-014611
-016416
-011468
-003842
-000815
-002736
-007451
-011293
-008790
-002678
0000523
-000117
-004192
-008150
-005589
0000407
0002561
0001222
-000699
-002504
-003610
-003551
-002620
-001048
0000407
0001979
0004715
0006577
0004132
0000058
-000292
0002095
0003376
0003958
0005471
0006985
0006927
0005530
0003725
0002037
0000698
0000232
0000523
0001746
0004365
0006461
0005471
0002561
0001106
0000756
-000408
-001339
-000641
0001047
0002503
0002677
0000756
-001805
-002096
-001165
-002154
-003726
-002795
-000292
0001338
0002212
0003609
0004365
0002561
-000524
-002329
-002445
-001223
0000523
0001629
0001571
0000291
-000932
-000117
0002270
0004540
0005471
0003725
0000582
-001398
-001747
-000990
0000407
0001804
0002444
0001688
0000349
0000058
0000698
0001222
0001571
0001571
0001222
0000523
0000000
0000465
0001164
0000756
-000466
-001980
-002736
-001398
0000291
-001805
-004832
-002853
0001804
0004191
0003725
0001280
-001048
0000116
0003434
0005879
0006112
0003026
-001048
-002096
-000233
0002677
0005180
0005238
0003609
0002153
0001629
0003026
0004074
0000058
-005414
-005589
-002038
0000640
0001106
-001398
-004890
-005239
-003377
-002620
-002795
-002969
-002620
-000641
0001338
0000349
-002154
-002387
-001281
-001339
-002445
-004366
-005531
-003610
-000757
-001630
-003610
-000874
0004074
0005238
0003725
0003201
0003609
0004191
0004482
0003259
0002212
0004889
0008498
0007742
0004191
0001862
0001804
0004889
0008440
0007625
0004191
0002677
0003085
0004191
0004715
0002561
-000815
-001921
-001630
-002969
-004017
-001339
0002968
0004598
0003143
-000233
-003959
-005938
-005531
-002853
-000583
-002969
-009198
-016591
-022412
-024042
-021539
-016823
-012167
-010944
-011352
-008092
-003493
-002387
-003027
-000699
0002794
0003376
0002153
0002561
0003900
0004540
0004889
0006112
0007509
0007974
0007334
0005762
0003958
0002794
0002968
0005355
0008149
0008673
0006868
0003609
0001222
0003026
0006636
0006461
0004365
0005762
0008440
0007451
0004656
0004132
0004773
0003550
0001047
-001165
-002213
-001514
-000117
-000408
-001805
-002504
-002213
-000699
0000873
0000873
-000641
-002678
-004075
-003144
-001165
-001223
-001921
0000232
0003318
0003434
0001804
0002095
0003725
0004715
0005180
0005646
0006228
0007334
0007742
0005238
0001338
-001107
-001514
-000524
0001106
0001455
0001629
0004540
0007334
0004598
-000815
-003027
-001805
0001280
0004074
0002968
0000116
0000989
0003725
0003609
0002095
0002852
0004656
0004482
0002968
0001862
0001629
0002386
0003376
0003259
0002037
0000058
-000932
0002212
0006752
0007742
0005471
0002212
-000059
0001688
0004831
0003783
0000349
-000699
0000232
0001455
0002095
0000989
-001107
-002329
-002271
-001281
-000059
-000233
-000990
-000874
0000000
0001280
0001629
-000874
-004133
-003551
-001281
-002504
-005123
-004774
-002154
0000349
0001455
0000116
-002911
-006113
-007451
-004075
0000814
0000814
-001689
-000292
0003259
0005064
0004482
0001397
-002096
-002329
-000350
0000291
-000233
-000757
-000990
-000524
-000233
-002038
-004133
-003027
-000350
-000059
-001281
-001514
-000990
-000874
-000932
-000583
-000233
-000350
-001223
-003668
-005705
-004541
-001223
0002153
0003434
0000000
-004774
-003842
0000174
0000931
-001107
-003668
-005472
-005239
-003377
-001514
-000059
0001047
0001047
-000815
-004075
-007277
-010362
-014553
-016823
-012807
-005298
0000058
0001397
-002154
-006345
-002795
0003725
0002095
-002969
0000523
0007159
0004889
-002154
-004308
-001980
0000698
0003143
0005471
0005879
0001979
-003319
-004716
-002911
-000815
0000058
-002329
-005822
-006054
-003901
-002038
-001398
-002504
-004425
-005414
-004774
-001805
0001397
0001571
-000292
-001048
-000292
0002095
0004715
0004947
0003318
0001397
0000232
0001222
0002968
0002503
0001222
0002794
0005180
0003958
0001106
0001280
0002619
0000523
-002620
-001398
0001979
0002852
0000931
-002678
-005938
-005472
-002795
-001339
-001456
-002620
-003493
-001747
0000873
0000349
-002096
-003726
-004075
-002969
-001980
-004541
-007626
-005356
-000292
0001688
0000814
-000524
-001281
0000232
0002852
0004365
0004249
0002503
0000291
-000583
0000058
0002095
0003492
0000465
-003842
-003027
0000582
0001106
-000350
-000117
0001047
0001106
0000349
-000292
-000583
-000350
0000291
0001106
0001513
0000698
-000350
0000232
0000873
-001747
-005996
-008732
-008965
-006171
-002504
-001921
-003260
-003319
-002271
-001398
-000932
-000699
-000932
-002154
-003144
-001921
0000523
0002153
0002852
0003609
0003783
0002328
0000465
0000174
0001106
0001804
0002270
0002910
0002794
0000465
-002271
-002329
-000466
0001280
0001688
-000350
-003319
-003959
-002853
-002387
-002387
-001863
-001572
-003144
-004541
-001980
0001513
-000524
-005239
-006113
-004366
-004192
-004483
-002387
0000058
-001048
-003668
-003260
-001048
-000524
-001398
-001572
-002038
-005589
-008558
-004599
0003026
0007218
0007334
0004715
0001688
0002270
0004831
0004831
0003550
0004773
0006286
0003492
-001223
-002620
-002038
-003202
-005647
-007451
-009780
-015426
-020665
-019268
-013389
-009023
-006811
-005705
-005007
-002504
-000524
-003901
-008907
-007801
-003144
-001630
-002445
-002154
-000932
0000523
0001397
0000814
-000233
0000814
0002852
0003492
0003143
0002968
0003201
0004074
0005064
0005006
0004889
0006927
0009139
0007334
0004132
0005006
0007916
0007800
0005646
0003900
0003376
0004947
0006403
0003900
-000233
-001165
0000698
0003434
0005530
0005064
0003201
0002735
0003318
0003667
0003201
0001280
-000874
-000990
-000175
-001514
-003784
-004192
-003493
-003959
-004483
-002620
0000058
0000349
-000990
-001281
-000990
-001805
-002387
-000233
0002852
0003434
0002503
0003143
0004773
0005646
0005646
0005064
0004365
0004365
0004482
0003201
0001571
0001338
0002153
0003201
0003609
0002212
0000465
0001688
0003841
0002328
-000874
-000932
0000814
0000756
-000117
0000989
0002386
0000582
-001980
-000117
0003900
0004540
0002561
0000989
-000175
-001572
-002795
-003784
-003551
-000815
0002677
0003492
0002212
0001164
0000523
0000232
0000232
0000640
0001106
0001106
0000873
0001164
0001280
-000117
-001980
-002795
-001689
0002503
0006694
0005762
0001979
0000640
0001804
0003667
0005122
0004424
0002619
0001920
0002153
0002095
0001571
0000640
-000524
-002038
-003144
-003027
-002038
-001048
-000233
0000523
0001106
0001455
0001513
0000989
0000582
0001746
0002910
0001455
-001223
-002329
-001048
0003026
0007159
0006694
0003376
0001746
0001629
0001222
0000931
0002037
0003259
0002386
0000698
0000873
0002095
0002270
0001397
-000233
-001514
-000699
0000756
-000175
-002154
-001863
-000292
-000117
-000641
-000292
0000232
-000583
-002213
-003086
-003493
-005065
-006113
-003260
-000874
-006928
-017056
-022121
-021480
-018162
-013331
-009256
-006113
-002271
0000698
0000931
-000466
-000757
0000640
0004016
0007101
0006112
0003259
0003783
0006344
0007509
0007218
0006577
0005762
0005064
0004249
0002503
0001047
0002095
0003841
0002677
0000000
-001165
-000292
0002386
0005180
0005530
0003958
0003026
0002444
0001047
-000583
-002038
-002154
0000873
0004016
0001164
-004017
-003493
0000523
0001688
0000931
0001571
0002503
0001280
-000990
-001921
-001514
-000757
-000059
-000117
-000408
0000232
0001455
0002444
0002794
0002270
0001629
0002386
0004074
0005355
0005821
0005122
0003841
0003201
0002910
0001804
0000814
0001629
0003143
0003085
0001804
0000407
-000059
0001804
0004249
0004191
0002095
-000292
-001805
-000990
0000873
0001222
-000233
-003144
-005880
-006113
-004425
-002504
-001572
-003144
-005996
-007917
-007743
-004308
0000174
0001338
0000291
0000931
0002270
0002328
0001571
0001397
0001338
0000291
-001165
-002154
-002096
-000524
0001397
0001397
0000465
0001338
0002968
0002735
0001920
0003201
0005180
0004598
0002444
0001397
0000698
-002038
-004716
-003493
-000583
-001223
-003435
-002271
0000291
-000292
-002795
-003784
-003493
-003027
-002620
-003202
-003319
0000291
0004540
0004074
0000465
-001747
-001980
-000641
0001164
0001164
0000349
0001571
0003667
0004191
0003550
0003259
0002852
0001222
-000583
-000699
0000232
0000814
0000291
-002387
-005181
-004774
-001863
0001222
0002503
-000292
-004890
-006520
-005531
-004366
-003901
-005239
-007044
-006287
-004250
-004017
-004832
-004716
-003901
-002911
-002329
-002678
-003377
-003144
-002096
-000874
0000174
0001164
0001513
0000465
-000990
-001630
-000990
0001338
0002968
0000582
-005356
-013040
-019094
-019850
-016183
-011934
-007975
-004832
-002271
0001629
0004249
0000756
-005181
-006695
-004075
-000233
0003026
0003318
0001513
0000232
-000350
-000815
-001572
-003610
-005705
-005531
-004133
-004483
-005298
-003435
-000815
-000815
-002562
-003726
-003435
-000408
0002910
0001920
-000932
0000291
0003492
0003492
0001804
0002328
0004540
0006694
0007974
0007043
0005413
0005937
0007218
0005704
0002677
0000931
0000873
0002328
0004132
0003725
0002328
0002735
0003841
0002444
0000407
0002037
0004656
0002910
-001456
-004774
-005356
-002096
0002270
0002561
-000292
-002562
-004075
-005880
-007044
-006520
-005123
-004774
-005065
-004774
-003959
-002562
-001630
-003202
-005065
-003202
0000349
0000814
-000408
0001106
0003783
0004424
0003725
0004482
0005180
0002677
-000699
-000466
0001920
0002561
0001979
0001979
0002910
0005006
0007276
0008615
0007858
0003609
-001339
-001630
0000465
-001339
-004483
-003493
-000117
0001571
0001280
0000058
-001223
-000641
0000582
-000175
-002096
-003493
-003551
-001281
0001746
0002910
0001979
-000757
-003377
-002504
-000292
-001514
-004250
-004250
-002038
0000523
0002153
0001571
0000058
0000465
0001804
0001222
0000000
0000873
0002735
0003026
0002037
0000873
0000174
0000873
0001920
0000873
-000932
-000583
0001047
0001688
0001222
0000582
-000408
-002096
-003493
-003435
-002445
-002038
-002038
-001456
-000699
-000350
-000524
-000990
-001747
-003144
-004425
-004716
-003784
-001863
0000291
0001513
0001629
0001280
0000523
-000350
-000757
-000059
0001280
0002270
0002619
0002212
0001571
0001629
0001979
0001455
0000291
-000874
-001689
-002096
-001863
-000757
0000407
-000117
-000990
0001746
0002852
-007684
-021713
-023401
-016241
-012225
-011002
-009140
-006811
-003842
-001223
-000350
-000641
-000117
0000349
-001339
-003493
-002969
-000466
0001979
0003318
0002619
0001164
0001513
0003376
0005471
0006927
0006694
0005471
0004424
0004249
0006053
0007625
0004831
0000582
0001222
0004540
0005355
0004016
0002852
0002095
0001979
0001920
0000640
-000815
-000408
0001047
0001688
0001222
-000757
-002329
-000466
0002852
0003201
0001047
-001339
-003027
-003144
-002387
-002620
-003144
-001980
-000466
-001223
-002678
-001048
0002037
0003318
0002561
0000640
-001339
-001805
-000699
0001047
0002677
0002968
0002910
0004831
0007334
0007276
0005879
0006053
0006810
0005821
0003900
0002503
0002270
0003958
0005762
0004889
0002095
-000117
-001107
-000699
0000698
0002095
0002968
0002852
0002270
0002852
0003609
0002735
0000873
-000292
-001339
-004541
-007044
-004192
0000814
0001397
-001398
-003551
-004133
-002678
-000408
-000059
-000466
0001455
0003900
0002677
0000000
0000640
0003085
0003026
0002095
0004307
0007567
0007334
0004831
0003550
0003434
0003318
0003085
0002910
0002386
0001222
0000174
0000873
0002037
0000756
-001281
-000408
0001979
0002852
0002212
0001455
0000582
-000583
-001630
-002213
-001630
0001222
0003725
0001047
-004075
-005880
-004599
-002387
-000524
-000815
-002213
-002038
-000874
-001048
-001339
0000756
0003434
0003085
0001047
0000989
0002270
0003026
0002794
0001106
-000699
0000116
0001920
0000873
-001165
-000059
0002735
0004074
0003318
0000465
-002853
-004075
-003377
-002911
-001980
0000640
0003492
0004424
0003143
0000058
-002853
-002096
0000174
-001165
-004075
-003668
-001456
-001165
-002213
-002387
-001689
-000524
0000873
0003434
0003376
-005996
-017871
-020025
-014495
-009372
-005822
-003144
-001514
0000000
0001629
0004016
0005879
0005006
0002968
0003609
0005471
0005006
0003492
0004482
0006228
0005122
0002561
0002328
0002794
-000059
-003959
-005007
-003086
0000873
0004307
0003434
0000116
-000641
0000698
0001746
0002037
0000989
-000641
-001398
-001339
-001863
-002154
-000932
0000698
0000407
-000641
0000407
0002153
0001629
0000407
0002037
0004773
0004656
0002968
0002852
0003900
0003841
0003667
0005588
0007800
0006927
0004482
0004540
0005704
0004249
0001746
0001338
0002270
0001862
0000814
0000407
0000640
0001280
0002037
0002503
0002619
0002095
0001455
0001979
0002328
0000232
-002736
-003668
-002504
0000058
0001688
-001223
-006054
-007510
-005822
-003377
-001630
-002387
-004483
-004948
-003959
-002620
-001165
0000349
0001688
0002619
0003026
0002794
0002386
0002212
0002910
0005297
0007916
0008207
0006927
0006053
0005588
0004947
0004249
0004074
0003725
0001979
-000059
-000292
0000582
0000814
0000291
-001048
-001805
0000291
0003434
0004249
0002619
-000466
-003551
-004657
-004192
-003959
-004075
-004250
-004541
-004890
-004890
-003726
-002154
-001281
-001165
-001630
-001630
0000814
0003492
0002095
-001048
-000874
0001455
0001862
0001280
0002328
0003900
0003725
0002037
-000350
-001863
0000232
0002910
0000116
-005239
-006345
-003842
-000932
0001338
0002619
0002095
-000757
-003784
-003202
-000292
0001106
0000931
0000232
-000699
-001398
-001630
-000932
-000524
-002678
-005705
-005996
-004308
-003260
-002445
-000466
0001571
0002095
0000931
-001456
-003435
-002504
0000000
0000814
-000292
-002969
-005181
-003493
-000350
-001165
-004366
-005356
-004948
-005065
-006695
-011352
-016532
-018570
-017173
-013680
-009605
-007335
-005938
-001747
0002095
0000116
-004599
-005007
-002329
-000815
-001107
-003610
-006113
-004657
-001281
-001107
-002911
-003144
-002096
-001223
-000466
0000407
0001047
0000814
0000523
0002037
0004016
0003841
0002561
0002968
0004132
0003434
0002503
0004715
0008091
0008789
0007159
0004947
0002968
0001979
0001397
-000466
-002329
-001921
-000117
0000582
0000640
0001688
0002968
0003201
0002153
0000349
-001398
-002038
-001398
-000059
0001338
0001338
0000814
0001920
0002677
-001223
-006287
-005880
-001980
0000116
-000175
-002387
-004541
-002795
0000582
0000698
-001398
-002213
-001689
-000641
0000582
0001397
0001746
0001862
0002386
0004715
0007451
0008265
0007276
0005646
0004016
0003143
0002794
0001513
0000640
0002735
0005355
0003667
-000466
-003086
-003086
0000291
0004249
0004016
0001222
0000407
0000931
0000232
-000815
-000175
0000931
-000233
-001980
-000815
0001455
0000698
-002387
-005763
-007975
-007160
-004716
-003726
-004133
-005007
-005705
-005181
-003901
-003027
-002329
-001048
0000349
0000873
0000698
0000349
0000291
0001513
0002735
0001571
-000583
-000815
0000116
-000175
-000932
0000174
0001688
0001106
-000757
-001514
-001107
0000000
0001164
0001164
0000349
-000233
-000350
-000059
0000116
-000932
-002271
-001805
-000583
-001048
-002154
-001107
0000407
-001572
-004832
-005007
-002853
-000757
0000058
-002445
-005414
-003260
0001222
0001106
-001398
-000408
0002503
0003434
0002444
0000523
-001281
-001689
-001223
-001514
-002038
-001339
-000466
-001456
-002853
-001223
0001804
0002794
0001862
0000116
-001572
-001805
-001339
-002213
-003260
-001863
0000291
0000698
-002445
-012050
-022062
-022645
-016649
-013273
-011992
-009140
-005705
-002562
-000932
-002969
-004657
0001571
0010186
0009895
0003725
0000465
0000873
0003841
0006810
0005238
0001164
-000175
0000989
0002852
0004249
0003201
0001222
0001455
0003376
0005297
0005879
0003259
0000058
0001804
0005530
0004540
0001047
0000931
0002444
0000931
-001165
0001746
0006112
0005180
0000523
-003086
-004599
-003610
-001281
-000524
-000583
0001222
0003376
0003318
0001688
0000349
-000292
-000117
0000291
-000815
-001805
0000931
0004540
0003318
-000175
0000058
0002677
0003609
0003492
0004598
0005821
0005064
0003318
0003026
0003376
0001746
0000000
0001629
0004598
0004249
0001688
-000233
-000524
0001862
0004889
0004074
0001746
0003492
0006519
0004482
-000233
-002678
-001805
0002910
0007567
0005762
0000232
-001514
-000583
-001048
-001863
-000117
0001979
0000116
-003493
-004192
-002562
-001165
-000117
0001106
0002095
0002444
0002095
0001280
0000523
0000523
0001222
0002037
0002852
0004016
0004947
0005006
0004482
0004016
0004191
0005879
0007101
0004424
0000232
-000350
0002095
0005297
0007218
0004889
0000989
0001164
0003667
0003609
0001629
-000059
-001223
-002154
-003202
-005472
-007393
-006404
-003784
-002795
-003086
-002969
-002678
-002678
-003027
-003784
-004425
-003901
-002795
-002445
-002445
-001572
0000000
0001746
0002968
0002735
0001513
0000174
-000350
0000698
0002735
0004074
0004947
0007043
0008091
0004016
-001921
-003086
-000874
0000349
0000116
-000699
-001863
-002504
-002271
-000641
0000873
-000408
-002736
-001980
0000523
0001629
0001688
0002503
0002677
-000641
-004657
-004075
-001048
-000757
-002504
-003493
-003668
-002620
-003319
-011410
-021189
-022295
-016998
-013156
-010770
-007510
-004017
-000757
0001746
0003667
0003900
0000873
-002795
-002154
0000873
0001164
-000175
0000756
0002212
0000698
-002154
-002678
-001398
-000583
-000059
0000873
0001688
0001397
0000582
0000698
0001164
0000523
-000117
0001222
0003550
0005704
0005413
-000757
-007684
-006054
0000873
0004132
0003841
0003201
0002328
0001106
0000465
0001862
0003492
0001746
-000932
0000931
0004715
0004365
0001571
0000989
0001920
0001862
0001338
0001629
0002503
0003783
0004307
0002270
-000641
-001165
-000233
-001165
-002736
-002620
-001572
-001747
-002387
-001747
-000233
0001222
0001513
-000757
-004192
-006462
-006753
-004948
-002795
-003377
-005647
-006928
-006520
-003959
-000815
0000349
-000932
-004017
-006695
-005938
-002329
0001979
0005064
0005006
0002561
0000349
-000466
0001222
0003900
0004132
0003085
0003550
0005006
0005762
0005180
0002677
-000117
0000174
0001920
0001222
-000524
0000058
0001629
0000698
-001339
-001747
-000990
-000524
-000524
-000699
-001339
-002853
-004366
-004483
-003784
-003668
-004017
-004133
-004366
-005647
-006928
-005880
-004075
-005181
-006753
-003610
0001280
0001455
-001339
-001689
-000292
0000698
0001222
0001571
0002212
0003900
0005821
0006694
0005937
0002619
-000408
0001862
0006112
0005937
0001862
-003435
-006811
-004192
0001164
0002212
0000000
-001339
-001689
-002038
-001863
-000524
0001629
0003900
0005355
0005646
0004016
-000350
-004890
-005298
-002795
-001107
-000583
-000757
-001223
-000815
-000524
-002504
-004890
-003959
-001747
-003202
-006113
-005647
-003202
-002387
-002795
-002969
-002329
-000175
0001920
0000989
-001107
-000524
0001280
0001746
-001165
-010420
-020433
-021888
-016882
-013098
-011061
-009664
-008499
-005705
-002562
-001572
-001339
0001862
0005471
0004191
0000640
0001047
0003376
0002212
-000699
-001630
-000874
-000292
0000058
0000756
0001397
0001571
0001804
0003492
0005122
0003725
0001047
0001047
0002561
0002619
0001571
0000756
0000698
0001688
0003318
0004656
0005122
0004132
0002794
0003201
0004598
0004889
0004424
0004016
0003900
0004191
0004424
0003783
0002619
0001164
0000291
0001106
0002328
0001280
-000757
-001165
-000524
-000990
-001630
-000408
0001222
0000407
-001747
-002678
-002154
-000641
0001106
0002212
0002270
0001106
-000117
0000058
0001338
0002444
0003026
0002794
0002561
0003900
0005937
0006286
0005530
0005355
0004889
0002153
-000292
0001979
0006694
0008673
0008091
0007334
0006170
0004132
0002037
0001106
0000931
-000059
-001398
-002154
-002387
-002736
-003027
-003144
-003144
-002853
-002736
-003726
-005123
-005705
-005414
-005007
-004483
-003901
-003435
-003551
-003551
-001572
0000291
-001630
-005007
-004890
-002271
-000466
0000174
0000232
0000116
0000523
0001804
0004249
0006170
0004889
0002153
0001862
0003667
0005995
0007392
0005471
0002561
0003725
0006403
0004540
0000407
-000524
0000640
0000931
0000174
-001980
-003260
0000523
0005530
0004540
-000583
-004250
-005356
-003784
-001339
-001514
-003319
-003842
-003435
-003668
-003901
-003027
-001339
0000407
0001280
0000174
-001805
-002329
-001921
-002620
-003726
-003610
-002445
-000583
0000989
0000640
-000175
0001688
0004656
0005355
0004540
0004656
0005471
0005821
0005995
0006810
0006985
0004307
0000698
0000116
0001455
0001222
0000465
0001629
0003958
0005879
0006403
0004598
0001047
-002096
-005531
-011526
-016998
-017115
-013214
-009256
-006520
-005531
-005531
-004075
-002213
-002678
-003668
-000932
0002561
0000698
-003086
-001048
0003900
0004598
0002095
0000232
-000641
-001281
-000815
0001804
0004540
0004016
0001862
0002386
0004191
0003492
0001280
0000058
-000175
-000466
-000175
0001804
0003783
0003085
0000873
0000814
0001746
0000582
-000757
0001513
0005413
0007276
0006403
0002852
-000990
-001339
0000873
0002503
0002910
0001455
0000000
0002212
0005238
0003085
-001281
-001107
0001862
0002386
0001571
0002852
0004715
0004424
0002444
-000408
-001630
0003026
0009022
0007567
0002328
0002619
0005762
0004307
0000582
-000292
0001397
0003958
0005588
0003434
-000059
0000407
0003026
0003026
0001455
0001164
0001979
0003259
0003900
0002328
-000175
-000874
-000466
-001339
-002387
-001048
0001106
0000989
0000116
0002212
0005530
0006344
0004889
0002619
0000698
0000349
0001222
0001979
0002619
0003667
0004540
0004249
0003550
0003725
0004482
0005180
0005238
0004132
0002968
0003958
0005646
0004947
0002852
0001920
0001513
-000408
-002562
-002620
-001048
0000814
0001455
-000990
-004657
-005705
-004774
-004308
-004483
-005181
-005822
-005822
-005298
-004425
-004366
-007568
-010886
-008732
-003901
-002969
-004308
-003144
-000932
-001048
-002736
-004192
-004483
-002969
-000815
-000641
-001456
-000350
0001688
0002794
0002561
0000873
-000466
0001920
0005588
0005238
0002270
0000989
0000640
-001572
-003435
-001339
0002619
0003958
0002677
0000349
-001107
0001280
0005064
0005238
0002561
0000523
-000757
-002271
-003260
-003086
-002387
-002678
-003377
-002853
-001689
-000990
-001339
-003319
-005647
-005938
-004716
-003027
-003784
-011584
-021073
-022586
-017697
-012807
-009256
-007626
-007044
-004832
-002096
-001223
-001339
-000524
0000873
0001746
0001746
0000291
-000990
0000174
0003376
0007276
0009721
0007916
0003725
0001164
0000407
-000175
-000292
0000523
0001455
0000873
-000059
0001222
0003609
0004598
0004132
0003085
0001397
-001048
-003319
-004425
-004075
-002329
-000641
-001456
-002736
-000175
0004016
0005238
0003783
0001804
0000349
0000640
0001920
0001920
0001746
0004074
0006868
0006577
0003841
0000640
-001456
-000175
0002328
0001280
-001456
-001456
0000407
0001397
0001222
0000291
-000757
-000524
0000000
-001805
-003959
-002387
0000931
0001862
0000523
-001572
-003202
-003202
-001980
-001165
-001107
-001805
-002329
-000583
0001804
0001397
-000757
-001921
-002038
-001921
-001398
-000059
0001222
0001513
0000756
-000524
-001514
-000990
0000291
0000640
0000465
0001164
0002153
0002270
0001920
0002153
0002386
0001513
0000058
-000990
-001107
0000058
0001222
-000175
-002620
-002911
-001805
-001805
-002271
-001514
-000641
-002213
-004250
-002678
0000232
-000350
-003319
-005647
-005996
-002329
0001804
0000058
-004716
-005472
-003319
-002096
-001863
-001921
-002096
-001514
-000815
-001165
-001747
-000932
0000931
0002735
0004132
0005238
0005821
0006112
0005355
0002328
-000990
-001339
0000931
0003900
0005879
0004947
0002095
-000117
-000757
0000989
0003026
0001629
-001805
-003610
-003319
-001165
0001164
0000523
-001921
-003027
-002911
-002678
-002387
-001630
-001572
-004366
-007859
-008092
-006054
-004832
-004017
-002038
0000116
0000756
0000756
0002503
0004540
0003900
0001804
0000873
0001513
0003783
0005995
0005297
0003259
0003492
0004424
0002910
-001805
-010595
-018861
-019967
-015077
-009314
-004657
-002620
-002038
0001106
0004656
0003900
0001280
0002444
0004889
0002503
-002445
-005007
-005123
-004657
-003435
-001281
0001106
0003841
0004540
-000408
-006869
-007044
-003144
-002038
-002736
-001281
0001047
0002153
0001862
0000523
-000641
0000058
0002619
0006403
0009313
0008498
0005238
0003201
0002794
0003318
0004132
0003900
0003318
0004540
0005762
0003376
-000408
-000583
0001571
0002444
0001920
0000407
-000292
0003143
0007858
0008440
0005879
0003783
0002619
0002153
0001920
0000232
-001398
-000059
0002619
0003085
0001746
0000291
-000874
-001456
-001281
-000699
0000116
0000989
0001629
0001513
0001338
0002503
0004016
0003900
0002619
0001513
0000523
-001398
-002562
-000292
0003259
0003725
0001688
-000583
-001630
0000174
0002561
0000814
-002445
-001165
0002386
0002619
0000582
-000583
-000699
0000000
0000582
-000641
-002387
-001572
0000349
-000059
-001398
-000117
0002153
0002095
0000407
-000815
-001689
-002853
-003842
-004133
-003610
-002271
-000932
-000815
-001514
-002038
-001281
0002561
0007218
0008615
0006868
0004249
0001397
-001689
-002969
0000407
0005471
0006461
0004249
0002503
0001746
0001629
0002095
0002910
0003434
0003085
0002037
0000873
-000292
-002096
-003086
-000874
0002270
0002037
-000699
-003027
-004192
-003959
-003319
-004541
-006404
-006229
-004250
-001747
0000232
0000407
-000350
0000232
0001222
0000174
-001747
-001805
-000932
-001863
-002562
0001338
0006636
0007334
0004365
0001629
0000291
0001222
0003609
0005937
0006752
0004365
0001164
0002037
0005122
0005471
0004132
0004307
0005355
0005821
0004889
0001397
-002271
-001339
0000698
-003493
-011643
-018803
-022353
-020258
-014670
-010595
-008790
-008150
-007975
-005996
-004017
-006054
-008849
-005996
-000699
-000233
-002795
-003319
-001921
0000116
0002037
0003259
0003434
0002386
0001688
0004424
0007974
0007043
0003667
0002910
0004074
0004482
0004191
0003259
0002503
0003434
0004482
0002328
-000874
-000757
0001397
0001280
0000756
0004715
0009197
0006577
0000291
-002213
-000990
0001047
0003318
0005646
0006810
0005646
0003143
0001397
0000698
0000232
0000232
0000582
0001047
0001338
0000931
-000874
-002678
-002213
-000175
0001455
0002212
0001920
0001338
0002095
0003667
0004598
0004307
0002153
-000699
-002853
-003144
-000699
0002619
0003085
0001862
0002328
0003201
0001804
-000583
-000874
0000058
-000233
-001048
-000641
0000349
0000116
-000408
0001047
0002619
0000465
-003086
-003027
-000990
-001572
-003319
-002911
-001514
-001747
-002620
-001921
-000175
0001513
0001979
-000524
-003784
-003144
-000524
-000815
-002329
-000932
0001804
0002037
0001455
0004249
0007509
0005588
0000640
-002038
-002504
-003260
-003260
-000815
0002386
0003376
0002270
0000523
-001107
-001107
-000408
-001456
-003202
-003377
-002271
-000466
0000698
-000175
-002329
-003784
-004483
-005589
-006054
-003726
-000757
-001398
-003784
-003144
-001339
-002853
-005880
-006811
-005472
-002911
-000466
0000174
-000699
-001281
-001456
-001863
-001339
0001979
0005588
0004889
0001979
0002212
0004249
0004598
0003259
0001164
-000524
0000058
0001513
0000756
-000874
-000175
0001688
0001920
0000873
-000292
-001456
-002562
-003435
-004133
-004366
-003726
-003086
-003493
-005123
-007917
-010013
-008790
-005472
-003144
-002213
-001921
-002911
-005647
-009955
-016241
-020956
-019618
-014088
-009955
-007510
-005472
-003493
-000117
0002619
0001047
-001630
0001455
0006577
0005762
0001513
0000349
0001979
0004482
0006519
0006519
0004831
0003026
0001513
0000407
0000058
0000698
0002037
0003900
0004889
0003026
0000116
-000233
0001280
0002270
0002095
0000058
-002795
-004716
-004890
-002911
-001165
-004250
-008558
-006811
-001630
0000465
0000000
0000349
0001047
0001164
0000640
-000292
-001339
-002562
-002795
-000524
0003085
0005588
0006636
0006752
0005588
0002735
-000350
-001630
-000757
0001862
0004249
0003026
-000233
-001805
-001339
0000465
0002852
0005064
0005238
0000873
-004657
-005531
-002853
-001048
-000350
-000117
-000408
-001165
-001572
0000000
0001688
0000058
-003027
-002911
-001281
-002445
-004832
-004716
-003086
-002678
-003260
-003901
-004192
-004017
-002911
-000233
0002561
0003783
0003085
0000523
-001805
-000408
0002968
0004424
0003667
0001164
-001223
-000350
0002037
0001862
-000175
-001921
-002678
-001747
-000175
-000350
-001398
-000932
0000407
0000814
0000523
0000465
0000116
-001572
-003493
-003610
-002504
-001689
-001281
-001339
-001281
-000175
0001106
0000465
-001223
-001805
-001223
0000349
0001688
0000989
-000874
-002038
-001456
0002153
0006286
0006228
0003492
0002503
0002328
0000116
-002504
-002271
-000292
0000349
-000408
-001689
-003144
-004541
-005007
-003784
-001747
-000990
-001165
-000990
-000699
-001398
-002038
-000815
0000640
-001281
-004483
-004599
-002504
-001107
-001223
-003901
-006753
-005531
-001514
0001397
0002561
0002153
0000407
-002154
-003784
-002329
0000756
0002153
0002037
0002270
0002735
0003143
0003492
0003725
0003841
0004831
0004365
-001281
-009372
-015252
-017347
-016474
-012982
-008558
-004192
-000117
0001979
0000640
-002853
-005880
-006869
-004716
-001281
-000874
-002387
-002213
-001107
-000990
-001281
-000117
0000814
-001339
-004948
-006578
-005531
-001921
0002212
0003550
0003085
0004191
0005762
0005471
0003841
0002444
0001571
0000873
0001047
0002735
0005122
0006403
0006519
0006053
0004889
0002677
0001106
0002910
0005879
0005471
0002794
0000873
0000349
0001571
0003376
0003609
0002386
0000698
-000699
-001339
-000815
0000931
0002968
0004249
0004132
0002619
0000465
-001223
-001980
-002038
-001630
-000932
-001048
-004133
-007044
-004250
0001047
0001804
-000932
-002969
-003610
-002387
-000641
-001223
-002620
-001281
0001455
0002735
0002561
0001688
0001106
0002910
0005180
0003958
0001106
0000931
0002561
0003085
0002910
0003667
0004307
0002794
0000582
0001222
0002677
0000291
-002911
-000699
0004132
0005180
0003143
0000989
-000466
-000583
0000291
0001280
0001629
0000523
-001339
-002562
-002911
-002795
-002271
-001339
-000874
-002736
-004774
-002795
0001106
0002619
0001920
0000698
-000583
-001514
-001456
0000465
0003259
0005180
0005762
0005297
0004074
0002794
0002037
0002444
0003492
0004132
0003667
0000931
-002329
-002911
-001514
-000292
0000349
0000582
0000058
-001689
-002969
-000757
0002852
0003492
0001688
-000408
-001805
-001689
-000699
-000583
-001048
-001165
-000932
-000524
-000408
-001107
-002213
-002445
-002387
-003260
-003959
-002038
0000349
-000932
-003784
-003668
-000990
0002735
0005297
0004249
0000989
-000990
-000990
0000873
0003550
0005530
0005646
0003085
-000233
-000583
0001222
0002444
0002444
0001397
-000466
-002271
-003493
-003493
-004192
-009372
-015950
-018221
-016416
-013505
-010246
-007626
-005298
-000932
0002328
-000932
-006462
-005414
-000583
0000349
-001572
-002736
-002445
-000350
0002153
0002212
0001047
0001280
0002677
0003900
0004889
0005937
0006694
0006985
0006810
0006344
0005937
0006286
0007101
0008033
0007683
0003900
-000932
-002154
-000699
0000291
0000640
0001338
0001106
-002329
-006404
-006753
