-004716
-005589
-002445
-001048
-000815
0001047
0002677
0000116
-003319
-000874
0004074
0003609
0000058
-000117
0001455
0000232
-001980
-001165
0001338
0002037
0001513
0001746
0002386
0002968
0003318
0003492
0002852
-000583
-003668
-001048
0003667
0002270
-002736
-004948
-004483
-003435
-002271
-001223
-000815
-001921
-003027
-001281
0001979
0004191
0004249
0001629
-001980
-003202
-002795
-004192
-005531
-003377
0000349
0001688
0001164
0001513
0001862
0000407
-001398
-000524
0001397
-000175
-001630
0004424
0012631
0012631
0006694
0001920
0000116
0001920
0005471
0006403
0004831
0002735
0000756
-000815
-001165
-000233
0001979
0005471
0007916
0006228
0002037
-000466
-000990
-000524
0000291
0000465
-000175
-001630
-002795
-001863
0000000
0000523
-000117
-000874
-001107
0000000
0001688
0002328
0002153
0002503
0002444
-000175
-003027
-001514
0001862
0002095
-000757
-005531
-008092
-002154
0007101
0009313
0005180
-001048
-005356
-002038
0004540
0004540
0000349
-000932
0000000
0000407
-000175
-002213
-004250
-003726
-001805
-001339
-001572
-000233
0001804
0002794
0002444
0001047
-000292
0000465
0002561
0003667
0004191
0006519
0007218
-000175
-009140
-007684
0000698
0006170
0007276
0005297
0000989
-004599
-007335
-000990
0008033
0006810
-000874
-004599
-004308
-003435
-001165
0004598
0009197
0005180
-002562
-002969
0001280
0002212
0000291
-001514
-002620
-002038
-000641
-000932
-001107
0003318
0007800
0003434
-004599
-005181
-000583
0001629
0001571
0001280
0000698
0000000
-000699
-001398
-001805
-001689
-001281
-001339
-000815
0002444
0005937
0005646
0002735
0000698
-000175
-001107
-000815
0002735
0006868
0007276
0004424
0001164
-001048
-000524
0001920
0003841
0005122
0006461
0007159
0006344
0004307
0001629
0000058
0002503
0006228
0005762
0002386
-000059
-001281
-001921
-002271
-003435
-003959
-000699
0003783
0004074
0002444
0004947
0008091
0004132
-002213
-000932
0004307
0004424
0000989
-000641
-000874
-001398
-002387
-004250
-005822
-005298
-003319
-001921
-000699
0001455
0004132
0008033
0008906
-001805
-013273
-005007
0011758
0011118
0000407
0000058
0005471
0003841
-002154
-005589
-006113
-005181
-003202
-000466
0001164
-001048
-004541
-003842
-000699
0001164
0000232
-005007
-010653
-009489
-004599
-004133
-005822
-003144
0000756
-000292
-003842
-004250
-002038
-000117
0001106
0002212
0001920
-001339
-005181
-005938
-003551
0000931
0004656
0003201
-000874
-001572
0000232
0000873
0000814
0001280
0001920
0001804
0001164
0000582
0000232
0000232
0000698
0001746
0002270
0000349
-002038
-000466
0002444
0000756
-002329
0000756
0005588
0002735
-003551
-003144
0001047
0001397
-001339
-004075
-005239
-002969
0001338
0004249
0004947
0003085
0000814
0002794
0006170
0004307
0000349
0001455
0005006
0004773
0001804
-000641
-001572
-000059
0001804
-000059
-003901
-005763
-005414
-004075
-002038
0000640
0002503
0001804
-000059
-000524
0001106
0005530
0008673
0003318
-005647
-007568
-004250
-002911
-002678
-000233
0002444
0002095
-000350
-002271
-002387
0000640
0004191
0003259
-000466
-002387
-001863
0000814
0003841
0004132
0002794
0003259
0004424
0003900
0002270
0000931
0000873
0003783
0007101
0006286
0002735
0000640
0000582
0002386
0004715
0004889
0003434
0002386
0002212
0002968
0004540
0006577
0007974
0007800
0006112
0003201
0000989
0001979
0004656
0005471
0004424
0002677
0001513
0003259
0005879
0005413
0003376
0003900
0005530
0004482
0002619
0003667
0006461
0007974
0008265
0008498
0008265
0006694
0005297
0006286
0008731
0010536
0010303
0006344
0002037
0003259
0007742
0009837
0009488
0008557
0007858
0009022
0010477
0009022
0006810
0008440
0011816
0012864
0010943
0005762
0001513
0005238
0012166
0011991
0006927
0003841
0003783
0007276
0011001
0008789
0004249
0005995
0010652
0010477
0006985
0004424
0003725
0005180
0007742
0009546
0009779
0008265
0006053
0005122
0005588
0006927
0008033
0006810
0004889
0005588
0007974
0009604
0010186
0010128
0009954
0010477
0011467
0012340
0012515
0010477
0008382
0010186
0012981
0010885
0006403
0005704
0007625
0008091
0007509
0007567
0008091
0008440
0008498
0008440
0007451
0004074
0000582
0000931
0003609
0003725
0003026
0006170
0009779
0006985
0001804
0003143
0007334
0005355
0000232
-000932
0001746
0006170
0009604
0007858
0003318
0001979
0002735
0001804
0000232
0000232
0001455
0002328
0003376
0006636
0009022
0005530
-000292
-001165
0001920
0004656
0006228
0005879
0004889
0006519
0008382
0005646
0000291
-003901
-005181
-002387
0001513
-000117
-003493
-000117
0005821
0005064
-000175
-003027
-003901
-005996
-007102
-003144
0001979
0000291
-004250
-002387
0002561
0002386
-000874
-001514
-000815
-002213
-004541
-005181
-004250
-003202
-002213
-001107
-000815
-002795
-005414
-005589
-004075
-003260
-003319
-004133
-005123
-004832
-004308
-005298
-007451
-009780
-011235
-011119
-009489
-006520
-004308
-006113
-009256
-008266
-004948
-003726
-005298
-009955
-014204
-012458
-007044
-003726
-003610
-006171
-009955
-012283
-012341
-010420
-007277
-004541
-002736
-001223
-001572
-006287
-011934
-012283
-009431
-009372
-010944
-010653
-008965
-007160
-006462
-008499
-011526
-011584
-010071
-011002
-012458
-009780
-005938
-006695
-010653
-014320
-015776
-012865
-008616
-009081
-012283
-013098
-011643
-009256
-007743
-009838
-013331
-013622
-011817
-011002
-011526
-013156
-014961
-016067
-014786
-008907
-002445
-001514
-005938
-012749
-019094
-021539
-020840
-021247
-021189
-017173
-011817
-009780
-010711
-012050
-013447
-015019
-016474
-017347
-018919
-024100
-028990
-026952
-020200
-014553
-011526
-011293
-012516
-011468
-010013
-012923
-017056
-016474
-012749
-010537
-010886
-014437
-019035
-020898
-020316
-019850
-019268
-017929
-016416
-015252
-015019
-016183
-017464
-016416
-014262
-013971
-014611
-013913
-012516
-011643
-012050
-014553
-017697
-019385
-018570
-014611
-010013
-009314
-010653
-008441
-005705
-009256
-015194
-015601
-012050
-009547
-008907
-010304
-011817
-009722
-006637
-008325
-012225
-012399
-009955
-008499
-008383
-009314
-010537
-010944
-010595
-010420
-010770
-012399
-013855
-012807
-010071
-008383
-006986
-002911
-000059
-005647
-013680
-011759
-004075
-001630
-003319
-003901
-004192
-006869
-009140
-005531
-001281
-007277
-016765
-015310
-006811
-003027
-002096
0003143
0008149
0004307
-003551
-004890
-001689
-000815
-001398
-000408
0001397
0002270
0002852
0004773
0006636
0006053
0003725
0001280
0000116
0001688
0004424
0004540
0003434
0004598
0006810
0007916
0007159
0003259
0000116
0005762
0012573
0004656
-008266
-005239
0006461
0008382
0003434
0001979
0003492
0004831
0005821
0006286
0006403
0006810
0007276
0007509
0007509
0007159
0006927
0007567
0008789
0010070
0010594
0009022
0006636
0005704
0005995
0006053
0005937
0005821
0006519
0009779
0013097
0011991
0008091
0005937
0005879
0006577
0008382
0012107
0015018
0012573
0007974
0008615
0011875
0011234
0008149
0007159
0007276
0005355
0003783
0007567
0013039
0012864
0009546
0010012
0012515
0011816
0010245
0012748
0017055
0017987
0016182
0014145
0012515
0011758
0011875
0011991
0012107
0012631
0013155
0013446
0013272
0012224
0011758
0014669
0018452
0018394
0015775
0014843
0014785
0012573
0010070
0011118
0013446
0012224
0009546
0010536
0013446
0014436
0013446
0011816
0010885
0012981
0016299
0016939
0015484
0014028
0013039
0012398
0012224
0011525
0012049
0017114
0022585
0021014
0015600
0014610
0015716
0011758
0007101
0010594
0017696
0018569
0014436
0010128
0007567
0008382
0011176
0012573
0011758
0007916
0004424
0007392
0012806
0011758
0007101
0006403
0008382
0008964
0008033
0006403
0004947
0004889
0006636
0009954
0013155
0013737
0012049
0010012
0008789
0010186
0012224
0010652
0007159
0005762
0006636
0009255
0011758
0010943
0008615
0009139
0011583
0012981
0013388
0014494
0014669
0011234
0007276
0008789
0012340
0010128
0005006
0003900
0005821
0006985
0007858
0010070
0012573
0014028
0012748
0006752
-001456
-008208
-010828
-008325
-001630
0007043
0013388
0011758
0006228
0006868
0010186
0007625
0001746
-001805
-002038
0001164
0004540
0001862
-002445
0001746
0008673
0005704
-002096
-002271
0001920
0000931
-001921
0001862
0007334
0003783
-003435
-002271
0003201
0002444
-001456
-000117
0003376
0001862
-002154
-002329
-000233
-000233
-001048
0000465
0002735
0002794
0000989
-001456
-003027
-001514
0001106
0001106
-001281
-004483
-006520
-004832
-001223
0000465
0000000
-001339
-002911
-003551
-003784
-005181
-006869
-007160
-006578
-006986
-007277
-004832
-001863
-002911
-005822
-005472
-002911
-001165
-001048
-003493
-006520
-007102
-005239
-002213
-000583
-004541
-009955
-008208
-003377
-005822
-011352
-010653
-006229
-004599
-005705
-008266
-010071
-007743
-003610
-003377
-005298
-004599
-002562
-002562
-004133
-005880
-007219
-006986
-006928
-010770
-015194
-014320
-009896
-006869
-005822
-005531
-006171
-007859
-009431
-009489
-008325
-007277
-006229
-003842
-002154
-004541
-008732
-010013
-009081
-008441
-008674
-010071
-011526
-010362
-008616
-010420
-013331
-012108
-008674
-007568
-008441
-009081
-009722
-011352
-013098
-013913
-013738
-013273
-012458
-011235
-009896
-008034
-007335
-010711
-014902
-013331
-009256
-010478
-014553
-015426
-014262
-014844
-016009
-014786
-012749
-013098
-014611
-014262
-011934
-007859
-004599
-005822
-010071
-013564
-014728
-012574
-008907
-007743
-008150
-006986
-005007
-003668
-003726
-005996
-008674
-008266
-006462
-006520
-009198
-016358
-021015
-009547
0004715
-005938
-024973
-014786
0007683
0002561
-016183
-013273
0001455
0001920
-005181
-001223
0007043
0004773
-004483
-011119
-013913
-014728
-013156
-009547
-005531
-002969
-002678
-004250
-006753
-008499
-008849
-007859
-006869
-009314
-011643
-007044
0000523
0002561
0000523
0000116
0000291
-001805
-004366
-004075
-001630
0000931
0001804
-001805
-006054
-002795
0002852
-000350
-007684
-008441
-004075
-000059
0001979
0000931
-002154
-004948
-005531
-001805
0003143
0003201
0000174
-001107
-000117
0003318
0006577
0005355
0001571
0000291
0001047
0001280
0001047
0000989
0000756
-000233
-000641
0002095
0005530
0004947
0001979
0001164
0001629
0000174
-001863
-001514
-000350
-002154
-004657
-003027
0000407
0000058
-002154
-001456
0001106
0002910
0003667
0003841
0003376
0002153
0001164
0001804
0003318
0003841
0003550
0003318
0003434
0004307
0005180
0004365
0003085
0003783
0005064
0003609
0001280
0002095
0004773
0006228
0006344
0006286
0005821
0004365
0003259
0005064
0007218
0004540
-000350
-001689
0000407
0003841
0006694
0006170
0003725
0003026
0003550
0003201
0002735
0003900
0005530
0005006
0003376
0003026
0003783
0004191
0005064
0008557
0011525
0008382
0003026
0003841
0008324
0009663
0008149
0005879
0004191
0005238
0007276
0006286
0004249
0005937
0008731
0006927
0002735
0001106
0002270
0005238
0007916
0006636
0003725
0004249
0007043
0008906
0009080
0007625
0005064
0002910
0001571
0001047
0001571
0003143
0005122
0006694
0007159
0006344
0004598
0002444
0001804
0005413
0010128
0010245
0007043
0004947
0003958
0002794
0002095
0002153
0003841
0009022
0013563
0010769
0003841
0000640
0000989
0001571
0002968
0006868
0010303
0008498
0003958
0002270
0003143
0004598
0005704
0004482
0003667
0006344
0014494
0032752
0032752
-013796
-032752
-032752
0005704
0032752
0022585
0009895
0002503
0007974
0016590
0004656
-014670
-013738
0001280
0012340
0015018
0007451
-004075
-007684
-003319
0004540
0010885
0009313
0001804
-004890
-008965
-010595
-009256
-005705
-001514
0001862
0002677
-000815
-005763
-006811
-004774
-003027
-002329
-002853
-004075
-004948
-005007
-003959
-002678
-002736
-003901
-005531
-006345
-004017
-001456
-004716
-009547
-006753
-000524
-000524
-003784
-002969
0000931
0005006
0006286
0000814
-007044
-008616
-005589
-003901
-004075
-005647
-006986
-004890
-001339
-001048
-002445
-000466
0001397
-003842
-011293
-011352
-006578
-004425
-004832
-006113
-006869
-004890
-002154
-003027
-005938
-006637
-005647
-004890
-004657
-004948
-005531
-005996
-006637
-008441
-010129
-009489
-007393
-005996
-006171
-009140
-011992
-009838
-004599
-000757
0000698
0000000
-001747
-002504
-001980
-000408
0000523
-002038
-006113
-007393
-006869
-007801
-008907
-007451
-004716
-003901
-004308
-003668
-003144
-005298
-007975
-006637
-003784
-005065
-008150
-007219
-004308
-004483
-005822
-004017
-001107
-001630
-004541
-006753
-007801
-008208
-007277
-004133
-000466
0001222
0000931
0000232
-001107
-003901
-006520
-006404
-004832
-004890
-005589
-004192
-002154
-002329
-004483
-007393
-009489
-008849
-006578
-005880
-006404
-006928
-006869
-005007
-002969
-003784
-005822
-005123
-003551
-005705
-009081
-008732
-005647
-002911
-001339
-001165
-001805
-001165
-000233
-000932
-002387
-002445
-001339
-000292
0000465
0000698
0000931
0002270
0003841
0004249
0002968
-000583
-003668
-001689
0003201
0006170
0005762
0001571
-003726
-005938
-004366
0000349
0004889
0004540
0000000
-006637
-010129
-003086
0008091
0009954
0004424
-000524
-003086
-002969
0000000
0004831
0008557
0007159
0002852
0001629
0001804
-001165
-005589
-008441
-008907
-006928
-004017
-003551
-003377
0001455
0008440
0013330
0014087
0009371
0002212
-001921
-003086
-004075
-004425
-004075
-001572
0006286
0014378
0013970
0008149
0005762
0005122
0000232
-005356
-005123
-001398
-000583
-000350
0005064
0012398
0015542
0014727
0013621
0011001
0003958
-003377
-004366
-000466
0002794
0005180
0008207
0010070
0008906
0005530
0001455
-000408
0004249
0010245
0005530
0000465
0018394
0032752
0031433
0002677
-017347
-020840
-004075
0017870
0015891
0000523
0001338
0011001
0009080
0001222
0001106
0006752
0011292
0014087
0016473
0016881
0013330
0009139
0010186
0014319
0015425
0014960
0017521
0020140
0016706
0011234
0012457
0016881
0016124
0011700
0008848
0007509
0005588
0005180
0009954
0015542
0014087
0008498
0006636
0007742
0007974
0007159
0004365
0002619
0007334
0013737
0012166
0006286
0005064
0007974
0011292
0014145
0016008
0015658
0011700
0006868
0006170
0008382
0009255
0009546
0012107
0014203
0010943
0005704
0005530
0009488
0014261
0016881
0013330
0007683
0009022
0013679
0012806
0008207
0005413
0005006
0006286
0008557
0010186
0011118
0012573
0013213
0011001
0007683
0006519
0007276
0008498
0009430
0009255
0008673
0009779
0011118
0009604
0006868
0006170
0007101
0007800
0007509
0004889
0002037
0002503
0005471
0008557
0010536
0010885
0009255
0005413
0002095
0003492
0007451
0008789
0007625
0005413
0003783
0005588
0007800
0003318
-001921
0003725
0014145
0015716
0010710
0008207
0006403
-000757
-006986
-001339
0010012
0013621
0010070
0005355
0000582
-004250
-006171
-001863
0005413
0009197
0009313
0008382
0007043
0006170
0005879
0005821
0005762
0005064
0003841
0002270
0001164
0001571
0003376
0006170
0008091
0006344
0002852
0001513
0002444
0004482
0006228
0005588
0003783
0003841
0004947
0004715
0004249
0006344
0008382
0005355
0000000
-001863
-001165
-001398
-002562
-004192
-005007
-002969
0000349
0001513
0000407
-001747
-003959
-004425
-003784
-004483
-005356
-003842
-001223
0000407
0000349
-001747
-003842
-001863
0001164
-002038
-006811
-003144
0004016
0003259
-002213
-003493
-002038
-002853
-004250
-002329
0000291
-001456
-005298
-006578
-004716
0000291
0004365
0000349
-006869
-006287
-001223
-000874
-003435
-003668
-002736
-004192
-006404
-005763
-003493
-002678
-003144
-003551
-004017
-004308
-005472
-010013
-013738
-009140
-000757
0001571
-001572
-005763
-009023
-009140
-006986
-005472
-005007
-005356
-006287
-007743
-008325
-006171
-003086
-002329
-003842
-005938
-007626
-007393
-006345
-007335
-009140
-009431
-007917
-005181
-002154
0000174
0000291
-003493
-008558
-010478
-009256
-007044
-005123
-005356
-006928
-007102
-006345
-006345
-006345
-004716
-003202
-004716
-007684
-008674
-007335
-004133
-001456
-003202
-007044
-008034
-006287
-003610
-002096
-004832
-008965
-008383
-005298
-005298
-007335
-007917
-007626
-008499
-009489
-008266
-006404
-007335
-009256
-008208
-005705
-005472
-006695
-007277
-006811
-004425
-002387
-004832
-008558
-007044
-002562
-000524
-001689
-005938
-010362
-009838
-006462
-006695
-008150
-004483
-000059
-003551
-010828
-013098
-010595
-006986
-003726
-001630
-002736
-010071
-017115
-011934
-002038
-004774
-013214
-009780
-000932
-002329
-009314
-009780
-006695
-008499
-012632
-012807
-010420
-009547
-009605
-008441
-006928
-007102
-008092
-008208
-007568
-006928
-006229
-004716
-003610
-004716
-007044
-007975
-007975
-008441
-009081
-008790
-008674
-010770
-013214
-012167
-008965
-006520
-005589
-006345
-007743
-007684
-006753
-006520
-007160
-008616
-009605
-007219
-004308
-006520
-010420
-008499
-002969
0000640
0001222
-001165
-004308
-004366
-002213
-000990
-000874
-001456
-002387
-002969
-003377
-004774
-005938
-005239
-003319
-001398
-001281
-006113
-011002
-006869
0001222
0001920
-002329
-003726
-002911
-002795
-003202
-003086
-003493
-006928
-009431
-002969
0005297
0000349
-009256
-003668
0008207
0004249
-005065
0006228
0021596
0005704
-021830
-019676
0001920
0013039
0013213
0010710
0006112
0000291
-003610
-002096
0001688
0000698
-003086
-004483
-003086
0000640
0004482
0004656
0003143
0005588
0008324
0003259
-004192
-002795
0003259
0003201
-000350
0000291
0003318
0004831
0003958
0000116
-003784
-002911
0000931
0003026
0002794
0000873
-000932
0000931
0004540
0005821
0005064
0004482
0004249
0003958
0004016
0004773
0005704
0006053
0005238
0002561
-000059
0000931
0003492
0002794
0000873
0002619
0006170
0007567
0006694
0004424
0002561
0004307
0007043
0004947
0001106
0002735
0006577
0004831
0000814
0002095
0006461
0009022
0008265
0002735
-003202
-001630
0003609
0003318
-000408
-001107
0000465
0001397
0001862
0002619
0003026
0001804
0000698
0003026
0006112
0004424
0000640
0000465
0003376
0006752
0008789
0007159
0003783
0003143
0004831
0006985
0008207
0007218
0003958
-001805
-005472
0000174
0009604
0011525
0007509
0004482
0002852
0001746
0001571
0002444
0003667
0004598
0003841
-000932
-005996
-004716
0000291
0002444
0001920
0000465
-000117
0003201
0007683
0007683
0004831
0003900
0004249
0003434
0002095
0001688
0001455
-000175
-001689
-000350
0002735
0004889
0005879
0006228
0005937
0005006
0003667
0001629
0000058
0000232
0001862
0004132
0005762
0005238
0003259
0001338
0000523
0001571
0003725
0005646
0006461
0005704
0004074
0003376
0003318
0002328
0001397
0002503
0004365
0004191
0002968
0003259
0003900
0001746
-000699
0001688
0005588
0004540
0000349
-002329
-002271
0001397
0005006
0001920
-004075
-004192
-000233
0002037
0002503
0002735
0002444
0001047
-000117
0001222
0004016
0006344
0006985
0004773
0002212
0004191
0007858
0006810
0002735
0000407
-000175
-000408
-000466
-000932
-001048
0000582
0002677
0002386
0001047
0002270
0004016
0001746
-001921
-001398
0001455
0001455
-000175
-000175
0001047
0001920
0002095
0001280
-000233
-002678
-003610
0001338
0006810
0002619
-005822
-005880
-001107
-001921
-005647
-006229
-003610
0001222
0005355
0004424
0000582
-000175
0000523
-001630
-004948
-005763
-004599
-003551
-002911
-002562
-002620
-002969
-002969
-001398
0000232
-001514
-004017
-001514
0002735
0001629
-002678
-004599
-004192
-003319
-002154
-000815
0000116
0000407
-000641
-004599
-007510
-002562
0005180
0005762
0000756
-003435
-005822
-006811
-006287
-004541
-003144
-004599
-006928
-005298
-002271
-003319
-006637
-007626
-005996
-002795
0000989
0004074
0005122
0003550
0000232
-003377
-005065
-001921
0002561
0000640
-003726
-000641
0005006
0002037
-004774
-003377
0001397
-002795
-009140
-002853
0008498
0008964
0001106
-006113
-010129
-009896
-006695
-004716
-003959
-002504
-001456
-002562
-004308
-003610
-001689
-001223
-001980
-002445
-002271
-000990
0000465
0000058
-001107
-000524
0000582
-000524
-002620
-003086
-002271
-001689
-001281
-000466
-000059
-002038
-003901
-000932
0003201
0000698
-004250
-001339
0004482
0002270
-003726
-003377
0001280
0004365
0004365
0000174
-004599
-002853
0002037
0002444
-000350
-001456
-001107
-000583
0000058
0000523
0001222
0003318
0004889
0002677
-001048
-001514
0000232
0000873
0000291
-000815
-001863
-002271
-002038
-001747
-001339
-000757
0000116
0001862
0003376
0002153
0001106
0006170
0012689
0011467
0005646
0003376
0004307
0004889
0005937
0009255
0012631
0012631
0009837
0006868
0004424
0002910
0002444
0002503
0003259
0005064
0006868
0007451
0006636
0004715
0003434
0005762
0009430
0009663
0007392
0005588
0004947
0006112
0006636
0001106
-005065
-001048
0007334
0006985
0001629
0002037
0005180
0003201
-000641
0000873
0005297
0006752
0005471
0003550
0002153
0003434
0005413
0003667
0001047
0003609
0008848
0011234
0010477
0008033
0004947
0002212
0001397
0003958
0007276
0006810
0003900
0002212
0002503
0005355
0008615
0008673
0006519
0005762
0005297
0001571
-001747
0002212
0008848
0008382
0003259
0000174
0000349
0003667
0008498
0012107
0012864
0009488
0005064
0005355
0008091
0006927
0003958
0004365
0006286
0005006
0002153
0001688
0002677
0001979
0001164
0003376
0006461
0006112
0003434
0001629
0001106
0001106
0001688
0002852
0003667
0002677
0000523
-001281
-002096
-001339
-000233
-001514
-004017
-005705
-005589
-002969
0000640
0002735
0002619
0000582
-002329
-004308
-005007
-004890
-004541
-005007
-006229
-007859
-009140
-009605
-007859
-001223
0005064
0001746
-005763
-004832
0000756
0001047
-002271
-003493
-003610
-005123
-007568
-010187
-011876
-011643
-009372
-005531
-002213
-002329
-004308
-003435
-001747
-003901
-008092
-010246
-010362
-009605
-008616
-008499
-008499
-006171
-004483
-010013
-016125
-009489
0002037
0000640
-007510
-006229
-000117
-000524
-006229
-013273
-017813
-015019
-008325
-006113
-007277
-007044
-006229
-006869
-008266
-008732
-008674
-009314
-009838
-008732
-006928
-005589
-005647
-008092
-010711
-009372
-006113
-005822
-007801
-009547
-010537
-010653
-010129
-009431
-008732
-008208
-007975
-008383
-009023
-009314
-009023
-007568
-006637
-009372
-013156
-012050
-008907
-010770
-014320
-012225
-007160
-005589
-006462
-005938
-005298
-007451
-010478
-010595
-009372
-010944
-013738
-014495
-013098
-010013
-007335
-008034
-010595
-011468
-010362
-008441
-006287
-004599
-004599
-007917
-012283
-013913
-012923
-011119
-009780
-010828
-012516
-010944
-008150
-008732
-011584
-013680
-014437
-014204
-012749
-009780
-007160
-007743
-010420
-012574
-013098
-011177
-008150
-006229
-006171
-008266
-010653
-009896
-007277
-006404
-007160
-008266
-009372
-009955
-009838
-009198
-007743
-004716
-002038
-002853
-005647
-006113
-005763
-008965
-012632
-011119
-007102
-007277
-009372
-007277
-004133
-006695
-011468
-010246
-005938
-006345
-008558
-005589
-000292
0001571
-000350
-004948
-009431
-009140
-006287
-006637
-008499
-007335
-004832
-004716
-005763
-004890
-003144
-003260
-003959
-001689
0000407
-004017
-009780
-006520
0001280
0003143
0000174
-002620
-004890
-008092
-008790
-001572
0007451
0006286
-000524
-000874
0002037
-000757
-005880
-005356
-001921
-002213
-004716
-005531
-004366
-001398
0001455
0001164
-000641
0000465
0002677
0002037
-000175
-001165
-000757
0000582
0001862
0001338
-000292
-000874
-000815
-001281
-001921
-001980
-001339
0000000
0001571
0002619
0003201
0003900
0004482
0004598
0004191
0002968
0001804
0001513
0002037
0002561
0003026
0003725
0004656
0006053
0007334
0007800
0007218
0005355
0003143
0001164
0001164
0005937
0011060
0008615
0002561
0002328
0005995
0007101
0006636
0007858
0009837
0010652
0010128
0008498
0006403
0004947
0004132
0003026
0002677
0004947
0008498
0010943
0011700
0011176
0009604
0007858
0006519
0006053
0006752
0008615
0010827
0012631
0012398
0007858
0002968
0005006
0010594
0011875
0009663
0008033
0007392
0007683
0008557
0009255
0009721
0010885
0011409
0008906
0006228
0008731
0013097
0012049
0007683
0005588
0005762
0006286
0006577
0005413
0003958
0004831
0007043
0007974
0008207
0009779
0011700
0012748
0012515
0010827
0009313
0011001
0013563
0011933
0008091
0006752
0007334
0007043
0006985
0009779
0012864
0011409
0008149
0009197
0012515
0013039
0010885
0007451
0004656
0005413
0008265
0009313
0008731
0008265
0007858
0007334
0007218
0008440
0009721
0008498
0005995
0005471
0005995
0004773
0002910
0002386
0003259
0005006
0006577
0006461
0005413
0005413
0006170
0006461
0006344
0005879
0005704
0007101
0008324
0006286
0003026
0002910
0004773
0004889
0004424
0006985
0009721
0007276
0002910
0004191
0007974
0006636
0002386
0001047
0001397
-000932
-002795
0002328
0009313
0007101
0001746
0008033
0016822
0007509
-007510
-001223
0014552
0011467
-001339
-000408
0008382
0008906
0003783
0000989
0000523
0000407
0000814
0002037
0003085
0002153
0000814
0002095
0004424
0004365
0002212
-000932
-002911
-000815
0003434
0005355
0004773
0003376
0001455
-001165
-003027
-002329
-000292
-000059
-000815
-000408
0000465
0000058
-000874
-000815
0000174
0002095
0003550
0002503
0000232
-000059
0000407
-001689
-004192
-002795
0000407
0000640
-000408
0002037
0005238
0003609
-000524
-001456
-000815
-003202
-006345
-005705
-002213
0001338
0004191
0006403
0007043
0005588
0002910
0000582
-000117
0002153
0005064
0004424
0001513
-000233
-000117
0001804
0004191
0004540
0003550
0003550
0003609
0001629
-000699
-000117
0001804
0001106
-001048
-001805
-001165
0000000
0000814
-000408
-002096
-000641
0001862
0000873
-001572
-000466
0002037
0000349
-002387
0000698
0005821
0005064
0000640
-002038
-001514
0003434
0008673
0006810
0001047
-000117
0001397
-000466
-003144
-001281
0002735
0003609
0002386
0002968
0004016
0002386
0000232
0002444
0005937
0004365
0000116
-000757
0000465
-000757
-002329
0000465
0004831
0005180
0002677
0001280
0001222
0002095
0002852
0001338
-000583
0000989
0004016
0004016
0002095
0001164
0001688
0003900
0005646
0002794
-001514
-000990
0002794
0005122
0005238
0003376
0000873
0000523
0001513
0001280
0000174
-000757
-000815
0001047
0003900
0005995
0006461
0004773
0002328
0002037
0003026
0002561
0001862
0003958
0006461
0004482
0000989
0002153
0005646
0005995
0003783
0001222
-000233
0001746
0004074
0000291
-005472
-004425
0000640
0002270
0001338
0001164
0001979
0003609
0005064
0004715
0002968
0000989
-000408
-000583
0000349
0001338
0002619
0005588
0006810
-000408
-009023
-006054
0003958
0009080
0008964
0006985
0004307
0002561
0002619
0005064
0008091
0008440
0006694
0005006
0003376
0000291
-001921
0000698
0004889
0003550
-000117
0001513
0005762
0006053
0004249
0005937
0007974
0003492
-003144
-003086
0001280
0002735
0001804
0001338
0000989
-000408
-001456
-000175
0002444
0004482
0004715
0001455
-002445
-001863
0000814
-000932
-004075
-001281
0003143
-000117
-006345
-004948
0000582
0000989
-001747
-001863
-000292
0000116
0000232
0002386
0004947
0005297
0003841
0002328
0000989
-000408
-001747
-003027
-003901
-003959
-002678
0001280
0005006
0003085
-000466
0003259
0010012
0010536
0006112
0001571
-001630
-002387
-001572
-001514
-001980
-001398
-000583
-001107
-001689
-000117
0003026
0006170
0007742
0006403
0003201
0000407
-000990
-000641
0000640
0001047
-000233
-004716
-008616
-005414
0000523
-000932
-005763
-004017
0000989
0001164
-001689
-002445
-001514
-000117
0000349
-005414
-005880
0024332
0032752
0019791
-032752
-032752
-032752
-010828
0032752
0029163
-015892
-020025
0002037
0003085
-009140
-012167
-007277
-000524
0004132
0001746
-005705
-013331
-016474
-009722
0001397
0005704
0003376
-000408
-004599
-008849
-011410
-011410
-008790
-004017
0000523
0001513
-000350
-002096
-003260
-004133
-004366
-003842
-003377
-004308
-006287
-008558
-009955
-009256
-006928
-004366
-002620
-002271
-003319
-005123
-006986
-008325
-008499
-006753
-005065
-007102
-010187
-008383
-004075
-003086
-004425
-004716
-004366
-005007
-005822
-004832
-003493
-004774
-007160
-007568
-006287
-004774
-003726
-003901
-004832
-004832
-004948
-007335
-009896
-008907
-005647
-003377
-002911
-004599
-007160
-008325
-007451
-004366
-001863
-004890
-010071
-009780
-005880
-004133
-003959
-002678
-001630
-002678
-005589
-010013
-013214
-011817
-007743
-005647
-005763
-007568
-008849
-005414
-000932
-002736
-007859
-009023
-007801
-009547
-011817
-009664
-005472
-004250
-006113
-009605
-012749
-012749
-010246
-007801
-006171
-005996
-006404
-005065
-003435
-004541
-007277
-009314
-009838
-008558
-006054
-003377
-001514
-000757
-001514
-004075
-006520
-005880
-003086
-000583
0000640
0000291
-000932
-001339
-001107
-001107
-001456
-001921
-002911
-005181
-006869
-004308
-000583
-002038
-006054
-006229
-003784
-002271
-002329
-004192
-006171
-005298
-002853
-002154
-002678
-002154
-001630
-003144
-005472
-006054
-004774
-002096
0000000
-001572
-004541
-003901
-001281
-000874
-002213
-003027
-003319
-003260
-003027
-003319
-003726
-003842
-003551
-002969
-002387
-002213
-002271
-002387
-002213
-001456
-000233
0001688
0002735
0000465
-003202
-004250
-003319
-003260
-003027
-000466
0002794
0003725
0002794
0002212
0001629
-000699
-002387
0000582
0005122
0005006
0002095
0001862
0003201
0002794
0001688
0001746
0003376
0007567
0010186
0003143
-005472
0000407
0012806
0013388
0006170
0003376
0004424
0005355
0005238
0002386
-000757
0000465
0003958
0004715
0003492
0003667
0004365
0003201
0002212
0005646
0009837
0007742
0002503
0001222
0003725
0007800
0010943
0009779
0005588
0001688
0000058
0002794
0007276
0008033
0006053
0004656
0004191
0004191
0004598
0005006
0005355
0006694
0006112
-002620
-011410
-005763
0007974
0014261
0014785
0016415
0021596
0032752
0032752
0010943
-032752
-028815
0011700
0024797
0015076
0008324
0005413
0004540
0004715
0001280
-001805
0003492
0011351
0010070
0003026
-000350
0000407
0002852
0006344
0010594
0012457
0007742
0000582
-000874
0001862
0003085
0002968
0003259
0004132
0005821
0007800
0009197
0009488
0008557
0007159
0006461
0006286
0006053
0005879
0005937
0006286
0007043
0007625
0007276
0006519
0006810
0007392
0006053
0004598
0006636
0010186
0011351
0010128
0007625
0005530
0006577
0008731
0006927
0003958
0005995
0009663
0007800
0002735
0000465
0000349
-000583
-001921
-003027
-002620
0001571
0006053
0004249
-000233
0001571
0006053
0004947
0000582
-001165
-000408
0000931
0002037
0001455
0000640
0003026
0006461
0006519
0004016
0001513
0000407
0002444
0005122
0003201
-000233
0001571
0006228
0007858
0006577
0004773
0002503
-000757
-003144
-001747
0001746
0003783
0004191
0004365
0004307
0003783
0003725
0005879
0007683
0004307
-000990
-001165
0001397
-000117
-002853
-000408
0004365
0005238
0003318
0002212
0001862
0000814
0000349
0003201
0005821
0001222
-005356
-003027
0003783
0004249
0000814
0001397
0003900
0003026
0000349
-000583
0000407
0002503
0004540
0004889
0003318
0000349
-002853
-004483
-004599
-004541
-003610
0000174
0003434
0000640
-004948
-006113
-003435
-000233
0001804
0001222
-001456
-004483
-006171
-004192
-001223
-002678
-006054
-005647
-002504
0000232
0001047
-001339
-005065
-006287
-005123
-003319
-001863
-001980
-002853
-001921
-000874
-003144
-006753
-007626
-005996
-003901
-001805
0000349
0001106
-001339
-004948
-005880
-004657
-003959
-003551
-003260
-001980
0002794
0006519
0001746
-008034
-015776
-017115
-008034
0004598
0008149
0003783
-000524
-004308
-008732
-012399
-014902
-015077
-011352
-007393
-010420
-014495
-007102
0004947
0007218
0002270
-000059
-001514
-007510
-014553
-016940
-014961
-012108
-008266
-002329
0003609
0008149
0008440
0001222
-008616
-011876
-010653
-012690
-014961
-010420
-003319
-002096
-004250
-002213
0001280
0000523
-003784
-008965
-013855
-018162
-020025
-018162
-013331
-007568
-003144
-002154
-003959
-005181
-006520
-010246
-013971
-013331
-011002
-013331
-016358
-011410
-002853
-000408
-002504
-002853
-002736
-005356
-009314
-012516
-013680
-012283
-008849
-004483
-000815
0000349
-000175
-000408
0000000
0001746
0001513
-007393
-017638
-015485
-006520
-005705
-008208
-000466
0009488
0005704
-004541
-003610
0002968
0000873
-005938
-007626
-004948
-001107
0000640
-003842
-011817
-018512
-019385
-007917
0005180
-000815
-014088
-005880
0009779
-000175
-019443
-011584
0009546
0010652
-001398
-005822
-002911
0002561
0005995
-000466
-010944
-013389
-009722
-008266
-008034
-005647
-002213
0000582
0001629
-000117
-003027
-003377
-002969
-006578
-010944
-010420
-005123
0003201
0010012
0009663
0004016
-001048
-003726
-003551
-001689
-001689
-003086
-004308
-005065
-005531
-005472
-005065
-003784
-000408
0002968
0003085
0000349
-003435
-006287
-006287
-003784
-000233
0002270
0001280
-001456
-001630
-000175
-000175
-000583
0001106
0003201
0002794
0000349
-002213
-004192
-005472
-005298
-003027
0000000
0001629
0001571
0000989
0000174
-000641
-000641
0001397
0003318
0001513
-002562
-005239
-005938
-005414
-004075
-002736
-001572
0000058
0001397
0001804
0001047
-001165
-003027
-001572
0001047
-000408
-002795
0000989
0006170
0002212
-005007
-002445
0004889
0004598
0000174
0001455
0004831
0001164
-004599
-001572
0005413
0005238
0000814
0000407
0002153
0000232
-002213
0001222
0006752
0006752
0002968
0001164
0000873
-000059
-001048
-001048
-000292
0001106
0001804
0000058
-002678
-003493
-002329
0000000
0001862
0000756
-001339
-000292
0002677
0004831
0004482
-000524
-006171
-004948
-000117
0000349
-002213
-003027
-002504
-002678
-002620
-000524
0001804
0001280
-001281
-002969
-003901
-005414
-005822
-002271
0003201
0006810
0007742
0006344
0004482
0005588
0008789
0012282
0013330
0008207
0000640
-001805
-000932
-003144
-006287
-005996
-002911
0000523
0003725
0007218
0008673
0004715
-000874
-000292
0003609
0003376
0000698
0000058
0001106
0002386
0003201
0002328
0001047
0002212
0004249
0003376
0001164
0000989
0002212
0002619
0002328
0001688
0001513
0002968
0005238
0006577
0006519
0004947
0002444
-000117
-002096
-003842
-004075
-001165
0002503
0002444
0000116
-000641
0000232
0001746
0003318
0003667
0003492
0005180
0005995
0000523
-006113
-004308
0002910
0007509
0008848
0009255
0007625
0001920
-003493
-001689
0004540
0008324
0008906
0007742
0005937
0005879
0006577
0005122
0002852
0002561
0003434
0002852
0002153
0004540
0007159
0004365
-000583
-000524
0002677
0004132
0003725
0002444
0001338
0002270
0003667
0001979
-001048
-001630
-000641
-000583
-001165
-000932
-000175
0000523
0001513
0004016
0005995
0004074
0000523
0000058
0002037
0003958
0004715
0002968
0000058
-001339
-001514
-002562
-003086
-000466
0003318
0004191
0002677
0001047
-000466
-002329
-003260
-001514
0001513
0002968
0002794
0002328
0001280
-001048
-003144
-002853
-000990
0000407
0000873
-000117
-000583
0003725
0008265
0004831
-003551
-009605
-011526
-009489
-005007
-001630
0000000
0000756
0000291
-001689
-004250
-006462
-006811
-003610
0001047
0003143
0002503
0000756
-000874
0000000
0001280
-002038
-006345
-005007
0000407
0005238
0007509
0005355
0001164
0000291
0001106
-001048
-004250
-004425
-002504
-000874
0000058
0000698
0000640
-000292
-001165
-000350
0001106
0001106
0000058
-000175
-000466
-002795
-005472
-005356
-003842
-004017
-005531
-007684
-008499
-004366
0000232
-003668
-010595
-008383
-001863
-002969
-007859
-007044
-001921
0002677
0005646
0007334
0006694
0002328
-001805
0000407
0006868
0012340
0013504
0007625
-001630
-007801
-007510
0001979
0012689
0010303
-000117
-005181
-004657
-002504
0000407
0002270
0003376
0005821
0007509
0005297
0000873
-002154
-002620
-000175
0003900
0007334
0008091
0004132
-001107
-000757
0002328
0000698
-002853
-001689
0001920
0002328
0000407
-000932
-000874
0001280
0003318
0000989
-003260
-004541
-002504
0002153
0006694
0007276
0004947
0003958
0003900
0002619
0001920
0004889
0008498
0007334
0002677
-001572
-003784
-002504
0000349
0000523
-000815
0000116
0002095
0002095
0001280
0002386
0004249
0004191
0003259
0003667
0005122
0006810
0007683
0006577
0004715
0004482
0005180
0004424
0003143
0003318
0003550
0000465
-003493
-003901
-001048
0003609
0007334
0006636
0002910
0000058
-000757
0000465
0002735
0003783
0003609
0002968
0002386
0002968
0003259
0000232
-003027
-001048
0004016
0007451
0007800
0004773
0000523
-000990
0000116
0001455
0003259
0006810
0009430
0007159
0001804
-002911
-004541
-001339
0004598
0008964
0010769
0010710
0009430
0009488
0008789
0002212
-004948
-003086
0003725
0005704
0003725
0002968
0003143
0002852
0003201
0006519
0009721
0007218
0001804
-000466
0000349
0001280
0003318
0009313
0014028
0008557
-000874
-000990
0004831
0005879
0004540
0007567
0011991
0011933
0008789
0006868
0006461
0006810
0007334
0006810
0005471
0003841
0002619
0002328
0003434
0006344
0008964
0008033
0004424
0000814
-001165
0000232
0003434
0004365
0004889
0009837
0014960
0013388
0006461
-002387
-006753
0003026
0016240
0010827
-003027
-000524
0010769
0011234
0004307
0000232
0000058
0002910
0006810
0007916
0006810
0006403
0006694
0007392
0007916
0007218
0005879
0005646
0005762
0004249
0002852
0005530
0009255
0008149
0004191
0002503
0003667
0007334
0010827
0009313
0005471
0005704
0007858
0006170
0003026
0003900
0006694
0006636
0004365
0001979
0000698
0001164
0003550
0007858
0011118
0008848
0003841
0002153
0003841
0007159
0009604
0006636
0002503
0005995
0012806
0012922
0008557
0006228
0006170
0006927
0007625
0006868
0004715
0001862
-000175
0000814
0003492
0004540
0004889
0007742
0010827
0009546
0006053
0005588
0005821
0000698
-004774
-000932
0006694
0005297
-000641
0000291
0004889
0004773
0001746
0001164
0002386
0002794
0002910
0004132
0004715
0001164
-003435
-003726
-000408
0003376
0005762
0004773
0001106
-003260
-005880
-003610
0001280
0003958
0003900
0002095
0000291
0001338
0003841
0004424
0003376
0002153
0000989
0000291
-000175
-001048
-002038
-003377
-003610
-000233
0004016
0003783
0000931
0000407
0001164
-000350
-002154
-000175
0002910
0001280
-002445
-001572
0001106
-001281
-005414
-003959
0000000
-000408
-003726
-005298
-004774
-002387
0000000
-000466
-003086
-005531
-006637
-005065
-002853
-004541
-007044
-003377
0001804
-001514
-008150
-006171
0000000
-000815
-005589
-006287
-004599
-005589
-007626
-006811
-004657
-004483
-005531
-005181
-004716
-007335
-010304
-008849
-004599
-001805
-000990
-001165
-002387
-004948
-007044
-006054
-003668
-004250
-006345
-005822
-004425
-006054
-008732
-008732
-006345
-003377
-001456
-002795
-006171
-008208
-009081
-010304
-011235
-011002
-009605
-007393
-005298
-004133
-004483
-006229
-008499
-010362
-010711
-008732
-005531
-003144
-002736
-005414
-008790
-008499
-006520
-008150
-011177
-010246
-007451
-007859
-009896
-009431
-007626
-007393
-008325
-009023
-009431
-009431
-009431
-010478
-010886
-006986
-002445
-004541
-009314
-007568
-003202
-005647
-011468
-013331
-011177
-007277
-004250
-006811
-011235
-009314
-004483
-005181
-008674
-007743
-004948
-006695
-010246
-009489
-006928
-009140
-012923
-011410
-007393
-007510
-009489
-007219
-003086
-002445
-003959
-003668
-002504
-002736
-004483
-007335
-010187
-011643
-011992
-013214
-013622
-009838
-005414
-006637
-010711
-010129
-007626
-009664
-014262
-016765
-017580
-018861
-019967
-020549
-018744
-011410
-003377
-002853
-007160
-008732
-007568
-005647
-004017
-003668
-005123
-008790
-011817
-008849
-004832
-010013
-019152
-020433
-016882
-017697
-019909
-015892
-009547
-009198
-011759
-009023
-004308
-005007
-008499
-008092
-006113
-009081
-013214
-010828
-005531
-005239
-008441
-010537
-011235
-011643
-011061
-008441
-005181
-003435
-003377
-003901
-005298
-008674
-011235
-008441
-003086
-000874
-002096
-004948
-007510
-006287
-003901
-006578
-010711
-008383
-003435
-004192
-008790
-011701
-011468
-006928
-001689
-002213
-006229
-006811
-005414
-006637
-009023
-010013
-008849
-004599
-000990
-004832
-010129
-004250
0005937
0005646
-001921
-007451
-009314
-007743
-004192
-002213
-001165
0001513
0004773
0006927
0007509
0006636
0005238
0004889
0005646
0006577
0007974
0010710
0012922
0011758
0008731
0007567
0007683
0006868
0005297
0003259
0001862
0002386
0004132
0005355
0005704
0005297
0004307
0002968
0002561
0005122
0008557
0008964
0006985
0005238
0004191
0003900
0004074
0003609
0003550
0006170
0008964
0007101
0003085
0002561
0004016
0002677
0000407
0001222
0003958
0005471
0006228
0008207
0010070
0009604
0008091
0008207
0009604
0010943
0011467
0010943
0009022
0005238
0002095
0003259
0007043
0009197
0009430
0009139
0008382
0007742
0006694
0003725
0000989
0002328
0006053
0008033
0008207
0007800
0007101
0006112
0005704
0007276
0008906
0007159
0004249
0004947
0008207
0011409
0012573
0009022
0004598
0007159
0012049
0008789
0001571
0000058
0002910
0005006
0005937
0005995
0005937
0007858
0010477
0010827
0010128
0011642
0013446
0011875
0008673
0007800
0009371
0013155
0015600
0010477
0003143
0004889
0011176
0010477
0005588
0004191
0006228
0009895
0012864
0011351
0007625
0006927
0008498
0009255
0009197
0008906
0008848
0009954
0011234
0010885
0010070
0012049
0014378
0012689
0008731
0006694
0006519
0006810
0006868
0005180
0003434
0004656
0007276
0007742
0006344
0004598
0003667
0004947
0007276
0008382
0007625
0004773
0001629
0001106
0002677
0003900
0004773
0006112
0007101
0006286
0004773
0004773
0006112
0007509
0008731
0009895
0010245
0009255
0007334
0004656
0003434
0007451
0012631
0010128
0004773
0007916
0014261
0011118
0003550
0003900
0007858
0004773
-001572
-002562
0000756
0004307
0006403
0005530
0002561
-000175
-001339
0000116
0002677
0002968
0001979
0002328
0003667
0004598
0004773
0003376
0002212
0004598
0007858
0006286
0002735
0003841
0007742
0009721
0009080
0005995
0002444
0001804
0002852
0001862
-000292
-001281
-001514
-002562
-003435
-002853
-000466
0003841
0007392
0006112
0001804
-000757
-001339
-001514
-001398
-001398
-001456
-001107
-000292
0001222
0002037
-000292
-003027
-000932
0002968
0002270
-001572
-003901
-004075
-002329
-000059
-000292
-001689
-000757
0000814
-000583
-003202
-003319
-001572
0000000
0000523
-001281
-003435
-002096
0000931
0001746
0000058
-003319
-006113
-004890
-001223
0000814
0000931
-000059
-001281
-001107
-001048
-005123
-009664
-007626
-002154
-000524
-001980
-002795
-003202
-004308
-005065
-003668
-001980
-003551
-006637
-007335
-005763
-003144
-000990
-001572
-003784
-004890
-004599
-003435
-002445
-003493
-005472
-005880
-005414
-005996
-007335
-009256
-009722
-005356
0000291
0000989
-002271
-004948
-006287
-006753
-005763
-002504
0000232
-001863
-006404
-007626
-006753
-008266
-010246
-008790
-005589
-004425
-004948
-005065
-004890
-005123
-005239
-004599
-003319
-001630
-000757
-002445
-005298
-005996
-005880
-008732
-011876
-010420
-006171
-003959
-003377
-001980
-001339
-004366
-008616
-009547
-007975
-007102
-006811
-005880
-004948
-004599
-005065
-006520
-007684
-006287
-004017
-005065
-006753
-003027
0002503
0002386
-001107
-002620
-001048
0004074
0008906
0006985
0001397
-000292
0001222
0003201
0003318
-002387
-008150
-002504
0007334
0006053
-001572
-003144
0000116
0002444
0003434
0004016
0003143
-001223
-005007
-000757
0006403
0004889
-000583
0001746
0007858
0007742
0004016
0004365
0006461
0004598
0000349
-002911
-004716
-006404
-006811
-004483
-001165
0000174
-000059
0000407
0001222
0001571
0001455
0001106
0000465
-000699
-001514
-000583
0001338
-001223
0001629
0032752
0032752
0013912
-032752
-032752
-032424
0014785
0032752
0026602
-012225
-008558
0017637
0011700
-011352
-014320
-001456
0011001
0017987
0015716
0006403
-003726
-009198
-004599
0005646
0012049
0012515
0008091
0001397
-002678
-003202
-001107
0002503
0006112
0007800
0005413
0001455
0000873
0002910
0004424
0004947
0004831
0003725
0001513
-000292
0001164
0003783
0003085
0000698
0000814
0002852
0005238
0006519
0005006
0002270
0001688
0002328
0001571
-000466
-003319
-004832
-001514
0003376
0003201
-000233
-001223
-000583
-001281
-001921
0000000
0003550
0007159
0008906
0006577
0002386
0001047
0002037
0002561
0002212
0000640
-001339
-002271
-001921
-000757
0000174
-000932
-002853
-002911
-001863
-002445
-003144
-001107
0001746
0001106
-001514
-002445
-001805
-000874
0000582
0003725
0005937
0002735
-002387
-001514
0002212
0001280
-002504
-004425
-004017
-002096
0000640
0003492
0004424
0000349
-004774
-003086
0002212
0003376
0000814
-002911
-004948
0000349
0006053
-002329
-014379
-008208
0006752
0008324
0000640
-002678
-001921
-000408
0000640
-000815
-003784
-005589
-006113
-006287
-005880
-004541
-003144
-002736
-003959
-007393
-011119
-012516
-011119
-006869
-002853
-004308
-008092
-006753
-003202
-005007
-008965
-008383
-004832
-002562
-002795
-006578
-010187
-006520
0000116
0000174
-003901
-005007
-003493
-001863
-000757
-000583
-001805
-004657
-007451
-007626
-005472
-001805
0000349
-003377
-009431
-010071
-007277
-007510
-009081
-007626
-005531
-007684
-011701
-012516
-010071
-005181
-001398
-004774
-010828
-009664
-004366
-002795
-004599
-006695
-008732
-010711
-011119
-007684
-002911
-001398
-003027
-005763
-007684
-005880
-002562
-002445
-004716
-005938
-006520
-008325
-009722
-007975
-004657
-003610
-003901
-001863
-000350
-004657
-010770
-010537
-006229
-004133
-004716
-006811
-008849
-007859
-005705
-006928
-009256
-007393
-004017
-005007
-008150
-007684
-005647
-007859
-010886
-007743
-002038
-001281
-004308
-007102
-008208
-006520
-003260
-001165
-000990
-002795
-005065
-005123
-003668
-002736
-002853
-004541
-006578
-006345
-005531
-008150
-011352
-008790
-003959
-004366
-007393
-005531
-002038
-004483
-009664
-009896
-007743
-009547
-014088
-019268
-020549
-011119
0001862
0003143
0000814
0014960
0032752
0032752
0017754
-017638
-032752
-031260
0006577
0013912
-000292
-002678
0001920
-001630
-008674
-009955
-006345
-001747
0001862
0001979
0000174
0000349
0002037
0003201
0003783
0004365
0004540
0004191
0003026
0000523
-001921
-002329
-000874
0001629
0003550
0002444
0000523
0002735
0006519
0006286
0003318
0000814
0000174
0003143
0006344
0002968
-002445
-000117
0005995
0005937
0002328
0002968
0005297
0002619
-001048
0002561
0009430
0010419
0007392
0006810
0007334
0005122
0001629
-000524
-000408
0002328
0005879
0007567
0006810
0004016
0001338
0001862
0005297
0010186
0013679
0011525
0006577
0004947
0006112
0007159
0007683
0007567
0006752
0005704
0005006
0005238
0006344
0008615
0009779
0005588
0000698
0004598
0012282
0012631
0007916
0005704
0005646
0005413
0005355
0005879
0006752
0007858
0008324
0006752
0004773
0005588
0007916
0008557
0007858
0007334
0006752
0005064
0003259
0002852
0004132
0007159
0010012
0009488
0007392
0008091
0010536
0012049
0012049
0010769
0008149
0004365
0001280
0001106
0003609
0007101
0010245
0011933
0011467
0009022
0005762
0003143
0002444
0004947
0008673
0010128
0009721
0009954
0010245
0009371
0007974
0007218
0007101
0006985
0006985
0007218
0007567
0007800
0007916
0008149
0008440
0008324
0008615
0011642
0013737
0008033
-000233
-000583
0004016
0004598
0002619
0003143
0004773
0004191
0002386
0001164
0001338
0003143
0005879
0008324
0009546
0008731
0006577
0004307
0003201
0004656
0007276
0008207
0007159
0004249
0001746
0003783
0006577
0001513
-005239
-000524
0009080
0009313
0003201
0000058
0000349
0002328
0004365
0004249
0000698
-008965
-016125
-005181
0010652
0002852
-013913
-004657
0014436
0005122
-015426
-007917
0014319
0017870
0008673
0005995
0008731
0011875
0012515
0006112
-002504
-003784
-000059
0000698
-000350
0000465
0002561
0004715
0005762
0004424
0001688
-000408
-001223
-000990
0000407
0002677
0004773
0005646
0004074
-001165
-006869
-007684
-004657
-001456
-000233
-003377
-008034
-007859
-005007
-005414
-006811
-003493
0001047
-000059
-004250
-005298
-003842
-002969
-003202
-005065
-006869
-005763
-003027
-001805
-001805
-001339
-001398
-004017
-006928
-005880
-002911
-002504
-004366
-006520
-007568
-006171
-003027
-000117
0001513
0001106
-000990
-003726
-005763
-005647
-004075
-003493
-003668
-003551
-003842
-006637
-008965
-004774
0000814
-002911
-010129
-008325
-001107
0001920
0000814
-001281
-003842
-006637
-008092
-006986
-004133
-001456
-000524
-003319
-007393
-007917
-005414
-002562
-000757
-001339
-003726
-006113
-007451
-006462
-004308
-003610
-003726
-002387
-000641
-000466
-001572
-002387
-003377
-005647
-008266
-009722
-009489
-007044
-004250
-004425
-006404
-007451
-006811
-003551
-000117
-000408
-003668
-006695
-008790
-009896
-009780
-008907
-007568
-006171
-004716
-002911
-001223
0000291
0000465
-002504
-006345
-007102
-005647
-005065
-004832
-003551
-001456
0000931
0002561
0002386
0000756
-001223
-002736
-002969
-002213
-001572
-001456
-002096
-002969
-003435
-002387
0002270
0007218
0006752
0002968
0001513
0001688
0000698
-000932
-001921
-002271
-002213
-001980
-002213
-002911
-003842
-004425
-003377
-001863
-002387
-003260
-000524
0003434
0003958
0001804
-000408
-001630
-000932
0000640
0000291
-000583
0001571
0004365
0003201
-000233
-001630
-001223
-000815
-000117
0001688
0004016
0006170
0007101
0005122
0002328
0002619
