0009546
0009488
0006927
0003609
0001338
0002735
0005646
0005471
0003609
0003783
0005413
0007101
0007451
0004249
0000582
0002794
0007567
0007567
0004656
0004016
0005879
0009371
0012515
0012224
0009139
0005704
0003376
0003492
0004249
0001338
-002445
-001048
0003259
0004947
0004016
0001979
0000291
0001280
0004307
0007567
0009255
0007451
0003434
0000116
-001398
-000350
0001688
0001455
-000583
-002445
-003959
-005763
-006695
-005472
-002795
-000292
0000873
-000233
-002853
-005065
-006229
-005996
-006113
-010828
-015950
-013564
-007277
-005589
-007626
-008965
-009547
-009605
-009489
-010187
-011119
-011177
-010828
-010944
-011352
-011759
-011643
-010246
-008965
-011293
-013622
-008907
-001689
-001281
-005996
-010013
-012749
-015543
-016241
-011584
-005938
-007102
-012458
-015019
-014495
-012982
-011352
-011177
-012341
-014029
-015252
-014611
-013505
-015310
-017638
-016125
-011876
-007859
-006054
-008499
-013156
-015485
-015659
-016125
-016009
-013447
-010362
-010071
-011468
-011352
-010362
-010304
-011002
-011759
-011992
-010828
-009314
-009256
-010304
-011410
-011468
-008499
-005938
-010187
-016940
-016882
-012458
-011235
-011352
-006462
-001980
-007743
-017988
-020433
-016765
-014146
-012167
-008325
-004599
-003202
-004657
-008266
-012167
-013796
-012749
-009722
-006578
-005763
-007626
-011643
-014902
-013156
-008266
-004716
-003144
-002678
-002911
-002562
-002329
-003784
-006054
-007917
-008150
-005298
-001747
-001805
-004133
-005239
-004832
-003144
-001048
-000059
0000465
0002270
0003900
0002852
-000350
-003959
-006869
-008674
-008092
-004250
0000698
0003318
0002852
-000408
-003726
-002329
0001164
0000000
-002620
0001571
0007392
0003958
-003260
-002329
0003492
0005238
0003667
0002503
0001513
-000466
-001689
0001164
0004773
0002212
-002678
-001281
0003609
0004482
0003085
0004889
0007509
0005937
0002503
0003026
0005471
0004947
0003026
0003259
0005355
0008265
0010245
0008615
0005588
0006112
0008557
0008731
0007159
0005704
0005238
0006985
0009022
0007451
0004889
0006752
0010769
0011875
0010303
0007567
0005588
0007276
0010361
0010128
0007683
0006228
0005995
0005937
0006636
0009197
0012049
0012689
0011292
0009371
0007567
0005937
0005821
0009022
0013213
0014319
0012398
0008789
0006228
0008964
0014028
0014785
0012806
0013795
0015193
0011176
0005937
0007567
0013213
0015775
0014785
0011351
0008149
0009313
0013272
0015775
0015309
0009954
0004773
0009371
0017928
0017812
0011875
0009255
0008848
0005995
0003259
0005471
0010186
0012224
0011933
0011933
0012166
0012282
0012573
0013854
0014669
0012166
0008673
0008848
0011176
0011292
0010070
0009488
0010186
0013272
0016299
0015425
0012107
0010361
0009837
0008615
0007218
0005995
0005879
0007974
0010594
0010186
0008789
0010769
0014087
0014203
0011991
0009954
0009255
0010594
0012981
0013737
0013504
0014669
0015600
0012748
0009022
0010419
0013970
0012573
0008673
0008149
0010186
0012107
0012573
0009663
0006694
0010419
0016240
0014669
0008440
0004715
0004656
0007800
0012224
0014843
0014494
0011118
0006752
0004773
0005297
0007159
0009080
0009139
0007742
0006694
0005995
0005471
0004831
0003318
0002037
0002852
0004715
0005122
0004598
0004889
0005297
0004598
0003667
0004540
0005995
0005704
0004365
0004424
0005006
0003725
0001804
0001862
0002910
0002677
0001804
0001804
0002444
0002910
0003259
0004016
0004016
0001455
-001689
-001514
0001047
0003667
0004831
0003318
0000582
-000175
0000465
0000174
-000175
0001106
0002677
0002037
0000116
-000524
0000116
0001513
0003026
0004249
0004016
0000756
-003551
-005531
-004832
-002329
0000640
0002153
0001571
-001514
-004657
-003901
-001339
-002620
-005531
-003959
-001398
-005414
-011177
-008790
-001921
0000232
-001514
-003144
-004483
-006171
-007160
-005938
-003610
-002154
-002329
-004541
-006986
-006171
-004133
-005705
-008441
-006462
-003260
-006637
-012225
-010013
-004425
-005938
-010711
-009198
-004366
-003610
-005414
-005123
-003959
-005123
-007393
-007975
-007801
-009140
-011468
-013389
-014379
-014379
-013447
-011643
-010595
-013331
-016532
-013622
-007626
-005007
-006171
-009372
-012923
-015019
-014146
-008558
-003377
-008092
-016649
-015892
-009372
-007393
-008616
-007626
-006113
-008150
-011468
-011876
-009547
-005705
-002911
-005123
-009780
-010711
-010071
-013796
-018104
-015776
-009896
-008150
-009140
-007684
-006287
-010886
-016067
-011119
-002969
-006811
-016707
-018570
-014670
-013389
-013505
-010478
-007684
-011759
-017813
-016009
-010129
-010071
-013389
-013214
-010886
-010246
-010420
-009256
-007626
-007277
-008208
-010013
-011701
-011992
-011410
-011410
-012225
-014029
-015252
-013156
-009722
-008790
-009780
-010362
-010362
-009896
-009140
-008441
-008092
-008266
-008732
-009023
-009198
-009140
-009198
-010129
-010711
-008616
-005822
-005996
-007743
-007335
-005531
-004890
-004948
-003959
-003901
-008790
-014088
-010828
-004250
-005822
-011643
-012225
-008441
-003901
-001339
-004716
-009722
-007393
-001689
-002445
-006695
-005996
-003319
-005938
-010653
-010770
-007510
-004657
-003842
-006753
-010478
-009489
-005647
-003610
-003726
-005007
-006404
-005822
-004832
-007451
-010653
-008616
-004192
-004425
-006986
-005996
-003086
-002445
-003435
-003901
-003377
-001630
0000582
0001746
0001979
0002095
0002095
0001688
0000873
-001048
-002271
0000291
0003318
-000757
-006229
-000932
0008324
0006403
-001514
-002562
0000931
0001397
-000466
-002271
-002853
-000583
0001862
-001398
-006171
-003726
0002386
0003667
0001629
0001688
0002503
0000465
-002445
-002678
-001165
-000815
-001514
-002096
-002329
-001863
-001223
-001689
-001572
0002852
0007742
0005704
-000117
-001980
-001048
-002038
-003027
-000350
0003725
0004540
0003201
0004191
0004773
-001165
-007277
-001339
0009488
0009430
0002503
0000523
0002270
0001571
0001397
0008789
0016299
0010128
-002154
-003493
0002561
0004249
0003550
0006694
0010303
0008091
0002852
0001338
0002852
0004249
0005297
0006810
0007334
0004831
0001164
-000408
0000523
0003259
0006286
0007800
0007392
0005238
0003609
0006403
0011292
0013504
0012340
0008265
0003783
0003143
0004715
0003318
0001979
0006985
0013679
0012515
0006694
0004540
0006053
0009080
0011991
0012689
0011467
0010477
0009546
0007509
0006053
0008207
0011176
0009313
0005821
0008265
0012515
0009313
0002619
0002153
0005530
0002852
0003667
0028989
0032752
0032752
-000815
-032752
-032752
-023343
0032752
0032752
0008440
-000233
0020955
0023517
0012049
0001164
-002620
0009779
0026777
0026311
0012631
0000174
-005531
-000757
0010303
0018511
0020315
0014494
0005006
-000059
-000408
0000116
0001920
0006112
0010419
0012107
0011001
0008557
0005588
0002561
0001397
0004656
0008964
0008033
0003900
0001629
0002561
0007334
0012806
0013504
0010419
0007567
0005180
0002270
0000291
0000116
0002677
0009197
0015018
0012049
0005122
0005355
0009721
0009895
0005937
-000524
-005822
-004832
0001106
0007392
0011700
0011176
0009371
0014261
0020955
0019442
0011700
0004424
-001107
-005472
-007219
-005880
-001689
0004482
0010477
0014785
0015134
0009721
0001571
-004017
-006229
-006928
-006229
-004948
-002969
0000291
0004016
0007451
0009255
0008440
0005413
0001979
-001339
-004832
-006928
-006345
-003377
0000465
0003900
0005530
0005530
0005180
0004715
0004132
0003026
0000814
-001863
-003901
-004308
-002736
0000756
0006694
0011001
0007916
0001164
-000990
0000349
0000407
-001048
-003959
-005763
-001863
0004482
0006053
0004482
0005064
0005937
0002910
-002038
-004890
-005763
-006869
-007102
-003668
-000175
-003260
-008325
-005298
0001106
-000117
-005647
-006695
-005239
-007859
-011061
-007684
-002154
-004133
-008907
-005239
0001804
0001106
-004599
-007859
-008034
-006171
-003551
-002678
-003027
-002736
-002038
-001339
-001514
-003842
-006171
-003959
-000990
-004890
-011817
-013447
-010362
-006171
-003086
-004192
-007044
-005705
-002620
-003260
-006928
-011643
-014437
-011061
-005065
-004075
-006171
-005298
-002853
-002387
-003726
-005822
-007335
-006113
-003842
-004250
-005938
-005181
-003668
-005298
-007626
-005589
-001572
-000757
-002620
-004890
-006113
-004075
-001281
-002620
-006695
-009605
-010711
-010595
-009314
-007393
-005356
-003493
-002911
-004541
-007859
-012458
-015310
-012399
-006869
-005531
-007102
-007277
-006637
-007393
-008208
-006462
-004483
-007277
-011701
-011177
-007568
-005880
-005763
-004890
-003901
-003842
-004541
-005647
-006054
-004075
-001747
-002969
-005647
-004657
-001863
-001514
-003377
-005647
-007684
-008907
-008849
-006928
-005239
-007102
-011701
-016765
-019734
-018977
-012982
0000640
0012631
0006053
-004483
0014902
0032752
0018452
-024216
-032752
-021771
-003435
0008906
0003259
-010653
-008325
0001397
-004133
-016882
-018279
-011235
-005472
-002795
-003086
-005531
-008266
-008965
-004541
0001455
0002444
-000408
-002445
-003435
-004483
-005356
-006404
-006695
-004541
-001572
-000757
-001281
-000350
0001047
0000873
-000641
-002562
-004133
-004483
-004017
-003842
-003959
-003842
-003260
-001339
0000640
0000640
-000932
-002620
-003610
-002911
-001281
-001107
-001048
0002153
0005355
0003085
-002154
-005007
-004599
-001281
0001688
-002213
-008558
-007335
-002620
-004774
-009081
-004599
0003376
0003259
-001456
-001165
0001688
0000000
-003086
-000757
0004016
0004132
0001338
0000756
0001629
0001164
0000291
0000756
0001862
0002328
0001746
-000175
-001805
-000524
0002095
0002968
0001920
-000175
-001805
-000408
0002794
0004715
0005122
0004947
0003958
0001397
-000641
0001280
0004598
0003085
-000117
0001862
0006170
0006752
0003958
0000058
-002853
-002620
0000349
0004191
0006985
0006810
0003783
-001107
-004308
0000000
0006927
0005762
0000640
0002328
0007392
0007043
0004132
0005937
0009663
0009022
0006053
0005762
0007683
0009488
0010652
0010943
0009837
0006403
0003026
0003667
0007101
0010245
0011234
0008149
0003725
0003259
0005937
0008033
0009022
0008731
0007916
0008382
0009197
0008033
0006053
0005646
0005879
0004540
0002677
0002735
0004191
0005530
0006344
0006403
0005821
0005064
0004249
0003201
0002503
0003143
0004424
0005122
0004947
0003958
0002735
0002153
0002619
0003841
0005821
0009080
0011176
0008324
0003550
0002910
0005530
0007451
0008557
0009604
0010245
0010186
0009022
0006228
0003259
0002619
0003783
0004715
0005006
0004773
0003609
0000814
-001456
0000232
0004074
0005762
0005646
0006403
0007101
0006228
0004424
0003026
0002386
0002328
0002852
0003609
0004132
0003376
0002968
0005937
0009954
0010594
0007974
0003725
0000407
0001455
0005064
0007392
0006810
0001804
-003435
-001514
0004365
0006112
0004424
0003376
0003085
0002677
0003492
0008440
0012981
0008731
0000756
0000407
0004249
0002735
-001456
-001630
0000873
0002212
0001804
-000117
-002853
-005938
-006054
0002212
0011875
0010419
0002037
-001689
-001281
-001165
-001630
-003668
-004366
0001688
0010245
0013854
0011991
0007567
0002095
-003901
-005414
0005471
0018103
0012981
-002795
-011468
-011468
-006404
0000756
0005413
0005471
0000756
-005298
-006869
-004366
-001921
0000349
0003609
0005879
0004074
0000931
0002212
0005879
0007043
0005471
0002270
-000932
-001630
-000874
-001630
-003319
-004425
-004075
-000641
0002270
-002213
-009081
-007743
-001572
0000291
-000815
-000466
0001397
0003667
0006053
0008033
0009197
0009721
0008673
0004715
0000116
-001572
-001165
-001689
-003086
-004483
-005763
-007160
-006928
-002329
0003259
0003958
0000232
-005298
-009198
-007277
-001630
0002212
0003026
0001106
-001689
-001514
0000058
-001398
-003784
-002329
0000698
0000640
-001805
-004192
-005938
-006869
-006928
-007044
-006637
-004308
-001747
-001223
-002795
-005705
-007975
-006287
-002853
-002969
-005007
-004541
-003260
-005647
-008266
-004366
0001746
0001222
-003784
-006520
-007160
-007975
-008208
-006171
-003959
-005996
-008674
-004017
0002386
-001223
-008790
-006753
0001047
0004307
0003609
0002852
0001688
-000874
-003610
-005065
-004774
-002213
-000059
-002678
-007451
-008965
-007335
-004948
-002736
-001921
-002154
-001805
-001572
-002678
-004716
-007568
-008383
-002620
0004656
0003958
-001805
-004250
-004192
-005647
-007044
-004948
-001980
-003493
-007626
-009314
-009314
-010653
-011468
-008092
-003144
-001456
-003086
-006287
-008732
-007044
-003086
-001456
-001921
-002213
-002795
-004192
-006171
-008790
-010013
-006753
-002154
-002620
-005472
-003377
-000117
-004017
-010944
-012167
-008558
-003784
-000524
-002038
-005822
-005647
-003319
-003726
-005531
-005065
-003377
-002969
-003959
-005880
-007801
-008092
-008092
-011352
-014437
-010595
-004075
-003668
-007801
-011352
-012632
-010362
-006811
-006869
-008558
-006578
-003260
-003610
-006287
-007393
-007510
-009198
-010711
-009023
-005763
-004017
-004250
-005763
-007277
-006462
-004250
-002795
-002911
-005589
-008034
-005065
-000641
-003493
-009198
-007743
-002504
-002154
-004657
-003959
-002038
-003668
-006869
-007510
-006113
-004832
-003959
-003202
-003086
-003842
-005647
-008965
-011759
-010886
-007917
-006345
-006345
-007219
-007917
-006520
-004366
-004250
-005123
-004250
-002445
-001339
-001630
-004250
-006869
-005065
-001456
-002096
-005123
-005822
-004366
-002620
-001048
-000233
-000699
-003202
-005647
-004133
-000990
-001339
-003319
-001921
0000756
-000350
-003144
-002911
-001281
-002620
-004483
-001514
0002735
0001047
-003901
-005123
-003493
-003086
-002911
-000233
0002444
0000873
-002678
-003027
-001223
-001048
-001921
-002445
-002096
0000116
0002270
0000989
-001747
-001747
0000698
0004016
0006577
0006519
0004482
0003143
0002328
0000582
0000000
0003783
0009255
0011234
0009430
0005413
0001338
0000582
0001862
0001513
0000349
0000989
0002095
0001164
-000757
-001572
-000641
0002328
0005995
0008557
0008731
0005821
0001746
-000117
0000465
0002095
0003958
0004773
0004598
0004424
0003841
0001513
-000699
0000174
0002910
0004132
0004307
0005238
0006461
0007567
0007858
0006112
0004016
0004715
0006694
0006053
0004249
0005122
0006985
0006286
0004074
0002677
0002910
0005937
0008673
0005297
-000466
-000641
0002968
0004307
0003841
0003609
0003725
0003492
0003841
0006461
0008848
0006286
0002095
0003376
0007334
0007451
0004424
0001047
-000699
0002503
0006228
0001338
-006753
-006345
-000583
0001629
0001338
0003550
0005122
-000175
-006695
-003551
0005122
0009430
0008848
0006053
0002619
0000640
0001280
0005646
0009895
0007392
0001164
-001456
-001281
-002562
-003319
0000116
0005471
0008382
0008673
0007742
0006519
0006985
0007451
0004074
-000641
-001747
-000524
-001339
-002329
0000582
0004773
0005006
0002444
0000291
-000757
-000815
0000000
0000698
0001455
0003201
0004482
0002503
-000524
-000292
0002095
0003434
0003609
0003783
0003376
0001746
-000059
0000116
0001106
-000466
-002213
0001106
0005704
0004074
-000932
-002096
-000466
-000233
-000990
-000990
-000408
0000232
0001047
0002037
0003201
0004831
0005937
0004947
0002794
0001280
0000756
0000814
0001455
0003085
0004016
0001571
-001863
-001572
0000582
-000292
-002911
-003842
-003202
-001921
-001165
-003027
-005356
-003726
-000874
-003202
-007219
-005938
-000757
0004132
0006636
0005413
0001222
-003493
-006578
-005705
-002562
-001514
-001281
0001979
0005821
0005762
0003026
0001106
0000407
0000232
0000698
0001629
0002444
0002794
0001397
-003959
-009256
-007743
-001980
0001106
0001164
0000291
-001339
-003086
-004192
-004366
-003202
0000174
0003085
0001164
-002620
-001747
0001047
-001048
-005181
-005065
-001980
0000523
0000989
-002387
-006054
-002387
0003667
0001397
-005123
-005589
-002562
-003027
-005880
-008034
-008790
-008150
-006229
-003610
-001805
-002911
-004890
-003260
0000232
0001222
0000174
-000815
-001805
-003260
-004483
-004541
-003901
-003668
-003668
-002911
-001980
-001514
-002271
-005356
-008907
-010071
-008674
-005763
-002969
-002620
-003842
-003784
-002853
-002154
-002154
-003493
-004657
-002853
0000756
0003958
0004540
-000466
-006345
-003435
0002968
0000232
-006229
-002678
0003725
-003260
-015077
-013040
-002853
0000116
-001805
0000523
0003085
-002736
-010595
-007626
0000291
-000932
-007044
-006869
-003260
-003901
-006986
-007859
-006520
-004017
-002213
-004425
-007626
-005647
-001514
-002445
-006287
-007743
-006462
-003260
-000408
-001223
-004075
-005007
-003726
-000524
0001920
-000932
-005996
-006695
-004425
-003842
-004366
-004075
-002853
-000524
0001164
-000350
-003493
-004948
-004541
-003319
-001689
0000174
0000931
-001107
-003959
-003784
-001514
-000466
-000583
-000699
-001223
-003027
-004948
-005239
-004425
-004308
-004308
-002969
-000815
0000931
0001629
0001222
-000524
-003668
-006113
-004948
-001572
0000640
0001222
0000582
-000524
-000350
0000465
0000232
-000815
-002329
-003027
-000990
0002619
0005413
0006636
0006344
0004191
0000349
-004017
-007801
-008965
-005181
0000116
0000232
-002445
-000699
0002095
-002620
-008849
-004017
0004249
-000757
-011934
-013273
-007160
-002329
-000233
-000815
-002853
-002678
-001514
-002853
-004308
-000699
0004715
0005064
0002212
0001455
0001338
-002271
-006928
-008499
-007568
-007451
-006869
-002853
0001688
0001455
-001223
-000350
0002503
0003434
0002619
0001397
0000814
0001979
0004365
0006694
0007742
0006053
0002852
0000873
0000465
0000698
0001338
0001397
0001746
0004365
0007451
0007683
0006170
0006053
0006228
0003783
0000814
0000523
0003085
0008440
0012049
0006344
-002387
-000815
0005995
0005122
-000175
-000932
0001164
0000698
-000815
0000058
0002037
0001513
0000465
0003434
0007683
0007509
0004773
0004831
0005879
0003318
-000059
0001338
0004947
0004424
0002153
0003958
0008149
0011351
0011351
0005355
-001689
-000874
0005064
0008673
0008731
0005762
0001862
0000931
0003143
0007625
0011001
0007451
0001862
0004715
0011758
0012282
0008789
0008615
0010361
0010245
0008557
0006985
0005704
0004191
0003725
0005879
0009313
0011351
0011991
0012689
0012981
0011642
0010361
0011991
0014494
0013679
0010536
0007625
0006694
0009721
0013795
0013737
0010477
0007509
0005821
0005879
0006694
0005530
0004307
0007101
0011060
0010361
0006868
0005355
0005937
0007451
0009197
0010477
0010652
0009430
0007916
0007742
0008848
0010245
0011583
0012224
0012282
0012166
0011816
0010827
0010186
0011525
0013504
0012748
0011060
0012573
0014960
0013621
0009895
0007043
0005937
0006344
0007916
0009430
0010885
0013213
0014960
0014145
0012166
0012457
0013621
0012049
0009430
0009255
0010769
0010943
0011409
0015949
0020723
0019093
0013039
0006985
0004831
0011525
0020548
0018976
0011816
0012049
0017055
0019034
0018627
0018918
0019442
0019267
0018627
0018511
0018336
0017114
0014785
0010594
0007742
0011583
0018161
0019267
0016648
0016473
0017579
0016473
0014436
0014203
0015134
0016182
0015658
0011234
0005821
0004773
0007043
0008440
0009197
0011118
0012689
0011816
0009080
0005762
0003609
0004424
0007043
0008207
0008265
0009313
0010245
0009488
0007509
0004715
0003725
0008440
0014902
0015193
0011642
0011234
0012282
0010419
0007218
0005588
0006403
0009954
0014261
0016008
0015193
0013563
0011467
0009022
0007043
0006403
0006577
0006228
0005297
0003958
0002852
0002735
0003841
0005937
0008149
0009080
0008848
0008731
0008265
0006403
0004424
0004889
0006519
0006461
0005238
0005122
0005413
0004656
0003026
0000582
-000990
0000582
0004132
0007625
0008731
0004307
-001165
0001222
0007625
0008265
0005530
0006636
0008906
0005762
0001397
0004365
0009604
0006053
-002271
-005763
-005356
-006287
-006637
-001980
0003667
0003143
-000932
-001339
0000291
-001107
-003842
-004657
-003319
-000117
0002735
0002270
-000466
-002562
-002853
-000117
0002619
-000117
-005763
-008558
-007277
-001398
0004598
0003143
-002678
-004599
-003551
-003319
-003901
-004599
-005763
-007859
-009780
-009838
-008616
-007975
-006986
-002911
0000523
-003551
-009896
-006986
-000117
-001398
-008325
-013796
-015834
-013389
-009140
-008732
-010478
-009256
-006462
-005356
-005822
-006637
-007568
-008965
-009722
-008558
-006637
-006578
-007917
-008732
-009838
-013214
-016183
-014029
-009431
-007975
-009431
-011643
-013564
-013564
-013040
-015950
-019385
-017755
-013331
-012050
-012690
-011468
-009489
-009081
-010129
-011468
-012807
-014379
-015194
-014320
-012225
-010071
-008790
-009605
-011293
-011119
-010478
-012807
-015834
-014728
-011701
-012108
-014088
-013214
-010886
-010595
-012225
-015019
-017231
-016591
-014611
-015135
-016882
-016358
-014553
-013971
-014670
-015485
-017115
-020840
-024973
-026952
-026370
-023867
-020316
-016532
-014204
-014437
-016532
-018744
-019618
-017871
-014728
-012807
-012982
-015368
-018512
-019967
-019385
-017289
-015077
-015135
-016300
-015019
-013156
-014728
-017406
-016300
-013214
-012458
-013796
-015717
-017056
-016300
-014611
-014670
-016067
-017522
-017813
-015368
-011992
-011119
-012632
-014844
-017115
-019210
-019850
-017406
-014029
-013855
-015426
-014262
-012690
-016125
-020374
-017231
-010420
-008907
-011119
-011526
-010420
-009605
-008965
-008150
-007859
-009256
-011002
-010653
-008790
-007568
-006869
-005880
-005181
-005647
-006928
-008383
-009256
-008558
-007568
-008907
-011002
-010304
-008674
-010653
-013855
-012923
-009489
-007626
-007451
-008790
-009256
-004832
0000814
0000873
-004017
-010828
-015543
-012865
-006054
-003027
-003027
-001572
-000350
-003027
-006462
-004774
-000699
-000699
-002969
-002387
-000292
-000408
-002038
-003551
-003668
-000757
0003026
0003201
0001222
0000814
0001397
0001047
0000291
0000349
0000756
0000582
-000466
-003027
-004774
-001165
0004132
0003783
0000116
-001281
0000349
0005238
0009139
0005180
-002329
-004017
-000524
0003900
0007567
0008848
0007742
0004889
0002561
0003841
0007043
0008149
0007567
0007334
0007276
0006461
0005821
0006985
0009022
0009721
0009139
0007742
0006228
0005646
0005588
0004424
0003143
0003492
0005180
0007742
0009313
0006927
0003900
0006868
0013039
0015949
0015309
0012515
0009604
0009604
0011758
0013504
0014028
0013213
0011001
0007334
0004715
0006752
0011060
0012457
0011409
0010477
0009954
0009721
0009837
0010070
0010827
0013213
0014843
0011642
0006810
0006752
0009488
0009313
0007334
0007101
0008033
0008207
0009022
0013621
0019267
0021479
0020024
0016299
0012398
0011351
0012282
0011991
0011583
0014028
0017230
0017754
0015600
0011525
0009022
0013446
0020199
0020315
0014902
0008557
0005006
0008789
0016182
0018569
0017114
0017230
0017405
0013970
0009313
0007742
0008265
0007101
0005646
0007043
0009779
0010769
0010361
0009837
0009837
0012166
0014087
0009837
0006170
0013854
0030211
0032752
0032752
-009256
-032752
-032752
0026194
0032752
0032752
0014727
-000466
0009779
0028523
0015076
-011352
-007335
0015658
0026835
0024390
0014087
0002444
-000757
0005180
0015949
0025729
0027126
0019849
0006752
-004716
-004541
0004715
0014494
0020199
0018045
0010594
0004831
0001629
-000990
-001398
0001979
0006868
0008964
0008557
0008091
0008149
0009663
0011816
0013737
0013679
0009546
0003725
0000582
0000174
0000349
0001164
0003376
0004831
0001746
-002562
-001339
0002503
0001397
-001456
0001397
0006752
0007742
0004831
0000698
-002387
-000874
0002212
-000117
-004541
-003202
0001222
0002037
0000000
-001747
-002736
-002620
-001980
-002504
-003027
-000233
0002503
-001339
-007451
-006753
-002154
-001747
-004366
-006113
-006578
-005880
-004716
-004657
-005123
-004541
-003435
-002853
-003144
-004716
-006578
-006811
-005938
-005822
-005763
-003726
-001921
-004716
-009314
-009547
-007451
-008790
-011584
-011177
-009198
-009838
-011410
-010420
-007277
-003319
-000641
-002096
-006345
-010129
-012225
-012807
-011352
-007975
-004250
-002038
-002329
-005531
-010013
-013796
-014728
-010537
-005181
-006113
-011061
-013680
-013389
-011235
-008325
-006637
-006637
-008092
-009198
-006695
-003144
-003551
-006695
-008732
-009489
-009780
-009722
-009372
-009140
-009372
-009664
-008965
-007975
-008034
-009314
-012399
-014204
-009489
-003377
-006171
-013214
-013098
-009140
-010246
-014379
-016067
-015601
-014844
-013971
-013389
-012516
-009489
-006986
-009955
-014786
-013389
-009256
-010711
-014553
-012632
-008034
-007626
-010246
-012516
-012749
-009081
-004366
-004192
-007044
-008499
-008266
-007219
-006171
-006520
-008150
-010013
-011293
-011119
-009896
-008965
-008266
-007102
-006113
-005880
-006578
-008499
-009838
-007801
-004657
-005414
-007801
-006869
-002678
0004191
0008324
0000291
-010828
-006345
0005238
0003201
-006229
-006171
-001514
-005123
-011759
-010129
-003842
-002154
-004133
-005647
-006171
-006287
-005065
-001048
0002794
0001455
-002911
-004890
-004133
-001689
0001047
0001920
0000931
-000641
-002096
-002504
-001980
-000815
-000117
-001398
-002911
-001107
0002095
0002735
0001222
0000000
-000932
-002213
-003377
-004716
-003901
0003900
0012282
0008615
0001862
0011118
0027068
0031666
0021479
-005763
-029222
-013389
0019849
0020490
0000873
-002329
0006228
0010769
0009954
0004365
-001747
-000350
0005122
0005006
0002561
0006170
0011583
0009779
0004132
0003085
0005064
0004598
0003026
0004132
0006286
0005821
0004132
0004307
0006170
0009255
0010885
0006461
0000349
0001513
0006344
0005762
0001862
0000174
0001746
0007276
0013039
0012515
0008498
0008091
0010536
0012689
0013912
0013912
0012806
0012107
0010769
0005297
0001746
0011176
0023866
0019908
0007451
0006636
0012981
0013970
0009313
0000698
-006404
-003726
0005122
0010303
0012340
0015833
0019617
0022411
0022702
0019384
0012806
0003085
-004716
-003435
0003318
0005646
0006112
0012457
0020257
0021538
0017288
0011933
0007509
0006694
0006577
-000117
-007801
-006404
0001746
0009604
0014552
0014727
0012864
0016240
0019791
0012922
0001629
-001630
0001979
0005704
0009546
0015018
0019442
0019442
0016590
0015775
0015076
0009313
0002270
0000523
0002968
0004889
0006577
0010186
0013737
0014378
0013097
0013563
0013854
0009663
0003958
0002153
0003550
0004540
0005297
0006985
0008149
0006170
0003900
0007567
0012457
0008557
0000931
0001047
0005704
0005646
0002910
0002968
0005064
0006985
0008149
0008440
0007218
0003492
-000292
-000699
0002328
0007276
0011409
0011176
0008033
0005879
0005646
0007974
0010012
0005704
-000175
0002212
0008033
0006228
0000349
-000408
0002503
0004249
0004482
0003434
0001979
0001804
0001920
-000408
-003493
-003959
-003027
-004133
-005589
-004017
0000116
0005995
0009371
0003259
-005531
-003027
0004831
0003259
-003319
-003901
0000232
0004482
0006461
0002910
-002678
-003086
-000583
-001572
-004425
-005065
-003959
-002795
-002445
-004599
-006928
-005356
-001398
0001164
0001338
-001398
-005298
-007393
-007044
-004192
-001630
-004308
-008616
-006811
-001863
-001223
-003435
-003551
-002736
-003901
-006229
-008208
-008849
-006928
-004483
-004890
-007277
-008849
-009198
-008499
-007510
-007917
-008674
-007451
-005298
-004483
-005414
-008208
-011061
-011119
-009198
-008092
-008034
-008965
-009198
-005472
-000815
-000932
-004890
-009489
-012341
-010828
-006986
-005880
-007277
-009140
-010828
-011759
-012108
-012923
-013622
-013273
-012050
-010886
-010013
-009838
-009838
-008441
-007335
-009372
-012982
-014670
-014088
-012167
-009838
-008616
-009372
-012865
-016591
-016591
-013389
-008849
-005938
-008790
-013738
-012807
-008907
-009780
-013040
-012225
-009605
-010187
-013040
-015368
-016009
-013564
-010595
-012632
-016300
-014728
-010129
-008558
-009431
-009955
-010362
-011352
-012341
-012516
-011701
-009780
-008558
-011061
-015077
-015601
-013622
-012458
-012516
-014146
-016009
-015717
-014437
-014786
-015892
-015310
-013564
-011817
-010653
-010478
-011002
-011352
-011701
-013156
-014262
-012923
-010595
-010362
-011876
-013622
-014553
-013564
-011410
-009896
-009314
-009256
-009896
-011526
-013214
-013447
-012283
-011235
-009023
-002038
0003492
-003319
-014786
-014262
-006869
-007219
-011235
-007568
-002329
-009372
-019385
-012923
0000640
-000757
-010013
-008266
-001921
-007451
-017056
-013680
-004192
-005123
-011701
-011468
-007160
-006928
-009140
-009140
-007743
-007160
-007160
-007219
-006986
-006054
-004716
-003551
-002736
-001980
-001863
-003144
-004250
-001805
0001280
-000583
-005007
-006578
-005647
-005181
-004425
-001048
0002037
0000174
-004599
-008092
-008034
-001863
0005122
0003201
-003959
-006578
-005472
-005531
-005414
-002271
0001338
0001222
-001514
-003551
-003959
-001805
0000989
0000931
-000874
-001339
-000641
-000524
-000350
0001280
0003085
0002503
0000931
0001513
0003667
0006286
0007858
0006694
0004191
0003434
0003958
0003725
0002968
0002328
0001688
0000756
0000465
0002386
0005704
0009313
0010885
0007159
0001688
0001397
0005064
0008091
0009837
0011118
0010536
0006344
0000873
-002038
-001630
0001455
0005937
0010361
0012806
0011525
0007974
0005180
0004074
0004540
0006927
0011758
0015658
0013155
0007974
0008091
0012049
0015018
0015425
0012049
0007159
0004947
0005413
0006752
0007742
0006403
0004191
0004482
0006286
0006752
0006286
0006228
0006694
0007567
0008848
0011583
0012981
0008265
0002212
0004249
0010769
0012515
0010652
0009954
0010245
0010419
0010186
0008498
0006868
0008207
0010769
0010710
0008673
0006810
0005646
0004947
0005355
0007392
0009604
0009430
0007916
0007800
0008789
0010070
0010186
0005937
0001804
0006053
0013970
0015251
0011118
0006694
0004249
0006170
0009837
0009604
0006636
0003958
0004249
0011351
0020024
0020257
0015018
0013679
0014436
0011816
0008440
0009721
0012806
0011583
0007218
0002212
0001280
0012340
0025263
0021363
0007043
-001572
-001456
0007334
0018045
0018569
0011875
0008673
0007974
0004715
0002037
0005180
0010827
0012107
0009313
0005122
0001804
0001746
0004656
0008789
0011583
0009895
0005355
0001746
0000756
0003550
0007974
0009604
0008440
0005937
0004016
0005413
0007916
0006170
0002270
0000989
0001862
0002270
0002153
0001455
0001164
0002968
0005355
0005530
0003667
0000698
-001398
0000582
0003900
0002095
-001223
0002153
0007800
0005821
-000233
-001456
0000873
0001862
0002095
0003434
0004715
0004307
0002386
-000233
-002329
-002678
-001165
0001629
0003958
0003841
0001338
-002445
-005705
-005996
-004192
-002969
-002620
-002387
-002795
-004192
-005938
-007044
-007102
-005938
-003842
-000990
0001280
0001688
0000116
-002736
-005007
-003726
-001165
-002736
-005822
-004017
0000058
0000407
-001572
-001456
0000000
0000814
0000232
-002445
-005938
-007859
-008441
-009431
-010071
-008849
-006695
-005472
-004890
-003493
-002329
-003435
-005763
-006986
-006637
-005007
-002620
-000059
0001455
0000291
-002213
-003202
-003319
-004774
-006637
-007160
-006986
-008208
-008965
-005589
-001048
-001165
-004133
-005414
-005123
-004890
-005472
-008441
-011643
-011293
-008907
-008325
-009431
-011352
-012399
-010362
-006229
-002038
0000291
-001048
-004657
-007335
-008325
-008092
-006928
-005472
-004192
-003319
-002969
-002795
-003086
-003959
-005472
-007684
-009664
-010304
-009780
-008965
-008150
-007160
-006753
-007801
-008674
-006113
-002213
-000757
-002329
-006404
-010944
-012690
-011410
-008383
-005763
-007044
-010595
-012108
-011759
-011352
-010711
-009489
-007684
-004948
-002969
-004075
-006695
-007335
-006578
-007102
-007335
-003551
0000349
-002911
-009140
-009140
-005589
-006171
-008965
-008150
-006462
-010770
-015368
-008558
0001920
-000233
-009489
-011584
-008499
-007743
-008383
-007335
-005822
-006171
-007684
-007859
-008499
-013855
-018686
-013214
-003493
-002213
-007160
-010537
-011293
-010013
-007743
-007451
-007743
-005123
-002387
-005239
-010071
-008965
-004308
-002678
-003086
-001863
-000233
-000175
-001747
-004366
-007044
-008092
-007684
-006869
-005763
-004133
-002562
-001572
-002096
-005472
-008849
-006986
-002969
-003377
-006811
-009314
-009256
-004657
0001047
0001397
-001630
-001863
-000466
-000932
-002795
-005123
-006404
-004716
-001689
-001107
-001980
-001165
0000349
0000640
-000408
-002620
-004599
-004308
-002154
-000408
0001164
0003492
0005471
0005588
0004307
0003085
0002503
0003259
0004132
0002677
0000058
-000757
-000466
-002038
-003260
0000523
0005238
0002794
-002969
-002969
0000465
0000698
-000932
-000524
0001222
0002619
0003143
0003026
0002095
-000117
-001514
0001688
0006577
0007334
0005122
0004074
0003958
0003550
0002852
0001571
0000640
0001804
0004191
0006112
0007218
0007858
0007742
0006868
0005355
0003259
0002328
0004889
0008906
0010536
0009197
0005122
0001513
0003434
0008382
0009837
0009022
0010186
0011642
0010070
0006636
0003318
0002328
0006694
0012107
0010361
0004773
0003492
0005646
0007159
0007625
0007276
0006403
0005937
0005297
0002212
0000058
0004947
0012398
0013388
0009604
0007101
0005995
0004773
0003900
0003259
0003492
0005879
0008207
0006636
0003609
0004715
0007858
0007683
0005413
0004715
0005238
0005704
0006112
0006927
0008149
0009954
0012224
0015484
0017288
0013912
0008033
0004773
0005471
0010303
0014960
0011525
0005413
0009255
0016997
0014960
0007451
0006170
0007742
0002212
-003901
0002270
0013563
0014610
0008906
0007916
0009546
0006927
0003318
0005297
0009837
0009954
0007392
0007101
0008673
0010652
0011758
0010594
0007974
0005471
0004365
0006170
0008848
0007916
0005122
0004482
0005238
0005122
0003900
0001222
-000757
0001397
0006112
0010012
0011525
0009371
0005646
0004307
0005064
0006053
0005937
0002503
-001456
-000699
0003143
0005995
0007043
0006519
0005530
0006403
0008207
0009139
0008440
0005413
0001920
0000989
0002677
0005762
0008091
0006694
0003318
0001979
0002561
0003201
0003783
0004540
0004773
0003259
0001280
0001338
0003318
0006112
0008615
0009895
0009080
0005413
0001513
0001688
0004947
0008265
0009895
0008033
0004365
0002910
0002735
-000350
-002853
0001338
0008091
0009255
0005762
0002212
0000407
0002270
0005995
0007276
0006577
0006286
0005762
0003318
0000407
-000466
0000232
0000931
0000756
-001281
-003377
-002504
0000465
0002910
0004365
0005588
0005413
0001979
-002096
-001805
0000523
-001107
-004192
-002853
0000756
0001571
0000465
0000116
0000582
0001629
0001513
-003260
-008150
-004657
0002328
0001629
-003435
-003493
-001281
-003901
-008034
-006404
-001339
0001513
0001280
-001398
-005181
-007160
-007801
-009896
-010886
-005880
0001047
0002212
-001165
-004075
-005880
-007219
-007335
-005414
-003319
-004366
-006928
-007335
-005822
-003784
-002271
-002678
-003959
-003435
-002504
-004832
-008325
-009081
-007335
-004483
-002038
-001747
-003377
-005065
-006637
-008499
-009431
-007568
-004541
-003377
-003726
-003493
-003726
-007044
-010304
-007743
-003027
-004250
-008849
-010246
-008907
-007277
-006229
-007044
-008441
-007975
-006171
-004657
-003726
-003144
-003726
-006811
-009955
-009023
-005822
-004483
-005298
-007277
-009722
-011410
-012341
-013273
-013913
-013738
-013040
-012749
-012399
-011293
-009431
-006462
-004308
-006113
-009664
-010478
-008790
-006753
-005298
-005181
-005996
-005763
-006229
-011934
-017638
-013796
-006113
-007277
-013738
-016300
-014553
-010478
-006345
-005705
-007684
-009547
-009664
-005647
-001048
-003144
-008150
-007451
-003959
-005763
-009431
-007510
-002736
-001281
-003086
-006113
-008325
-006287
-002504
-002387
-005356
-008965
-011119
-009431
-005589
-003610
-003319
-002678
-002329
-003784
-005705
-005589
-004075
-003202
-002504
-000350
0001746
0001280
-001165
-003784
-005589
-005531
-004425
-004483
-004657
-002096
0001106
0001047
-000699
0000058
0001920
0001397
-000117
0001106
0003143
0001746
-001339
-002271
-001689
-002154
-002853
-002154
-000292
0001746
0003201
0003550
0002444
0000000
-002445
-003027
-001456
0001688
0005180
0007800
0008149
0005122
0000756
-001572
-000757
0003667
0008382
0007916
0004249
0002677
0003725
0007509
0010652
0007392
0001338
0000523
0003376
0004656
0004889
0006344
0007974
0007858
0006694
0006286
0006927
0008906
0010885
0010594
0009022
0008673
0009255
0009197
0009430
0011875
0014610
0014727
0012282
0008265
0005238
0006694
0010186
0009895
0006985
0004947
0004715
0007043
0009779
0008440
0005413
0005704
0008906
0013272
0016008
0012864
0007276
0006752
0009139
0008382
0006112
0006519
0008440
0009313
0009139
0009080
0009022
0009022
0008440
0006112
0003026
0000523
0000465
0005006
0011292
0014028
0013388
0012515
0011292
0008265
0006461
0010652
0017055
0018452
0014960
0008615
0004016
0008731
0016764
0015251
0008265
0007392
0009721
0006636
0002328
0005530
0012107
0012806
0009488
0008440
0008440
0005180
0001513
0002910
0006519
0005762
0002852
0003609
0006519
0007625
0006810
0005006
0003318
0003550
0005297
0007916
0008673
0003434
-003086
-002445
0003492
0008964
0011351
0008557
0003259
0001106
0002444
0005762
0009488
0011234
0011525
0013155
0014261
0011292
0007334
0008498
0012107
0011816
0008906
0007043
0006927
0008265
0010536
0012689
0013446
0010943
0007276
0006752
0007858
0005646
0003318
0007509
0013388
0011060
0004773
0005006
0008964
0009313
0006927
0005064
0004540
0006112
0008324
0008382
0007043
0006752
0007334
0008091
0008557
0008033
0006868
0005995
0005238
0003434
0002270
0004424
0008033
0009604
0009022
0007742
0006577
0006636
0007509
0007858
0007974
0009022
0009779
0008207
0005704
0004889
0005646
0006577
0006868
0005122
0002910
0003318
0004947
0004424
0001688
-003610
-007219
-002504
0005646
0007218
0003026
-002271
-005531
-002562
0002735
0002212
-002213
-005123
-004716
0000756
0006636
0004889
-001630
-004774
-005007
-005880
-005822
-001456
0003550
0002968
-001165
-003435
-003435
-002445
-001165
-000699
-001339
-003435
-005007
-002678
0000989
0000349
-002678
-003435
-002562
-002853
-003784
-004308
-004250
-004075
-004017
-004308
-005472
-008266
-010944
-010420
-007743
-005763
-004483
-002562
-001165
-001689
-003842
-006928
-009023
-007684
-004483
-003260
-003668
-003726
-004017
-006404
-008441
-005822
-001572
-001747
-005298
-008674
-010304
-008499
-005589
-006578
-009547
-009372
-007219
-006171
-006345
-007393
-008150
-006054
-003901
-007743
-012982
-009780
-003435
-006345
-013505
-013040
-007743
-005996
-006986
-006753
-006811
-010944
-014902
-011002
-003959
-003901
-008266
-009081
-008208
-011177
-014902
-013447
-009780
-010711
-014320
-015252
-014320
-014786
-014902
-010478
-005298
-006520
-011002
-010828
-008558
-010653
-014902
-016823
-015717
-011876
-008150
-009489
-013214
-013098
-010304
-008616
-008150
-007975
-008558
-010537
-012574
-012341
-011119
-012167
-014204
-014262
-012865
-011817
-010828
-008208
-006462
-010595
-016067
-013796
-007451
-006229
-008383
-007801
-006520
-009314
-013680
-014437
-012632
-012050
-011584
-008732
-004948
-002329
-002387
-006637
-011992
-013680
-011177
-005123
0000058
-002504
-008616
-008790
-004483
-000932
0000523
-000699
-003202
-003435
-002329
-003144
-004250
-001048
0002328
-005705
-010129
0020432
0032752
0032752
-020549
-032752
-032752
-032752
0032752
0032752
-013796
-021771
0005937
0012806
0001979
-011061
-019501
-013913
-001689
0000989
-004890
-012574
-016940
-011410
-000408
0006228
0006112
0000058
-009198
-016940
-019734
-015776
-007626
-001165
0002270
0004191
0002619
-005472
-014146
-013971
-006695
0001455
0006228
0003143
-004075
-007160
-005996
-003668
-001223
0000465
0000582
-001107
-003842
-006578
-007684
-005531
-001747
-000233
0000000
0002212
0004365
0002153
-001339
0000174
0003550
0001047
-003784
-002911
0000640
-000815
-004017
-001630
0003026
0002270
-001339
-001339
0001047
0002095
0001571
-000699
-002562
-000815
0002910
0004656
0004365
0003434
0002270
0001106
0000232
-000408
-000990
-002504
-003377
-000815
0002677
0001979
-001048
-001456
0000116
0001106
0001920
0004773
0006694
0002153
-003784
-001281
0005821
0008149
0006053
0002794
0000698
0003085
0007509
0008498
0006344
0003492
0000582
-002736
-004075
-000641
0005471
0010477
0011583
0005588
-001921
-000524
0006170
0008091
0006403
0005588
0005821
0006927
0007974
0007392
0006228
0006868
0008149
0007742
0005530
0000989
-002154
0002328
0008964
0006112
-001456
-002329
0001629
0004307
0005064
0004074
0003201
0006694
0010710
0007800
0001688
0000873
0003783
0004831
0004773
0006286
0008033
0007392
0005995
0007451
0009604
0007567
0003434
0001804
0002794
0005122
0007858
0010070
0010943
0009779
0008207
0009779
0012282
0010943
0007800
0007858
0009779
0009604
0008207
0008033
0008324
0007101
0005821
0007800
0010477
0008498
0004889
0006344
0010594
0011816
0010885
0011176
0011467
0008789
0006053
0008906
0014203
0015716
0013039
0007159
0001629
0001629
0005530
0008440
0009430
0008440
0007276
0010012
0013446
0010652
0005180
0004831
0007451
0006344
0004016
0005879
0009837
0011176
0009721
0007159
0004598
0003609
0004249
0005297
0006752
0009022
0011001
0011642
0010769
0009022
0007043
0005704
0005355
0005937
0006927
0007276
0006868
0005646
0004831
0006344
0008964
0010536
0010245
0008091
0005180
0003376
0003259
0004773
0006985
0008207
0008324
0008207
0007159
0003259
-000233
0002095
0007043
0007625
0004656
0001746
-000059
0000174
0000931
-000932
-004599
-008674
-010420
-006811
0000931
0011060
0017172
0007858
-002329
0017987
0032752
0026427
-013564
-026545
-014786
0002677
0015949
0011351
-001107
0003492
0015367
0010594
-002969
-006578
-001572
0004074
0008149
0009022
0006461
0001629
-001456
0003434
0011700
0012748
0009954
0013912
0018161
0008615
-005007
-002911
0007683
0007800
0001979
0003434
0007916
0005064
-000932
-001048
0003085
0005821
0006752
0007334
0006228
0000931
-003901
0000291
0007742
0006344
-000583
-004133
-003610
-000815
0002968
0006170
0006636
0002153
-003959
-005647
-003435
-000233
0001804
-000117
-003260
-001223
0002328
-001398
-007044
-003377
0004831
0007101
0003609
-002154
-007219
-007684
-005065
-004599
-004774
-001630
0002503
0003725
0001746
-002387
-005880
-004425
-000175
0001629
0000989
-000175
-000641
0001862
0005006
0004307
0001106
-000874
-001048
0000407
0002677
0003958
0004249
0004307
0004016
0003550
0002968
0002037
0001629
0002968
0004598
0004132
0001746
-001805
-004483
-003435
-000757
-001281
-002969
-000524
0003725
0004307
0002677
0002561
0003725
0004598
0005122
0006112
0005704
0000523
-005763
-006869
-004133
-001980
-001863
-005181
-009081
-007859
-003959
-004017
-005414
-001630
0003725
0003259
-000466
-000408
0001280
-001165
-005239
-005822
-003377
-000466
0002037
0003492
0003434
0001920
0000174
0000407
0001629
0001280
-000233
-001398
-001980
-001863
-001630
-002096
-003086
-004075
-004192
-002271
0000116
-000408
-001921
0000756
0003958
0000174
-005996
-005531
-000175
0004598
0006112
0001629
-005239
-007568
-005472
-001747
0001571
0001920
0000058
-001281
-002154
-003726
-005705
-008208
-010187
-010886
-009896
-007102
-004133
-003377
-004483
-006054
-006811
-004948
-002387
-002853
-005356
-006345
-006695
-009198
-011643
-010246
-006753
-005065
-005472
-006928
-008208
-007219
-005472
-006054
-008034
-008732
-007975
-006054
-004017
-003842
-004308
-002154
0000174
-001980
-006695
-009140
-009547
-010711
-010711
-006345
-000466
0001746
0001106
0001455
0001746
-000583
-003668
-003959
-002795
-003668
-005705
-006637
-006287
-004774
-004017
-007801
-012108
-009198
-002911
-001630
-004657
-007975
-010246
-010420
-008732
-006578
-005181
-005880
-007626
-008325
-007917
-006811
-006578
-010362
-014320
-010537
-004017
-005414
-011002
-011177
-007801
-006287
-006287
-005938
-005763
-006986
-008325
-007626
-005589
-003959
-003901
-007102
-010653
-009314
-005298
-004017
-005763
-009431
-012982
-013214
-011177
-010653
-010420
-007743
-004133
-001921
-002038
-004832
-008441
-009896
-008849
-005763
-003144
-005007
-008441
-006869
-002795
-002678
-004657
-003377
-001223
-003086
-006928
-008266
-007160
-005589
-003668
-001165
0000058
-002445
-007044
-011002
-011119
-003260
0006228
0006112
-001805
-010653
-015834
-012807
-004657
0001280
0002852
0000174
-005181
-010129
-012923
-012749
-010653
-009664
-009314
-007160
-005007
-005647
-007684
-008499
-006229
0002386
0010419
0006344
-004890
-010595
-011177
-012690
-012749
-007568
0000349
0006927
0009488
0006344
0000058
-003842
-005472
-008034
-010013
-008790
-005880
-004657
-003726
0000232
0005413
0008498
0008557
0005762
0000989
-004075
-008208
-011002
-011584
-010129
-006578
-000874
0004365
0005646
0003958
0002968
0001862
-002154
-006637
-007684
-006054
-004657
-003202
0000116
0003201
0003318
0000989
-001514
-003435
-004366
-004192
-003842
-002504
0001513
0005530
0004773
0001164
-000175
0000291
0000116
-000233
0000232
0000931
0000407
-000524
-000583
0000232
0000873
0002212
0006344
0010419
0009954
0006286
0003318
0001920
0002037
0003201
0003783
0004598
0008324
0011642
0008964
0003318
0001746
0002619
0000698
-001863
-000233
0003026
0001513
-000990
0004307
0011467
0008091
0000000
0000756
0006636
0007683
0005064
0003434
0002444
-000059
-001223
0004307
0010827
0006868
-001165
0001397
0008498
0004889
-003027
-000641
0006927
0006810
0002212
0002037
0005180
0007974
0009139
0007625
0004424
0001920
0000873
0001571
0002910
0002561
0001280
0001280
0002095
0002503
0002270
0000873
-000175
0001629
0005006
0007043
0007218
0005879
0004132
0003783
0004656
0005937
0006228
0003434
-000408
-001107
-000059
-001805
-003842
-001514
0003783
0008789
0011351
0009546
0005879
0005879
0008207
0008673
0007800
0007974
0008033
0005297
0001862
0001571
0003667
0005355
0006519
0007916
0009430
0011409
0012689
0011816
0009080
0005471
0002561
0001629
0002735
0004656
0006694
0008789
0009255
0005530
0000756
0000465
0003376
0005064
0005530
0006228
0006053
0003376
0000116
-000641
0001222
0004540
0007392
0007392
0005238
0003434
0002386
0001804
0002037
0002968
0004249
0005471
0005821
0004191
0002037
0002561
0004482
0004482
0003318
0003376
0003783
0002561
0000873
0001397
0002735
0002095
0000000
-002154
-002853
0000000
0003900
0004598
0002444
-000292
-001689
0000407
0004424
0006810
0006461
0003318
-000641
-001863
-000699
0000814
0001688
0000931
-000699
-001165
-000524
0000582
0001979
0003900
0004773
0002095
-001456
-000757
0002095
0001920
-000874
-004017
-006171
-005647
-003144
-000524
0000698
-000932
-004017
-005356
-005298
-005705
-006578
-008092
-008790
-006229
-002213
-000175
0000349
0001746
0002852
0001979
-000583
-004017
-006637
-005996
-004017
-005414
-008558
-009547
-008907
-008674
-008732
-008266
-007917
-008558
-009547
-009431
-008849
-009489
-010595
-010653
-009838
-009314
-008266
-004541
-001980
-007743
-016067
-014961
-008558
-007917
-010304
-007510
-004133
-010013
-018337
-014961
-005822
-005298
-010478
-012283
-011584
-011934
-013098
-014670
-015659
-014437
-012341
-012516
-013855
-014029
-012574
-008907
-005822
-007743
-012283
-013971
-012690
-010246
-008208
-008790
-011235
-013796
-014670
-011701
-007335
-006113
-007743
-009431
-011061
-012749
-014379
-016358
-017522
-016183
-013622
-012749
-012574
-010420
-008383
-010595
-014670
-015601
-014262
-013913
-014088
-012982
-011235
-010129
-009372
-007626
-006753
-010420
-014553
-011468
-005298
-005181
-009314
-011468
-012167
-014553
-016416
-014320
-009605
-004716
-001980
-003784
-008383
-011992
-013273
-011934
-009314
-008325
-008558
-007859
-007335
-008907
-011177
-011584
-010129
-007568
-005298
-005181
-006578
-007975
-008034
-005065
-001689
-002911
-006695
-008092
-007510
-007510
-007451
-005763
-003610
-002562
-003319
-005822
-008499
-008965
-007510
-005647
-004599
-006054
-007859
-005589
-000641
0003725
0005297
0001106
-004133
-001339
0005122
0004831
0000407
-000233
0001222
-000233
-002620
-001630
0001164
0002153
0001397
0000000
-000757
0001338
0004598
0005704
0004831
0003492
0002735
0004249
0006228
0004656
0002095
0003725
0007159
0006985
0004424
0003201
0003609
0004947
0006286
0006694
0004889
-001630
-006345
0002153
0015193
0014552
0005413
0002619
0004307
0003026
0000756
0001397
0004249
0006810
0009779
0015658
0020723
0019209
0013213
0007916
0005995
0009080
0015076
0020199
0021014
0013039
0003143
0003667
0011467
0017405
0018452
0012573
0004482
0002910
0006810
0010652
0013854
0017579
0019791
0018336
0014727
0011991
0012049
0017114
0022993
0022294
0016473
0010012
0006228
0008557
0013854
0015018
0013330
0013504
0015134
0016531
0017579
0018976
0018918
0014378
0008673
0007916
0010536
0011467
0011525
0013330
0015542
0016008
0014902
0013330
0012282
0013039
0014610
0014552
0013388
0012515
0012631
0014610
0017230
0018860
0018918
0017754
0015775
0013737
0011583
0007974
0005704
0008906
0015134
0019326
0020315
0018918
0015833
0012457
0009546
0006636
0005238
0007451
0011060
0011758
0010419
0009721
0010536
0013737
0017405
0017928
0016240
0015600
0015251
0012515
0009721
0010477
0013912
0017579
0019908
0019209
0017172
0018045
0019733
0017114
0012631
0011234
0012166
0011816
0011351
0013563
0016124
0014902
0011118
0007392
0006344
0011700
0018569
0017987
0011700
0005297
0001455
0002619
0006286
0006344
0004482
0005879
0008789
0009255
0007683
0005471
0003958
0005064
0007159
0006228
0004424
0006577
0010070
0009313
0006636
0008091
0011176
0010245
0006577
0003783
0002444
0002328
0002968
0003201
0003143
0003259
0003376
0003259
0003259
0004307
0005297
0003783
0001397
0001164
0002735
0005122
0005646
-000350
-006811
-002271
0007392
0008615
0003900
0001688
0001979
0003201
0004132
0002910
0000582
-000583
-000292
0000873
0002328
0002910
0002677
0003026
0002561
-001514
-005996
-005065
-000874
0001222
0001047
0000873
-000059
-002969
-006404
-008266
-008034
-005822
-003202
-002853
-004541
-007393
-008499
-002620
0004482
0001455
