-003260
-001980
-003202
-004017
-004425
-004716
-005647
-009431
-012050
-006229
0002561
0003318
-001630
-004366
-004541
-003842
-001805
0003259
0006868
0002037
-006578
-009023
-006753
-006229
-005822
-000932
0003725
0000232
-007219
-008907
-005996
-003901
-003027
-002736
-003377
-005181
-007044
-006695
-005589
-007102
-009431
-009081
-006695
-004483
-003493
-004483
-006637
-008034
-008092
-006811
-005007
-004250
-004366
-004483
-004133
-002911
-001223
0000465
0000931
-001572
-004425
-002154
0002095
0001338
-001980
-001689
0000814
0001106
0000174
0000814
0002037
0001338
-000292
-000350
-000350
-004017
-007917
-005589
0000349
0003841
0004307
0003318
0000873
-003377
-006869
-005647
-002096
-002329
-004599
-004075
-002504
-004017
-006695
-006345
-003784
-001339
-000350
-002387
-004774
-002271
0002503
0003318
0001629
0001688
0002910
0003259
0002968
0002677
0002561
0002619
0002444
0000814
-000466
0002212
0006461
0008265
0006810
-000466
-002562
0021363
0032752
0032752
0001746
-032752
-032752
-032752
0032752
0032752
0003783
-005589
0009663
0011991
0004365
-003842
-007335
0001688
0015076
0017405
0009546
-001980
-009838
-003784
0009663
0016182
0014552
0008731
0000756
-006578
-010129
-008208
-001514
0007625
0014261
0012107
0004947
0001746
0003085
0007334
0011176
0008906
0004132
0005180
0008964
0007159
0003434
0006403
0011642
0009139
0002328
-000757
0000232
0003667
0007101
0006403
0003434
0002968
0004249
0004831
0004831
0004889
0005064
0005646
0005588
0002444
-000990
0000291
0004074
0005006
0004424
0006810
0009604
0007974
0004016
0002910
0003550
0002095
0000349
0001688
0004947
0007334
0008091
0006927
0004889
0004132
0004773
0006403
0007683
0006053
0004074
0007392
0012049
0009895
0003900
0001280
0002270
0004831
0007858
0010594
0010652
0004424
-001980
0002677
0012107
0012166
0005646
0002037
0001222
0000174
0000407
0004424
0009080
0008964
0005064
0000756
-001689
0000174
0004598
0007916
0008324
0004715
-000059
-000175
0002386
0001746
-000350
0000058
0002095
0003783
0004191
0001979
-000175
0002095
0006985
0011583
0011409
-001165
-013622
-001689
0018336
0009954
-010886
-005414
0012107
0005588
-010944
-004366
0013330
0013039
0002212
0001397
0006868
0007218
0004074
0002386
0001979
0001688
0001164
-000757
-002038
0000989
0006053
0008615
0008324
0006461
0004598
0005704
0007567
0005821
0001746
-000815
-001805
-002795
-002620
0000873
0004715
0003783
0000232
0000058
0001979
0002153
0001455
0001920
0003026
0003259
0002561
0001338
0000058
-000583
-000699
-001339
-001805
-000524
0000582
-002154
-005531
-002504
0002794
0001047
-003202
0000756
0008149
0008789
0004016
-001456
-004948
-003086
0000698
-001689
-006171
-002795
0002968
-001398
-009256
-005705
0003318
0003783
-001921
-006054
-007160
-004657
-000815
-000699
-002387
-000583
0002677
0003026
0000756
-002329
-004483
-003202
-000350
-000175
-001747
-001805
-001223
-001980
-003842
-006287
-007219
-002969
0002328
0000873
-004425
-006054
-005007
-005531
-006462
-005181
-003086
-003260
-005007
-006753
-007801
-007917
-006811
-004075
-001805
-003144
-007102
-011643
-013447
-007684
0000407
0000582
-004599
-007160
-007102
-006229
-005880
-008092
-012225
-017173
-019501
-014553
-005938
-001223
-000292
-001630
0000814
0021887
0032752
0007159
-032752
-032752
-011002
0001629
-001921
-005822
-007859
-004716
0000174
-001514
-006113
-005298
-001223
0000058
-001048
-002504
-003784
-004657
-004948
-004599
-004250
-005531
-006520
-003027
0001455
0000291
-004774
-008790
-010537
-009955
-006928
-001689
0002095
-000932
-007393
-009780
-008208
-005647
-003086
-001165
-000874
-002736
-005996
-009372
-011526
-012108
-010478
-005938
-002096
-004716
-010420
-011876
-009489
-006695
-004366
-003144
-003260
-004774
-005705
-002562
0001280
-000699
-005705
-007044
-005123
-002736
-001048
-001398
-003144
-004250
-005239
-007684
-010013
-009372
-007044
-006404
-006695
-005472
-003901
-003959
-005123
-005880
-006054
-006287
-005822
-003144
-000059
0000291
-001514
-003377
-004657
-005007
-004716
-004948
-004832
-001980
0000814
-001223
-005822
-007859
-006928
-004250
-001398
-000408
-001165
-002213
-003202
-004192
-004716
-004192
-003784
-005589
-007684
-006229
-002911
-001689
-002853
-006229
-009081
-007451
-003144
-000641
-000874
-003901
-006869
-004192
0000640
-000292
-004075
-003319
0000058
0001047
0000058
-000874
-001281
-000408
0000931
0001106
0000407
0000058
0000000
0000116
-000175
-001921
-003668
-002969
-000175
0003667
0006868
0007858
0006286
0002619
-000815
-000757
0001862
0004074
0004540
0002212
-001339
-003435
-003086
0000000
0003318
0001920
-001630
-001514
0001164
0003026
0003434
0002677
0001106
-000408
-000874
0001047
0003376
0002270
-000699
-001572
-000524
0000814
0002503
0005006
0006810
0005588
0002794
0001746
0001629
-000233
-002504
-002504
-000583
0002095
0004016
0003026
0000349
-001107
-000990
0000058
0001804
0004074
0004831
0000349
-004541
-000932
0006752
0008033
0004656
0002444
0002095
0003434
0005646
0007159
0007101
0004831
0001571
-000583
-000524
0002968
0006927
0004947
0002037
0009080
0018918
0016881
0007858
0004947
0006636
0006112
0005355
0009954
0014028
0006868
-004657
-006520
-000175
0006985
0012748
0016008
0015484
0011001
0005471
0003492
0004307
0003725
0003550
0008324
0012573
0006461
-004425
-008208
-005065
0000756
0006344
0008498
0007101
0004656
0002386
0001746
0002212
0001629
0000814
0001688
0002910
0001804
0000174
0001746
0004889
0005879
0005006
0004016
0003201
0002619
0002677
0003434
0004598
0006170
0006868
0004715
0002270
0004365
0008207
0007509
0004191
0002968
0003550
0004016
0004074
0003434
0003026
0004482
0006403
0005879
0003725
0001920
0000756
-000408
-001281
-001805
-001048
0002735
0006868
0007392
0004831
0001571
0000058
0003667
0009080
0009546
0006636
0005879
0006053
0003085
0000232
0003841
0009430
0007683
0002037
0001106
0003783
0005297
0005762
0006403
0006752
0006519
0005762
0005122
0004132
0001164
-001165
0002037
0006577
0003958
-002445
-004308
-002213
0000523
0002619
0002619
0001338
0001629
0002037
-001223
-005123
-003784
-000292
-001980
-005356
-001805
0004132
0002561
-002562
-001572
0002677
0002328
-000117
0001397
0005064
0006519
0006286
0006752
0007101
0005646
0002735
-001339
-004250
-003027
0000465
0001804
0000698
-001921
-004657
-006113
-004948
0000058
0005821
0007276
0005006
0003143
0001047
-003493
-007277
-005239
0000232
0003667
0004191
0002619
0000000
-001980
-002911
-003435
-003842
-004716
-005589
-005414
-005239
-007335
-009605
-007626
-003842
-003493
-005705
-007917
-008266
-004017
0000814
-001747
-007335
-005589
-000699
-002271
-007743
-010187
-009489
-007335
-004948
-004483
-005298
-005589
-005239
-004425
-003610
-003260
-003959
-007451
-009838
-003668
0003958
-002213
-012458
-004425
0009313
0000174
-017522
-011293
0006112
0003667
-009780
-010362
-003551
-005298
-010304
-005880
0002037
0000756
-005880
-007684
-005880
-005647
-006753
-008092
-009256
-009605
-009431
-009489
-009664
-009896
-009605
-007335
-005298
-007510
-010886
-009140
-004541
-002620
-003377
-005181
-006753
-005880
-004308
-006054
-009256
-010071
-008616
-005996
-004075
-006404
-009314
-005356
0001513
0003143
0000116
-003668
-006462
-006520
-005007
-005181
-005822
-003784
-001107
-001630
-004250
-006113
-006695
-005880
-004948
-006753
-009140
-007626
-004599
-005472
-008208
-008092
-005647
-002795
-000815
-001398
-002911
-001048
0001746
0000523
-003610
-007684
-009722
-008092
-003726
0001222
0004016
0001688
-003784
-007160
-008849
-011468
-013855
-014902
-013156
-006695
0000756
0003318
0001629
-000699
-001514
0002794
0007509
0003318
-005472
-008150
-007568
-012865
-018046
-011701
0000814
0008207
0009255
0006927
0001920
-003959
-009023
-012108
-013156
-014088
-013098
-006637
0001164
0002910
0001047
0002852
0005937
0004947
0000582
-005181
-009489
-009314
-004948
0001397
0007334
0010361
0010827
0011875
0012340
0010477
0006927
0002968
-000117
-001281
-000641
0000465
0002095
0005238
0007683
0006112
0002328
0000873
0000174
-004308
-009256
-008092
-003726
-003493
-004716
-000350
0006053
0007392
0005297
0005122
0006228
0006577
0005646
0003026
0000349
0000465
0001979
0000931
-000699
0001629
0005530
0005762
0003783
0004132
0004482
-000699
-006345
-002969
0004947
0007101
0004831
0003725
0003667
0003143
0003026
0004889
0007159
0006985
0004889
0002270
0000931
0003026
0006519
0006519
0004540
0004947
0006286
0004365
0002153
0006053
0011525
0009488
0003609
0002794
0006228
0010419
0013155
0012282
0008615
0004656
0002677
0005588
0009779
0007509
0002503
0003143
0007916
0012107
0014203
0013155
0009837
0006170
0003550
0003143
0004132
0003958
0003667
0005646
0008557
0010012
0009895
0008964
0007509
0005821
0004365
0003143
0003143
0006112
0008673
0004947
-001689
-003668
-001863
-000466
0000523
0002037
0003376
0003725
0002968
0001106
-000524
0000116
0001920
0002037
0001920
0005588
0009313
0006228
-000233
-002154
-000350
0001688
0002386
0000000
-003842
-005996
-005356
-001514
0003026
0004016
0002561
0002270
0002910
0002968
0003259
0005297
0007276
0005646
0001920
0000000
-000699
-002736
-004308
-002445
0001280
0003259
0003201
0001979
0000465
0000523
0001338
0000640
-000350
0000523
0002910
0005879
0007509
0005646
0001280
-003551
-006113
-003202
0002503
0005879
0005006
-000641
-007684
-010246
-008441
-005007
-001689
-000583
-001165
-001223
-000524
0001106
0002677
0002444
0000873
-000641
-001514
-001281
-000757
-001921
-003377
-002096
-000292
-002445
-006637
-008732
-007975
-004425
-000408
0000174
-001689
-002562
-003144
-006171
-009198
-007801
-004425
-005007
-007335
-005531
-002911
-006578
-012516
-012108
-008208
-008325
-010770
-010420
-009081
-012050
-014728
-007393
0001920
-003610
-014088
-006404
0007218
-001747
-018570
-009838
0010245
0008789
-005472
-008790
-003551
0000232
0000523
-004425
-011468
-014611
-013505
-010828
-006986
-001339
0002270
-001689
-008732
-009605
-006229
-005239
-005647
-004075
-002387
-004541
-008092
-007917
-005589
-005647
-007160
-007335
-007044
-008558
-009664
-005472
-000524
-004133
-010304
-006287
0002735
0004947
0001164
-003260
-006986
-009722
-009314
-002504
0003900
-002678
-014495
-014611
-006986
-004250
-004890
-002795
0000000
-000350
-003144
-006520
-008674
-007801
-004948
-002853
-002213
-003202
-004890
-005472
-004657
-002387
-000175
-000641
-002620
-002969
-003144
-007510
-011934
-009081
-002387
0000174
-001398
-004250
-007393
-010304
-011177
-007859
-003784
-005356
-009896
-010653
-008732
-008499
-008499
-005472
-001456
-000757
-002038
-001398
-000233
-002154
-005123
-005181
-003493
-003784
-004948
-004483
-002795
-001339
-000583
-000524
-001514
-003842
-005763
-004541
-001514
0000232
0000116
-001980
-003610
0000465
0005471
0001397
-005996
-003842
0003318
0004191
0000291
-002911
-004075
-002329
0000873
0002444
0002386
0002037
0001862
0002270
0003492
0005937
0007858
0006519
0003783
0004016
0005762
0005180
0003841
0005821
0009080
0009604
0007683
0005064
0003143
0003725
0005530
0005238
0004016
0004947
0006694
0006112
0004598
0005704
0007451
0005355
0002503
0005413
0010361
0009546
0004656
0000407
-001281
0000698
0005238
0009837
0011933
0008673
0003434
0003201
0005821
0005122
0002444
0001397
0002037
0002852
0004482
0008557
0011467
0007276
0000116
-001514
0001397
0004016
0006112
0008906
0009837
0004540
-002562
-002795
0000989
0001106
-000757
0000232
0003667
0008498
0012107
0011234
0007625
0005588
0005937
0008033
0011409
0015716
0017987
0014378
0006985
-000292
-003086
0004016
0014610
0016473
0011409
0006985
0004889
0005530
0008149
0009837
0010477
0010827
0010419
0008731
0006286
0003667
0002386
0004540
0008091
0008906
0007683
0006519
0006810
0010303
0014727
0016648
0014610
0007218
0000756
0006170
0016240
0014727
0006694
0006403
0009663
0005122
-001339
0002910
0011816
0011409
0005355
0004132
0006228
0006519
0005530
0005006
0004540
0002910
0001513
0002503
0005006
0006868
0007218
0005530
0003143
0002735
0003492
0002503
0001920
0006810
0012166
0008498
0001222
0002677
0008207
0005821
-000350
-000524
0002794
0002619
-000233
-002853
-003784
-001456
0002328
0003841
0003492
0003725
0004191
0004307
0003725
0001979
0000058
-000524
-000233
-000641
-001223
-001048
-000233
0000873
0001513
0000640
-000699
-000641
0000698
0002561
0003841
0003201
0001106
-001456
-003319
-003377
-001805
0000465
0002503
0003667
0003201
0000291
-003027
-003319
-001689
-001747
-002445
-000757
0000989
-001980
-006404
-005880
-002329
-000757
-001165
-001863
-002620
-003260
-003027
-000524
0002095
0001047
-002038
-002795
-002096
-002969
-003842
-001048
0002212
-000641
-005414
-002969
0002677
0002095
-001863
-001572
0000756
-000466
-003784
-006054
-006054
-002562
0001222
-000932
-005531
-004774
-000932
0000291
-001107
-003435
-005181
-003901
-001223
-000524
-001456
-002329
-002911
-003260
-003319
-003901
-003377
0001862
0007159
0004132
-002736
-003260
0000407
0001746
0000931
-000350
-000874
0001571
0004715
0004715
0002095
-000932
-002387
-000233
0003783
0005821
0005238
0003143
0000349
-001630
-002213
-001339
-000233
-001223
-003377
-004308
-003784
-002038
0000058
0001106
0001106
0000873
0000756
0001746
0002968
0002677
0001513
0001106
0001338
0001106
0000873
0001222
0001979
0003085
0003550
0001746
-000524
0000465
0003259
0004424
0003725
0001455
-000408
0001746
0005006
0002910
-001572
-001689
0001280
0003259
0003725
0002794
0001688
0003085
0005762
0006694
0006228
0006170
0006053
0004715
0003318
0004598
0005995
0002153
-003202
-002271
0001862
0000873
-001572
0003725
0011060
0008731
0001164
-000815
0001746
0003900
0004715
0003900
0002386
0002561
0003900
0004831
0005297
0005704
0005704
0004598
0003725
0005762
0008382
0006810
0002503
-000932
-002329
-001281
0001280
0003783
0004656
0001804
-001456
0001280
0006577
0006868
0003376
0000582
-000466
0001106
0003434
0002794
0000931
0001629
0004307
0006694
0008615
0010652
0011758
0010536
0007974
0006053
0004947
0003318
0002735
0005588
0009371
0009488
0006694
0003958
0002386
0003085
0004715
0004132
0002444
0002386
0003841
0006170
0007742
0005937
0002968
0003550
0006112
0006519
0005530
0005762
0006170
0004656
0002444
0001746
0002852
0005588
0008149
0007334
0004889
0004947
0005879
0002910
-000292
0003550
0010303
0010885
0007451
0006461
0007625
0008906
0009488
0008382
0005995
0002910
0001804
0007451
0013388
0006868
-003842
-000583
0009488
0008498
0001513
0002561
0008033
0008789
0005937
0003783
0003085
0004016
0006286
0009546
0011583
0009197
0004831
0003841
0005588
0007101
0008033
0008149
0007567
0007043
0006286
0004482
0003201
0005064
0008440
0010361
0010361
0008789
0007276
0009080
0011583
0008789
0004074
0004947
0008265
0006577
0001862
-001107
-001281
0001338
0004715
0005122
0003434
0002677
0002968
0004191
0004482
0000058
-004948
-002795
0003201
0004773
0003085
0003026
0003900
0003783
0002794
0001688
0000814
0000232
0000640
0002852
0004889
0003259
0000232
0001106
0004016
0004947
0003725
0000931
-001572
-001398
0001280
0005471
0008906
0008324
0005355
0003958
0004016
0003958
0003492
0001746
0000640
0003900
0008149
0007276
0002735
-000466
-002504
-006171
-007859
-000815
0007742
0004540
-005414
-009314
-007859
-006869
-005065
0000873
0006868
0006053
0000989
-001223
-001223
-002620
-004075
-003202
-001107
0000116
-000059
-001339
-003086
-004075
-003959
-002329
-000815
-002154
-004890
-005938
-005239
-004425
-003551
-002736
-002853
-004948
-008150
-010770
-011934
-011526
-009372
-005298
-001805
-002736
-005996
-006578
-005414
-006287
-007684
-006287
-004308
-006578
-009780
-006811
-001630
-003086
-008034
-008907
-006928
-006753
-007451
-006578
-005181
-005414
-006171
-004774
-002853
-003784
-005996
-005647
-004599
-007219
-010886
-010187
-007393
-008325
-010246
-007160
-002096
-002213
-004948
-003959
-000990
-000699
-002154
-002387
-002271
-004133
-006287
-005356
-003086
-002853
-004948
-008907
-012108
-010653
-006113
-002736
-001339
-000990
-002445
-006462
-010595
-011526
-009489
-006695
-003959
-001921
-001165
-001223
-002969
-008092
-013098
-012050
-007219
-004366
-003726
-003784
-004308
-004599
-005007
-006287
-007626
-007568
-006869
-007626
-008907
-008907
-007568
-005414
-003784
-004250
-006171
-007277
-007801
-008907
-009605
-008208
-005996
-005531
-006811
-009489
-011352
-008849
-004308
-002213
-002911
-005763
-008325
-006811
-003027
-001107
-001456
-002969
-005472
-008907
-011352
-009896
-006695
-006229
-007917
-009605
-010420
-009314
-007510
-008034
-009256
-007568
-004250
-001398
-000932
-005007
-010362
-010886
-007335
-002853
0000000
-002096
-006171
-005239
-002154
-003784
-008034
-009780
-008616
-005239
-001921
-002620
-005414
-005298
-003435
-003784
-003610
0003609
0010885
0004773
-007219
-008907
-003086
0000116
0000291
-000408
-002795
-008732
-013680
-010071
-002562
-001630
-005472
-007393
-007684
-008907
-009198
-005298
-000350
0000000
-003086
-006054
-007451
-006462
-003784
-000932
0000523
-004541
-005123
0023109
0032752
0020432
-032752
-032752
-032752
-010770
0032752
0032752
-013040
-021015
0002852
0007101
-003086
-010187
-010537
0000000
0013097
0013621
0004424
-004308
-008150
-002736
0006927
0010070
0007101
0003143
-000699
-003260
-004774
-008266
-009489
-000874
0010303
0010070
0002444
-000815
0000116
0002037
0003143
-000292
-004192
-000466
0007043
0009139
0008324
0012922
0017172
0009604
-001630
0000232
0009371
0010827
0006344
0002794
0001629
0004540
0008382
0006577
0002968
0007101
0012631
0006577
-004716
-007801
-003144
0004365
0011001
0011525
0008731
0011583
0015076
0008673
-001514
-002795
0002619
0006752
0008615
0009080
0007509
0003609
-000117
0000058
0002328
0001222
-000641
0002910
0008324
0008440
0005530
0006519
0008848
0007043
0002677
-000466
-002096
-003726
-003901
-000874
0003725
0006752
0007567
0006985
0005238
0002794
0001222
0003143
0006053
0004365
0001338
0004889
0010303
0007451
0001222
0003201
0009197
0008964
0005297
0005588
0008149
0008615
0007218
0005355
0004540
0007159
0010652
0009488
0006286
0007159
0010186
0010070
0008207
0008324
0009139
0007567
0004773
0003085
0002386
0000814
0000407
0004947
0009895
0006344
-000350
0002037
0009022
0009604
0006112
0005879
0006927
0003783
-000466
0000640
0004307
0003900
0001222
0001338
0003434
0005238
0006170
0006519
0005297
0000931
-003260
-001165
0004249
0006112
0005413
0006228
0007800
0008731
0008498
0006868
0004191
0000291
-001863
0002328
0008557
0008557
0003550
-001456
-004599
-004774
-002154
0002677
0005471
-000641
-009896
-010595
-005705
-004425
-006229
-007684
-008732
-010129
-010420
-007510
-003319
-001281
-001165
-000932
-001339
-004192
-007277
-007219
-004599
-001223
0001106
0000116
-002678
-003842
-003377
-002504
-002154
-004483
-006753
-003959
0000989
0001338
-001281
-001805
-000874
-000466
-000874
-002213
-004366
-007684
-009780
-007160
-002795
-003260
-006287
-005705
-003493
-004716
-007568
-007801
-006811
-008383
-010944
-011817
-010071
-005065
-000466
-002562
-007859
-008150
-004599
-001514
-000175
-001456
-004366
-006520
-007219
-006520
-005181
-004599
-005065
-006520
-007801
-006637
-004541
-005181
-007044
-005996
-004250
-006345
-010071
-010304
-009081
-010828
-015077
-020898
-023576
-015659
-003726
-001339
-004075
-000175
0008906
0022061
0025438
-005181
-032752
-032752
-002038
0005122
-007335
-014029
-014553
-012865
-010304
-010420
-011468
-008616
-004541
-004308
-006811
-008499
-008732
-007393
-005123
-003202
-002213
-002445
-003784
-005647
-007451
-009023
-009314
-006869
-003842
-003842
-005996
-006928
-006869
-006928
-006753
-005763
-004948
-006637
-008558
-005822
-001689
-003144
-007510
-008383
-006287
-003959
-002562
-003144
-005007
-006171
-006578
-006811
-007044
-007917
-008616
-007277
-005472
-005938
-008092
-010304
-011759
-011293
-010246
-011759
-013273
-009372
-003319
-001630
-003086
-002853
-002504
-005705
-009780
-010129
-007277
-003202
-000408
-002213
-006113
-006520
-004425
-004017
-003959
-000583
0002503
-001339
-008034
-008616
-005007
-003668
-003551
-001048
0001746
0001629
-001107
-005705
-008208
-002504
0005821
0005879
-000117
-004832
-007102
-007219
-005414
-002154
-000524
-005356
-012225
-012399
-008208
-007044
-007684
-005880
-003551
-004133
-006462
-007684
-006695
-002562
0002212
0003143
0001222
0000000
0000058
0001397
0002910
0002444
0000407
-002096
-003493
-001863
0000873
0000756
-001281
-002504
-002504
-001165
0000232
-000699
-002271
-000699
0002386
0003376
0002328
0000232
-001107
0001047
0004656
0005064
0003318
0003143
0003609
0001804
0000000
0003085
0007567
0006286
0001979
0001571
0003434
0002794
0000873
0000814
0002037
0002503
0002619
0003143
0004249
0006577
0008382
0006694
0003434
0002503
0003434
0003783
0003725
0003958
0004715
0006403
0007916
0006985
0005180
0006228
0008149
0005879
0002386
0003725
0007509
0007742
0006286
0008789
0012166
0010245
0005762
0005122
0007392
0009197
0010070
0010186
0009488
0008091
0006519
0005238
0005064
0007101
0009430
0009080
0006228
0002037
-000874
0001455
0006344
0007858
0006461
0004773
0004656
0009022
0013679
0010128
0003143
0003259
0007858
0008382
0007101
0010303
0014261
0012282
0005821
-001398
-005763
-003842
0002677
0009430
0013795
0013621
0011292
0013213
0014727
0005588
-006869
-009023
-001863
0007974
0015949
0016648
0012224
0009721
0008557
0005180
0002444
0005297
0010419
0010827
0008440
0009313
0011525
0010419
0007392
0005937
0005879
0005879
0005704
0005355
0004540
0003026
0001164
-001107
-001921
0001455
0006112
0006927
0004424
0001455
-000175
0001688
0005006
0004715
0002968
0005122
0008557
0007334
0003667
0003026
0004074
0002386
-000117
0000291
0002619
0004307
0004598
0002444
0000116
0002095
0005646
0004831
0002037
0003492
0006461
0004132
0000000
0001513
0006519
0009604
0010070
0008964
0006461
0002852
0000407
0002444
0006053
0004947
0001164
-000117
0000582
0000349
0000000
0001455
0003609
0004598
0004191
0002561
0000756
0000698
0001629
0001513
0000873
0000523
0001862
0007334
0012340
0008673
0000407
-003260
-002387
-000233
0001164
-002329
-006171
-001339
0006636
0006286
-000117
-005298
-006928
-003668
0001979
0004831
0004365
0002153
-000292
-000641
0001047
0003841
0005530
0002619
-002213
-003959
-002445
0000582
0002910
0000989
-002736
-002678
-000641
-001921
-004133
-001747
0002561
0002619
-000059
-000874
-000641
-002154
-003610
-002038
0001222
0003550
0003725
0001047
-002853
-005181
-004832
-001048
0003026
0001920
-001689
-000699
0002619
0003259
0000582
-005705
-011235
-008558
-002154
-002736
-006695
-004890
0000116
0002328
0001571
-000350
-002445
-003377
-002795
-001165
0000814
0002561
0002735
-000292
-004250
-004774
-003493
-005705
-008208
-004017
0002444
0001862
-002911
-004017
-001805
0001106
0003085
0001920
-001572
-004890
-007044
-007684
-006345
-002678
0001106
0001629
-000699
-003842
-006695
-007626
-008150
-012749
-016882
-012167
-003551
-002096
-004774
-001572
0002270
-004657
-015426
-015368
-010071
-014204
-022179
-021946
-014961
-006695
-000757
-000874
-004890
-006462
-006345
-008558
-010187
-005822
0000756
0002386
-000932
-006869
-011759
-010071
-005705
-007626
-013331
-016823
-016183
-009838
-002969
-005065
-011701
-012341
-008034
-003610
-000699
-000408
-002154
-003784
-003959
-001048
0002270
0000989
-003377
-007510
-008441
-001572
0006053
0001222
-009722
-012167
-007859
-004308
-002853
-004250
-006695
-005531
-003086
-004716
-008325
-009605
-008266
-005589
-002387
0001106
0001920
-004133
-012923
-017056
-015717
-010944
-005880
-005414
-008092
-008616
-007451
-006753
-006578
-006695
-007044
-007451
-007568
-006869
-005996
-006404
-007451
-007743
-007451
-007102
-006404
-004774
-002562
-000059
0001280
-000874
-004192
-004250
-002096
-000932
-000932
-001689
-002213
-000932
0001106
0002037
0001629
0000232
-001165
-000757
0000523
0000232
-000932
-001514
-001456
-001456
-000524
0003609
0007218
0003725
-002853
-003435
-000233
-000059
-001398
0000000
0002444
0002212
0000174
-001165
-001514
-001281
-000175
0002328
0004307
0002735
-000466
-001165
0001047
0005704
0010128
0010477
0007276
0002968
-000292
-000583
0001862
0005588
0008498
0008091
0005588
0004365
0004132
0003201
0001746
0000232
-000641
0000349
0001571
-000641
-004017
-003610
-001165
-001048
-001689
0000698
0004249
0005238
0004132
0003259
0003201
0004773
0006985
0008324
0007916
0004598
0001047
0001979
0005238
0005122
0003550
0005937
0009139
0006286
0001047
0001280
0005180
0007276
0007742
0008440
0008848
0008324
0007392
0007334
0007509
0006053
0004307
0005180
0006868
0005122
0002270
0003318
0006170
0005879
0003376
0001222
0000814
0004249
0008731
0009139
0006694
0005530
0005006
0002386
0000058
0002270
0006286
0006286
0003376
0001164
0000291
0000989
0002037
0000465
-001339
0001629
0006112
0005122
0001338
0001397
0004307
0006927
0008557
0008557
0007625
0007800
0007742
0003841
0000058
0003550
0009895
0009255
0004074
0001280
0001222
0002503
0004249
0005006
0004831
0004540
0004074
0003783
0002852
-000757
-003377
0002153
0009430
0004307
-004250
0004889
0018278
0006228
-014146
-005007
0018220
0019326
0005821
0000582
0002852
0006112
0008498
0007451
0004074
0001979
0000814
-002096
-003726
0001629
0008615
0006694
0000058
-000757
0002212
0002386
0000640
-000175
0000058
0000814
0002095
0004249
0006112
0006112
0004540
0002677
0000931
-001165
-001689
0002444
0007451
0006228
0001688
0001280
0003376
0003318
0001688
0000407
-000350
-000699
-000815
-001747
-002504
-001048
0000640
-001514
-004599
-002562
0001629
0000756
-002271
0000232
0004540
0003085
-001630
-003377
-002504
-001921
-001747
-001863
-002096
-001689
-001223
-002387
-003726
-002329
0000232
0000640
-000524
-001165
-001339
-002096
-002736
-002562
-001223
0001920
0005006
0004831
0002503
0000698
0000232
0001920
0003085
-001572
-007917
-007743
-003319
-001514
-002096
-002911
-003493
-003086
-002620
-004075
-006171
-006578
-004890
-001630
0001629
0002735
0001629
-000292
-002096
-002329
-001630
-001747
-002271
-001747
-001747
-005531
-009372
-006171
-000117
-000757
-004599
-002911
0001513
0001746
-000699
-001398
-001572
-004541
-007568
-005763
-000874
0002561
0003550
0001571
-001165
0000407
0002386
-003901
-011817
-008092
0001688
0004540
0001047
-003610
-007102
-006171
-003493
-005880
-009547
-006054
0000640
0001804
-001805
-006171
-009140
-008441
-005123
-002096
-000699
-001630
-003842
-004948
-004599
-003668
-002271
-000466
0000640
-000350
-002562
-004075
-004541
-004716
-003959
-001572
0001047
0001862
0001164
0001047
0000756
-000932
-003144
-004250
-003842
-001630
0000349
-002154
-005298
-001048
0005646
0004773
-001339
-005880
-007160
-004308
-000350
-001048
-004599
-005531
-004657
-005065
-005880
-005239
-003959
-003726
-004192
-004366
-003319
0000640
0004191
0001338
-004250
-004948
-001747
0000931
0002270
0002735
0001164
-004075
-008558
-004483
0003376
0004540
0000873
-000524
-000815
-003784
-006869
-005356
-001048
0002212
0002910
0000291
-003260
-003144
-000583
0000582
0000523
0000814
0000698
-001107
-003551
-005239
-005065
-001863
0001513
-000466
-004716
-004308
-001107
-000233
-001980
-006345
-009955
-007626
-001223
0004773
0007858
0005879
0001804
0002503
0004831
0001164
-005065
-006811
-004192
0000465
0004540
0003841
0000582
0000523
0002444
0002503
0001688
0002794
0004016
0001280
-002038
0000814
0006403
0007509
0004715
0001688
-000524
-001107
-000408
-000350
-000350
0000698
0002153
0003259
0003026
-000292
-003668
-001805
0002852
0004715
0003783
0002037
0000000
-001630
-002445
-002911
-002620
-001107
0000582
0000523
-000117
0001455
0003434
0001979
-001572
-004657
-005239
-001165
0004365
0005413
0003026
0001629
0001397
0001513
0002037
0002968
0003318
0001746
-000641
-001805
-001223
0001338
0003201
-000815
-006287
-003842
0002503
0003201
0000291
0000116
0001804
0002735
0002968
0003143
0003201
0002852
0002328
0001979
0002153
0003725
0005064
0003318
0000523
0000931
0003259
0004016
0003259
0001979
0001571
0004540
0007800
0004831
-000641
-000117
0003725
0003667
0001746
0003434
0006403
0005530
0002503
0001047
0001280
0002212
0003085
0002910
0001571
-000699
-002620
-002329
-000583
0000058
0000465
0003259
0006228
0005413
0002444
0001455
0001688
0000698
-000350
0000698
0003143
0005006
0006053
0006810
0006112
0002328
-002096
-003551
-001281
0004831
0010303
0007858
0001106
-001339
0000000
0000523
0001222
0004540
0007509
0005297
0000232
-002387
-002387
-001805
-000175
0003900
0007043
0003376
-002445
-001048
0005122
0008848
0009837
0010477
0008848
0000698
-007277
-003493
0005646
0005530
-000466
-001630
0000407
0000116
-000757
0001629
0005180
0005821
0003841
0000989
-001747
-003610
-003901
-003027
-001048
0002386
0004656
0001571
-002562
0001338
0008382
0007625
0002153
0000407
0001222
-000117
-001805
-000117
0003434
0006228
0005879
-000932
-008558
-006753
0000640
0003259
0002212
0002444
0003434
0003492
0003783
0006927
0009604
0006403
-001048
-009605
-012690
-000757
0015833
0017114
0007800
0003609
0003201
0000232
-004075
-007801
-009489
-007917
-004017
-000466
0002561
0005995
0009022
0011292
0010885
0005238
-003144
-009722
-012807
-012516
-008732
-002445
0004249
0009080
0010710
0009371
0005995
0002910
0000349
-002271
-004832
-007917
-009722
-007975
-003086
0004016
0010128
0011176
0008731
0008382
0008033
0002968
-004657
-011643
-014670
-010944
-002795
0004947
0009546
0009313
0005646
0002852
0000931
-001747
-004425
-006578
-007393
-006171
-003842
-002445
-001514
0000756
0003026
0003026
0001222
-000757
-002504
-003551
-004250
-006054
-007102
-004075
0000232
0000291
-002038
-001572
0000814
0002619
0003201
0002212
-000466
-004541
-008499
-010537
-009664
-005356
-000292
0001629
0000523
-000757
-002387
-005589
-008034
-005822
-002562
-006462
-011876
-006404
0003201
0002095
-004716
-004017
0000873
0000814
-002504
-004075
-004192
-004599
-004948
-004541
-003668
-003027
-002620
-002213
-001747
-000932
-000641
-001863
-004075
-006404
-007102
-003610
0001164
0001571
-000699
-000408
0000931
-000175
-003202
-006928
-009198
-006753
-002562
-002736
-005705
-007335
-006520
-002213
0001629
-002678
-009489
-006462
0000174
-004366
-013214
-011002
-002387
0000756
-001107
-003435
-005705
-008441
-009198
-004250
0001455
-001572
-008441
-007277
-002562
-006462
-012458
-005938
0004889
0002619
-006753
-007335
-002271
-000874
-002387
-003551
-004366
-005531
-006345
-006054
-005065
-004366
-003959
-002853
-002504
-005763
-009314
-006869
-001630
-001398
-003260
0000407
0005588
0004132
-001165
-003435
-002329
0000640
0003492
0002852
0000116
-000815
-000292
0000407
0000349
-002271
-005007
-003959
0000000
0003900
0006519
0007218
0006228
0004598
0003725
0005413
0007858
0007159
0004598
0003143
0003026
0003958
0004540
0002270
-000874
-000524
0001164
-001223
-004308
-001165
0004947
0006228
0004540
0005879
0007334
0002503
-004366
-005414
-001689
0002095
0004249
0003259
0000174
-002038
-002853
-002678
-001572
0000640
0002328
0000873
-001339
0000291
0004424
0007858
0009080
0006694
0002852
0001571
0002328
0002386
0002037
0001862
0002677
0006112
0009779
0009721
0007276
0006053
0006170
0006403
0006344
0005413
0003841
0002503
0001629
0000640
0000698
0003667
0007218
0007218
0004598
0003143
0001920
-002504
-005763
-000233
0008615
0009080
0004016
0002153
0002910
0003376
0003143
0001513
-000350
-000524
0000989
0003318
0005297
0005471
0004540
0005122
0006053
0004656
0002328
0002386
0003434
0001979
0000000
0001455
0004598
0005238
0003958
0003259
0002794
0000931
-000350
0002677
0006868
0006053
0002212
0000523
0000756
0000814
0000523
-000408
-001339
-001398
-000408
0001920
0003783
0002095
-000932
-000583
0001513
0000873
-001398
-002271
-002213
-003319
-004017
-001048
0002735
0001862
-001048
0000873
0004365
0002153
-002678
-003551
0000000
0007742
0013563
0007159
-003842
-003086
0004424
0004947
0000873
0000174
0000989
-001747
-004890
-001863
0003259
0002037
-003377
-006928
-007568
-005705
-002853
-001980
-002504
-001747
-000932
-002911
-005531
-005065
-001747
0003434
0006694
0002503
-005472
-009256
-008965
-008266
-006928
-003726
-000757
-000641
-002795
-005181
-006520
-005356
-002969
-002562
-003493
-003784
-003202
-001339
-000117
-002445
-006520
-008732
-008499
-005938
-003144
-003668
-005763
-004890
-002969
-005181
-008208
-004948
0000407
-001048
-005938
-005763
-002504
-001921
-003260
-003610
-003551
-004192
-005356
-006928
-007277
-003842
0000465
0000116
-003551
-006462
-007393
-005065
-001980
-003435
-006811
-005822
-002504
-002038
-003668
-004716
-004948
-004657
-003842
-002387
-001281
-001921
-003551
-004774
-005007
-003610
-002038
-003435
-005472
-003202
0000291
-001165
-006520
-013680
-016882
-006462
0007101
0001979
-010478
-002445
0012457
0002619
-016998
-011817
0005238
0002212
-011061
-010246
0000698
0009546
0012981
0009022
0000640
-005181
-008383
-012574
-015310
-013098
-007626
-003551
0000232
0008789
0015658
0010245
-001107
-005181
-001747
0004773
0010769
0012166
0007916
-004075
-010828
0010303
0032752
0032752
0002037
-032752
-032752
-032752
0032752
0032752
-000233
-008732
0010477
0016822
0010419
-002795
-014379
-010711
0002095
0009139
0007683
-001805
-011876
-009314
0001513
0009022
0010652
0005995
-001107
-002329
-000699
-005763
-011526
-006229
0004074
0006519
0002561
-001165
-003144
-002213
0000349
0000873
0000698
0003492
0006752
0005937
0002153
-001572
-003435
-001689
0001804
0003434
0003026
0002095
0000989
0000407
0000058
-001572
-002387
0002212
0006985
0001397
-007277
-003027
0007218
0006927
0000116
-001223
0000116
-004541
-009314
-002329
0007916
0003841
-007451
-008907
-003377
-001339
-001281
0002153
0006344
0006752
0004365
0002037
0000814
0001629
0002968
0001280
-001165
0000465
0004307
0006461
0006170
0003550
0000465
-000059
0001397
0002794
0003026
0000814
-001980
-001863
0000523
0002910
0004540
0005064
0004656
0004191
0004132
0005006
0005821
0004540
0002794
0003900
0007043
0010303
0012107
0010827
0006985
0001455
-002271
0000291
0006112
0008149
0006694
0004656
0003143
0003841
0005530
0004889
0003259
0003900
0005413
0004191
0002153
0003085
0005355
0004889
0003376
0005122
0008673
0011060
0011292
0008440
0005355
0007625
0011816
0010419
0005588
0002910
0002677
0003259
0004947
0008382
0011583
0011583
0009371
0007800
0007276
0007858
0008324
0006053
0003725
0006461
0011467
0012922
0010652
0006053
0001920
0002910
0006344
0005588
0002619
0002444
0004947
0009080
0012166
0010070
0005588
0005530
0007683
0006112
0002794
0002270
0003434
0002386
0001455
0005530
0010536
0008731
0002910
0000058
0000582
0003026
0005122
0002619
-001863
-002562
-000815
-000699
-001398
-000874
0000814
0003259
0005530
0006286
0005937
0005879
0005646
0003376
0001106
0002270
0004889
0004482
0002095
0000873
0000523
-000815
-001863
-000059
0002270
0000523
-002853
-002096
0001047
0002386
0001862
0001164
-000292
-003901
-006578
-002504
0003667
0002444
-003027
-004075
-001572
0000989
0002386
0001513
-001107
-003668
-005763
-007335
-007975
-007743
-006811
-005531
-004599
-004716
-005647
-006695
-006753
-004133
-001048
-002038
-005007
-005065
-003319
-003319
-004541
-005647
-005589
-003202
-000117
0000523
-001107
-003842
-005880
-005007
-002620
-001165
-002969
-011992
-020491
-015252
-002271
0003958
0003958
0002212
0003958
0022469
0032752
0001397
-032752
-032752
-003260
0006577
-005181
-011584
-011061
-004832
0002270
0000814
-005763
-008208
-006928
-004657
-003610
-007626
-012690
-011235
-005356
-001223
-000117
-001863
-005356
-007684
-009198
-011934
-013855
-011468
-007102
-005589
-006113
-005414
-004366
-004948
-006054
-005531
-003901
-002329
-001572
-002562
-004308
-004657
-004308
-004948
-006462
-008499
-009547
-007335
-004075
-004308
-006287
-005298
-002911
-002853
-003842
-002678
-000408
0000291
-000059
0000465
0000698
-001281
-004774
-008674
-010537
-007393
-001863
0000640
0000116
-001747
-002911
0000232
0004132
0001688
-004133
-006753
-005705
-002445
0000873
0000582
-001863
-002620
-002213
-002853
-003901
-003435
-002795
-004541
-006520
-004017
-000117
-001281
-005239
-006578
-005123
-002213
0000523
0000349
-001514
-002154
-000932
0002444
0005530
0004249
0000756
-000059
0000931
0000465
-000583
-000175
0000814
0000291
-000583
0000465
0002503
0003434
0003085
0001746
0000349
0000116
0001106
0002852
0004424
0004365
0002910
0000931
-000583
-000699
0000465
0002037
0003725
0005355
0006344
0006694
0005413
0000465
-004308
-002213
0003783
0006403
0005530
0003376
0001397
0001746
0003609
0004424
0004307
0004249
0004365
0005122
0005413
0003492
0000582
-000990
0000116
0005704
0011758
0011409
0006694
0003550
0002153
0000582
-000059
0001688
0004598
0006810
0007276
0005180
0003318
0007159
0012631
0010885
0005762
0006985
0010419
0006286
-001223
-002911
-000408
0000174
0000116
0002677
0006461
0009255
0010419
0010303
0008731
0005413
0002503
0002794
0005646
0009663
0011933
0008673
0003259
0002328
0005355
0009197
0011292
0008440
0003143
0001455
0001571
-002329
-006171
-001921
0005995
0008440
0006461
0005413
0005238
0004831
0004074
0002095
0000407
0001862
0004715
0005006
0004132
0005995
0008789
0009022
0007101
0004831
0002794
0000931
0000465
0003143
0006810
0008033
0006810
0004715
0002444
0000407
0000232
0004249
0009255
0009954
0007043
0004132
0002270
0001862
0003434
0007159
0010186
0008091
0003318
0001338
0002794
0007800
0011409
0004132
-005589
-000350
0011991
0012689
0005995
0004773
0007276
0007392
0005821
0004831
0004191
0002910
0002153
0003434
0006286
0009895
0011758
0007858
0002270
0003318
0007451
0005762
0001164
0000698
0003376
0005646
0006286
0003958
0000407
-001165
-000466
0001338
0003609
0005530
0006636
0007509
0007742
0007218
0006286
0005413
0004715
0004016
0003492
0002968
0002852
0003900
0004773
0002794
-000117
-000641
0001222
0004307
0006577
0004715
0001047
0000756
0002444
0001979
0000232
-000466
-000233
0000291
0001222
0003085
0004715
0004307
0002503
0000640
0000000
0002386
0005588
0005355
0003026
0002153
0002503
0002328
0001979
0002153
0002212
0000814
-000990
-001048
0000000
0000232
0000174
0001106
0002270
0002328
0001688
0001513
0001571
0001047
0000465
0000814
0001280
-000117
-001747
-000175
0002386
0001280
-001689
-002329
-001165
0000000
0000058
-002329
-005705
-006928
-006753
-008034
-008907
-005531
-000350
0001746
0001397
0001688
0001688
-000641
-003726
-004832
-004133
-002620
-002038
-005822
-009838
-005822
0001455
0001338
-002911
-002329
0000523
-001165
-004948
-005472
-003784
-003610
-004133
-002678
-000757
-001223
-002853
-002969
-001805
-000292
0000465
-000932
-004075
-008325
-010711
-007335
-000815
0003318
0003318
-001281
-007510
-010071
-009198
-007859
-006171
-003726
-001863
-002038
-003726
-004832
-005647
-007801
-009023
-005298
0000116
0000873
-001863
-004017
-004774
-003610
-002213
-004308
-007451
-006928
-003784
-001398
-000233
0000000
-000757
-002213
-003784
-004774
-005181
-005938
-005880
-003260
0000174
0001222
0000407
0000174
-000117
-002504
-005123
-004890
-003202
-003901
-005996
-006986
-006637
-005239
-003086
-000757
0000873
0001047
0000058
-001223
-001572
0000931
0003900
0002503
-000874
-000408
0002037
0001746
-000175
-000641
-000466
-001980
-003610
-002620
0000000
0001920
0002503
0002037
0000407
-002504
-004890
-004308
-001921
-000932
-001165
-000990
-000874
-001747
-002969
-003260
-003202
-004716
-005647
-001921
0002910
0001688
-002620
-002795
0000058
0002153
0002677
0001280
-000641
0000000
0001920
0001455
-000059
0000232
0001688
0002794
0002677
0000174
-002853
-002969
-001048
0000291
0000640
0000232
-000292
0000349
0001979
0003958
0005297
0004598
0002735
0002095
0001804
-000583
-002853
-001048
0002735
0004074
0002968
0001338
-000117
-000699
-000408
0000465
0000582
-002562
-005589
-001980
0004307
0005006
0001746
0000174
0000698
0003318
0005588
0003492
-000757
-001863
-000932
-001398
-002853
-004250
-004483
-001921
0001397
0001397
-000117
0001746
0004307
0001513
-003027
-002038
0002212
0004074
0002968
-000874
-004774
-004250
-001456
-002504
-004425
-000292
0005821
0005762
0001688
-000350
-000175
0000465
0001571
0003085
0003900
0002386
0000000
-000408
0000698
0001338
0001746
0002328
0003550
0006927
0009139
0003783
-003726
-002213
0003550
0001688
-004017
-003668
-000350
-002504
-005822
-000815
0006636
0005297
-002620
-010886
-014495
-006578
0004715
0001571
-006054
0005995
0023575
0016473
-002213
-001456
0010885
0012864
0007683
0006286
0007625
0008382
0007043
0000814
-005589
-003086
0003318
0001979
-003726
-004774
-002329
-000583
0000698
0003085
0004831
0003085
-000815
-004192
-005880
-005531
-003726
-002678
-001921
0000116
0002095
0001338
-000815
-001223
-000815
-002853
-004774
-001863
0002852
0002910
0000000
-000874
0000058
0000931
0001804
0002910
0003783
0004424
0003958
0001106
-002154
-002504
-000757
0000291
0000873
0002735
0003434
-001281
-007160
-006404
-001048
0003318
0004424
0000116
-005356
-003784
0001455
0002037
-001281
-004890
-006869
-005239
-001805
-000815
-001514
-000757
-000524
-004832
-009838
-008208
-003144
-002096
-003842
-004017
-002562
-000466
0001979
0004365
0005588
0004540
0002037
0000291
-000641
-002038
-002795
-001339
0000873
0001338
0000349
-000932
-001514
-000175
0002503
0005530
0006461
0002037
-004541
-006869
-005472
-004075
-002562
0000291
0002444
0000989
-002445
-004075
-003435
-000815
0001629
-000292
-003610
-002154
0001862
0003143
0001746
-000641
-003202
-005123
-005705
-004192
-002213
-002445
-004832
-008441
-010944
-009140
-004774
-001921
-000874
-000175
0000058
-000175
-000757
-001921
-002504
-000583
0001688
-000175
-003959
-005123
-003551
-000292
0001746
-002562
-008790
-007917
-002387
0001106
0001338
-001630
-005647
-006753
-005589
-005065
-004948
-004308
-003319
-002736
-002271
-000408
-000292
-007975
-016940
-015310
-007044
-002969
-003319
-005356
-006986
-004308
-000408
-002213
-006753
-007219
-004599
-002387
-001281
-001281
-002445
-004075
-005589
-006753
-006986
-005472
-003784
-004541
-007277
-010420
-011992
-009140
-004832
-004716
-007510
-008849
-008499
-006986
-005414
-005298
-006695
-009081
-010537
-007684
-003086
-002620
-004192
-001689
0002095
0001338
-002038
-002911
-002445
-004308
-006637
-005123
-002562
-004890
-008790
-006869
-002504
-003202
-007219
-009664
-009780
-007626
-004774
-003551
-004657
-008965
-012399
-007975
-000583
-001165
-006229
-006345
-003377
-002562
-003493
-004366
-004716
-003784
-002620
-003260
-005181
-007393
-008499
-006578
-003260
-001572
-001863
-003027
-004541
-005414
-005647
-006578
-006811
-003493
0000291
-001107
-005181
-005822
-004192
-004716
-005822
-003784
-001165
-003668
-007975
-006986
-002911
-001747
-002387
-001339
0000291
0000174
-000699
0000523
0002444
0002037
-000175
-002562
-004192
-003784
-002271
-001805
-001863
-000757
0000465
0000000
-001281
-001223
-000466
-000699
-001223
0000000
0001513
0000814
-001281
-002271
-002038
-000932
0000407
0001338
0001106
-001048
-004133
-006986
-008441
-007859
-005705
-003202
-001572
-002271
-004250
-004832
-004017
-002853
-001281
0000873
0003259
0005704
0006752
0004424
0000756
-000524
0000407
0001979
0003492
0004249
0004132
0003609
0002910
0002503
0002153
0000756
-000059
0002735
0006461
0005995
0002444
-000524
-001630
0000058
0002910
0003900
0002968
0001222
0000000
0001280
0003725
0003841
0002619
0002619
0003900
0005937
0007509
0006519
0004307
0004074
0004715
0002503
-000059
0001920
0005297
0002968
-001223
0000756
0006286
0008789
0008033
0005413
0003259
0005937
0009954
0007858
0002561
0001106
0003259
0006694
0009255
0008033
0005064
0005297
0007683
0009430
0009430
0006868
0002910
-000815
-001514
0004598
0012398
0012282
0006810
0004132
0003609
0001688
0000116
0002037
0005064
0004307
0001688
0001862
0003958
0004773
0005006
0006868
0008557
0006636
0003492
0004540
0007509
0007159
0004656
0003434
0003143
0002561
0001629
0000407
-000524
-000117
0000931
0000931
0000931
0002852
0005937
0008906
0010128
0007858
0003550
-000175
-001572
0000873
0004191
0002212
-001281
0002153
0008440
0008324
0004307
0003550
0004831
0004715
0002735
-001281
-004948
-004541
-000932
0002735
0005995
0009546
0012224
0013213
0011642
0007043
0001164
-003901
-005414
-000874
0006810
0012107
0013504
0011583
0007392
0003085
0000291
0000232
0001629
0001280
-000292
-001107
-001107
-000990
-000059
0002910
0005879
0005646
0003318
0002037
0001688
0001280
0000465
-002096
-003260
0002503
0010186
0009954
0004598
0002386
0003026
0003958
0004482
0003841
0002212
0000174
-001107
-000117
0002037
0003143
0002968
0002212
0001455
0001804
0002212
0000407
-001747
-000524
0002794
0004773
0005297
0005646
0005180
0002852
0000407
0000873
0002794
0002968
0001688
0000349
-000175
0000931
0002386
0001455
-000815
-001863
-001223
0001222
0003550
0002270
-000233
0001688
0004656
0000814
-005123
-002736
0003492
0003026
-001863
-004599
-005123
-005531
-005356
-003726
-001921
-002213
-003668
-004133
-003901
-004425
-004366
-000757
0003143
0001455
-002853
-003027
-000350
0000582
0000523
0003026
0004074
-005065
-014844
-006928
0007683
0004249
-008616
-009198
-001630
0001455
0000232
-001921
-003610
-002911
-000699
0000756
0000698
-000990
-003202
-003726
-003202
-004017
-004192
0000931
0006112
0001280
-007393
-006404
0000814
0004307
0004540
0005821
0005704
-001048
-008441
-004948
0002968
0000698
-007044
-007743
-003901
-003493
-004774
-002795
-000233
-002154
-006229
-006811
-005181
-005647
-006637
-004716
-001514
-000524
-001339
-001747
-001980
-002736
-003435
-002911
-002038
-002620
-003726
-002969
-001863
-003959
-007568
-009431
-008965
-006345
-003435
-003377
-005123
-005938
-005181
-001980
0000291
-004599
-012108
-013214
-009431
-006637
-005414
-005007
-005472
-006462
-006637
-003668
-000350
-001863
-006054
-007975
-006928
-003435
0000291
0000756
-001456
-003901
-004832
-002038
0001688
0000756
-003202
-005298
-005763
-007044
-007743
-005298
-001921
-001980
-004192
-004716
-004425
-005589
-007044
-006462
-004948
-005589
-007044
-006287
-004832
-006229
-008325
-006345
-002096
0000291
0000523
-000757
-002678
-004133
-004483
-003668
-002329
-001921
-002329
-002853
-003668
-005239
-006811
-007684
-006520
-001747
0003550
0003900
0001338
0001804
0003085
0000058
-004716
-005822
-004425
-004774
-005472
-003260
0000756
0004249
0005879
0004715
0001688
-001456
-002969
-001223
0001862
0002212
0000523
-000466
-000815
-001456
-002329
-003726
-004192
-001398
0002561
0003725
0002561
0001164
-000059
-000641
-000874
-001514
-001747
0000058
0002619
0003550
0002794
0001280
-000292
-001339
-001165
0001222
0003609
0001979
-001456
-001281
0000698
-000292
-002504
-001514
0000989
0001862
0000989
-000815
-001514
0002095
0007043
0007625
0004831
0002852
0002095
0002095
0002386
0002212
0000873
-002562
-005763
-004774
-001747
-002271
-004017
-001281
0003434
0004773
0003434
0002153
0001455
0001513
0001804
0000873
-000059
0001338
0004191
0006636
0006752
0001571
-004425
-002911
0002677
0004191
0001629
-002969
-006345
-003726
0001979
0004307
0003143
0000232
-001980
0000582
0005122
0004831
0002968
0007683
0013446
0008673
-000408
0000174
0006053
0005006
0000407
0001047
0004831
0005995
0005471
0006636
0007567
0004598
0000582
0001629
0004656
0002386
-001863
-000233
0004132
0003318
0000523
0004016
0008964
0005297
-002620
-004948
-002387
0000814
0003318
0004016
0003143
0001920
0001455
0003958
0005937
0000232
-006695
-001805
0008615
0010303
0005530
0002794
0001455
-001921
-004657
-002329
0002386
0003609
0002153
0000989
0000873
0002561
0004132
0001804
-001921
-001281
0001338
0000058
-002969
-002911
-000292
0002968
0005238
0004715
0001979
-001689
-004133
-003144
-000059
0001571
0001920
0002561
0002794
0001047
-001107
-001165
0001047
0005297
0008673
0006577
0002212
0002619
0005762
0005879
0004191
0004191
0005530
0007218
0008033
0006868
0003958
-000059
-003377
-003668
-001921
-000466
-000117
-001689
-003260
-000990
0002619
0002212
-000466
-000583
0001047
0002561
0001280
-008325
-017347
-008907
0005704
0000756
-011526
-001223
0016357
0006636
-013971
-008266
0011700
0015600
0007974
0005355
0006403
0005995
0004249
0001746
-000583
-000990
-000757
-003086
-005822
-005414
-001805
0004132
0008964
0007858
0003143
0001280
0001571
0000698
-000641
-001107
-000699
0000465
0001280
-000059
-002213
-002271
-000932
-000233
-000117
0000407
0000523
-001048
-003260
-004308
-003784
-002096
-000059
0000640
0000523
0001164
0001920
0001513
0000465
0000174
0000000
-001223
-002969
-004192
-004425
-003435
-001921
-000699
-000292
-000524
-001107
-001107
-000932
-001921
-002620
-001107
0002270
0007392
0009663
0001455
-009256
-006287
0003609
0003609
-002329
-002620
-000059
-002445
-006229
-003551
0001164
-001572
-007859
-008266
-005298
-006404
-008790
-005822
-000815
-001107
-004075
-002795
-000059
-002445
-006869
-006811
-003377
-000175
0001746
0001862
0000232
-002387
-005065
-007102
-007568
-005822
-003260
-002504
-003202
-003551
-003551
-003202
-003027
-004425
-005822
-004133
-001805
-004716
