-003668
-007917
-011759
-009547
-004308
-002911
-004832
-006986
-007801
-004890
-000815
-000641
-003144
-004774
-005123
-005065
-004308
-002969
-001689
-001281
-001689
-002038
-002445
-003086
-003842
-004716
-004948
-002911
-000815
-003086
-006753
-005007
-000990
-002096
-005763
-005763
-002911
-000641
0000989
0002677
0003492
0002444
0000291
-001689
-003144
-004425
-004890
-003959
-002329
-001339
-001514
-003668
-005531
-002969
0001164
0000640
-002445
-002329
-000990
-004017
-007568
-003784
0002910
0002794
-001456
-002271
-000233
0001397
0002444
0002910
0003026
0003201
0003667
0004889
0006053
0005995
0004773
0002968
0001280
0000523
0000523
0001047
0000640
-003726
-008034
-004832
0001862
0002619
0000232
0002852
0006927
0005006
-000059
-000990
0000058
-003435
-007160
-002620
0005588
0007858
0005413
0003958
0003783
0004249
0004831
0004249
0003085
0002677
0003026
0003783
0004365
0003783
0002503
0001222
0001629
0006636
0011409
0007159
-001747
-005705
-004366
-001107
0002794
0005937
0006694
0003667
-000583
-001630
0000407
0003143
0005530
0006403
0006053
0006170
0006519
0006170
0005471
0005180
0004889
0003783
0002444
0002037
0002735
0004831
0007101
0008324
0007334
0002270
-002213
0001920
0009604
0009779
0004715
0001979
0001397
0000349
0000291
0003667
0007625
0006577
0003143
0003783
0006694
0006927
0005762
0006752
0008440
0007625
0005879
0007043
0009430
0009313
0007451
0006170
0005704
0005530
0006112
0007974
0009488
0007683
0004249
0003026
0003550
0003667
0003609
0004598
0005588
0004598
0003259
0005006
0008207
0009139
0008557
0009313
0010536
0009895
0008615
0009488
0010419
0006985
0002270
0002095
0005180
0007916
0008964
0007101
0003958
0003026
0003725
0004365
0004132
0001920
0000058
0002561
0007159
0009197
0008615
0006810
0005995
0010012
0015309
0015018
0010827
0007800
0006228
0005064
0004074
0002037
0000465
0002037
0005122
0006112
0005471
0005180
0005646
0007683
0009663
0009139
0006810
0005180
0003841
0001106
-001281
-000757
0002037
0005064
0006927
0006461
0004482
0003259
0002852
0002677
0001862
-002038
-005414
-001630
0004831
0004831
0000291
-003377
-004308
-001048
0003492
0003259
0000465
0000756
0003434
0005471
0006577
0006927
0006344
0004715
0003143
0003434
0004773
0005238
0004482
0002270
0000523
0002561
0006461
0008091
0007451
0006112
0004656
0003841
0003550
0002444
0001746
0003434
0005937
0006286
0004540
0001688
-000583
0000814
0003085
0000523
-003959
-003551
-000466
-000292
-002038
-002445
-001980
-002271
-002969
-003086
-003435
-005763
-007859
-005356
-000874
-000059
-001630
-000350
0000116
-008383
-017638
-011876
0000698
0001338
-005414
-005996
-003260
-005472
-009605
-009256
-005705
-002562
-001398
-003901
-007568
-007219
-004832
-005647
-008092
-007219
-005996
-011293
-017173
-011759
-001747
-001689
-007975
-010071
-008790
-008325
-008558
-008732
-008907
-008383
-009198
-015310
-021306
-017115
-008674
-010246
-015543
-008558
0001106
-007160
-022703
-022062
-011061
-006811
-007859
-007044
-005414
-005356
-006869
-009955
-013040
-013913
-013098
-012632
-012690
-013447
-013680
-011177
-007510
-005705
-005705
-005705
-006054
-007917
-010013
-010362
-009140
-007568
-006229
-005472
-005938
-008092
-010770
-012458
-012574
-011002
-009140
-009372
-010478
-008790
-006404
-007975
-010944
-009896
-006578
-005705
-006054
-004017
-001107
-000292
-002096
-007044
-011410
-008616
-003202
-005647
-010770
-006520
0002270
0004424
0001571
0000640
0000232
-003551
-007859
-007684
-004541
-002329
-001689
-002213
-003377
-003668
-003493
-003959
-004890
-006054
-006054
-002154
0002444
0002037
-001630
-003610
-003610
-002387
-000932
-001281
-003027
-004832
-005880
-005705
-003726
0001047
0005180
0002735
-002213
-000815
0004016
0004773
0002386
0000291
-000117
0003201
0007276
0006403
0002852
0002095
0003725
0005646
0006577
0004831
0002503
0004249
0007218
0004889
0000582
0002153
0006228
0005064
0001222
0001280
0004307
0007509
0009313
0007858
0004773
0003958
0004540
0003667
0002677
0004889
0007567
0005297
0001106
0002153
0005937
0006286
0004482
0004365
0004540
0001688
-001630
-000350
0003201
0003201
0000814
-000932
-000408
0004191
0010012
0011409
0009663
0009255
0009663
0009430
0008091
0004482
0001629
0004540
0010186
0012224
0010594
0007916
0005530
0005471
0007392
0010012
0011525
0009546
0005995
0004831
0005879
0007451
0008789
0009255
0008906
0008440
0007916
0007043
0006286
0006112
0006868
0009313
0011234
0008789
0004249
0002794
0003725
0004016
0003725
0003376
0003609
0005762
0008091
0007218
0004656
0004132
0005297
0006228
0007218
0009371
0011351
0011409
0010070
0008673
0008382
0011118
0013912
0011234
0005879
0004482
0006112
0007101
0007800
0010361
0012282
0009430
0005122
0006344
0010419
0011176
0008673
0005122
0002095
0001688
0003259
0004540
0005064
0005297
0004540
0001804
-000757
0000174
0003900
0008382
0011118
0009197
0004656
0001804
0001513
0003318
0005821
0006577
0006053
0006170
0006519
0006286
0005588
0005064
0004773
0004598
0004773
0005297
0005821
0005937
0005180
0002677
0000640
0002910
0006868
0006694
0004540
0005879
0008789
0008615
0006344
0004889
0003725
0001047
-001689
-002620
-001398
0001746
0005471
0007974
0008149
0005355
0001164
-002038
-003144
-002096
0000232
0001746
0002328
0003085
0003143
0000931
-001514
-000641
0002270
0003725
0003492
0001804
0000000
0000698
0002270
0000873
-001572
-000466
0001280
-002620
-008383
-008325
-004017
-000466
0001047
0000058
-002329
-003551
-003319
-002038
-001107
-002736
-005996
-008790
-009547
-006637
-001921
0000931
0001280
-000641
-002853
-001514
0001222
0000116
-002504
-001339
0001397
0000698
-002504
-005647
-007219
-005531
-002853
-004308
-007568
-007393
-005239
-005647
-007277
-006986
-005763
-006113
-006928
-006113
-004425
-003610
-004192
-006520
-008965
-008558
-006811
-007277
-008849
-008441
-006695
-005065
-004483
-005531
-008150
-012807
-015659
-010537
-002271
-000699
-004425
-007335
-009256
-012399
-013040
-004716
0004947
0001629
-009198
-013855
-012807
-011934
-010886
-008674
-006986
-008150
-010944
-012574
-012225
-009431
-005938
-004890
-006171
-008208
-009605
-008790
-006229
-003493
-002329
-004250
-008499
-012982
-015485
-013622
-009256
-006345
-005531
-005880
-006928
-007277
-006928
-006637
-006171
-004774
-003901
-006578
-010071
-009314
-006229
-005472
-006869
-008674
-010304
-011293
-011584
-011643
-011526
-011235
-011061
-011002
-011119
-011701
-011410
-007859
-004017
-005414
-009431
-009896
-007801
-006986
-007219
-007859
-007917
-005996
-003842
-005181
-008092
-008499
-006869
-004832
-003901
-006113
-009664
-010711
-009605
-008150
-006811
-005880
-005007
-002329
-000641
-005414
-011992
-011002
-006345
-007975
-012632
-012225
-009023
-009140
-010595
-008849
-005356
-003260
-003493
-006462
-010537
-013098
-012807
-009023
-003901
-001339
-001456
-002678
-004250
-004890
-004948
-005647
-006171
-005123
-003260
-002445
-002736
-003668
-004425
-003726
-002213
-001630
-001805
-001398
-001398
-003959
-006345
-003551
0001804
0004016
0003259
0002095
0000698
-001165
-002678
-002736
-002504
-004774
-007277
-005996
-002213
0000523
0001571
0001397
0000349
-000233
-000292
0000116
0000582
0000523
0000058
-000641
-001223
-000815
-000466
-002271
-004250
-002445
0001455
0003667
0003667
0001338
-000699
0002910
0007683
0003900
-003086
-001747
0004365
0005995
0003958
0001746
0000989
0004249
0008498
0008498
0004831
0000465
-002562
-001689
0001397
0002270
0001746
0002503
0004132
0005937
0006694
0004482
0001804
0003085
0007043
0010361
0011467
0008673
0004773
0005006
0007858
0008557
0007858
0008906
0009430
0004773
-000757
0000465
0005995
0009080
0009546
0009604
0009022
0007451
0006112
0006344
0008033
0010070
0011409
0010827
0008964
0007159
0006577
0009022
0011875
0010245
0006694
0007043
0010186
0012224
0013330
0015193
0015716
0011292
0005122
0002968
0004424
0006053
0007742
0010245
0012689
0014960
0015484
0011816
0007974
0012864
0018569
0007974
-006404
0001629
0019966
0020664
0009663
0004715
0006752
0013272
0019966
0019500
0014028
0010128
0008615
0008789
0009837
0009488
0008848
0010827
0013388
0012573
0009721
0008091
0008207
0009546
0011642
0013795
0014785
0013155
0010710
0011060
0012922
0012981
0011292
0008615
0006752
0008557
0011525
0010186
0007392
0009721
0014669
0016648
0015425
0012224
0008557
0006461
0005995
0005471
0005355
0006694
0008324
0008557
0007800
0007276
0007916
0011060
0014843
0015949
0014843
0013795
0013039
0012398
0011700
0009895
0008324
0009255
0011583
0013039
0012806
0010419
0007742
0008557
0010594
0008207
0004424
0005646
0009313
0009604
0007451
0006636
0006985
0007276
0007974
0010361
0011991
0008615
0003434
0002910
0005995
0009022
0010652
0009954
0008324
0009255
0010769
0007567
0003550
0006810
0012864
0011991
0006868
0004773
0005122
0004831
0003841
0002153
0001455
0004249
0008789
0011933
0012457
0009837
0005937
0004016
0003958
0003492
0003667
0006868
0010652
0010652
0009022
0011525
0014669
0011001
0004132
0001804
0003201
0004715
0004947
0002328
-001223
-002154
-000699
0001280
0002910
0003318
0002503
0001047
0000000
0000989
0002968
0003667
0002561
-000583
-003202
-000932
0003958
0005821
0005471
0006636
0007276
0002910
-002154
0000698
0006810
0005821
0000465
-001689
-001165
-001223
-001223
0000698
0001629
-004075
-010711
-006986
0001280
0000873
-004948
-007044
-005647
-003435
-001747
-002853
-004716
-002445
0001106
0000174
-003435
-005065
-004250
-001107
0002095
0001920
-000350
0000000
0000582
-003784
-009431
-009314
-005181
-002387
-001863
-003842
-006637
-006345
-004716
-006113
-007801
-003493
0002212
-000117
-006345
-006695
-003319
-002969
-004133
-002387
-000175
-002213
-006520
-008732
-008034
-004017
-000350
-003027
-008849
-010071
-008034
-007451
-008499
-010478
-012458
-012865
-011876
-010304
-008790
-008208
-008150
-006869
-005938
-008383
-011701
-010828
-008266
-010129
-013738
-012982
-010187
-011235
-013913
-012690
-009431
-008441
-009664
-011934
-014320
-015601
-015368
-013971
-012225
-011584
-011876
-012050
-012050
-011701
-011177
-010944
-010595
-009023
-008092
-011410
-016009
-016009
-012865
-010944
-010828
-012399
-014495
-014611
-013273
-011759
-011526
-014262
-018104
-019909
-019210
-016940
-013796
-010362
-008441
-010304
-013738
-014786
-013214
-009722
-007510
-011992
-018919
-019676
-015776
-012632
-011177
-011526
-012923
-013331
-013040
-013156
-013389
-013331
-013214
-013447
-013913
-014262
-014611
-015659
-016765
-016823
-016009
-014902
-013796
-012283
-011817
-014844
-018744
-018570
-015368
-012458
-010828
-010886
-012108
-012690
-013098
-015019
-016649
-014844
-011235
-009431
-009722
-010886
-012458
-013855
-014670
-015194
-014670
-011235
-008325
-011759
-017464
-016765
-011759
-009081
-008325
-006811
-005647
-006404
-008325
-010246
-010711
-007975
-004716
-006113
-010537
-014553
-015659
-011235
-005239
-005472
-009605
-010537
-009838
-011817
-015543
-019792
-020433
-010013
0001629
-005356
-018977
-011817
0003841
-001048
-015601
-013389
-001689
0000116
-004599
-004832
-002096
-000641
-001456
-006054
-010071
-005531
0001862
0000116
-007160
-010187
-008732
-005531
-001514
0003026
0004482
-002154
-011352
-012341
-008150
-008034
-009605
-006462
-001107
0000873
0000698
0002037
0004249
0005821
0006286
0005879
0003667
-002154
-008790
-011759
-011468
-011526
-009664
-001805
0008207
0013621
0014436
0014785
0013155
0006461
-001514
-004657
-003842
-003493
-002969
-000874
0003026
0009604
0015716
0017579
0014552
0007742
0000756
-001514
0000000
0000931
0001455
0002735
0005180
0009837
0014319
0015076
0012573
0009255
0007101
0009139
0011642
0006286
-001048
0001629
0009779
0011700
0009604
0010885
0013330
0012166
0008615
0005122
0003492
0005704
0009255
0008382
0005879
0008498
0013097
0013097
0010419
0010594
0011991
0010361
0007392
0006636
0008033
0010303
0012398
0012981
0012224
0011001
0009895
0009546
0009371
0007742
0005879
0006112
0007858
0009197
0010245
0011525
0012981
0014610
0015600
0014785
0012981
0011816
0011409
0010943
0011060
0012922
0015076
0015193
0013737
0012748
0012748
0014727
0016764
0015542
0012224
0009837
0009080
0010012
0011700
0011875
0011642
0013912
0016124
0013097
0008382
0009721
0014145
0014319
0011525
0010186
0010303
0010885
0011467
0010943
0010186
0011292
0013272
0014319
0013970
0011642
0009721
0012282
0016415
0016066
0012340
0008440
0006868
0011292
0017055
0014902
0008149
0004947
0005588
0007567
0010012
0011292
0011816
0013330
0015076
0015891
0015309
0013388
0010710
0008091
0006112
0004365
0004016
0006403
0010128
0013272
0013679
0009022
0003318
0004365
0009139
0010012
0008498
0009954
0011875
0008906
0004482
0005762
0010186
0011758
0010245
0006927
0003783
0003958
0006286
0007392
0007567
0008615
0008906
0005471
0001047
0000523
0002503
0002386
0001338
0002794
0004656
0002677
-000757
-000524
0001629
0000931
-000408
0003085
0007683
0006170
0001571
0001397
0004016
0005006
0003841
0000349
-002969
-002096
0000989
0001280
-000641
-002271
-002853
-001689
-000524
-003144
-006695
-005472
-001456
-000233
-000350
0002444
0005530
0003900
-000466
-003319
-003842
-002620
-000641
0000349
0000291
0000232
-000175
-001921
-003901
-004599
-004192
-003784
-003260
-001747
-000233
0000000
-001165
-003551
-005239
-003027
0000698
0001164
-001107
-003610
-005123
-004541
-002562
-001165
-000466
-000292
-000175
0001106
0002037
-000408
-003959
-004075
-001689
0000000
0000174
-001223
-003610
-005414
-005880
-007568
-003027
0023575
0032752
0028174
-021073
-032752
-032752
-032752
0032752
0032752
-005938
-013680
0009721
0010128
-005007
-014088
-014495
-005938
0005238
0007683
0002444
-003435
-008674
-013913
-015310
-007451
0002386
0001047
-008266
-015543
-018744
-017988
-014320
-010886
-008616
-007510
-007393
-007160
-007335
-009431
-011759
-011701
-009431
-005996
-003726
-006171
-010013
-007859
-003260
-004541
-008732
-008383
-005414
-004599
-005880
-008150
-009722
-007684
-004948
-007801
-012923
-012749
-009198
-007626
-007510
-006462
-005298
-005763
-007102
-007335
-007219
-008558
-010129
-009838
-008034
-006520
-005414
-004483
-004075
-004483
-005531
-007044
-008325
-008907
-007975
-004425
-000466
0000465
-001689
-005822
-009023
-007160
-003086
-003668
-006462
-004832
-001689
-003901
-008092
-007393
-003610
-001165
-001805
-006695
-012982
-014786
-013622
-015252
-016765
-012108
-005531
-004948
-009431
-015019
-018744
-016823
-012632
-013796
-018337
-021015
-020607
-015950
-010537
-011002
-013564
-008674
-001689
-004308
-010537
-006869
0002444
0007392
0006344
-000874
-008790
-007393
-001980
-005356
-013622
-017464
-016125
-011119
-005647
-005065
-006811
-003493
0000989
-002213
-007859
-004657
0002794
0003318
-000699
-002271
-001339
0000873
0001979
-002795
-009023
-008266
-003144
-001281
-001747
-000932
0000582
0001164
0000756
-000175
-001689
-004774
-006986
-004657
-000059
0002212
0001804
0000174
-001339
-000524
0000931
-000524
-003260
-003551
-001747
0000931
0002328
-001572
-005531
0000873
0010710
0009430
0001222
-002213
-001747
-001980
-002795
-004192
-004425
-001048
0005355
0013912
0020082
0017463
0010419
0008789
0011234
0012049
0011525
0011758
0010885
0004598
-001572
0001979
0011060
0016590
0016531
0010769
0004191
0005471
0011409
0013446
0012224
0011118
0010769
0011700
0012922
0012282
0011060
0012049
0013679
0012457
0010070
0010710
0012457
0010594
0007800
0009663
0013795
0014610
0013737
0016124
0018976
0016299
0012049
0014552
0020257
0020781
0017987
0017812
0018976
0018336
0016240
0013679
0011292
0009313
0009139
0012864
0017172
0016415
0012049
0008731
0006752
0004424
0003667
0006752
0012457
0019093
0022469
0017172
0008207
0006228
0009604
0012224
0012224
0008440
0002503
-002969
-003377
0007858
0022003
0021538
0015134
0024099
0032752
0032752
0026194
0000465
-019792
-006578
0022061
0024623
0010594
0010070
0017114
0014785
0007625
0005879
0008848
0012864
0015484
0013097
0008789
0010186
0013330
0008615
0002444
0007916
0018918
0021887
0017579
0012340
0007101
0000814
-001281
0009837
0022760
0015600
-000641
-000175
0010070
0010303
0004656
0004773
0008498
0009197
0008557
0011001
0014552
0015367
0013213
0008440
0004424
0006170
0010943
0012107
0010303
0008673
0008091
0009604
0010652
0006112
-000292
-000990
0002735
0006228
0008265
0008149
0006519
0005530
0005355
0005064
0005006
0005762
0006461
0005646
0003958
0002852
0002910
0004540
0005937
0004249
0000756
-001281
-001689
-001572
-000990
-000292
-000175
-001747
-003027
-000524
0003550
0004889
0003085
-001281
-005181
-004133
0000174
0003550
0004482
0002212
-001456
-002678
-001980
-001863
-001863
-000815
0000756
0001804
0001862
0000523
-001165
-001456
-000815
-000408
-001165
-004716
-008034
-005589
-000932
-002271
-006520
-005880
-002445
-001165
-002620
-006753
-011061
-011526
-009081
-007102
-006113
-005472
-006287
-010770
-014844
-011759
-004948
-002271
-003377
-004483
-006054
-009664
-013098
-012982
-010420
-008034
-007393
-010187
-013855
-013156
-010246
-010246
-012690
-015659
-017231
-014786
-010828
-010886
-013331
-013214
-012225
-014553
-017406
-015019
-010653
-011759
-015601
-015543
-012982
-011876
-012399
-014262
-015717
-013680
-010770
-012865
-017347
-018337
-017056
-017638
-018686
-017231
-014495
-012923
-012807
-013564
-014902
-015776
-016882
-020607
-023110
-017173
-009140
-012108
-020200
-019152
-012865
-011643
-014379
-016940
-018221
-017056
-014670
-013855
-014437
-014961
-015485
-016998
-017231
-012283
-006171
-005880
-010246
-014670
-017173
-016067
-013447
-014611
-017289
-016183
-013098
-012283
-013738
-016474
-018046
-014029
-008732
-010478
-016416
-019268
-018395
-015194
-011584
-010537
-012399
-016823
-020549
-018279
-012923
-010886
-011934
-013098
-014670
-018046
-020374
-017056
-011235
-009431
-011119
-013040
-014495
-015135
-015135
-016125
-016300
-012399
-007277
-006171
-008325
-010362
-011759
-012574
-012574
-012167
-011759
-011701
-012283
-013680
-014495
-011876
-008499
-009955
-012982
-010246
-004657
-002620
-004366
-008266
-012167
-012923
-011235
-010362
-009780
-007917
-005589
-003959
-003610
-005123
-006811
-005472
-002911
-002911
-005065
-007219
-008383
-007451
-005181
-003086
-002387
-004483
-006986
-004657
-000815
-002504
-006869
-007160
-004133
-000408
0001571
-001689
-006462
-004948
0000291
0002212
0001397
0000989
0000582
-000932
-002329
-002154
-000292
0003318
0005937
0003550
-001281
-003086
-001863
0000407
0001862
-000641
-004308
-003610
0000407
0004365
0006577
0005413
0002852
0002852
0004831
0006461
0007451
0008207
0008498
0008557
0008033
0006228
0004482
0005006
0006636
0006228
0004889
0005530
0007159
0007159
0006228
0006636
0007276
0005704
0003725
0005238
0008207
0008091
0006170
0006403
0007567
0006519
0004831
0005704
0008207
0009779
0010419
0011060
0011351
0010594
0009895
0011700
0014378
0015076
0013854
0011583
0009546
0009255
0011176
0015949
0019849
0016473
0010245
0010943
0014785
0011875
0006461
0007509
0013213
0019326
0021072
0010536
-001223
0007858
0024856
0019966
0005879
0014552
0030618
0018511
-003842
0003434
0025962
0027941
0016881
0015600
0020781
0022353
0019267
0010652
0002328
0004540
0011816
0010885
0005821
0007159
0012748
0017055
0018860
0017987
0016008
0017055
0018220
0013388
0006810
0006286
0011467
0019617
0025496
0021770
0013213
0010710
0013330
0014902
0016008
0019326
0021479
0016590
0009197
0007742
0011642
0017405
0021479
0019267
0013039
0008498
0006927
0008498
0011467
0012049
0011583
0014319
0017521
0015600
0011642
0012689
0016008
0015251
0011525
0008265
0006286
0005530
0006985
0012398
0017521
0014669
0008673
0010769
0015949
0011875
0004773
0008964
0017928
0017579
0010885
0006694
0005879
0007334
0009721
0010361
0009604
0009721
0009895
0008265
0006053
0005180
0005821
0007858
0009313
0006752
0002852
0003667
0006694
0005762
0002677
0001862
0003318
0006461
0008673
0005704
0000931
0001338
0005180
0006985
0007276
0008382
0009197
0007916
0005355
0003550
0003259
0004889
0007392
0008498
0008149
0007509
0006694
0005937
0005530
0005879
0006461
0006344
0005704
0005122
0004773
0005238
0004947
0000756
-003842
-002154
0002503
0002503
-000583
-002445
-001863
0002153
0006403
0005238
0000756
-001339
-001048
-000233
0000814
0001571
0002095
0003026
0003609
0002910
0000814
-002795
-005356
-003086
0001688
0003609
0003201
0003609
0003550
0000291
-003784
-004541
-002736
-000874
-000059
-001630
-004366
-005531
-005065
-004192
-002911
-001223
0000000
-000699
-002096
-000990
0000291
-003260
-008325
-008558
-005181
-002038
-000233
-000466
-001689
-001223
-000757
-004366
-009023
-009140
-006054
-003610
-003086
-006171
-009722
-007917
-003668
-003842
-007277
-010595
-011643
-007917
-002911
-003842
-007975
-008325
-006113
-005705
-006753
-008034
-009081
-009372
-009256
-010013
-010653
-009023
-006753
-007160
-008907
-008441
-006986
-007975
-009605
-008499
-005531
-003260
-002329
-003027
-004599
-005298
-005181
-004774
-004425
-004716
-005298
-004541
-004192
-007801
-012341
-012458
-009314
-007160
-005822
-003319
-002096
-006462
-011992
-009838
-003901
-003610
-007451
-009664
-010187
-010304
-009722
-007801
-005996
-006695
-008732
-009256
-008907
-009664
-010711
-010129
-008732
-008325
-008790
-009372
-009896
-010478
-010187
-007743
-004250
-001456
-000350
-001165
-003726
-007975
-011002
-008034
-003027
-003901
-008150
-009081
-007219
-005181
-004192
-005647
-008034
-008208
-006637
-005472
-004948
-005007
-005181
-004599
-003959
-004774
-005763
-003959
-001805
-004308
-008499
-008208
-004599
-001281
0000291
-001281
-004192
-004716
-003435
-002795
-002969
-004075
-005123
-004133
-002736
-004483
-006753
-004308
0000058
0000349
-002387
-004599
-005763
-005996
-005007
-002678
-000059
0001629
0001862
0000407
-001339
-001281
0000000
0000814
0000349
-002213
-004890
-004133
-001048
0001280
0001920
0000291
-002271
-003435
-003377
-003493
-003202
-000641
0002153
0001920
0000174
0001280
0003143
0000814
-003027
-002795
-000408
-001223
-003610
-003086
-001398
-002562
-005007
-005123
-003784
-003202
-003726
-005763
-007219
-004483
-000350
-000408
-002795
-002387
-000757
-001689
-004017
-004716
-003784
-001921
0000000
0000407
0000291
0002561
0004598
0001338
-004250
-005531
-004075
-005007
-005938
-001107
0004715
0002561
-003260
-002329
0002444
0003201
0001397
0001338
0002386
0002735
0002328
0002037
0000931
-003027
-006520
-004075
0001222
0002095
-000292
-001921
-002038
0000058
0002095
-000117
-003610
-002154
0002212
0004307
0003958
0002968
0001280
-001048
-003260
-005065
-005065
-000874
0004132
0004656
0001455
-002271
-004192
-001805
0003085
0006694
0006752
0000582
-005938
-001339
0007334
0003841
-005181
-003551
0003550
0002852
-002445
-003377
-001572
-002445
-004075
-002387
0000814
0001862
0000873
-000699
-002213
-003319
-003260
-001281
0000523
-001165
-005065
-008092
-008499
-004716
0000349
0001397
-000757
-003202
-004075
-001339
0002910
0004074
0002735
0001804
0001164
-000175
-001281
-000815
0000931
0002677
0004424
0007451
0009488
0007392
0002735
-000815
-002445
-002620
-002038
-002678
-003493
-002445
-000408
0000582
0000873
0002095
0003550
0003958
0003492
0002852
0002444
0003143
0003841
0002619
0000349
-000874
-000932
-000583
-000117
0000000
0000000
0000349
0001106
0002444
0003376
0002503
0000756
0000174
0000873
0002153
0003492
0004074
0003609
0001688
0000291
0003143
0007043
0005821
0001513
-001165
-000641
0004656
0010245
0008149
0001688
-001398
-000408
0003201
0006577
0004249
0000116
0002852
0008557
0008149
0004132
0003609
0005530
0006868
0006636
0004191
0000873
-000932
-000874
0000232
0001571
0002095
0001804
0001338
0001338
0003259
0005530
0005297
0003085
0000640
-000641
0001222
0003667
0001106
-002736
0000232
0006752
0009313
0007800
0004656
0001455
0000756
0001862
0002910
0003026
0000989
-000932
0001397
0005122
0004482
0000640
-002678
-004366
-004308
-002154
0002503
0006694
0005879
0002503
0002212
0004307
0006170
0006636
0004365
0000756
-001689
-002038
-000350
0002212
0003550
0003550
0003318
0002619
0000349
-000990
0003550
0008615
0002619
-006229
0000058
0011758
0007218
-005472
-006753
-000292
0002270
0001164
-000524
-001805
-001223
0001047
0004191
0006228
0004715
0000756
-003377
-005123
-000932
0004947
0004365
-000175
-001630
-000233
0001397
0002910
0004191
0004947
0005821
0005937
0003783
0001571
0003259
0006636
0007159
0004773
0001338
-002387
-006578
-007975
-001281
0007101
0004656
-003202
-002562
0002328
-000292
-005705
-003027
0003259
0002619
-001514
0000000
0004249
0004424
0001920
0001222
0001688
0001338
0000232
-000874
-001805
-002213
-002387
-003377
-004017
-001572
0000989
-002562
-007568
-003959
0003085
0001979
-003668
-004599
-002154
-001281
-001281
-000175
0001629
0003841
0004365
0000000
-006113
-008208
-006637
-004308
-002329
-001921
-002213
-000757
0001338
0002503
0001804
-001572
-005472
-006345
-005065
-004716
-004832
-003726
-002678
-004192
-006404
-005472
-002795
-001630
-002562
-006171
-009372
-006869
-001689
-000292
-002213
-004483
-005589
-003377
-000583
-002795
-007335
-008150
-006345
-005589
-006404
-009314
-011643
-008674
-002853
0000582
0000698
-002038
-005996
-008266
-008208
-006404
-003610
-001048
0000407
0000814
-000524
-005007
-009489
-008616
-005181
-005705
-008616
-009198
-008092
-007684
-007277
-005065
-002911
-003842
-006287
-005938
-004308
-005414
-007510
-006869
-005472
-007801
-011584
-012225
-010187
-008208
-006404
-004308
-003144
-004541
-006986
-007568
-006520
-005239
-004250
-003959
-004308
-004716
-004890
-004366
-004075
-005938
-008674
-010071
-009431
-006113
-002911
-004599
-008849
-010187
-008790
-006986
-004890
-002096
0000058
0000058
-001630
-002911
-004075
-006753
-008790
-006462
-002504
-002154
-004541
-006520
-007219
-006345
-004657
-003959
-003610
-001339
0001047
0000873
-001572
-004716
-006462
-003610
0000698
-000059
-003668
-004483
-003377
-003086
-003726
-005356
-006171
-002445
0001920
-000524
-006287
-007044
-004366
-003784
-003377
0001804
0006752
0001629
-006811
-003901
0004307
0003143
-002678
-000466
0005006
0002212
-003901
-001805
0003841
0001571
-004774
-006345
-004133
-002795
-002038
-000350
0001164
0000873
-000466
-000583
-000408
-002445
-004250
-000815
0004598
0005704
0003376
0001455
0001047
0003434
0006403
0005704
0002910
0001804
0002735
0005530
0008033
0006810
0003550
0002503
0003026
0002735
0002037
0001920
0002852
0005995
0008906
0007625
0003841
0001862
0001862
0002270
0003434
0006112
0008731
0009313
0008033
0005937
0004132
0003900
0004365
0002794
0000756
0001280
0003725
0006519
0007858
0005762
0001804
-001456
-001863
0003201
0008906
0005995
-000699
0000174
0005588
0007509
0006694
0006927
0007858
0008789
0009080
0007334
0005413
0006752
0009255
0007974
0005704
0008964
0013330
0009546
0002968
0005646
0012340
0011001
0004424
0000232
-000175
0003259
0007567
0007101
0004074
0004656
0007159
0006752
0005238
0006868
0009488
0008382
0005471
0005006
0006927
0010245
0012282
0008382
0002677
0003783
0008382
0008964
0005238
-002387
-006986
0003841
0018627
0013446
-000641
0003900
0016124
0008731
-005472
0002328
0019966
0019093
0007101
0005006
0009371
0009255
0006170
0004947
0005064
0005122
0004715
0003318
0002270
0004074
0007509
0009954
0010419
0009080
0006344
0003201
0000814
0000407
0001397
0001804
0002328
0005180
0008207
0008149
0005238
0000407
-002911
0000407
0006112
0005180
0000058
-002504
-001980
0000582
0004191
0007567
0008789
0005762
0000814
-001048
-000059
0001513
0003259
0004598
0005588
0007101
0007451
0003259
-001689
-000641
0003550
0003085
0000232
0001047
0003376
0001571
-001456
0000523
0004598
0004191
0001047
0000058
0000814
0000640
0000698
0003667
0006519
0003725
-001165
-000583
0003376
0004715
0003143
-000059
-003377
-004716
-003377
0001280
0005006
0000698
-006928
-007801
-003551
-000292
0000756
-001165
-004192
-004425
-003319
-005065
-007568
-006578
-003377
-000815
0000058
-001514
-003784
-003086
-001281
-003260
-006578
-005822
-003435
-005472
-009547
-010362
-008849
-008441
-008616
-007626
-006287
-005996
-006462
-006986
-007219
-006811
-005880
-004832
-003901
-003319
-003435
-004017
-005414
-008383
-010770
-009664
-005822
-001281
0000814
-004308
-011410
-009896
-003784
-003377
-006404
-005531
-003260
-005938
-009955
-008034
-003086
-002038
-003901
-004483
-004599
-006637
-008674
-006345
-003260
-006928
-013214
-012865
-008849
-009605
-012399
-010770
-006869
-005589
-006404
-006695
-007219
-009722
-012283
-012050
-009896
-008732
-008558
-008558
-008790
-009081
-009547
-010013
-010537
-011876
-012341
-009081
-005356
-007102
-011759
-012982
-011119
-008616
-007160
-009256
-012399
-011293
-008674
-010828
-015077
-015077
-011934
-009372
-007801
-006229
-005647
-006928
-009372
-011934
-012865
-010246
-006171
-004541
-005705
-008732
-011061
-008732
-004017
-001630
-002911
-008849
-015077
-014146
-009081
-008034
-009896
-010246
-009431
-008441
-007684
-007801
-008441
-008790
-008558
-007626
-006520
-006054
-006404
-007510
-008383
-007510
-005472
-003668
-002853
-003202
-005065
-009198
-012399
-009256
-003901
-005123
-009780
-009896
-007102
-006462
-007044
-005880
-004425
-006054
-008325
-006578
-002678
-000815
-001689
-005414
-009023
-007277
-003086
-003551
-006462
-006171
-003202
0000582
0002444
-002038
-008558
-008965
-003610
0005122
0011583
0007043
-002154
-001630
0004424
0005064
0000349
-007277
-013273
-011002
-003726
-000059
0001338
0006286
0011409
0010710
0006112
0003376
0002153
-003493
-003027
0028581
0032752
0000407
-032752
-032752
-019792
0030560
0032752
0026777
-015368
-012108
0014610
0005064
-022470
-024216
-005996
0011642
0021887
0019849
0009022
-001107
-005647
-000466
0008382
0008091
0001397
-002969
-003202
0000931
0006985
0009954
0010303
0011351
0011467
0008033
0002212
-004133
-007684
-004774
0001804
0005122
0006344
0010827
0014960
0012398
0006985
0007567
0010769
0008382
0003550
0003026
0006636
0012457
0017521
0017928
0015193
0013970
0013679
0011467
0009255
0010594
0013039
0011292
0007800
0008033
0011060
0013970
0015425
0013970
0011001
0009779
0009779
0008848
0007334
0005704
0005413
0008615
0013621
0017637
0018336
0012864
0005937
0006228
0011060
0012398
0011700
0014028
0016531
0013621
0008964
0010245
0014785
0016008
0014028
0011001
0008033
0005879
0006112
0011060
0016124
0013097
0006403
0006461
0010710
0011758
0010769
0011467
0013039
0013912
0013737
0012573
0010885
0009371
0008440
0007800
0008033
0009837
0012107
0012922
0012340
0011467
0010652
0010419
0010594
0010070
0010186
0013563
0017288
0015833
0011991
0012457
0014843
0012631
0009255
0012166
0017637
0018161
0014494
0009954
0007159
0009779
0014319
0013679
0009430
0006403
0005821
0008324
0012107
0013679
0012806
0010128
0008207
0011176
0015600
0014494
0009430
0004656
0002386
0004656
0008789
0009197
0006868
0005297
0005297
0007043
0009604
0010943
0010885
0010827
0009604
0004831
0000000
0001106
0005821
0008207
0008789
0010245
0011991
0013621
0013795
0010245
0005821
0005704
0008207
0008207
0007159
0009313
0011525
0006985
0000931
0003725
0010827
0011583
0007742
0005530
0005238
0005355
0006752
0011758
0015484
0009663
0000058
-000990
0003492
0003492
0001920
0006636
0012689
0010303
0003259
0000640
0002095
0003725
0005471
0007800
0009604
0009837
0008964
0008789
0008265
0004831
0001164
0002212
0005762
0006577
0005297
0005006
0005180
0004773
0003318
-000641
-003959
-001339
0003550
0002852
-000815
0000058
0003026
0002270
-000466
-000583
0001047
0002153
0002328
0001338
-000408
-001689
-002678
-004657
-005472
-000932
0005180
0005471
0001746
-000117
-000757
-002620
-004599
-005181
-003901
-000292
0002794
0000640
-004075
-005356
-003784
-002329
-001747
-002736
-004250
-003319
-003086
-009780
-018512
-020607
-015543
-005181
0004191
0000989
-004425
0012107
0031899
0018569
-013389
-031143
-030387
-015194
0002270
-000292
-012865
-008558
0003259
-001048
-013156
-013156
-005705
-004075
-007044
-009256
-010595
-012050
-012399
-009489
-005531
-004075
-004948
-007219
-008150
-002038
0003434
-007626
-022295
-014262
0004540
0006461
-003260
-007277
-005938
-003493
-002154
-005763
-011119
-011177
-008150
-008266
-009256
-005472
-000641
-002329
-006986
-006462
-003260
-004366
-007917
-009722
-008965
-005239
-002038
-005181
-011759
-015310
-014961
-011992
-008441
-007510
-008965
-010828
-011992
-010828
-008790
-008732
-010129
-011352
-011002
-006520
-002445
-006986
-015135
-016125
-011643
-007743
-005822
-006986
-009081
-007335
-004366
-005938
-009896
-011002
-009896
-009372
-009314
-009023
-008790
-008907
-009605
-011235
-013331
-015310
-016241
-015252
-012574
-008674
-005472
-005414
-007393
-008441
-008208
-006811
-005414
-006578
-008266
-006404
-003202
-003610
-005938
-005822
-004425
-005239
-006695
-004948
-002620
-005763
-010187
-007044
-001107
-003086
-008325
-005763
0000349
-000233
-004832
-005647
-004425
-006229
-008907
-008034
-005239
-005065
-006054
-004541
-002154
-002911
-005356
-006171
-005705
-004890
-005589
-011410
-016940
-012399
-002795
0000814
-001165
-004541
-007102
-005531
-003144
-006986
-013273
-013855
-010013
-005938
-004192
-008558
-013505
-007277
0002794
0001106
-006578
-005589
0000698
0002968
0000523
-005996
-011468
-007568
0002095
0008906
0011118
0009954
0006403
0002735
0000814
0002503
0005995
0008091
0007043
0001338
-005763
-009081
-007451
-000932
0005530
0003492
-002795
-002736
0001571
0003667
0003143
0000814
-001281
0000989
0004249
0001106
-004133
-001805
0003958
0003376
-000874
-001514
0000174
-000117
-001281
-000990
0000523
0002503
0004016
0004016
0002561
0000349
-001339
-000641
0001397
0001979
0001804
0003201
0004889
0004715
0002794
-000350
-002504
-000117
0004249
0005588
0004132
0002735
0001513
0000000
-000699
0000640
0003201
0005006
0005995
0007451
0007974
0005471
0001862
0000873
0002386
0004598
0006810
0008382
0008731
0008207
0007101
0006112
0005588
0005762
0005821
0004307
0002444
0002968
0005006
0006461
0006927
0006286
0004889
0003725
0002968
0002444
0002735
0005064
0007509
0006636
0003900
0003143
0004016
0005297
0006053
0005006
0003550
0004889
0007334
0007334
0005821
0005180
0005471
0006694
0007159
0003318
-001165
0000814
0006403
0008731
0008498
0009663
0010652
0008265
0004482
0003259
0004365
0006403
0007974
0006694
0004598
0006927
0009779
0004598
-002329
0002328
0011816
0010769
0004191
0004831
0010419
0014087
0014843
0012515
0009080
0008091
0009313
0010477
0011409
0012689
0012515
0007800
0002095
0002037
0005297
0005180
0003026
0002910
0003958
0003550
0003259
0006403
0010536
0011409
0009139
0005530
0002619
0003318
0005937
0006344
0004889
0003492
0002910
0004191
0006344
0007509
0007683
0007916
0007974
0007625
0007276
0008149
0008848
0006694
0003841
0004831
0007567
0007218
0005122
0004889
0005821
0005413
0005180
0008033
0011525
0011234
0008207
0005471
0004191
0005238
0006868
0004831
0001979
0004132
0008382
0008324
0005064
0002153
0000465
0000465
0001338
0000756
0000000
0001804
0004831
0007392
0006112
-005065
-015950
-007277
0008673
0003376
-009896
0001338
0020664
0011351
-010595
-007335
0009546
0009779
0000291
0000582
0007218
0010303
0008906
0003725
-002271
-003901
-002271
-002154
-001863
0002677
0007800
0006927
0002503
0001280
0001746
-000757
-004657
-006986
-006928
-004425
-000641
0002270
0003725
0004715
0003900
-001165
-006462
-004599
0000756
0000465
-002911
-002329
0000291
0000174
-001456
-001398
-000059
0001047
0001688
0001688
0001571
0002677
0003725
0002037
-000757
-001339
0000058
0002153
0003492
0002270
0000000
0000349
0002153
0002328
0001804
0003085
0004947
0004947
0003725
0002677
0002735
0004831
0007101
0006461
0002968
-002445
-006928
-006171
-002795
-003668
-006404
-005414
-002445
-002154
-003377
-002795
-001514
-001805
-003551
-006054
-008150
-008034
-006753
-006753
-008092
-010537
-012399
-011293
-008208
-005822
-005065
-006695
-008790
-007859
-004832
-002154
-001863
-006928
-012865
-011410
-005938
-004832
-007044
-008150
-008383
-009256
-009664
-007451
-004832
-005822
-008790
-010071
-009081
-006462
-003144
0000000
0000349
-005996
-013796
-013040
-007335
-006986
-009256
-006171
-001805
-005472
-011352
-006986
0001280
-000466
-008034
-011002
-009140
-005239
-001921
-002969
-007451
-012632
-015543
-012516
-006520
-004541
-005298
-003901
-002213
-003901
-007626
-010537
-011177
-008616
-004599
-002504
-002911
-005356
-008325
-009896
-009023
-005007
-000874
-001572
-005531
-008732
-009547
-006811
-003493
-005938
-010595
-009256
-005065
-005822
-009256
-009256
-007335
-007510
-008674
-008208
-006869
-006637
-006637
-004599
-002387
-003551
-006345
-006520
-004948
-003784
-003726
-005589
-007510
-006054
-002504
0000291
0000989
-001281
-004716
-005589
-004075
-000990
0000698
-003842
-010071
-008674
-002620
0000174
-000175
-000874
-001805
-002562
-003260
-005239
-006113
-002096
0003783
0005530
0003492
0001106
-001165
-003668
-004890
-002969
0000291
0001746
0000465
-003784
-007801
-005938
-000583
0002503
0002270
-001048
-005007
-005007
-002329
-001048
-000932
-000408
0000174
0000465
-000059
-002620
-004716
-002038
0002561
0002444
-000117
0000756
0003725
0005122
0004715
0003259
0001629
0001338
0002095
0002794
0002852
0001804
0000349
0000174
0000640
0000116
-000641
0000000
0001455
0002386
0002852
0003667
0004424
0004482
0003900
0002794
0001629
0000407
0000407
0003318
0006810
0006519
0003434
0000349
-000874
0001920
0005704
0003900
0000058
0002561
0007567
0005937
0000989
0000407
0002619
0001979
0000931
0005471
0010827
0007916
0001106
0000116
0003783
0007451
0009488
0008324
0005704
0005413
0006636
0006868
0006112
0005297
0004307
0002561
0001688
0004307
0007567
0005646
0001455
0001920
0004831
0004249
0002328
0004598
0008498
0008033
0006112
0010361
0015134
0008848
-001572
-001689
0005297
0009255
0009779
0010245
0008382
-000350
-008266
-001630
0010885
0010070
0001397
0000523
0004715
0005471
0004074
0004831
0005762
0002794
-001281
-001223
0001688
0003026
0003201
0004482
0005995
0006577
0006228
0005238
0004307
0004191
0004715
0004889
0004598
0003900
0002968
0002212
0002153
0003841
0005995
0006519
0005937
0006286
0007159
0007159
0006985
0007858
0008731
0007276
0004540
0002677
0002153
0002503
0003609
0005413
0006519
0004482
0001804
0003259
0007276
0010070
0010419
0007509
0003434
0002095
0003085
0003667
0004540
0007800
0010536
0008324
0002968
-000932
-002329
-001398
0000582
0000756
0000232
0002037
0005122
0007625
0008265
0005762
0001629
-000990
-001747
-001747
-001223
-000990
-000699
0000407
0001804
0002503
0002561
0002212
0002037
0003841
0005122
0001397
-003959
-004832
-001223
0005006
0010245
0009488
0005180
0003900
0004773
0003900
0001688
-000815
-003260
-005938
-006928
-003493
0001513
0002794
0000465
-003260
-006404
-006869
-004541
-000583
0002910
0003434
0001513
0000058
-001048
-002795
-003842
-002154
0000349
0000116
-002096
-003901
-004541
-003901
-001980
0001164
0003259
0000873
-003842
-006753
-007219
-006404
-004599
-002329
-000699
-000583
-001630
-002795
-003086
-001165
0001397
0001804
0000407
-001223
-002620
-003668
-004192
-004774
-005181
-005007
-004774
-005298
-006520
-008558
-009489
-005996
-001165
-000990
-003668
-004075
-002562
-000524
-000408
-006637
-014379
-014786
-009605
-004425
-001863
-004366
-009081
-009314
-007044
-007975
-010478
-011061
-009605
-006637
-003784
-003027
-004541
-007451
-010246
-011352
-010304
-007102
-004075
-005356
-007743
-003901
0001804
0000465
-005531
-010304
-011352
-006054
0000232
-002445
-010420
-014262
-013214
-009256
-004483
-001747
-002853
-009023
-015892
-016300
-011817
-008732
-006986
-004133
-002620
-006113
-011468
-012341
-009955
-008790
-008150
-005356
-002969
-005414
-010129
-011643
-010537
-010304
-009896
-006637
-002795
-002387
-004599
-006462
-007917
-010013
-011293
-009605
-006695
-005647
-006811
-009605
-011934
-010362
-006753
-005763
-006928
-008383
-009023
-007102
-004890
-007510
-011468
-009489
-004657
-004075
-006113
-006287
-004541
-000815
0000640
-008034
-018279
-013331
-001223
-000699
-007975
-011468
-010129
-004366
0000756
-003493
-011817
-011876
-006520
-004308
-004890
-005531
-006287
-007510
-008616
-008790
-008208
-007626
-007044
-006404
-005705
-004890
-003959
-002562
-001805
-003435
-005822
-005880
-004017
-001863
-001107
-003959
-008208
-009431
-008092
-006462
-005298
-005531
-006287
-005880
-004599
-003319
-002795
-004774
-006637
-004133
0000931
0004656
0005122
0000814
-004948
-005880
-003493
-003319
-003842
-000874
0002619
0001397
-002795
-005472
-006054
-005356
-003435
-000292
0002386
0001862
-000233
0000349
0001862
0000174
-002736
-003027
-000990
0001862
0003667
0001979
-001165
-001107
0000698
0000116
-001514
-000350
0001280
-001689
-005880
-004716
-000233
0001920
0001804
0001338
0001047
0001862
0002910
0001979
0000116
-000466
-000059
-000175
-000699
-001514
-002329
-003144
-002853
0000465
0004482
0005530
0003958
0001746
0000582
0002910
0006228
0005413
0002386
0002095
0003609
0003492
0002444
0002386
0002968
0003143
0003376
0004715
0005995
0004656
0002619
0003550
0005995
0005704
0004831
0008673
0013446
0011525
0005937
0004365
0005588
0004947
0004249
0007683
0012224
0012457
0009663
0007742
0006868
0005646
0005413
0008382
0011816
0011118
0007218
0003434
0001047
0000873
0002735
0005879
0007334
0001804
-005356
-004017
0003318
0009604
0012398
0010419
0005588
0002270
0001688
0004191
0007218
0005588
0002328
0004831
0008906
0005238
-000874
0002095
0009954
0012689
0010827
0008440
0006344
0005180
0004831
0003434
0002619
0005122
0008848
0009488
0007858
0006403
0005937
0007101
0008731
0008149
0006985
0008789
0011234
0009488
0005762
0005471
0007101
0006577
0005122
0005879
0007509
0007159
0005821
0005704
0007509
0011991
0016590
0017812
0015425
0010943
0006636
0005762
0007683
0009779
0010827
0010186
0007742
0003841
0000116
-001572
-000699
0002503
0006403
0009197
0009371
0005064
0000291
0002270
0007625
0007858
0005006
0004715
0006403
0007916
0008382
0006985
0004598
0002794
0002852
0006053
0010186
0011409
0009546
0006112
0002619
0000407
0000582
0003376
0007392
0010361
0011001
0008731
0004947
0001920
0000640
0001280
0002677
0002444
0001629
0003259
0005530
0004773
0002270
0000698
0001047
0004598
0008149
0006403
0001629
-000583
0000523
0004715
0008789
0007509
0002561
-001805
-003260
0000465
0006170
0007567
0004947
0000873
-001863
0001106
0006286
0006112
0003026
0004016
0006519
0004424
0000116
-001048
0000116
0000349
0000756
0004307
0008382
0007858
0005413
0007159
0011292
0013504
0012864
0009080
0004365
0002735
0003026
0001455
-001223
-003202
-003959
-003377
-001747
0000291
0002270
0004074
0004831
0004016
0002212
0000640
0000058
0000989
0002619
0003201
0002328
0000058
-002329
-002736
-002213
-003610
-005822
-006578
-005414
-002271
0001513
0003550
0004016
0004889
0005180
0002561
-000699
-001048
0001397
0005122
0008324
0009546
0007043
-002038
-010071
-003551
0009139
0009663
0002095
-000117
0000523
-002736
-008558
-015659
-017580
-003377
0013446
0005704
-011643
-002853
0016240
0008033
-011759
-006113
0012457
0012631
0001280
-001398
0001688
0001106
-002620
-007451
-011002
-009547
-005589
-004948
-006113
-004832
-001980
-000059
0000698
0000756
0000349
0000232
-000233
-002445
-005123
-006462
-005705
-002620
0000523
-000175
-003493
-005996
-006753
-005414
-002911
-000583
0000058
-002271
-005822
-006753
-005938
-006928
-008034
-005414
-001747
-002853
-006171
-005589
-003610
-006637
-010944
-008849
-003784
-004250
-007451
-005705
-002678
-006578
-013040
-012749
-008034
-005705
-005705
-005705
-005822
-006287
-007510
-010304
-013214
-014320
-013273
-011235
-007859
-001747
0003550
0002852
-001747
-004774
-005589
-005589
-004657
-002911
-001514
-002096
-003377
-002154
-000699
-004366
-009431
-008441
-004657
-005880
-010071
-012167
-011468
-008383
-004483
-002911
-002911
-001689
-000117
-000408
-001572
-001572
-000990
-001398
-002387
-003027
-003551
-004774
-006345
-008092
-009023
-007219
-005705
-010537
-016823
-015194
-008150
-002562
-000641
-003784
-008558
-007510
-003493
-003959
-006287
-003726
0000116
-002853
-008616
-007859
-003959
-005065
-009023
-010304
-008732
-005472
-002853
-004832
-008383
-006695
-002504
-002271
-005181
-008499
-010129
-007219
-002678
-002678
-005647
-006811
-006520
-006811
-006986
-005938
-003901
-001107
0000931
0000058
-002154
-002504
-001630
-001863
-003260
-005763
-007626
-006520
-003493
-001107
-000350
-002096
-004425
-003377
-001048
-002154
-004716
-003260
-000815
-004425
-009372
-005822
0001688
0002735
-000466
-000408
0001164
-000641
-003668
-003435
-001863
-003842
-007393
-008092
-006637
-005472
-004599
-003086
-002096
-003726
-006345
-007219
-005996
-003319
-000641
-000175
-002096
-006054
-009605
-009140
-005880
-003377
-001980
-000990
-000874
-002154
-003842
-004192
-003784
-004948
-006113
-004425
-001281
0000291
0000523
0000814
0000873
0000174
-001107
-002562
-004192
-006928
-008092
-003202
0003434
0003609
-000699
-002795
-003610
-006637
-009314
-007451
-002911
0000058
0000698
-000699
-002271
0000174
0003609
0001688
-002853
-003726
-001863
-000874
-001165
-002736
-004250
-002969
0000116
0002677
0003841
0003259
0001397
-000524
-001514
0000174
0001746
-002271
-007626
-005356
0000291
-000583
-005123
-005880
-003202
0000291
0002968
0002444
0000116
-000874
0000058
0003026
0005646
0004074
0000116
-001630
-001747
-003027
-003959
-001921
0001280
0002153
0001164
0000465
-000175
-001980
-003086
-000350
0003434
0003085
-000583
-005822
-006345
0005937
0025088
0032752
0032752
-024216
-032752
-032752
0017114
0032752
0023284
0003259
-006928
-000990
0010827
0002910
-013156
-010711
0003376
0010303
0009721
0007043
0003085
-001456
-003202
0002503
0010303
0009779
0004132
0002444
0003725
0003667
0002677
0001746
0001164
0001397
0001920
0001338
0000407
0000698
0001513
0001338
0000349
-000408
-000699
-000233
0000349
-000583
-001572
0000174
0003492
0005879
0006577
0005297
0003143
0002270
0002677
0003667
0004365
0003259
0001397
0001513
0002386
0001222
-000641
-000583
0001338
0004656
0007218
0005762
0001979
-000641
-000815
0002095
0005879
0006170
0003841
0001513
0000582
0002270
0005471
0007858
0008557
0007043
0005180
0007392
0009371
0001979
-008092
-007160
-000175
-001514
-004832
0004773
0018278
0017754
0007916
0002735
0001862
0000349
-000699
0000698
0003259
0004424
0004598
0005355
0006461
0007974
0008615
0006344
0002503
-000641
-001339
0002386
0007742
0009371
0008324
0009139
0009954
0006694
0002095
0001571
0004191
0006344
0007101
0005937
0003841
0002968
0003609
0005238
0007101
0008498
0008673
0007101
0005238
0006286
0007974
0005006
0000349
-000117
0002677
0005413
0007043
0006577
0005413
0006752
0009197
0009546
0008265
0006752
0006228
0008848
0011118
0005762
-001165
0002212
0010885
0012864
0009139
0004656
0001746
0003725
0007567
0006694
0003085
0002386
0003550
0003318
0002037
0000640
-000117
0000640
0002561
0004482
0006228
0008149
0008964
0007218
0003841
0000291
-001863
-001339
0001222
0004016
0006170
0007509
0006752
0002561
-002096
-002213
0001222
0004656
0007101
0008498
0008033
0004598
0000814
0000582
0002968
0004132
0004656
0006752
0008731
0008149
0005530
0002677
0001280
0003667
0007392
0007800
0005355
0002852
0001164
0001222
0002503
0003667
0004191
0003725
0002968
0003201
0003550
0001920
-000175
0000058
0002444
0006053
0009022
0008673
0006286
0005413
0004889
0001164
-002504
-000583
0005064
0010128
0012049
0008673
0002561
-002096
-001863
0007800
0018103
0012166
-000466
0003085
0013621
0008906
-003901
-007335
-003260
-000350
0001455
0003958
0006636
0009430
0011351
0011583
0010652
0010652
0009488
0003201
-004948
-009431
-009081
-005356
0000756
0007916
0012689
0011525
0006927
0005762
0005646
0000116
-008092
-013796
-015776
-015776
-011759
-000175
0012806
0015658
0014785
0030502
0032752
0006112
-032752
-032752
-013680
0000465
-001281
-003493
-003784
0001688
0008848
0010128
0004947
-005763
-015194
-011468
-003784
-013040
-028524
-026894
-014204
-007684
-006637
-004890
-003610
-004133
-006869
-012690
-017464
-015776
-008092
0003143
0011758
0009488
0000582
-003493
-004425
-008732
-014786
-019559
-021364
-019152
-014495
-011352
-009547
-006869
-004832
-005589
-008383
-010886
-012341
-012574
-011526
-010304
-008616
-005239
-003027
-007044
-012458
-009256
-002445
-003551
-008732
-008034
-004192
-004017
-006404
-008150
-008325
-006229
-003319
-002271
-003377
-006171
-009140
-009896
-009198
-009372
-010129
-010304
-009955
-009023
-008266
-008732
-009838
-009955
-009372
-009140
-008441
-005239
-002096
-003842
-008034
-008616
-007626
-010653
-014495
-012865
-007975
-005298
-004366
-002096
-000466
-002736
-006520
-007102
-005414
-005007
-004774
-002096
0001397
0003143
0002852
0000989
-000524
0001746
0005122
0003783
0000174
-000059
0002677
0006636
0008964
0005471
-000292
-000990
0001804
0002561
0001629
0000523
0000698
0005355
0010361
0007916
0002328
0003318
0008149
0009139
0007334
0006636
0007043
0008207
0009139
0007916
