-003319
-005356
-005065
-002271
0001338
0002794
0002561
0002677
0002561
0000931
-001281
-002562
-002329
-000059
0002095
0000000
-003260
-001456
0002561
0002212
-000874
-002620
-001805
0002328
0007101
0007742
0004831
0001222
-001456
-001398
0000465
0001455
0001164
-000583
-002329
-001339
0000523
-000466
-003027
-003901
-002678
0000116
0002910
0003376
0001688
-001107
-002445
0001862
0007334
0004715
-001747
-001747
0001920
0000989
-001921
-000292
0003609
0004773
0003492
0001920
0000174
-002271
-003668
-001281
0002386
0002619
0000407
-000233
-000233
-002271
-004425
-002445
0000756
-000990
-005298
-006811
-005531
-003377
-001165
-000233
-000292
-000059
0000291
-000059
-000408
0000291
0001455
0001920
0001804
0001513
0001455
0001920
0002619
0002503
0002561
0005297
0008207
0006694
0002910
0001455
0002386
0004074
0005704
0006170
0005704
0005297
0004773
0003783
0002444
0000873
-000059
0000931
0002095
-000175
-004075
-005880
-005123
-002853
0000058
0002212
0002735
0001164
-001630
-004366
-005589
-003493
-000874
-003319
-007451
-005298
-000292
-000408
-003551
-004308
-002795
-000292
0001222
-001980
-006113
-003784
0002444
0005995
0006461
0005471
0003609
0001688
0000873
0002386
0005297
0007683
0008731
0007974
0006577
0007392
0008382
0005180
0000523
-000117
0002037
0002910
0002503
0001571
0000523
-000059
0000000
0001164
0001338
-003959
-009372
-005007
0003492
0003434
-001863
-002445
-000292
-000990
-002911
-002154
-000233
-000583
-002154
-002213
-001398
-001863
-002795
-002038
-000524
-000175
-000524
-000757
-000350
0001280
0002968
0003026
0001280
-001921
-004425
-003027
0000582
0002444
0002794
0003841
0005122
0005995
0005821
0003667
0000756
-000874
-000932
0000174
0001222
-000292
-001747
0002910
0008789
0006519
-000466
-003726
-003086
-000874
0001629
0002270
0001571
0001688
0001920
0000407
-001863
-003202
-003377
-002969
-002387
-002271
-002911
-004541
-005822
-004425
-001281
0001455
0003143
0003783
0003376
0002270
0001047
0000291
0000582
0002386
0004249
0003609
0001338
-000292
-000641
0000698
0002386
0001979
0000232
-001107
-000815
0002503
0006286
0006286
0003143
-000233
-002387
-001863
0000465
0002095
0002852
0003667
0003667
0001397
-001223
-000583
0001804
0002444
0001338
-000583
-002329
-002387
-001572
-002271
-002911
0000116
0004016
0003259
0000058
0000000
0001920
0002270
0001571
0001571
0001804
0001280
0000873
0002270
0004191
0004365
0002968
0001397
0000407
0001222
0002619
0002095
0000232
-001223
-001921
-001630
-000990
-001339
-002038
-001456
-000292
0000174
-000117
-000583
-000990
-000699
0000058
0000698
0001106
0001571
0001513
-000466
-001980
0001106
0005530
0004540
0000873
0001338
0004132
0004132
0002794
0003783
0006170
0007800
0008440
0008731
0007916
0004598
0000873
-000466
0001397
0007043
0011758
0007334
-000815
-000757
0004424
0006053
0004365
0002444
0000931
0000582
0000873
0000291
-000757
-001107
-000874
-000524
-000757
-002795
-005472
-006637
-006753
-007743
-008558
-007160
-005007
-005298
-006287
-003784
-000117
-000059
-002387
-003668
-003842
-004366
-004075
-000757
0003376
0004715
0003841
0003434
0003609
0004307
0004831
0004307
0003026
0001920
0001397
0001862
0002910
0003900
0003900
0001688
-000699
0000582
0003376
0002794
0000523
0000989
0002677
0002037
0000000
-001048
-001048
-000524
0000465
0001804
0002852
0003085
0002503
0001338
0000174
-000059
-000117
-001456
-003435
-004599
-004832
-004425
-003726
-003726
-003901
-003144
-001572
0000174
0002095
0004773
0006170
0003201
-000815
0000698
0004889
0005064
0002212
-000292
-001223
0000349
0002910
0003609
0002735
0002212
0001746
0000174
-001514
-001456
-000524
-000990
-001805
-000350
0002095
0003492
0002968
-000117
-003260
-002096
0001280
0001804
0000058
-001107
-001456
-001165
-000408
0000232
0000640
0001571
0002095
0000814
-000757
0000349
0002444
0001688
-000233
0000814
0002794
0000989
-002620
-003551
-002271
-001165
-000583
-000815
-001514
-002154
-002154
-001165
0000349
0001688
0001804
-000524
-003202
-002096
0000989
0001862
0000756
-000583
-001689
-001863
-001630
-002445
-003435
-002795
-001339
-000874
-001107
-000932
-000292
0000873
0001862
0001629
0000873
0001280
0001979
0001164
-000233
-000059
0000814
0000174
-000874
0000465
0002735
0002852
0001920
0002794
0004424
0004889
0004191
0002677
0001397
0002212
0003434
0001746
-001281
-001921
-000932
-001107
-001630
-000524
0001222
0001513
0000523
-000699
-001630
-002213
-001980
-000466
0000989
0000465
-001747
-004890
-006986
-005356
-001921
-001048
-002096
-002271
-001456
0000232
0001629
0000523
-001514
-000874
0000931
0000116
-001689
-000524
0002270
0003376
0003318
0004540
0005471
0002677
-000757
0001047
0005588
0006985
0005588
0003841
0002561
0002852
0003958
0003783
0002619
0001338
0000058
-000874
-001689
-002969
-003842
-002562
-000350
0000116
-000815
-001805
-002795
-004192
-005356
-005472
-005065
-005356
-006171
-006986
-007102
-005414
-003027
-002213
-002736
-003610
-004133
-003610
-002154
-000350
0001164
0001746
0001688
0001979
0002212
0001222
0000291
0001338
0003434
0004656
0004307
0001862
-000932
-000932
0000814
0001222
0000582
0000058
-000350
-000466
-000292
-000059
0000058
-000233
-000757
-000990
-001165
-001805
-002038
-000350
0001804
0001222
-000815
-001339
-000757
-000699
-001514
-003726
-006171
-006695
-005880
-005531
-005589
-005822
-005472
-002911
0000174
0000756
-000408
-000932
-000292
0001920
0004307
0004307
0002677
0002095
0001979
0000640
-000757
-000175
0001804
0003550
0004132
0002619
0000640
0001338
0003376
0003376
0001571
-000757
-002504
-001863
-000117
-000583
-001921
-000932
0000814
-000583
-002911
-001107
0002212
0001688
-001339
-003260
-003377
-001863
-000117
-000932
-002969
-002678
-001107
-000932
-001689
-001980
-001689
-000583
0000291
-000757
-002329
-001281
0000873
0000698
-001223
-003610
-004774
-002620
0000931
0001571
0000407
0000640
0001338
-000466
-002562
-000815
0002270
0001513
-001689
-003668
-003551
-000641
0002735
0002561
-000059
-001456
-001339
-000117
0000814
-001281
-004716
-006171
-004832
-000699
0003667
0004307
0001688
-001747
-004192
-003551
-001048
0000523
0000640
-000583
-002445
-003726
-003668
-001863
0000756
0002852
0003201
0000291
-002795
-000874
0003725
0005297
0004307
0003376
0002794
0002852
0002968
0001688
-000059
-000641
-000175
0000640
0001164
0000756
-000408
-001980
-002678
-000757
0001804
0001397
-001048
-002562
-002853
-002329
-001572
-001689
-002271
-001921
-001165
-001281
-001805
-001456
-000990
-002038
-003493
-003260
-001747
-000699
0000116
0001688
0003026
0002270
0001106
0002794
0005704
0006228
0004598
0002386
0000698
0001222
0002852
0003318
0002968
0003492
0004365
0004598
0004365
0004482
0004598
0003900
0003026
0003550
0004016
0001455
-001805
-000699
0002212
0001222
-001863
-002620
-001805
-002329
-003144
-002154
-000641
-000990
-002795
-004133
-004774
-004832
-004541
-004657
-004366
-001630
0001397
0001222
-001456
-004425
-005531
-001805
0003318
0003143
-000350
-001572
-000815
-000350
-000059
0000058
0000698
0003434
0006403
0006344
0004191
0002328
0001804
0003492
0005588
0004249
0001280
0000931
0002444
0003376
0003318
0002153
0000523
-000233
-000292
-000932
-001165
0000931
0003434
0002852
0000523
-000117
0000814
0002212
0002794
0000523
-002736
-002853
-000815
0000407
0000640
0000291
0000232
0002095
0004598
0005588
0004715
0002153
-000350
-000233
0001629
0003026
0003318
0001979
0000465
0001746
0004307
0005180
0004249
0002735
0001280
0000698
0000814
0000349
0000349
0003026
0005704
0003201
-001805
-003551
-002096
0000523
0002561
0001979
-000524
-002853
-003842
-002736
-000524
0000873
0001280
0001338
0001047
0000116
-001048
-002271
-002911
-002213
-000583
0001280
0002619
0002619
0002153
0003143
0004424
0003841
0001920
0000000
-001339
-001863
-001456
-000233
0000814
0000640
-000699
-002853
-004192
-002038
0001397
0001804
-000117
-001689
-002620
-003319
-003260
-001281
0000407
-002154
-006113
-005472
-002213
-001980
-002736
0000756
0005471
0005704
0002561
-000233
-001456
-000059
0002444
0002968
0001862
0001106
0000873
0000582
0000640
0001920
0002968
0001280
-001048
0000000
0003085
0004889
0005180
0005006
0004191
0002095
0000291
0000698
0002852
0005122
0006461
0005879
0003958
0002095
0001106
0001979
0003318
0002153
-000350
-001689
-001514
0000000
0001920
0002794
0002619
0002561
0002270
0000989
-000292
0000058
0001222
0001280
0000058
-002620
-004948
-004425
-001921
-000583
0000291
0002735
0005413
0006519
0005471
0002270
-001107
-001456
0000174
0000523
0000523
0002735
0005704
0006694
0006053
0005355
0004773
0004424
0003725
0001397
-001456
-003027
-002911
-001223
0000814
0000931
0000000
0000931
0002386
0001338
-000815
-000874
0000116
-000233
-001572
-002504
-002445
0000000
0002212
-000524
-005472
-006637
-004075
0000291
0004307
0004773
0002328
-000059
-002213
-004774
-006520
-006229
-004133
-001107
0001338
0001629
0000232
-001398
-002329
-001805
-000524
0000058
-000117
-000815
-000932
0001455
0004424
0004540
0002444
0000291
-000699
0001280
0003550
0000814
-003610
-002562
0001222
0000873
-001281
0000814
0004132
0001979
-003144
-005123
-004308
-003551
-002853
-001747
-000641
0000291
0000582
-000350
-001805
-002445
-002154
-001689
-000932
0000465
0001571
0000814
-000408
0001106
0004016
0005180
0004540
0002968
0001280
0000756
0001047
0001280
0001164
0000640
0000232
0000989
0001979
0001397
0000174
0000349
0001746
0003492
0004656
0004074
0002328
0001047
0000873
0002561
0004947
0005762
0005064
0003783
0002444
0001804
0001688
0000989
0000349
0001338
0002561
0001047
-001339
-000233
0001979
0000291
-003260
-004133
-002678
-001165
0000174
0001397
0002037
0001513
0000407
-000408
-000408
0000640
0001920
0001804
0001222
0002852
0005238
0005471
0004074
0002852
0001629
-000350
-002445
-003610
-003551
-002271
-000583
0000582
0000349
-002038
-004657
-004075
-001572
-000350
-000699
-002096
-003260
-001805
0000232
-001398
-004541
-004541
-002213
-000699
-000175
0000000
-000350
-001165
-001630
-000233
0001979
0002619
0002386
0003085
0004715
0007334
0009022
0006577
0002735
0002852
0005297
0005413
0003783
0002328
0001513
0001804
0002677
0002794
0002561
0003085
0003725
0003318
0002270
0001455
0001164
0001513
0001804
0000640
-001398
-002853
-003726
-005007
-005298
-001805
0001920
-000990
-006695
-007044
-003260
0000291
0001979
0000291
-003144
-004948
-004716
-003551
-001980
-001048
-000699
-000059
0000814
0002270
0003026
0000582
-002504
-001863
0001804
0005879
0008091
0005238
0000814
0002153
0006053
0004365
-000233
-001281
0000232
0000349
-000117
0001164
0002852
0002444
0000640
-000699
-001339
-001689
-001572
-000932
-000466
-001747
-003551
-003319
-001630
0000116
0000873
-000175
-002387
-004366
-005181
-004308
-002445
-001572
-001514
-001398
-001107
-000524
0000116
0000407
0000058
-001456
-002678
-000990
0002153
0003318
0003026
0003900
0004540
0002037
-001339
-000990
0001397
0001688
0000582
0000582
0000931
0000058
-001456
-002387
-002795
-003319
-003027
-000233
0003201
0003900
0002037
-001339
-003784
-001689
0001746
-000757
-005938
-006753
-003668
0000873
0004307
0003376
0000116
-000292
0000989
0000640
-000815
-001747
-002271
-003610
-003901
-000117
0005064
0006752
0004831
0000873
-002795
-002795
0000000
0002561
0003841
0003143
0001222
-000117
-000815
-001514
-001863
-001281
-000408
-000175
-000932
-002504
-004075
-004774
-003901
0000000
0003259
-000583
-007335
-007859
-004250
-002620
-002969
-003726
-004366
-003959
-002678
-001165
-000117
-000524
-001921
-003668
-004599
-003551
-001863
-002736
-004366
-002445
0001280
0003085
0002794
0001106
-000292
0001397
0004074
0003318
0000814
0000989
0002619
0002619
0001222
-000350
-001572
-001630
-001223
-001689
-003144
-005472
-007160
-005589
-002736
-002678
-004425
-004541
-003784
-004017
-004774
-005007
-005007
-005705
-006171
-004483
-002038
-001514
-002387
-002853
-002445
-000699
0001338
0001979
0001164
-000292
-001572
-001805
-001165
-000466
0000000
-000350
-000233
0003259
0007159
0005821
0002328
0004132
0008324
0008091
0004598
0001629
-000059
-000059
0000582
-001107
-003086
-001223
0002212
0002037
-000815
-003086
-004133
-003959
-003319
-004366
-006054
-006113
-005123
-004599
-004657
-005007
-005007
-003493
-001689
-002096
-003610
-003726
-002445
-000524
0000873
0000000
-002096
-003027
-003027
-003435
-003901
-003784
-002911
-001398
0000349
0001571
0002153
0002561
0002735
0003026
0002794
0000523
-001747
-000524
0002619
0003667
0002852
0001571
0000931
0002677
0005180
0005006
0002910
0001571
0000814
-000699
-002096
-002445
-001747
-000524
0000349
-000757
-002736
-003668
-003493
-003202
-002853
-002853
-002736
-001689
-000699
-001281
-003319
-006287
-008266
-006404
-002562
-000408
-000524
-002445
-004774
-005181
-003901
-002620
-001048
0002212
0004831
0002794
-000932
-000292
0003026
0005006
0004598
0001106
-002911
-003086
-000117
0003085
0005180
0005180
0003259
0000000
-002154
0000407
0004715
0004132
0000931
0001222
0002968
0000698
-002853
-002096
0001338
0003259
0003143
0001629
-000874
-004075
-005938
-003842
0000582
0003900
0005064
0003900
0002095
0002968
0004947
0004074
0001979
0002444
0004307
0004656
0003667
0002503
0001222
-000466
-001630
-000932
0001164
0003492
0004424
0001979
-001921
-003726
-002969
-000350
0002444
0002794
0001397
0000582
0000640
0001513
0002212
0001280
-000641
-002038
-002620
-002445
-001863
-001456
-001165
-000699
-000059
0000756
0001047
-000350
-002038
-001281
0000523
-000117
-002038
-002736
-001921
0000232
0002677
0004016
0004540
0005937
0007159
0006694
0004947
0003143
0001920
0001455
0001629
0001862
0001513
-000408
-002562
-002504
-001107
-000583
-001165
-002154
-003493
-005356
-006811
-006578
-005414
-004948
-005472
-007335
-008732
-006287
-002795
-003901
-007102
-006404
-002853
0000523
0002386
0001280
-000874
0000116
0002503
0001862
-000059
0001280
0004074
0004656
0003376
0002095
0001222
0000465
0000523
0002095
0004307
0005762
0006053
0005413
0004074
0002212
0001455
0004191
0008324
0009721
0008149
0004715
0000814
-001863
-002445
-000815
0001338
0000814
-001107
-001456
-000466
0001106
0001920
0000291
-002678
-004832
-005007
-002213
0001222
0001164
-000932
-000874
0000582
0000873
0000407
0000058
-000408
-001805
-002969
-001805
0000756
0002794
0003783
0003725
0003085
0002968
0003143
0002794
0002561
0003900
0005413
0003841
0001397
0002619
0005530
0005646
0003550
0000931
-000175
0002968
0007451
0007683
0004540
0001804
0000291
0000174
0001513
0004191
0005879
0002852
-002271
-003901
-002795
-002213
-002154
-001921
-001223
0000640
0002037
0000291
-002678
-002969
-000815
0002270
0004191
0001920
-002154
-003086
-001572
-000466
-000059
-000408
-000874
-000233
0000349
-001398
-004250
-005763
-005822
-005531
-004483
-001980
0000814
0002153
0002037
0001280
0000116
-001281
-002038
-001107
0000931
0002852
0003783
0003609
0001979
-001339
-004774
-006054
-005356
-004308
-003202
-001921
-001223
-001980
-002795
-000757
0002328
0002735
0000814
-001863
-003784
-003551
-001398
0001106
0003085
0003667
0003318
0004016
0004773
0003434
0001571
0002561
0004831
0004715
0003259
0003201
0004074
0004656
0003958
0000349
-003260
-001805
0002270
0003143
0001397
-000233
-001048
-000815
0000523
0002735
0004365
0003609
0000989
-001514
-003027
-002678
-001339
-000932
-001456
-002445
-002911
-000990
0001571
0001629
-000059
-000932
-001456
-003610
-005239
-002678
0001571
0002270
0001106
0002735
0005588
0005704
0004191
0003550
0003783
0003550
0003609
0005413
0007101
0005530
0002212
0000756
0000931
0001338
0001338
-000641
-002620
-001165
0001920
0002270
0000291
-002271
-003726
-001514
0001804
0001106
-002154
-004017
-003842
-001630
0000873
0001047
-001048
-004250
-006637
-005239
-002213
-002154
-004192
-005472
-005531
-004716
-002853
0000523
0003376
0002968
0000465
-001165
-000990
0001106
0003667
0003725
0002037
0001164
0000698
-000699
-002038
-002213
-001165
0000465
0001804
0001629
0000582
0000582
0000989
-000233
-001980
-002387
-001514
-000059
0000989
-000175
-002213
-002445
-001456
-001165
-001747
-002678
-004075
-006578
-008266
-006520
-002678
0000291
0001047
-001223
-004483
-004541
-002445
-001398
-001281
-001048
-000524
0000582
0001397
0000465
-001339
-002387
-001863
0000640
0003841
0005821
0005704
0003026
0000000
0000698
0003201
0002386
0000116
0000814
0003376
0005355
0005530
0002910
-001048
-003377
-003901
-003842
-002911
-000699
0001571
0002095
0001280
0000582
0000407
0000873
0001106
-000641
-003086
-003493
-002387
-001630
-001339
-000932
-001223
-003842
-006637
-005822
-002504
-000175
0001047
0002444
0003085
0001920
-000292
-002096
-002504
-000932
0001513
0002852
0002735
0001862
0000698
0000116
0000116
0000232
0000232
-000350
-000932
-000524
-000059
-001572
-003493
-002795
-000815
-000815
-001863
-001456
-000175
0000756
0000698
-001048
-003260
-003435
-002620
-003377
-004716
-004657
-003027
0000174
0002444
-000233
-004716
-004541
-000990
0001571
0002212
0000407
-001805
-000175
0003259
0003725
0002037
0001513
0001571
0000523
-000990
-001630
-001456
-001107
-000466
0000698
0001979
0003026
0003318
0002910
0001571
-000874
-002911
-002387
-000175
0001338
0001688
0000989
-000466
-001921
-003027
-003610
-003668
-003784
-003377
-000932
0001164
-000932
-005123
-007102
-005589
0000349
0006577
0006228
0001979
0001804
0003725
0002270
-000466
0000232
0002735
0003492
0002968
0003434
0004365
0004831
0004249
0001455
-001107
0000989
0004831
0004074
0000931
0000989
0002735
0002153
-000059
-001921
-002795
-002736
-001805
-000175
0001047
0000291
-001456
-001805
-001223
-001048
-002445
-007801
-012923
-010595
-004192
-001689
-002620
-003726
-004483
-004657
-004192
-003610
-003202
-002969
-003377
-005181
-006637
-004948
-001863
-001339
-002445
-002795
-001572
0001746
0005355
0006112
0004656
0003550
0003026
0002619
0002794
0004074
0005646
0006112
0005355
0003725
0002153
0002212
0003085
0002968
0002153
0001513
0001280
0001804
0002852
0004132
0004715
0003026
0000640
0000523
0001455
0000000
-002213
-001456
-000059
-003202
-007975
-008790
-005880
-001107
0002444
0000582
-004017
-004599
-002853
-003668
-005763
-006171
-005065
-003435
-001863
-000932
-000233
0001862
0003725
0002328
-000757
-002445
-002271
-000524
0001513
0001397
0000116
0000174
0000814
-000233
-001747
-001048
0000523
-000175
-001863
-001572
0000000
0000989
0001455
0002386
0002619
0000407
-002445
-002736
-000874
0000989
0002095
0001979
0000931
-000292
-000932
-000408
0000523
0000000
-000815
0000873
0003318
0003143
0001338
0000582
0000756
0000698
0000873
0002386
0004016
0004132
0002852
0000989
-000350
0000291
0001979
0002677
0002328
0001804
0000989
-000292
-001689
-003086
-003784
-003144
-001805
-001048
-001107
-001747
-002620
-002795
-002853
-004308
-005763
-004716
-002562
-002620
-003551
-002096
0000407
0001164
0000291
-001456
-002620
-001165
0001397
0001862
0000582
-000815
-001456
-000408
0001629
0002852
0003725
0006286
0008848
0008557
0006519
0005762
0005646
0003783
0001688
0002037
0003725
0003841
0002794
0001688
0001222
0002153
0003667
0004132
0003376
0001629
-000466
-002329
-003551
-004250
-004192
-002911
-001863
-003377
-005938
-005938
-003901
-001689
-000466
-001921
-004075
-002620
0000291
-000583
-002969
-001572
0001629
0001804
-000059
-001339
-001223
0000873
0003085
0001280
-001572
0000814
0005530
0006286
0004249
0003434
0003783
0004132
0004132
0002794
0001455
0002794
0004831
0003143
-000059
0000349
0002910
0003725
0003318
0003841
0004074
0001629
-001339
-000524
0002153
0002328
0000814
0000349
0000349
-000815
-002562
-003842
-004017
-002445
-000641
-001572
-003842
-003551
-002387
-004075
-006520
-005414
-002096
-000059
0000465
0000582
0000116
-001572
-002911
-001398
0001280
0001688
0000232
-001398
-002213
-001165
0000523
-000117
-001456
0000116
0002735
0002386
0000174
-000815
-000815
-001048
-001339
-001456
-001048
0001047
0002968
0001629
-001281
-001572
-000524
-001572
-003435
-003435
-001456
0002386
0005530
0003550
-000641
-000524
0002153
0002153
0000058
-002038
-003086
-001980
0000523
0002503
0003434
0003841
0003259
0001338
-000757
-001339
0000116
0003550
0006752
0006344
0003318
0000873
-000583
-001747
-002154
-001223
0000058
-000233
-001281
-001339
-000699
-000408
0000000
0001629
0003376
0003609
0001979
-002096
-005589
-003435
0001047
0000407
-003027
-003144
-001107
-000815
-001165
0000582
0002852
0002386
0000523
0000640
0002037
0002503
0002095
0001746
0001106
-000175
-001630
-002795
-003144
-002329
-000815
0000291
0000814
0000989
0000931
0001455
0001862
0000931
-000117
0001280
0003259
0002212
-000408
-000757
0000174
-000583
-001863
-000815
0000814
-000233
-002911
-004425
-004832
-005356
-005414
-004075
-002329
-002271
-003086
-002387
-000990
-000699
-001398
-002445
-003027
-002038
-000292
0000174
-000117
0000640
0001746
0002095
0001920
0002212
0002735
0003143
0003376
0003434
0003492
0004249
0005006
0004540
0003376
0002561
0002444
0003026
0003667
0003492
0002444
0000814
-000699
-001281
-000932
-000233
0000349
0000349
-000641
-003202
-005589
-005181
-003202
-002387
-002969
-004133
-005239
-005356
-004250
-002213
0000000
0001280
0001106
-000815
-003086
-003260
-001747
0000291
0001164
-002154
-006229
-004832
-000117
0001920
0001862
0002503
0003318
0003318
0002677
0001979
0001397
0000582
0000523
0002968
0006053
0006577
0005355
0005180
0005704
0005122
0004540
0006519
0008149
0003900
-002271
-001980
0001979
0001979
-000699
-002038
-002329
-003086
-004250
-005938
-006986
-005356
-002678
-002329
-003842
-005065
-005938
-007277
-008208
-007568
-006113
-005880
-005822
-003027
0000000
-001281
-005065
-007044
-006345
-002213
0001862
-000408
-004832
-001689
0004424
0002328
-003086
-000233
0006170
0005122
-000117
-000699
0001629
0001746
0000291
-000350
-000233
0000640
0000989
-002038
-005007
-001456
0004540
0004132
-000466
-002853
-002795
-001572
0000000
0000291
0000000
0001164
0002735
0002561
0001047
-000815
-002213
-002329
-001281
0000640
0001862
0000291
-002387
-002213
-000059
0001746
0002503
0001571
0000116
0000058
0001222
0003026
0003900
0001571
-001630
-001339
0001164
0002153
0001571
0000407
-000815
-001630
-001689
-000874
-000175
-001398
-003027
-002271
0000232
0002677
0004016
0003201
0001280
0001106
0001455
-000757
-003551
-003202
-000641
0001746
0002794
0001688
-000990
-004017
-005705
-004192
-000583
0002212
0003550
0003900
0003318
0002619
0001862
0000640
0000000
0002153
0004773
0003492
0000465
0000873
0003085
0002852
0001222
0001513
0002328
0000523
-002445
-003435
-002736
-001689
-000932
-001456
-002213
-000990
0000931
0000523
-001339
-002736
-003377
-003319
-003260
-004599
-006229
-006113
-004541
-002154
-000524
-001863
-004250
-004017
-001921
-000641
-000524
-001630
-002911
-001805
0000000
-001456
-003551
-000990
0004074
0007218
0007625
0005704
0002910
0002095
0002677
0002328
0001513
0001280
0001688
0002794
0003609
0002735
0000756
-001107
-001863
-000583
0001280
0000174
-002096
-001630
0000582
0001746
0001629
0000465
-001048
-001339
-001339
-002969
-005414
-006928
-007335
-007335
-006753
-005414
-004250
-005181
-006928
-006637
-005239
-005123
-005531
-004366
-002562
-001747
-001921
-002853
-002911
0000931
0005646
0005588
0002561
0001862
0003085
0004482
0004947
0003318
0000640
-001165
-001398
0000058
0002095
0002735
0001688
-000815
-002795
-001048
0002095
0001164
-002096
-003319
-002620
-001514
-000815
-001514
-003260
-005065
-006054
-005356
-003726
-003144
-003260
-002969
-002620
-002911
-003726
-004948
-005647
-003959
-001339
-000583
-000932
0000232
0001397
-000815
-003959
-003377
-000699
0000058
-001107
-002969
-004541
-004366
-002911
-001689
-000757
0000465
0001222
0000407
-000932
-000874
0000232
0000756
0000814
0000873
0000640
-000175
-001107
-001281
-001107
-001572
-002562
-003726
-004657
-005356
-005065
-002504
0000407
0000232
-001630
-001514
0000000
0000931
0001338
0001746
0001979
0001513
0000873
0001106
0001688
0001222
0000465
0000931
0002095
0002677
0001920
-001223
-004599
-004308
-001747
-000641
-000466
0000989
0002794
0002910
0001920
0001455
0001338
0001106
0000465
-001107
-002562
-002096
-000641
0000000
-000583
-002736
-004599
-002620
0000582
-000757
-003901
-002096
0001862
0001571
-001398
-002736
-002678
-002678
-002736
-002736
-002678
-002504
-002213
-001805
-001689
-002678
-003202
-000466
0003550
0005180
0004424
0002677
0000698
-000466
-000757
-001339
-001165
0001804
0005355
0005355
0003259
0003143
0003841
0002328
-000408
-002154
-002620
-002154
-001689
-002853
-004774
-005472
-005181
-005123
-005472
-006345
-006869
-005123
-002620
-002620
-003726
-002096
0000349
-000815
-003202
-001398
0002095
0001571
-001514
-003144
-002853
-000699
0001746
0001571
0000116
0000523
0002153
0002910
0002852
0003143
0002968
0000523
-001805
0000814
0005180
0004947
0001571
-000815
-001223
0000814
0003259
0002270
-000815
-002504
-002795
-002795
-002562
-002329
-002096
-001398
-000699
-000757
-001223
-001165
-000932
-001165
-002271
-004948
-006986
-004425
-000059
0000116
-002504
-003377
-002620
-001630
-000350
0001280
0002794
0003958
0003958
0001920
-001048
-002853
-003202
-002853
-001514
0001280
0004249
0005180
0004365
0003143
0002270
0002561
0003376
0003143
0002735
0004249
0006286
0006053
0004307
0003259
0002968
0002561
0002095
0002095
0001746
-000175
-002387
-002445
-001456
-002504
-003901
-002213
0000640
0000873
-000932
-002736
-003959
-004192
-003610
-003144
-002853
-002678
-002678
-003202
-003144
-000524
0002852
0003609
0002095
0000116
-001339
-001048
0000058
0000116
-000815
-002504
-003377
-001223
0002095
0002677
0001629
0002503
0003841
0002270
-000524
-001048
0000000
0000000
-000408
0000523
0002037
0002794
0002328
0000523
-001747
-002736
-002620
-002562
-002271
-000990
0000232
-000874
-002445
-000815
0002735
0005471
0006228
0004598
0001571
-001572
-002795
0000174
0004482
0004540
0001629
0000174
0000116
0000232
0000640
0001746
0002328
-000059
-003144
-002969
-000583
0001222
0001688
0000116
-001921
-001339
0000931
0002270
0002328
0001338
0000232
0000814
0001979
0001280
-000350
-000117
0000640
-001281
-003260
-000175
0004132
0001455
-004308
-004075
0000116
0002561
0002444
0000058
-003086
-004250
-003086
-000292
0002386
0002503
0000756
-000583
-000815
0000291
0002386
0005064
0006927
0006403
0004540
0004249
0004482
0002328
-000059
0001571
0005006
0005180
0002852
0000931
-000233
-001107
-001223
-000117
0001047
0000291
-001630
-002620
-002736
-002853
-003260
-004425
-005414
-004425
-002911
-004192
-006404
-005472
-002795
-001456
-001689
-002154
-003260
-005938
-008092
-006986
-003551
-000292
0001338
0000291
-002154
-002853
-001689
0000232
0002386
0004132
0005006
0005006
0004482
0004074
0003958
0003841
0003550
0002852
0001920
0000698
-000175
-000175
0000698
0002386
0003841
0003376
0002270
0003376
0005122
0004074
0001338
-000292
-000990
-001863
-002562
-003260
-002969
-000059
0002968
0001629
-002154
-003901
-003726
-003260
-003435
-005938
-008441
-006113
-001805
-002154
-004599
-003086
0000523
0001629
0001222
0002328
0004016
0003841
0002794
0003434
0004365
0002677
0000291
0001164
0003492
0003259
0001397
0000814
0000931
-000641
-001747
0001746
0006228
0004831
-000059
-001805
-000990
-000699
-000292
0002270
0004365
0001746
-002911
-004075
-002271
-000117
0000931
-000990
-003959
-003901
-001514
0001280
0002852
0001222
-001980
-003202
-002736
-002445
-001863
0000582
0002794
0001222
-001747
-000815
0002328
0003259
0002386
0001222
0000349
0000174
0000873
0002153
0003609
0004773
0004831
0002444
-000641
-001514
-001048
-002213
-003493
-001689
0001513
0002735
0001979
0000116
-001689
-001921
-001398
-002504
-004250
-004541
-003668
-002911
-002096
-000641
0000698
0001047
-000175
-003668
-006695
-004890
-000466
0001164
0000349
-000233
-000292
0000407
0001688
0002677
0003609
0005238
0006810
0007509
0006519
0002735
-001107
-000233
0003376
0004598
0003667
0002619
0001629
0000756
0000000
-001281
-002562
-003144
-002736
-001339
0000465
0002037
0002910
0003026
0002503
0001746
0000814
-000408
-001107
0000349
0002328
0001455
-000874
-001398
-000874
-001863
-003493
-004250
-003842
-002620
-000990
0000000
0000931
0003783
0006577
0006170
0003434
0001106
0000291
0002386
0005297
0005122
0002910
0001920
0002153
0002212
0002619
0004191
0005762
0005413
0003550
0001571
0000000
-001281
-001572
-000175
0001571
0001164
-000408
-000233
0000756
0000465
-001048
-003027
-004425
-003377
-001689
-002853
-005298
-005356
-003784
-003027
-002853
-002271
-001980
-002911
-004483
-005472
-004890
-001514
0002386
0002444
0000407
0000582
0002212
0002386
0002037
0003201
0004715
0004191
0002735
0002561
0003376
0004191
0004074
0001629
-001223
-000815
0001629
0002735
0002212
0000640
-001398
-002736
-003377
-004017
-003842
-001107
0001979
0001629
-001223
-003144
-004133
-005356
-005763
-003493
-000233
0000931
0000058
-001456
-003377
-005589
-007219
-007626
-006637
-004657
-001921
0001688
0004365
0003492
0000814
-000175
0000698
0002503
0004074
0003434
0001804
0002153
0003201
0001862
-000292
0000116
0001397
-000292
-003027
-002911
-000815
0000698
0000582
-002213
-004948
-002736
0001862
0002735
0000931
0000232
0000291
-000350
-001398
-002620
-003377
-003319
-002504
-001747
-001048
-000117
0000291
-000757
-002736
-004308
-004774
-003493
-001456
-000524
-000583
-000350
-000175
-000990
-001572
0000291
0002444
0000465
-003260
-003319
-000583
0002095
0002910
-000233
-004774
-005472
-002911
0000465
0002444
-000175
-004541
-004948
-002038
0001455
0003667
0002619
-000641
-003610
-005065
-004075
-002038
-001921
-003260
-004599
-005007
-003726
-001514
-000292
-000233
-001048
-002271
-003144
-003260
-002387
-000757
0001397
0002735
0001513
-000874
-001456
-000466
0000407
0000931
0001164
0001106
0000931
0000814
0001047
0001397
0001280
0000989
0001513
0001920
0000116
-002329
-002445
-001048
-000699
-001223
-001980
-002387
-001223
-000059
-001980
-004599
-002911
0000523
0000232
-002387
-002795
-002387
-005181
-008441
-006986
-002969
-001747
-002271
-000932
0000814
0000058
-002038
-002678
-001980
-001048
-000524
-001747
-002853
-000583
0003550
0006286
0006403
0003492
-000292
-000874
0001513
0005006
0007392
0005588
0001629
-000117
0000873
0004016
0007276
0007392
0004773
0001338
-001572
-002562
-002154
-002445
-002678
-000524
0001862
0000698
-002678
-004890
-005647
-005472
-004774
-004133
-003842
-004017
-004192
-003377
-002329
-002969
-004250
-003842
-002387
-001630
-001805
-003377
-004774
-003260
-000757
-001048
-002969
-003144
-001863
-000699
0000058
0000349
0000523
0001979
0003550
0003259
0001804
0000931
0000640
0000174
-000117
0000465
0001513
0002270
0002095
0000116
-002271
-002736
-001165
0001688
0004132
0003783
0001629
0000174
-000641
-002154
-003610
-003901
-003086
-001747
0000000
0002444
0004016
0002328
-001107
-003027
-003202
-002678
-001689
-000350
0000640
0000582
-000059
-000408
-000408
-000350
-000350
-000524
-000524
0000582
0001688
0000291
-001572
0000058
0003841
0006810
0007392
0004365
0000349
0000698
0003318
0002852
0000116
-002096
-003144
-003144
-001980
0000058
0002095
0002910
0002735
0003143
0003259
0001513
-001689
-005705
-007975
-005007
0000640
0003667
0003609
0001862
-000408
-001456
-000641
0003026
0005821
0000989
-006462
-006578
-001630
0000698
0001106
0003143
0005238
0004773
0002619
0000756
-000117
0000000
0000698
0000873
0000582
0000465
0000465
0000232
0000349
0002095
0003725
0001746
-001630
-001805
0000000
-000175
-001398
-001165
-000117
0000698
0000291
-002504
-005822
-006869
-005472
-002969
-000350
0001455
0001280
-002096
-005589
-004133
0000407
0002968
0003376
0002619
0001979
0004249
0007159
0006519
0003434
0001047
0000349
0002212
0004540
0003085
0000232
0001164
0004132
0004424
0003085
0002968
0003318
0001979
0000640
0002444
0005122
0003783
0000465
0000291
0001513
-000583
-003551
-002213
0001804
0004773
0005122
0001455
-003668
-005589
-004133
-000641
0002386
0000989
-002795
-004250
-003202
-000641
0001688
0001571
-000408
-002096
-002504
-000524
0002503
0004016
0003841
0003026
0002153
0002212
0002852
0003201
0003434
0004540
0005704
0005704
0004249
0001571
-000990
-001398
-000059
0001338
0002270
0002794
0002444
0001047
-000757
-001980
-002096
-000466
0001513
0001629
0000174
-001572
-002678
-002329
-001339
-002213
-003842
-004075
-003435
-003610
-003784
-001572
0000814
-000524
-003668
-004192
-002795
-002038
-001805
-001165
-000641
-001805
-003027
-001572
0001571
0003783
0004773
0005297
0005238
0004540
0003609
0002852
0002386
0002095
0002270
0003259
0004540
0004715
0004191
0003841
0003434
0001862
0000582
0002328
0004715
0002794
-001281
-002853
-002096
-000757
0000058
-001281
-003144
-001863
0000756
0000814
-000874
-001689
-001398
-000175
0000989
0000232
-001456
-001630
-000874
-001048
-001630
-001398
-000757
-000699
-000874
-000757
-000059
0001513
0003085
0003259
0002444
0002212
0002328
0001571
0001338
0004365
0007509
0005355
-000175
-004774
-006287
-003377
0001513
0003609
0002852
0001688
0000582
0000291
0000640
0000756
0000756
0000931
0001222
0001629
0001804
0000873
-000059
0001280
0003259
0002444
0000407
0001047
0002735
0001688
-000466
-000233
0001455
0002386
0002212
0000931
-000641
-000932
-000524
-001223
-001863
-000059
0002677
0003376
0002328
0001397
0000465
-000990
-002213
-002038
-000815
0001047
0001979
-000641
-004483
-005065
-003435
-003435
-003726
-001281
0002037
0002503
0001513
0002968
0004831
0002735
-001630
-004308
-005181
-005531
-005065
-003551
-001630
-000408
0000232
0001047
0001629
0001455
0000232
-002562
-005181
-004716
-002329
-000932
-000466
0000116
0001455
0005180
0008615
0007625
0003667
0000523
-000757
0000000
0001571
0001222
-000175
0000232
0001513
0001571
0000756
0000349
0000000
-001223
-002387
-001398
0000349
-000233
-001572
-000175
0002386
0002794
0001222
-000524
-001921
-002271
-001805
-001572
-001165
0000465
0001513
-001398
-005472
-005065
-001747
-000583
-000699
0000756
0002794
0003609
0002968
0000232
-001805
0001688
0006985
0006577
0002270
-000524
-000815
0001338
0004715
0006868
0007276
0006752
0005180
0002270
-000117
0000698
0003259
0003841
0002852
0002153
0001979
0001920
0002328
0003550
0004773
0004540
0003201
0002153
0001222
-000292
-001747
-002038
-001805
-002911
-004192
-003668
-001747
0000349
0001338
-000466
-003202
-003144
-001572
-002445
-004075
-002795
-000117
0000407
-000350
0000232
0001688
0002561
0002619
0002270
0001455
0000291
-000583
-000059
0000931
0000523
-000408
0000523
0001979
0001280
-000292
0000291
0002037
0002444
0002270
0003609
0005122
0004249
0002153
0001222
0001688
0003609
0005122
0003085
-000641
-001863
-001107
-000874
-001048
-001107
-000699
0001222
0002968
0001746
-000699
-000233
0002037
0003259
0002561
-000583
-004308
-005414
-003668
0000000
0003143
0001688
-001398
0000640
0004889
0004424
0000756
-001863
-002853
-002620
-001514
-000059
0000465
-001863
-004890
-004832
-002562
-000583
0000523
0000989
0000349
-001689
-003551
-002678
-000292
0000582
0000000
-000699
-001281
-001689
-001747
-001456
-000757
0000582
0001513
0000523
-001281
-000874
0000291
-001456
-003726
-001747
0002677
0005355
0005704
0003958
0001513
0001106
0002037
0002037
0001804
0003318
0005064
0004365
0001688
-001630
-003901
-003027
-000350
0000989
0000698
-000583
-002271
-003493
-004017
-004133
-003668
-002096
-000874
-002213
-004599
-004716
-003901
-005822
-008558
-008208
-005822
-004425
-003959
-003027
-002329
-002911
-004017
-004716
-004483
-003202
-001398
0000640
0001222
-002329
-006113
-002736
0004307
0007334
0006053
0002852
-000524
-001689
-001048
-000815
-000874
-000699
-000059
0001629
0003259
0003201
0001804
0000582
-000350
-001572
-002213
-000815
0000814
-000990
-004250
-004483
-003027
-003784
-005356
-004366
-002271
-002562
-004133
-004483
-003842
-003726
-003668
-002736
-001281
0000174
0000582
-001514
-004483
-005181
-003901
-002154
-000408
0001164
0001979
0001571
0000465
-000233
-000292
0000058
0000465
0000291
0000058
0000989
0002270
0002153
0001164
0000931
0001338
0001862
0001862
0000756
-000583
-000175
0001338
0002386
0002561
0001862
0000582
-000524
-001456
-002969
-003668
-001107
0002328
0002503
-000408
-004948
-008208
-006113
-000932
0001920
0001979
0000814
-001456
-005239
-007859
-005472
-000932
-000466
-002853
-003493
-003144
-004075
-004832
-002271
0001397
0001920
0000232
-000641
-000466
0000640
0001222
-001805
-005356
-003668
0001047
0003667
0003725
0002270
0000465
0000640
0001688
0000698
-001223
-001805
-001048
0000232
0001455
0001862
0001571
0000989
0000582
0000640
0001106
0001920
0001979
-000350
-003610
-004541
-003842
-003610
-003610
-002969
-001980
-001514
-000757
0002153
0004831
0003026
-000874
-001281
0000640
0000873
0000291
0001047
0002153
0001397
-000292
-001048
-000583
0000931
0002386
0001688
0000058
0000698
0002095
0000640
-001921
-001398
0000582
-000059
-001863
-001165
0001164
0003376
0004191
0002270
-000757
-001339
-000408
-000699
-001514
-000874
0000407
0000523
0000000
-000059
0000582
0002037
0002968
0000640
-002271
-000466
0003376
0002619
-000408
0000291
0002794
0002561
0000465
-000932
-000874
0001280
0003725
0002910
0000698
0001688
0003900
0002677
0000000
0000756
0003085
0002503
0000000
-001630
-002387
-002969
-003493
-004017
-004483
-004716
-004366
-002736
-000641
0001280
0001571
-001805
-006054
-005880
-002795
-000932
-000408
0000058
0000407
0001106
0001280
-000641
-002853
-001805
0000931
0001688
0001571
0004132
0007101
0006286
0003143
0001629
0001513
0000989
0000814
0002619
0004947
0005530
0004249
0001513
-000350
0002677
0007683
0008848
0006053
0000523
-004192
-002795
0001455
0000349
-003551
-003842
-001339
0001397
0002386
-001165
-005880
-004832
-001165
-002853
-006695
-005239
-001281
-001339
-003784
-003842
-002329
-001630
-002213
-004308
-006695
-007626
-006578
-003319
-000059
-000466
-002387
-000524
0003259
0004540
0004132
0005238
0006344
0004191
0000698
0000000
0001047
0000349
-000874
0000582
0002910
0002270
0000349
0000756
0002852
0005413
0006228
0001862
-003260
-000059
0007159
0008615
0005588
0003958
0002794
-000583
-004017
-003784
-001048
0001629
0002386
-001223
-005996
-005880
-002795
-002213
-003260
-002969
-001921
-001747
-001921
-000932
-000117
-002096
-004716
-003726
-000874
-000699
-001689
0000291
0002794
0000349
-003784
-002853
0000989
0002095
0001106
0000291
-000233
-000583
-001223
-003086
-004716
-002853
-000233
-002969
-006753
-002213
0005762
0006461
0002444
0001513
0002619
0002153
0000756
-000117
-000175
0000756
0001920
0002037
0001338
0000756
0000407
0000116
0000058
-000117
0000523
0003550
0006461
0004598
0000640
0000756
0003318
0003783
0002794
0002968
0003492
0002677
0001455
0002212
0003434
0001979
-000524
-000990
0000232
0001571
0002270
0001513
0000000
-000524
-000233
-000233
-000466
-000583
-000583
-000175
0000058
-000815
-002213
-003144
-003144
-001921
-000466
-000292
-000699
0000174
0001629
0002153
0001629
0000698
-000350
-001107
-001223
-000233
0000989
0000931
0000582
0002619
0005413
0005995
0004773
0003958
0003201
0000989
-000990
-000292
0002212
0004598
0005413
0002561
-000874
0001222
0005704
0005413
0001979
0000349
-000059
-001980
-003726
-001980
0001047
0000814
-000990
0000000
0002212
0001804
-000408
-001863
-002911
-005356
-007393
-006287
-003319
-000874
-000583
-004192
-008092
-005531
-000059
-000175
-003493
-003726
-001863
-000874
-000815
-001107
-001281
-000583
0001047
0003609
0005530
0004947
0002328
-001165
-003027
0000058
0005180
0005821
0003609
0003376
0004191
0002677
0000989
0003143
0006519
0005762
0002212
-000175
-001107
-001514
-000874
0001804
0003434
-001398
-008383
-009314
-005647
-003319
-002038
0000465
0002386
0000523
-002911
-003610
-001980
-000292
0000523
-000815
-002736
-001863
0000349
0000174
-000699
0002095
0005937
0006112
0003492
0000931
-000175
0001629
0004482
0004656
0002910
0001804
0001688
0002910
0004074
0002852
0000291
-001339
-001572
-000466
0001047
0000931
0000116
0000873
0002270
0002270
0001513
0001513
0001920
0002037
0001455
-000175
-001921
-002038
-000990
-000350
0000058
0001338
0002095
0000116
-002911
-003842
-002969
-002329
-001980
-001980
-001805
-000233
0000873
-001980
-005705
-004599
-000466
0001571
0001397
0000116
-001630
-003027
-003027
-000233
0002968
0002503
-000059
-000699
0000174
0000349
0000232
0001106
0001979
0001164
-000583
-001456
-001165
0000232
0001804
0002328
0001688
0000407
-000932
-001281
-001107
-001863
-002969
-002853
-002096
-002154
-002562
-001980
-000932
-000990
-001630
-001747
-001456
-001223
-000874
0000291
0001455
0001397
0000931
0001920
0003667
0004249
0004249
0005530
0006577
0004889
0001979
0001106
0001746
0001979
0001862
0002444
0002852
0001979
0000349
-001223
-001863
-000233
0001862
0000989
-001630
-003027
-002969
-001863
-000641
-000699
-001630
-002038
-002445
-004425
-006287
-005298
-002678
-001805
-002096
-001514
-000641
-001339
-001980
0000058
0003376
0004656
0004249
0004074
0004307
0005297
0006053
0004773
0003026
0004482
0007276
0007858
0006344
0003667
0001804
0004016
0006868
0003609
-002504
-004017
-002154
-001456
-001805
-001456
-001165
-001805
-002911
-003319
-003610
-005531
-007568
-006753
-004774
-005356
-007510
-008674
-008266
-006404
-003842
-001863
-000932
-000641
-000815
-000990
-001165
-000990
-001398
-004017
-006462
-004657
0000000
0004191
0006112
0004016
0000523
0000989
0004132
0006170
0006461
0005006
0002503
0000582
-000059
0000698
0002095
0002270
0001571
0001629
0001804
0000407
-001107
-000233
0001688
0001920
0000814
0000000
-000815
-002387
-004599
-007684
-009896
-008558
-005705
-005938
-007510
-005763
-002329
-000874
-001514
-003144
-005065
-006404
-006811
-006578
-005065
-001281
0002968
0004889
0004482
0003725
0002852
0001862
0000989
-000117
-001165
-002038
-002620
-003202
-003493
-003144
-002329
-001339
-000059
0002270
0004482
0005064
0003841
0001397
-000874
-000990
0000407
0001164
0001513
0002677
0003376
0001455
-001630
-003260
-003202
-002562
-001980
-002562
-003610
-003493
-002387
-000699
0000814
0001106
0000582
0000174
0000349
0001338
0002561
0002735
0001979
0000698
-000292
0000523
0001920
0001164
-001048
-002736
-003551
-003610
-003027
-002736
-002329
-001223
0000232
0001571
0001862
0000291
-002271
-004192
-004716
-003610
-001456
0000582
0001629
0001047
-000874
-003435
-004774
-002445
0001106
0000873
-001921
-003668
-003260
0000465
0004598
0004074
0000582
-001048
-000874
-000408
0000116
-000059
-000350
0000465
0001629
0001688
0001164
0001746
0002619
0002386
0001106
-000990
-002213
-000292
0003259
0005064
0005006
0004307
0003143
0001571
0000698
0001862
0003725
0003783
0002328
0000756
0000174
0002386
0004831
0002735
-001805
-003784
-003726
-004541
-005531
-005181
-004425
-005647
-007160
-005763
-003086
-002969
-004599
-005239
-004948
-004192
-003610
-004308
-005647
-006637
-005531
0000232
0006577
0006927
0002910
-000117
-001048
0000349
0003085
0005355
0005646
0002444
-001572
-001398
0001629
0003725
0004249
0003318
0001979
0002619
0004424
0005238
0005064
0004889
0004307
0003026
0001280
-001048
-002387
-000524
0002794
0004249
0003259
0000465
-003027
-005472
-006345
-005880
-005123
-006229
-007859
-007160
-005065
-004133
-004192
-004425
-004250
-002736
-000874
-000874
-001689
-001048
0000174
-000641
-001980
-000757
0001629
0002153
0001746
0003434
0005297
0003550
0000174
0000174
0001571
-000350
-003144
-001165
0003026
0003783
0002153
0001862
0002095
0000523
-001339
-000641
0001222
0001106
-000175
-000408
0000000
-000059
-000815
-002736
-004308
-002620
0000349
0000582
-001107
-002154
-002154
-001514
-000117
0002270
0004424
0005238
0004249
0001047
-001980
-001281
0001513
0001804
0000523
0000349
0000931
0001338
0001222
0000000
-001398
-001398
-000292
0000640
0001629
0003783
0005238
0002968
-001048
-002562
-001747
-000117
0001106
0000232
-001630
-001572
-000408
-000175
-000583
-000641
-000583
-000990
-001339
-000641
0000756
0002153
0002852
0002212
0000814
0000058
0000116
0000756
0000989
-001107
-003551
-002213
0000814
0000640
-001223
-000932
0000698
0001455
0001629
0002270
0003085
0003841
0003550
0000349
-003202
-002154
0001047
0000698
-002213
-004483
-005298
-004308
-002213
-000641
0000349
0001629
0002735
0003026
0002735
0002852
0002735
0001280
-000408
0000232
0001920
0001746
0000291
-000699
-000815
0000523
0002270
0002386
0001513
0001862
0002386
0000640
-001689
-001572
0000000
0000058
-000408
0001455
0003841
0002794
0000523
0001920
0004947
0004773
0002677
0001920
0002270
0002270
0002095
0001920
0001920
0002619
0002619
-000874
-004774
-003784
0000407
0003143
0003725
0002444
0000291
-001165
-001223
0000407
0002444
0003201
0001746
-002911
-007219
-005123
-000059
-000175
-003086
-002329
0000465
0000756
-000757
-002038
-002504
-001980
-000466
0001688
0003259
0002386
0000582
0001047
0002561
0002153
0000873
0001338
0002328
0001222
-000815
-001281
-000466
0000291
0001106
0002328
0003259
0003085
0002328
0002503
0003026
0002386
0001047
0000058
-000059
0001164
0002561
0001862
-000175
-001863
-002620
-002329
-001572
-001630
-002329
-002853
-003086
-002736
-002504
-003784
-005472
-005065
-003551
-003435
-003959
-003202
-001747
-001398
-001572
-000990
-000233
-000932
-001863
-000815
0001164
0001513
0000931
0001397
0002735
0004365
0005471
0005238
0003958
0002619
0002212
0004191
0006519
0005122
0001397
-001456
-002678
-002445
-001165
0000232
0001106
0000814
0000174
0001280
0002328
-000233
-004308
-005880
-004657
-001689
0000931
0000000
-003086
-004832
-004308
-000757
0003376
0003550
0001164
0000349
0000640
0000000
-000699
0000407
0002212
0002561
0001804
0001513
0001280
-000059
-001107
0000989
0003841
0002444
-001165
-002154
-000757
0001280
0002735
0001920
0000116
0000232
0001164
0000407
-001456
-003144
-003842
-002795
-001223
-001747
-003202
-002969
-001863
-002271
-003086
-002213
0000000
0002386
0003900
0003143
0001164
0000349
0000174
-001165
-002620
-002329
-000815
0000174
0000407
-000292
-000699
0001106
0004249
0007101
0008324
0006577
0003550
0002794
0003609
0003434
0002794
0003434
0004482
0004307
0003201
0001920
0000989
0000814
0001047
0000523
-000408
-000583
-000524
-001572
-003086
-003784
-004133
-005822
-006869
-003610
0000814
0000000
-003901
-005239
-004017
-001747
0000232
-000059
-001921
-002795
-003202
-005065
-006637
-004657
-000815
0001513
0001688
0000174
-001339
0000349
0003841
0005821
0005762
0003841
0001804
0002968
0005413
0004715
0002328
0002037
0003085
0003492
0003085
0002037
0001106
0001746
0003026
0002794
0001455
0000349
-000117
0000582
0001804
0002212
0001571
0000232
-002154
-006462
-009896
-007975
-003260
-001805
-002911
-003610
-003435
-002154
-000524
-000292
-001165
-002096
-002504
-002213
-001048
0000640
0002444
0003900
0004598
0004074
0003376
0004249
0005879
0006228
0005413
0004249
0003318
0003725
0004656
0004249
0002677
0000989
-000641
-002213
-003027
-002504
-000699
0001979
0004191
0004249
0003026
0002852
0003259
0002968
0001804
-000175
-002038
-002620
-002620
-004657
-006520
-003784
0000465
-000059
-003610
-004890
-004425
-004716
-004890
-003086
-000874
-000583
-001921
-003435
-003784
-001048
0002503
0002386
-000059
-001107
-000699
0000174
0000931
0000873
0000174
-000350
0000000
0002503
0004831
0002503
-001398
-000350
0003026
0002037
-001281
-001514
0000058
0000000
-000757
0000640
0002677
0002444
0000349
-002213
-004075
-004075
-002620
-001339
-000699
-000641
-001281
-002620
-003551
-002387
-000117
0000873
0001222
0003550
0005238
0001571
-004250
-005822
-003726
-001107
0000698
0000291
-001107
0000116
0001920
0000232
-002969
-003668
-002038
0000349
0002095
0000756
-001630
-000699
0001804
0001222
-000757
-000175
0001688
0002037
0000698
-001863
-004075
-003435
-001223
-000524
-001514
-003842
-005472
-003260
0000931
0003026
0002735
0000873
-001339
-001747
-000990
-001107
-001863
-002387
-002504
-002154
-001339
-000059
0000698
-000874
-002853
-001572
0001746
0003783
0004191
0003783
0002503
0000174
-001689
-000990
0001513
0003958
0004598
0001571
-002795
-003784
-002445
-002736
-003901
-003842
-003086
-003377
-003901
-002678
-001048
-001398
-003086
-004075
-004308
-004133
-003959
-004599
-005181
-004133
-002271
-001630
-001863
-001398
-001223
-003493
-005705
-003260
0000931
0000523
-002678
-003784
-002620
-000117
0002212
0001222
-000699
0001979
0006344
0006694
0003609
-000117
-002620
-001630
0000756
-000466
-003493
-004192
-002620
0000058
0002212
0001338
-001223
-002562
-002387
-001456
-000233
0000174
0000058
0000698
0001047
-000990
-004192
-006287
-006695
-005414
-003435
-002445
-002795
-004250
-005414
-004017
-001281
0000000
-000175
-000874
-001572
-001689
-001339
-001165
-000990
0000058
0001397
0002212
0002153
0000640
-001048
-000990
0000407
0001804
0002561
0002212
0001338
0001222
0001629
0001455
0001629
0004307
0006810
0004132
-000641
-000583
0002095
0001164
-001630
-002154
-000990
-000059
-000059
-001689
-003901
-004425
