-006054
-003493
-000641
-000815
-002795
-003144
-002678
-004425
-005705
-000990
0005006
0002852
-003260
-003551
0000640
0004074
0005821
0005995
0004540
0002386
0000232
-001281
-001398
0000756
0003026
0001455
-001689
-001165
0001280
0000640
-001339
-000408
0001688
0000582
-001689
-000350
0002037
-000292
-004075
-002329
0002037
0002212
-000757
-002853
-003901
-004774
-005298
-005298
-005414
-007160
-008558
-006171
-001980
-000117
-000350
-000233
-000175
-001572
-002795
-000932
0002386
0003783
0002968
0000931
-001223
-001863
-001339
-001048
-000757
0000407
0001571
0001047
0000000
0000640
0002212
0003026
0002968
0002677
0002037
0000698
-000175
0001513
0004249
0005355
0004074
0000291
-003551
-003551
-000815
0000756
0001397
0002677
0003667
0002910
0001164
0000174
-000175
-000583
-001223
-002562
-003435
-001630
0000814
0000232
-002387
-004133
-004599
-003610
-002445
-003784
-005298
-001747
0003143
0002444
-002038
-005239
-006054
-004657
-001980
-000175
0000407
0000523
0000174
-000350
-000408
0000640
0002212
0003085
0003026
0002735
0001979
0000174
-001398
-000757
0000640
-000583
-002504
-000815
0002095
0000873
-002154
-001747
0000523
0000058
-001281
0001164
0004307
0001920
-002562
-001223
0003085
0003259
0000756
-000175
0000523
0002212
0003259
0000931
-002445
-002213
0000407
0001513
0001164
0000640
0000116
-000292
-000466
-000641
-000350
0001571
0003609
0003143
0000989
-000932
-001456
0000814
0004307
0006286
0005937
0003143
-000524
-002736
-003027
-001689
0000058
0000407
-000699
-002620
-003668
-001398
0001804
0000873
-002387
-003202
-002096
-001339
-000350
0002503
0005180
0004773
0002386
0001338
0001571
0001920
0002095
0001455
0000873
0001746
0003318
0003783
0003376
0003085
0003085
0003492
0003958
0003841
0003259
0002794
0002386
0001571
0000989
0002212
0003900
0003376
0001338
-000059
-000932
-001805
-002620
-003435
-003784
-003260
-002271
-001630
-001980
-004075
-006171
-004774
-002096
-003551
-006462
-005007
-001281
-000233
-001456
-002969
-003784
-002329
-000175
-000583
-002387
-002271
-000815
-000175
0000232
0002037
0004191
0004715
0004482
0006112
0007742
0005762
0002095
0000698
0001629
0003550
0005646
0007276
0007159
0004249
0000640
0000174
0001979
0002677
0002561
0002561
0002968
0004132
0005006
0003492
0000989
0000291
0000814
0000640
0000174
0000232
0000407
-000292
-001572
-003027
-004308
-005472
-005996
-005123
-003668
-003027
-002969
-002736
-002096
-000466
0001164
0000873
-000175
0000640
0002386
0002386
0001280
0001106
0001164
0000000
-001107
0000582
0003609
0005238
0005238
0004715
0004132
0004074
0004249
0003841
0002852
0001688
0000931
0001338
0002212
0002095
0001222
0000465
0000116
0000465
0001280
0001979
0002153
0001222
-000117
-000874
-000932
-000466
0000058
0000174
-000524
-002678
-003842
0001047
0007043
0004831
-001689
-002853
-000466
-000641
-002213
-002562
-001572
0000756
0002328
-000408
-004483
-004133
-000932
0000465
0000232
-000117
-000292
0000407
0001455
0001629
0001571
0002852
0003725
0000291
-003842
-001921
0003143
0004540
0002794
0000989
-000292
-000757
-000699
-001281
-001630
-000408
0002037
0005064
0006519
0002968
-002271
-002736
0000000
0001047
0000174
-001689
-003086
-001805
0001513
0005238
0007509
0006170
0003434
0004016
0005937
0003958
0000640
0001222
0003900
0004132
0002212
0000116
-001514
-002329
-002154
-001572
-000757
-000117
0000407
0001455
0002735
0003783
0004016
0003026
0001047
-001398
-003435
-004541
-004483
-003260
-001980
-002154
-003493
-004541
-005007
-005123
-004541
-003086
-001398
0000116
0000465
-001514
-004425
-005589
-004483
-000990
0002503
0002444
0000000
-001339
-000874
0001920
0005006
0004482
0002212
0002677
0004598
0004540
0003492
0004016
0005355
0006286
0005879
0002910
-000815
-001805
-000932
-001165
-002096
-002562
-002736
-003610
-003726
-000466
0003376
0002968
-000233
-001863
-001980
-001747
-001223
-000583
0000058
0000873
0000873
-001339
-004308
-005356
-004483
-002911
-001223
0000232
0000814
-000175
-001514
-001281
0000407
0002503
0004132
0004365
0003201
0001047
-000524
0000756
0003609
0005413
0005180
0002270
-000990
-000292
0002794
0003783
0003376
0004016
0004715
0003900
0001804
-001223
-003377
-002329
0000756
0003143
0003667
0001571
-001223
-000990
0000465
-001689
-005123
-004366
-001747
-002271
-004657
-005181
-004133
-002620
-001514
-001980
-002678
-000757
0002095
0002095
0000814
0002328
0005006
0005355
0003958
0002968
0002968
0004307
0006170
0007276
0006927
0004424
0001338
0000407
0001338
0002561
0003492
0003550
0002910
0002153
0001688
0001746
0002328
0003143
0003841
0004598
0004598
0002910
0000814
0000989
0002153
0001280
-000641
-000990
0000058
0001804
0003143
0002561
0000698
-000990
-001572
0000174
0002270
0000814
-002154
-002154
-000350
0000000
-000990
-002969
-004075
-001514
0002153
0001804
-001689
-005414
-007451
-005822
-002038
0000465
0000640
-002038
-004890
-002445
0002037
0001106
-002387
-001048
0002270
0001047
-002795
-004657
-004133
-001980
0000931
0003841
0005006
0002153
-002096
-002504
-000641
-001165
-002387
-000408
0003026
0004307
0003143
0000465
-002329
-003260
-002154
0000000
0002328
0003201
0002968
0003376
0003550
0001629
-000874
-000932
0000873
0002968
0003667
0000814
-003377
-004483
-003260
-003086
-003086
-000990
0001804
0002968
0002444
0001164
-000408
-001747
-001980
-000059
0001979
0000349
-003610
-006928
-007801
-004483
0000116
0000756
-001805
-004250
-005298
-003668
-000990
-000757
-002154
-001980
-001339
-002678
-004541
-004075
-002154
-000874
-000699
-001456
-002504
-002504
-001456
0000000
0001280
0001397
0000873
0000989
0001746
0003026
0003550
0000756
-002154
0001164
0006810
0006112
0001746
0001047
0003026
0004074
0003900
0002386
0000698
0000814
0001513
-000583
-003551
-003144
-001339
-002387
-005298
-007044
-007451
-006869
-005880
-005589
-005356
-003668
-001921
-002329
-004483
-006986
-008208
-005822
-001514
0001513
0002444
0001513
-000408
-001339
-001339
-001747
-001572
0001338
0004598
0003783
0000465
-001514
-001339
0001280
0003900
0002037
-001980
-002213
-000524
-001980
-004774
-005065
-003027
-000117
0002153
0001629
-000583
-001398
-001223
-001805
-002387
-000990
0000756
-000292
-002853
-004017
-003551
-001980
-000524
-000815
-002562
-004425
-006054
-007743
-008266
-006171
-002678
-000524
0000465
0001920
0003026
0002444
0001047
0001047
0001629
0000814
-000292
0001047
0003026
0001862
-000815
-001339
-000059
0001397
0002444
0002095
0001338
0002444
0004132
0003725
0002037
0001338
0001280
0000232
-000990
-000757
0000174
0000523
-000408
-003551
-006345
-003959
0000523
0000349
-002504
-002329
-000699
-001514
-003493
-004017
-002969
-000699
0001338
0000873
-000815
-000583
0000814
0001571
0001106
-001630
-004133
-002096
0001979
0002153
0000291
0001222
0003550
0004307
0002968
-000524
-003493
-001281
0003550
0005064
0003900
0003376
0002735
0000116
-002795
-003086
-001805
-002096
-002678
-000059
0003026
0001280
-002620
-002271
0000232
-000641
-002620
-000175
0003841
0003783
0000698
-001805
-003202
-003377
-002795
-002969
-003260
-002271
-000466
0000873
0001920
0003841
0005064
0002794
-000524
-000059
0002852
0004249
0004016
0003259
0002212
0001280
0000931
0001629
0002852
0003783
0004074
0003259
0002095
0002328
0002677
0000000
-003144
-001456
0002153
0001338
-001514
-000466
0002095
0000814
-002620
-003668
-003027
-003086
-003610
-004133
-004133
-002911
-000990
0000523
0001280
0001571
0001338
0000698
0000000
-000292
0000349
0002910
0005297
0003376
0000465
0003434
0008615
0007742
0003318
0001862
0003026
0004191
0004773
0004365
0003376
0002968
0002910
0001862
0000640
0000174
0001222
0005238
0008848
0006344
0000698
-001048
0000232
0000582
-000059
-001339
-002678
-002795
-002329
-003086
-003959
-002445
-000233
-000233
-002271
-004948
-007160
-007859
-006986
-005007
-003086
-003377
-004308
-001921
0001513
0001571
0000058
0001862
0004773
0004191
0001920
0002444
0004656
0005355
0005180
0006286
0007334
0006053
0003609
0002386
0002270
0002037
0001571
0000582
-000292
0000116
0001455
0002677
0003667
0004598
0004889
0004074
0002270
-000233
-001805
0000058
0002561
0000000
-004832
-006171
-003959
-000117
0003143
0002794
0000349
0000232
0001338
0000523
-001339
-001921
-001689
-002154
-002504
-000874
0001804
0003725
0004482
0004424
0004016
0004598
0005238
0003725
0001571
0001920
0003958
0005530
0005471
0002270
-001514
-000699
0002386
0001979
0000058
0002503
0005704
0002212
-003435
-001572
0004132
0004947
0002212
0000989
0000582
-001689
-003610
-001456
0002619
0003783
0002852
0003376
0003900
0001804
-001572
-003784
-003668
-000233
0004191
0005413
0004016
0002386
0001455
0002212
0003143
0000698
-002620
-001572
0001746
0002735
0001629
-000117
-001281
0000058
0002270
0002037
-000059
-001863
-002736
-002213
-001048
-001456
-002445
-001630
-000408
-001863
-004308
-003901
-001630
-000757
-000292
0002910
0005821
0003259
-001980
-004250
-003027
0000407
0003667
0002852
-000641
-002795
-002911
-001223
0001222
0002386
0002794
0004656
0006403
0005355
0002735
0001280
0001571
0003376
0005879
0007683
0008033
0006519
0004482
0004365
0005122
0003609
0001164
0000465
0000989
0001397
0000989
-001107
-003086
-001921
0000989
0002619
0002386
0000698
-001398
-002271
-001747
-000233
0000873
-000757
-003551
-004075
-003144
-003668
-004250
-001863
0001164
0000116
-002795
-002096
0000465
0000582
-001281
-003319
-004483
-003726
-001514
0000523
0001979
0003201
0003492
0002270
0000523
0000000
0000814
0002677
0004365
0004074
0002328
0000814
0000349
0001862
0004016
0004365
0003201
0001979
0001222
0001513
0002503
0003434
0003609
0002386
0000873
0001338
0002386
0000873
-002213
-004308
-005065
-004599
-003435
-002678
-002213
-000932
-000292
-002620
-005705
-005298
-002736
-001863
-002213
-001514
-000699
-001165
-002620
-004948
-005763
-001456
0004656
0006228
0004191
0002794
0002444
0002444
0003434
0006286
0008906
0008091
0004773
0001455
-000117
0001920
0005297
0005180
0002735
0001746
0002095
0002910
0003667
0003841
0003201
0001571
-000059
-000233
0000291
-000292
-001805
-003726
-005239
-005007
-003959
-004716
-006054
-005065
-003260
-004133
-005705
-003260
0000640
0000873
-001456
-002911
-003027
-002038
-000350
0000873
0001629
0002212
0002794
0003783
0004132
0002095
-000524
-000175
0002095
0002968
0002677
0002095
0001629
0001688
0001979
0001804
0001222
0000698
0000349
0000349
0000232
-001223
-003086
-003842
-003202
-001281
0000582
0000291
-001339
-002096
-001747
-000524
0000523
-000466
-002213
-001863
-000117
0000814
0000698
-000815
-002271
-001048
0001629
0002619
0002328
0002503
0002735
0002212
0001455
0001513
0001746
0000640
-000641
0000174
0001862
0001629
-000175
-002213
-003493
-002678
-000990
-001223
-002329
-001572
-000292
-001339
-003319
-002795
-001281
-002329
-004541
-004774
-003668
-003260
-003377
-003260
-003319
-004774
-006054
-004366
-000990
0001280
0001804
0000814
-000757
-000932
-000233
-000466
-000757
0000814
0003143
0004307
0004424
0004947
0005064
0003318
0001106
0001106
0002444
0002386
0001513
0001571
0001571
-000815
-003202
-001514
0002386
0004132
0003492
0001804
-000175
-001048
-001107
-001689
-002620
-003842
-004774
-004716
-003901
-003260
-002911
-002969
-003319
-003668
-004308
-005996
-007277
-005705
-002911
-002736
-003668
-001514
0001513
0000989
-001689
-003319
-003027
-000466
0002852
0004424
0004191
0003434
0002270
0000465
-000350
0002561
0005762
0002328
-003668
-003435
0001222
0004656
0005646
0003550
0000873
0003143
0006985
0004947
-000117
-001223
0000232
-000466
-001630
0000698
0003609
0001746
-003260
-006869
-008208
-007801
-005880
-002969
-000874
-001863
-004657
-006113
-005705
-003726
-001339
-000233
-000699
-002096
-003551
-003668
-002387
-000699
0000989
0002503
0003143
0002852
0001397
-001863
-004250
-001514
0003492
0004540
0002794
0002503
0003201
0003318
0002619
0000698
-001630
-003086
-002969
-001048
0001629
0003376
0003783
0003026
0001571
-000059
-001339
-002504
-002969
-002038
-000583
-000466
-001107
-000815
-000117
-000350
-001572
-004017
-006113
-005763
-003493
-000932
0000582
-000292
-002038
-000932
0001455
0001338
0000000
0000640
0002153
0001571
0000291
0001513
0003783
0003667
0002270
0002852
0004132
0003259
0001397
0001280
0002328
0002270
0001688
0001920
0002677
0003550
0003550
0000989
-002038
-001747
0000349
0000058
-001165
0000174
0002095
0000349
-003027
-003668
-002038
-000233
0000756
0000058
-001689
-003319
-003668
-001514
0002153
0005646
0007276
0005355
0001455
-001572
-002154
0000698
0004947
0006344
0005355
0004249
0003667
0004132
0004947
0004598
0003434
0002328
0001920
0002794
0003783
0002735
0000756
0000756
0001862
0002037
0001164
-000350
-001805
-002038
-001339
-000874
-000641
-000524
-000874
-002504
-004308
-004133
-002911
-003202
-004017
-003493
-001747
0000291
0001746
0001629
0000291
-000932
-001514
-001223
-000175
0001164
0002270
0002677
0002386
0002037
0001746
0001397
0001397
0002037
0003492
0006170
0008440
0007567
0004715
0002386
0001571
0002852
0004656
0003609
0001222
0001106
0002270
0001571
-000059
-000175
0000291
-000874
-002969
-004308
-004541
-004133
-002911
-000874
0000640
-000583
-003202
-004657
-003842
0000523
0004831
0002677
-002736
-003901
-001630
0000814
0001979
-000117
-003144
-002329
0001280
0004831
0006461
0004191
0000058
-002213
-001805
0000640
0003492
0003783
0002444
0002444
0003259
0003376
0002852
0001455
0000465
0002153
0004365
0003026
0000116
0000931
0003318
0002095
-000757
-000874
0000523
-000117
-001630
-001339
-000233
-000874
-002096
-001165
0000407
-000641
-003027
-003959
-003610
-003435
-003319
-002795
-002445
-003086
-003959
-003377
-001980
-001339
-001048
0000291
0001688
0000931
-000466
0000640
0002794
0002677
0001338
0001629
0002328
0000000
-002620
-000350
0004016
0004074
0001164
-000874
-001165
0000989
0003085
0000232
-004599
-005065
-002213
-000117
0001397
0003667
0005180
0003492
0000116
-001689
-001805
-001514
-000990
-000990
-001048
0000232
0001688
0001746
0000756
0000465
0000582
0000291
0000174
0001397
0002968
0003085
0001979
0001106
0000349
-000641
-001048
0000756
0003143
0003026
0001397
0001338
0001920
0000582
-001456
-001514
-000583
-001456
-002562
-000408
0002444
0000814
-002795
-002562
-000350
-001339
-003144
-000059
0004249
0002328
-002504
-002678
0000058
0000291
-001048
-000990
0000000
0000640
0000523
-001048
-002795
-002445
-000524
0001280
0002153
0000989
-000699
0000232
0002328
0001979
0000523
0001397
0003900
0006403
0007509
0005238
0001513
0000232
0000989
0001746
0002095
0001455
0000232
-000815
-000990
0000523
0002095
0000523
-002096
-001048
0001455
0000407
-002562
-003435
-002213
-000175
0000989
-001339
-005181
-006229
-005123
-004308
-004425
-006113
-007626
-005589
-001863
-000466
-001456
-003842
-005705
-004192
-001048
-000233
-000990
-000932
0000291
0003143
0005821
0005180
0003026
0003958
0006112
0005006
0002561
0003434
0005530
0004016
0000814
0000232
0001804
0003026
0004016
0005588
0006519
0005238
0002328
-000932
-003144
-002853
-001048
-000059
-000117
-000641
-001572
-002736
-003610
-003493
-002736
-002445
-002271
-000990
0000582
0000873
0000291
0000523
0000465
-001805
-004541
-004832
-002911
-000524
0001397
0002037
0001397
-000117
-001339
0000058
0001688
-001980
-006345
-002271
0005646
0007392
0004307
0002095
0001280
0001338
0002153
0002677
0002677
0002153
0001338
0000756
0001338
0005238
0008789
0005588
-000524
-001223
0001280
-000175
-003086
-001514
0001746
0000698
-002678
-003377
-002387
-002911
-004250
-004832
-004657
-004599
-004541
-004425
-004192
-003668
-002736
-000990
0000465
0000000
-001514
-002387
-002562
-002445
-002969
-005996
-008849
-006462
-002038
-002445
-005356
-004716
-001689
0000000
0000465
0000698
0000873
0001804
0002444
0000640
-001921
-002445
-000641
0003085
0006170
0004598
0000349
-001980
-002213
-001630
-001165
-002329
-003668
-001689
0001164
-000059
-003610
-005298
-004483
-000874
0002444
0000349
-004192
-003842
-000932
-001630
-004250
-004541
-002853
-001107
0000349
0002153
0002910
0000814
-002038
-001456
0000931
0000756
-000699
0000000
0001804
0002270
0001397
0000000
-001514
-003144
-003668
-001514
0001397
0001047
-001339
-002620
-002853
-003319
-003726
-003377
-003086
-004017
-005356
-005065
-003901
-003260
-003202
-003319
-003435
-003202
-002620
-001921
-001165
-000350
0000232
0000465
0000523
0000814
0001629
0003841
0005355
0002794
-001281
-001689
0000116
-000233
-001630
-000990
0000640
0000523
-000292
0000698
0002095
0000640
-001980
-002038
-000408
0000291
0000232
0000873
0000989
-001747
-005414
-006637
-005938
-005647
-006054
-007393
-008558
-007801
-005822
-004308
-003377
-002038
-001747
-005123
-009198
-008907
-005414
-002562
-001339
-002562
-004599
-004483
-002271
0001164
0004249
0004947
0003550
0001397
-000233
0000407
0002270
0002561
0001804
0001629
0001920
0002095
0002037
0001746
0001397
0001746
0002153
0001106
-000292
0000523
0001455
-001921
-006695
-007044
-004133
-001572
-000350
-000408
-001921
-004657
-007277
-008092
-006753
-003202
0000058
-001107
-004192
-003202
-000117
0000232
-001456
-002562
-002853
-002271
-001456
-001747
-002213
-000524
0001455
0000116
-002620
-001980
0000174
-000815
-003144
-002853
-000990
-000408
-000524
0000465
0001804
0001804
0001164
0001688
0002153
0000000
-002853
-002678
-000292
0001920
0002619
0000116
-002911
-001456
0002503
0003900
0002677
0000291
-001747
-000583
0001979
0001746
-000292
-001165
-001398
-002445
-003493
-002620
-001048
-001165
-001980
-000932
0000814
0000640
-000350
0000640
0002619
0003434
0002561
0000174
-002911
-006054
-007335
-004599
0000116
0002677
0002910
0002212
0001455
0002153
0003318
0002677
0000756
-001165
-002387
-002445
-001339
0000174
0001746
0003841
0004656
0001571
-002620
-002620
0000232
0001629
0001455
0000582
-000408
-000408
0000291
0001047
0001338
0000814
-000408
-002096
-002911
-000699
0002270
0001688
-000641
-000699
0001397
0003900
0005704
0005588
0003841
0002095
0000698
-001048
-001805
0000465
0003434
0002852
0000058
-001281
-001223
-001281
-001456
-001514
-001514
-001339
-001165
-001281
-001281
-000175
0001106
0000698
-000815
-001921
-002387
-002562
-002154
-001165
0000291
0002270
0003609
0002561
0000174
-001223
-001921
-003551
-004774
-003319
0000058
0004132
0006694
0005297
0002095
0001862
0003492
0003085
0001746
0002037
0003085
0002212
0000989
0002619
0005122
0004424
0002037
0001920
0003143
0002968
0002444
0004482
0006985
0006170
0003201
0001047
0000407
0001106
0002328
0002212
0000989
0000058
-001223
-004425
-007626
-007743
-005647
-003726
-002911
-003726
-005181
-005181
-003842
-001921
-000583
-001339
-003260
-004075
-003668
-003086
-001921
0000465
0003085
0004831
0005238
0004482
0003318
0003259
0003725
0003201
0001862
-000292
-001281
0002212
0006985
0007101
0004132
0002910
0003085
0002735
0002095
0001920
0001920
0001688
0001222
0000349
-000350
-000117
0000756
0001804
0001920
-000292
-003377
-004541
-003842
-002562
-001339
-001165
-001514
-000990
-000408
-001514
-003435
-004483
-004075
-001980
0000873
0002852
0003609
0003085
0002270
0003143
0004656
0004132
0002503
0001920
0002386
0003550
0003667
-000641
-005239
-002213
0004540
0006112
0003434
0001047
-000583
-001805
-002096
-001514
-000350
0000698
0001397
0001222
0000756
0001222
0002095
0002619
0002503
0002037
0001222
-000233
-001223
0000058
0002212
0002444
0001164
-000175
-000932
0000000
0000989
-000757
-003784
-005181
-004425
-001223
0002095
0001629
-000990
-001398
-000292
0000000
-000233
0000232
0000814
0000291
-000408
0000523
0002503
0004191
0004889
0004249
0002677
0001338
0000291
-001165
-002271
-001921
-000583
0000349
0000698
0000698
0000523
0000814
0000698
-001747
-004890
-006113
-005589
-004774
-004017
-004017
-003610
-000175
0003318
0000931
-003842
-003086
0000291
-001514
-005065
-002445
0002444
0001106
-003027
-001689
0002794
0004424
0003550
0002968
0002270
0000349
-001281
-000466
0001920
0003841
0004249
0002561
-000292
-002387
-003027
-002038
-000524
-000757
-002096
-002911
-002620
-000757
0001455
0001571
0000174
-001107
-002038
-002911
-003260
-002213
-001339
-003144
-006054
-006578
-005065
-003377
-001980
-001514
-001572
-000699
0000407
0000814
0000407
-000524
-001223
-000233
0001455
0001688
0000931
0000291
0000291
0001571
0003085
0003201
0002212
0001280
0001280
0003434
0005471
0002794
-001630
-001572
0001688
0004307
0005006
0002735
-000466
-000524
0001106
0000232
-001863
-001747
-000175
0001338
0001571
-001165
-004483
-003959
-001572
-002620
-005181
-004425
-002154
-002736
-004657
-004192
-002736
-003144
-004716
-005472
-005065
-003959
-002620
-001572
-001107
-001514
-001514
0001513
0004424
0001222
-004366
-004716
-001339
0000640
0000931
0000349
-000292
0000698
0002328
0002095
0001338
0003609
0006228
0004132
0000000
-000350
0001920
0003259
0003259
0002619
0001629
0001164
0001047
0000174
-000757
-000350
0000232
-000990
-003086
-003668
-003377
-004017
-005356
-006578
-006811
-004832
-001572
0001106
0002153
0000814
-001689
-003435
-003027
0001047
0005530
0004365
0000116
-000641
0001047
0001455
0001106
0001862
0002619
0001106
-000815
0000698
0003318
0002095
-001281
-002329
-001398
-000117
0000465
-000932
-002969
-003086
-001456
0000931
0002677
0001688
-000583
-000815
-000117
-001747
-003901
-002504
0000116
-000990
-004192
-005647
-004716
-002096
0001338
0004365
0005355
0002910
-001339
-004425
-005181
-003086
0000407
0002794
0003783
0004947
0004831
0000582
-004483
-004774
-001514
0001338
0002386
0000698
-001863
-001223
0000756
-000408
-003086
-003551
-001980
0000058
0001862
0002794
0001979
-001630
-005414
-004017
-001223
-005356
-012050
-011643
-006928
-006171
-007393
-005123
-001048
0001397
0001629
-000175
-002620
-002969
-001689
-000583
0000232
0000989
0001513
0001979
0002037
0001455
0000582
0000232
0000582
0001571
0002735
0003609
0003783
0002852
0001397
0000174
-000641
-001223
-001514
-001107
-000583
-000874
-001514
-001281
-000990
-002562
-004133
-001921
0001280
0000000
-004308
-007568
-008441
-006287
-002853
-001456
-002154
-003726
-005181
-005065
-004133
-004599
-005647
-005414
-003842
-000874
0001513
0000232
-002795
-003027
-001456
-001398
-002038
-000932
0000756
0000407
-000350
0002735
0005995
0002386
-003842
-003610
0000931
0002968
0002852
0003201
0003434
0002968
0001804
0000407
-000699
-000757
0000000
0000523
0000465
-000466
-001805
-002329
-002678
-004425
-006171
-005414
-003260
-002504
-002795
-002387
-002387
-005239
-008616
-008150
-005647
-006113
-007626
-005472
-001747
-000524
-001921
-004541
-006811
-006229
-003610
-001165
0000407
0001280
0001047
-000699
-002445
-001805
0000116
0000698
0000582
0002037
0003609
0002619
0000232
-001048
-001107
-000874
-000583
-001223
-001630
0000058
0002561
0003434
0002561
0000814
-001165
-002387
-002795
-002911
-002736
-002038
-001281
-000583
-000757
-002736
-004948
-004716
-002678
-000699
0000407
0000232
-000583
-000292
0000756
0001746
0002153
0001164
-000175
0000000
0001455
0003434
0005006
0005704
0004889
0001979
-000932
-000117
0002561
0002677
0001106
0000523
0000582
0000116
-000350
0000523
0001571
0000291
-001339
0000407
0003841
0005122
0004424
0003376
0001979
-000408
-002387
-001689
0000000
-001107
-003493
-003668
-002329
-001805
-001689
-000641
0000407
-000292
-001514
-000466
0001862
0003143
0002735
0000000
-002562
-000699
0003434
0004365
0003026
0003143
0003783
0002794
0001222
0001106
0002212
0003725
0004249
0001862
-001863
-003784
-003784
-002969
-001921
-001689
-001863
-001048
0000232
0000989
0001106
0000756
-000059
-001398
-002620
-002853
-002154
-000699
0000465
-000292
-001863
-001689
-000350
0000640
0000873
0000291
-000524
-000524
-000117
-000233
-000874
-001921
-002213
-000233
0002968
0005122
0005704
0005064
0003841
0003667
0004307
0004656
0004947
0006228
0007043
0004947
0001338
-000815
-001048
0000407
0001979
0000873
-001281
-000583
0001979
0003550
0004016
0004540
0003900
0000291
-004250
-006404
-005996
-004948
-003377
-001514
-000233
-000408
-001165
-000233
0000931
-000990
-003784
-002736
0000174
0000465
-000990
-001572
-000990
0000582
0002153
0001920
0000640
0000232
0000989
0002794
0004715
0005355
0004656
0003085
0002095
0004191
0006927
0005297
0001629
0001047
0002968
0004307
0005064
0006461
0006810
0003143
-001456
-001223
0002328
0004540
0005180
0005879
0005530
0002386
-001456
-002445
-001165
-000233
-000059
-000408
-001107
-001456
-001747
-003027
-004308
-003901
-002504
-001980
-002096
-002154
-001630
0000407
0002561
0002386
0000640
-000524
-000583
0000989
0003259
0004598
0004540
0002619
0000640
0001979
0004307
0002619
-000757
-000990
0001746
0005995
0008498
0004074
-003086
-004483
-001165
0002095
0003900
0002910
0000116
-001863
-002795
-003260
-003260
-002969
-002504
-001980
-001514
-000990
-000350
0000873
0001862
0001513
0000291
-000641
-000874
-000175
0000756
0000174
-000583
0001629
0004365
0002735
-000641
0000116
0003085
0002852
0000989
0001862
0003783
0002794
0001106
0004016
0008149
0007101
0002619
-000641
-001805
-000990
0000582
0000465
-000466
0000058
0001629
0003434
0004191
0002153
-000990
-001456
-000350
-001223
-002736
-001921
0000058
0000349
-000466
-000990
-001165
-001456
-001863
-003144
-003842
-001863
0001804
0005355
0006694
0003201
-001747
-001339
0002561
0004424
0004482
0004540
0004540
0004016
0003376
0003201
0003550
0004540
0005180
0003841
0001746
0001397
0002212
0002212
0001397
0000116
-000699
0000523
0002270
0001222
-000990
-000874
0000523
0000523
-000466
-000641
-000524
-001514
-002736
-002853
-002154
-001514
-001223
-001281
-001456
-000874
-000059
0000058
-000233
-000292
0000000
0001397
0002328
0000058
-002795
-001456
0002968
0007451
0009604
0006694
0001455
-000117
0001222
0001688
0001804
0003550
0005297
0003841
0001222
0001746
0003958
0004424
0003026
0000349
-002562
-004133
-004133
-003027
-001514
-000466
-000059
0000174
-000408
-002795
-005181
-004599
-002154
-001339
-001223
0001222
0003376
0000000
-004832
-002504
0002503
-000233
-006578
-006578
-002387
-000175
0000116
0000291
0000698
0001920
0003085
0002503
0001222
0001688
0003201
0004365
0004598
0003376
0001920
0003201
0005122
0003143
-000292
0000174
0002619
0002444
0000814
0000814
0001862
0002212
0001862
0001047
0000232
0000116
0000640
0001629
0002328
0001338
0000174
0001397
0004016
0005413
0005238
0004016
0002153
0000640
-000350
-001281
-001863
-001921
-001572
-001514
-001514
-001223
-000874
-001281
-001630
-000292
0001222
-000117
-002329
-001339
0001338
0001746
0000814
0001746
0002677
-000524
-004192
-000932
0005064
0004831
0000873
0000407
0002153
0002444
0001513
0000349
-000641
-000990
-000757
-000466
-000292
-000059
-000233
-001165
-002562
-004075
-004657
-002620
0000174
0000116
-001805
-003027
-002969
-001805
-000117
0001164
0001397
-000292
-002445
-002853
-001281
0001513
0004074
0004132
0002444
0001164
0000814
0001455
0002153
0000640
-001398
-000292
0002153
0001338
-000757
0000116
0002328
0002153
0000000
-002387
-003726
-002271
0000407
0000931
-000292
-001747
-002795
-002620
-001863
-002271
-003319
-003842
-003959
-004425
-004599
-003319
-001281
0000465
0000989
-000641
-002853
-002736
-000815
0000523
0001397
0002910
0004307
0004889
0004249
0002328
0000232
-000408
0000814
0003609
0006461
0007101
0005762
0004132
0002619
0000756
-000059
0002561
0005646
0003201
-001514
-001398
0001338
0000873
-001747
-003493
-003901
-003027
-002096
-003668
-006229
-006695
-005763
-006054
-006811
-006345
-005181
-004483
-004250
-003551
-003260
-005239
-007335
-005763
-002329
-001165
-001514
-000757
0000756
0001920
0002503
0002444
0002037
0001629
0001746
0003492
0005122
0003434
0000000
-001747
-001165
0001455
0004365
0004773
0003201
0001513
0000523
0000814
0001979
0002444
0002270
0002153
0001862
0001164
0000349
-000292
-000932
-002154
-003260
-003319
-002678
-002620
-003260
-004483
-005705
-006229
-005705
-003842
-002213
-003784
-006171
-003842
0000349
0000232
-002620
-003901
-003493
-002096
-001048
-003260
-005763
-002096
0003725
0002852
-001281
-000292
0003434
0003783
0001338
-001572
-003319
-001630
0001862
0003550
0003550
0003958
0003958
0002095
-000233
-000292
0000814
-000233
-001572
0000582
0003841
0003318
-000059
-003319
-005239
-005065
-003901
-004250
-005763
-007568
-008092
-005239
-000874
0001688
0001397
-001630
-005239
-005822
-003959
-001921
-000815
-001863
-003784
-003901
-002445
-001048
-000175
-000059
-000175
0000931
0001920
0000232
-002562
-003551
-002562
-000292
0001920
0002386
0001513
0000814
0000640
0001222
0001571
-000233
-002795
-002911
-001689
-002445
-003668
-001630
0000989
-001514
-005996
-005880
-002504
-000059
0000931
0000814
0000000
-000583
-000524
0000465
0001397
0000465
-001107
-000466
0001513
0003085
0003318
0001571
-000699
-000641
0000873
0001513
0001164
0000407
-000233
0000349
0001513
0001746
0001397
0001338
0001629
0002095
0002677
0003492
0003841
0002910
0001338
0000523
0000465
0000698
0000640
-000699
-002562
-003551
-003610
-003726
-003842
-004308
-004366
-002387
-000292
-001398
-004075
-004192
-002445
-000932
0000000
0000174
0000058
0000814
0001571
0000465
-001398
-001805
-000990
-000233
0000232
0000465
0000582
0001338
0002503
0003900
0004715
0003900
0002270
0001571
0001746
0001804
0001571
0001047
0000174
-000874
-001805
-002213
-002038
-001456
-000757
-000117
0000000
-000524
-001630
-003377
-004890
-005007
-004308
-004657
-005531
-005763
-005822
-006986
-007975
-005996
-002969
-002620
-004075
-004192
-003784
-005181
-006229
-002620
0002270
0001571
-001689
0000291
0004540
0004016
0001397
0003201
0006868
0006810
0004016
0001629
0000232
-000815
-000990
-000059
0001222
0001979
0001920
0000814
0000407
0004016
0008207
0006636
0001746
-000117
0000756
0002444
0002852
-001398
-007160
-008616
-006054
-002445
0000465
0000523
-001165
-001339
-000874
-002736
-004366
-000990
0004132
0004307
0000931
-001223
-001689
-001339
0000232
0003609
0006461
0005238
0001920
0001338
0003085
0005238
0006636
0006519
0004831
0002037
0000232
0002270
0005995
0006752
0004656
0001513
-001165
-001398
-000466
-002213
-004425
-002387
0001280
0000698
-001980
-000990
0001629
0001513
-000583
-002096
-002620
-001863
-000990
-002620
-004599
-002736
0000873
0001688
0000174
-001572
-002795
-002853
-002213
-002736
-003435
-002445
-000292
0002212
0003609
0001804
-001165
-000990
0001047
0001455
0000640
0000232
0000000
-000583
-001165
-000990
-000932
-002445
-004250
-003842
-001805
0000465
0001164
-001921
-006287
-007044
-004541
-001223
0001280
0000814
-001281
-001572
0000058
0003492
0005704
0001804
-004541
-005356
-002445
-001630
-001921
-000408
0001571
0001106
-000292
0000698
0002968
0003609
0002852
0001979
0001106
-000641
-001630
0000523
0003318
0002095
-001689
-004017
-004250
-002736
-000699
-000990
-001921
0000582
0004132
0003900
0001106
-000466
-000874
-001048
-001281
-002213
-003260
-003668
-003144
-001630
-000175
-000583
-001747
-001281
-000466
-002271
-004890
-004425
-002387
-002445
-003784
-004308
-003784
-002504
-000990
0000291
0000931
0001047
0001047
0001979
0003085
0002910
0001979
0001455
0001571
0001804
0002503
0004074
0005471
0005355
0004191
0003667
0003376
0001920
0000582
0001862
0003900
0002503
0000174
0002677
0006577
0004598
-000641
-002562
-002329
-004017
-006054
-005414
-003435
-003260
-004483
-005880
-006695
-006578
-005589
-004657
-003901
-003144
-002678
-002678
-002911
-002620
-002445
-003551
-004541
-002853
0000407
0003143
0003958
0001571
-002038
-003144
-002154
-001747
-001456
-000059
0001455
0001397
0000349
-000175
0000000
0000873
0001688
0000989
-000059
0001106
0002561
0000291
-003784
-005531
-004890
-003202
-000757
0002735
0004947
0002735
-001689
-003551
-002736
-000815
0000931
0000582
-001165
-002038
-001921
-001223
-000408
0000174
0000116
-000874
-002271
-003027
-002911
-002038
-000524
0001397
0002852
0002735
0001804
0002270
0003259
0002735
0001688
0002328
0003318
0001513
-001165
-000641
0001804
0002735
0002444
0002503
0002735
0002852
0002270
0000116
-002736
-004716
-004774
-001572
0002095
0001338
-001921
-002329
-001048
-001281
-002154
-001048
0000814
0001338
0000640
-000292
-001107
-001339
-001165
-001747
-002445
-002096
-000874
0000698
0002095
0002561
0002328
0002095
0001979
0001629
0001571
0002212
0003318
0004831
0005471
0003667
0000291
-002911
-004890
-005123
-004075
-003377
-002678
-000524
0000931
-002271
-007451
-009140
-007335
-003784
-000292
0000931
-000117
-002213
-004075
-003784
-002154
-001398
-001630
-002154
-003027
-004366
-005531
-006229
-006113
-005472
-004017
-000990
0001862
0001920
-000292
-002678
-004425
-004890
-004075
-002387
-000583
0000698
0001338
0001513
0001338
0001222
0000989
0000000
-000874
-000175
0001338
0001979
0001804
0001746
0001513
0000465
-000932
-002154
-002504
-000757
0001280
0000582
-001980
-003610
-004308
-005181
-005647
-004948
-004017
-004774
-005705
-003493
-000466
-001747
-005356
-006520
-005589
-004948
-004192
-002387
-000408
0000523
0000407
-000059
-000524
-000641
-000350
0000058
0000814
0002270
0003783
0004598
0004365
0002677
0000756
0000582
0001688
0002444
0002561
0001920
0001280
0002212
0003434
0002095
-000466
-001514
-001223
-000699
-000466
-000990
-001863
-002038
-001630
-001107
-001048
-002387
-004599
-006753
-007859
-006695
-004075
-001630
-000641
-002504
-005181
-004774
-002329
-001107
-001398
-002213
-003377
-004483
-004716
-003493
-001398
0000349
0000873
-000524
-002329
-001805
0000873
0004598
0007625
0007916
0005995
0003900
0002968
0005180
0007742
0004773
0000000
0001338
0005413
0003900
-000757
-002853
-002154
-000233
0001804
0002095
0000873
-000641
-002096
-003493
-004075
-003086
-001281
-000292
0000058
0000931
0001688
0001280
0000116
-000990
-001339
-000292
0001164
0001047
-000408
-002154
-003493
-003842
-003027
-001281
0000698
0001804
0002444
0003900
0005122
0004132
0001920
0000407
-000059
0000116
0001047
0002677
0004074
0004482
0003550
0001047
-001398
-001339
0000698
0002910
0004424
0004540
0003201
0000756
-001398
-001339
-000117
-000524
-001863
-002387
-002096
-001630
-001165
-001165
-001339
-000757
-000350
-001630
-003668
-004774
-003726
0001280
0006461
0005238
0000698
0000000
0002270
0003434
0003492
0003376
0002968
0002328
0001804
0001979
0002677
0003550
0003725
0001862
-000757
-001630
-001223
-001107
-001689
-003319
-004657
-003668
-001630
-001572
-002853
-003260
-002562
-000990
0000582
0000523
-000583
-001223
-001630
-002736
-003726
-003202
-001572
0000349
0001397
0000000
-002445
-002678
-001456
-000932
-000815
0000232
0001222
0000058
-001514
-000233
0002619
0004016
0004074
0003900
0003841
0004365
0005122
0004947
0004598
0005879
0007276
0006053
0003143
0000873
-000466
-001048
-000990
-000757
-000350
-000117
0000465
0002794
0004598
0002270
-002038
-003959
-003260
-001165
0000523
-000699
-003319
-003493
-001689
-000059
0001106
0001688
0001862
0002212
0002386
0001629
0000523
0000116
0000465
0000814
0001397
0003085
0004482
0003609
0001688
0000931
0002503
0006985
0012107
0014494
0012922
0006810
0000232
-000408
0003026
0004307
0003434
0001804
0000232
-000350
0000640
0003550
0006286
0005646
0002677
0000174
-001048
-000524
0000989
0001804
0001862
0002037
0001920
0000873
0000000
0001571
0003550
0001513
-002154
-002445
-000699
-001165
-002853
-003668
-002678
0001106
0005064
0004656
0001397
-000233
-000583
-002038
-003027
-000524
0002677
0001397
-002154
-002504
-000408
0000756
0001397
0003259
0004656
0002153
-001281
0000232
0003783
0002386
-001630
-002504
-001048
0000058
0000582
0001047
0001455
0002037
0002677
0003492
0003667
0002095
-000117
-000874
-000757
-001630
-002620
-001980
-000350
0000465
0000640
0001280
0001746
0000640
-001048
-001747
-000874
0001979
0004831
0004540
0002153
0000814
0000582
0000407
0000582
0001804
0002503
0000232
-003202
-003901
-002387
-000757
0000349
0000523
-000466
-002795
-005298
-006695
-005938
-001747
0002910
0002968
0000116
-000641
-000117
-001165
-002911
-003784
-003493
-001921
0000000
0000465
0000058
0000814
0001804
0001571
0000349
-001514
-001980
0002444
0007567
0005297
-000466
-000524
0003085
0004074
0003201
0003201
0003783
0003900
0004016
0005355
0006053
0002619
-001805
-001281
0002444
0004191
0004307
0005180
0005762
0004424
0002095
0000582
0000174
0000582
0000814
-000874
-003202
-003260
-002329
-003435
-005356
-004948
-003260
-002678
-002911
-002562
-002213
-003319
-004541
-003377
-001048
-000350
-000990
-001689
-002213
-002445
-002329
-001805
-001048
-000583
-000175
0000814
0001862
0002153
0002212
0002968
0003900
0003783
0003085
0003376
0003841
0002503
0000873
0002037
0004656
0005646
0005413
0006053
0006053
0001746
-003086
-001805
0003085
0005122
0004482
0004249
0003201
-000990
-005531
-005472
-002620
-001747
-002620
-003435
-003610
-002620
-000815
0001047
0001746
-000350
-003435
-003668
-002387
-003144
-004541
-003377
-000641
0001746
0002561
0000465
-002038
-000233
0003958
0006228
0006112
0004715
0002968
0002444
0003259
0005413
0006985
0005064
0001804
0002212
0004249
0002852
-000350
-001223
-000408
-000292
-000466
0000232
0000989
0000756
-000350
-001339
-002213
-003319
-004657
-006695
-007917
-005880
-002678
-002736
-004483
-003551
-001223
-000932
-001747
-001339
-000466
-000641
-002038
-004832
-006520
-003027
0002561
0003725
0001746
0001513
0002386
0002328
0001397
-000233
-001456
-000524
0001280
0001280
0000232
0000349
0001397
0002968
0003783
0001979
-000990
-002154
-001689
-001165
-000641
-000292
-000408
-001223
-002620
-004890
-006345
-004366
-000932
-000641
-001921
-000408
0002037
0001688
-000641
-002736
-003784
-003435
-002096
-000757
-000175
-000874
-002154
-002678
-002038
-000117
0001979
0002270
0001164
0000058
-000408
0000116
0000931
0000756
-000059
-000699
-000175
0002852
0005995
0005180
0002095
0001338
0002153
0001688
0000523
0000116
0000407
0000814
0000931
0000116
-000932
-000292
0000523
-001689
-004832
-004774
-002504
-000990
-000524
-000874
-001281
-000292
0001455
0002328
0002386
0002561
0002153
-000233
-002504
-000990
0002328
0003085
0001804
0000873
0000582
0000640
0000989
0001280
0001571
0002212
0002910
0003492
0003609
0002677
0001513
0001746
0002212
0000174
-003027
-004716
-004890
-004774
-004017
-001921
0000291
0000698
-000350
-001223
-001630
-001805
-001980
-002795
-003842
-004599
-004366
-001630
0001047
-001223
-005065
-003027
0001804
0002037
-000815
-002038
-002445
-005181
-007568
-005065
0000174
0003725
0004016
-000059
-004716
-003493
0001397
0003550
0003085
0001979
0000814
0000465
0000873
0001397
0002037
0003259
0004074
0002677
0000640
0001513
0003026
0000465
-003959
-005181
-003959
-003086
-002911
-003260
-004075
-004774
-005298
-005996
-006171
-004366
-001921
-001165
-001863
-002678
-003551
-004832
-005356
-003551
-000641
0000698
0000407
-000874
-001980
-001165
0000116
-001805
-004483
-002795
0000931
0000931
-000757
0001222
0004656
0004773
0002561
0001164
0000349
-001223
-002678
-002445
-001398
-002038
-002853
-000815
0002677
0004656
0004540
0002503
0000291
0001222
0003667
0003667
0002212
0002212
0002794
0001571
-000466
-001223
-001281
-002562
-004192
-004425
-003435
-001689
-000466
-001630
-004308
-006054
-006462
-005647
-003959
-002213
-000874
0000116
-000350
-004192
-008266
-006520
-001980
-001572
-003784
-003959
-002387
-000757
0000058
-000815
-002504
-003027
-002387
-001281
0000000
0001338
0001629
-000466
-003493
-004366
-003493
-003493
-003435
-001107
0001688
0001688
0000116
0000465
0001513
0000349
-001456
-000175
0002270
0001746
-000699
-002096
-001863
0000116
0002503
0003026
0001979
0001047
0000523
0000349
0000465
0000523
0000523
0000523
0000873
0002095
0003434
0003376
0002212
0001106
0000291
-000757
-001223
-000059
0001571
0001397
0000000
-001107
-001339
-000233
0001047
0000174
-001514
-001048
0000291
-000932
-003202
-002969
-001281
-000408
-000641
-002213
-003377
-000874
0002794
0002503
-000350
-001863
-001863
-000699
0000232
-001689
-004250
-003027
0000407
0002037
0002212
0003026
0003492
0001629
-000583
0000582
0003609
0004831
0004365
0003667
0002852
0001513
0001047
0003783
0007218
0006752
0003434
0000407
-001281
-000932
0000465
0000058
-001281
-001107
-000292
-000932
-002154
-001863
-000932
-001514
-002911
-003260
-003027
-003493
-003842
-002445
-000641
-001048
-002562
-001980
-000699
-002213
-004250
-002329
0001164
0000582
-002213
-002096
-000524
-001630
-003435
-001921
0001513
0003783
0004598
0004715
0004540
0005006
0005937
0006694
0006519
0004307
0001688
0001222
0002561
0003725
0004482
0005180
0004947
0002386
-000466
-000292
0001629
0002095
0000756
-002213
-004716
-003493
-000233
0000989
0000291
-001165
-002154
-001048
0001397
0003841
0004424
0000814
-003784
-003377
0000000
0000465
-000699
0000523
0002910
0003725
0003609
0004424
0005355
0005064
0003725
0002328
0000989
-000699
-001805
-001165
0000698
0002328
0002968
0001862
0000407
0001571
0003841
0004191
0002677
0000582
-001223
-001572
-000699
-000059
0000291
0001280
0001338
-002329
-006520
-005414
-001223
0000058
-000874
-000699
-000175
-001223
-002213
0000116
0003609
0003667
0002037
0003550
0005879
0003900
0000116
0000116
0002095
0001629
-000175
0000000
0001222
0001106
-000117
-001630
-002213
-000059
0002794
0002270
-000466
-002213
-002445
-001165
0000582
0000931
0000640
0001920
0004191
0006112
0006519
0004191
-000059
-004832
-007626
-005763
-001398
0000814
0000407
-001921
-004250
-003260
-000583
-000815
-002096
-000059
0003143
0002619
0000582
0002212
0005122
0003958
0000174
-002445
-003144
-002213
0000232
0004132
0006752
0003609
-001514
-001048
0002794
0004016
0002852
0001688
0001047
0001688
0002503
0001164
-000350
0002794
0006752
0004307
-001630
-004541
-003901
-001339
0001688
0002968
0002503
0002212
0001688
0000058
-001863
-003260
-003901
-004017
-003784
-003435
-003027
-002504
-001572
0000931
0003376
0003201
0001746
0002444
0003958
0003259
0000989
-000932
-001398
0000814
0004016
0004598
0003376
0003026
0003609
0004773
0005530
0004191
0002212
0002444
0004191
0005180
0005530
0006053
0006112
0004424
0001804
-000874
-002096
-000292
0002852
0004074
0002910
-000175
-003086
-002620
-000059
0001397
0000989
-001165
-004425
-008034
-009896
-006928
-002445
-002969
-006462
-007626
-006695
-006054
-005414
-004425
-002853
0000116
0002619
0001629
-000874
-000292
0001629
0000349
-001805
0000174
0004191
0005471
0004307
0003085
0002270
0002444
0003085
0002503
0001688
0002735
0004307
0003900
0002037
0000873
0000349
-000059
-000059
0001106
0002619
0003201
0002444
0000000
-002620
-002504
-001456
-004075
-007451
-005647
-001339
-001223
-003202
-001572
0001397
0000523
-002271
-002329
-000815
-000990
-002213
-003027
-003027
-001630
-000059
-000583
-001980
-001689
-000175
0000698
0000873
0001106
0000698
-001630
-003610
-001281
0002852
0003259
0001513
0002444
0004540
0004132
0002444
0002677
0004191
0005530
0005937
0004424
0002561
0003376
0005122
0003550
0000582
0000407
0001688
0000989
-000815
-001107
-000932
-003027
-005239
-003202
0000349
-000757
-003726
-001921
0001979
0002153
-000350
-002213
-002678
-001514
0000174
-000175
-001223
0000465
0003085
0003259
0001455
-000757
-001980
-000233
0002153
0000582
-002736
-002562
-000408
-000699
-002445
-003086
-002853
-002911
-002969
-002329
-001572
-001630
-002562
-003842
-004774
-004250
-003260
-004017
-005531
-005065
-003610
-003202
-003260
-002387
-000990
0000000
0000291
-000059
-000874
-001921
-002620
-002911
-002154
0000640
0003259
0001920
-001048
-000233
0003143
0005879
0006577
0003783
-000233
-001107
0000640
0002444
0003725
0004482
0004656
0005122
0004889
0002037
-001805
-003784
-003959
-003726
-003260
-002562
-002271
-003202
-004192
-002795
-000874
-002271
-004890
-004192
-001456
0000058
-000408
-003435
-006637
-005880
-002911
-002271
-003726
-006171
-007626
-005123
-001165
-001165
-002795
0000582
0005122
0003026
-002213
-002271
0000931
0002153
0001280
-000815
-002736
-002620
-000524
0002503
0005122
0005995
0004889
0002794
0000640
-000524
-000583
-000466
-000059
0001222
0001688
-001281
-005239
-005531
-002969
-000408
0001164
0001222
0000000
-000990
-002096
-005007
-007451
-005356
-001747
-003319
-006811
-004366
0000174
-001514
-006345
-006287
-003493
-003668
-005123
-003784
-000583
0001920
0003201
0003318
0002619
0002037
0001746
0001338
0001280
0002328
0003376
0002095
-000059
0000174
0001397
-000059
-002387
-001747
0000640
0001222
0000814
0001862
0002968
0001222
-001805
-003202
-002969
-002387
-001863
-001980
-002387
-002504
-001805
0000640
0002735
0000814
-003202
-005181
-005181
-005239
-005123
-004541
-003493
-001805
-000583
-001339
-002795
-001805
0000349
0000407
0000058
0003201
0007043
0006112
0002328
0000814
0000756
-000815
-002504
-001630
0000407
0000232
-001107
-000990
-000233
-000815
-002154
-003027
-002795
-001165
0001164
0002677
0003550
0005122
0005704
0002561
-001921
-003202
-002329
-003027
-004657
-005298
-004657
-002387
-000524
-002620
-005880
-004133
-000466
-002504
-006811
-005298
-000641
0000116
-000990
0001513
0004773
0002910
-001805
-004308
-003842
-001456
0001862
0004947
0005530
0000814
-005065
-004657
-000059
0002386
0001920
-001339
-004483
-002213
0002153
0000873
-003202
-002911
-000292
-000757
-003086
-003784
-003319
-003144
-003144
-003027
-002736
-001630
-000815
-002154
-003784
-001572
0001746
0000000
-003726
-002445
0000873
-000932
-005298
-005763
-004075
-005414
-007743
-006695
-003435
-001514
-000292
0002328
0005064
0005413
0004132
0003318
0003434
0004715
0006228
0006286
0004947
0003143
0001513
0000523
0000116
-000233
-000699
-001339
-002038
-002853
-003319
-003027
-002620
-003842
-005181
-003551
-001223
-002911
-006113
-005356
-002387
-001689
-002795
-004250
-004774
-002969
-000175
0000465
-000408
-000408
0000000
-000233
-000990
-002096
-002154
0000814
0005064
0007683
0007916
0006228
0003609
0001455
0000989
0003434
0006228
0004540
0001047
0002153
0005355
0004831
0001688
-000350
-000874
-000233
0001455
0003609
0005180
0005122
0003434
0000291
-002271
-001048
0001804
0001397
-001165
-002795
-003377
-003551
-003959
-005938
-007743
-006054
-003144
-004250
-006869
-005239
-001398
-000524
-001572
-000583
0000931
-000757
-002853
0000232
0005530
0006636
0004540
0002852
0001920
0001280
0001280
0001862
0002968
0004598
0005530
0004307
0001920
0000523
0000232
-000059
-000059
0000640
0001688
0002677
0003026
0001804
0000116
0000000
0000465
-001165
-003668
-004425
-003551
-002096
-000641
0000349
0000465
-000466
-001921
-003027
-003144
-001514
0000582
0000523
-000466
0000291
0001920
0002328
0001804
0001804
0001979
0001571
0001106
0001513
0002561
0003958
0004773
0003550
0001571
0001280
0002270
0003085
0003143
0001513
-000233
0000756
0003026
0003376
0002095
0000349
-000117
0003725
0007800
0004889
-001747
-004599
-003377
-000350
0002677
0003259
0001106
-002562
-005763
-005298
-002504
-001339
-000815
0001979
0005064
0004598
0002444
0002852
0004424
0003376
0001397
0002386
0005006
0005821
0005413
0005704
0006053
0005180
0003667
0002503
0002270
0003667
0005122
0003841
0001222
0000523
0000814
-001107
-003668
-003610
-002271
-002969
-004948
-006113
-006113
-004890
-003027
-001572
-001107
-002038
-003493
-003784
-003377
-003842
-004308
-003144
-001398
-001514
-002096
0000814
0003783
0000407
-005298
-004716
-000408
0000465
-000641
0000640
0003143
0004424
0004540
0004540
0004132
0002619
0001397
0002677
0005064
0005413
0004074
0002328
0001455
0003026
0005704
0007159
0006810
0005122
0002910
0001513
0001280
0002037
0003201
0003376
0002735
0001804
0001106
0001338
0001746
0000582
-001398
-002911
-003027
-000524
0001804
-001281
-006462
-007102
-004250
-002504
-001747
-000815
-000292
-000990
-002329
-003202
-002736
0000291
0003492
0002503
-000233
0001047
0004540
0005762
0005238
0005413
0005646
0004191
0002444
0002852
0004132
0003201
0001280
0001513
0003085
0003609
0003376
0003550
0003434
0001455
-000408
0001222
0004132
0003841
0000989
-001689
-003319
-003668
-002445
0000814
0003318
0000523
-004541
-005705
-003493
-001572
-000117
0001455
0001979
0000116
-002620
-003377
-002387
-001281
-000117
0001920
0003492
0002328
-000175
-001456
-001165
0000058
0001513
0001862
0001280
0000756
0000465
0000465
0000523
-000175
-000233
0003085
0006985
0005937
0002328
0002212
0003783
0002212
-000815
-001514
-000175
0001979
0003550
0002794
0000232
-002736
-004075
-000990
0003434
0002852
-000466
-000408
0002386
0005355
0006985
0005471
0001979
-000699
-001921
-001863
-000990
-000583
-000699
-001398
-001514
0000814
0004191
0005937
0005646
0003667
0001164
-000466
-000757
-000059
0001222
0002619
0002968
0000989
-002329
-005239
-006287
-003959
-000350
0000232
-001223
-001339
-000815
-001223
-002329
-003319
-003610
-002678
-001456
-002154
-003784
-004017
-003319
-002911
-002853
-003377
-003551
-002038
0000465
0002270
0003085
0002968
0002794
0004889
0006461
0001688
-004832
-003901
0001746
0004191
0004016
0004307
0004889
0005471
0005530
0004249
0002037
-000815
