0005879
0002910
-000874
-001398
0001397
0006403
0011525
0014261
0014494
0013970
0012806
0011292
0008615
0002561
-002562
0000116
0007334
0010827
0011351
0013563
0015658
0014203
0011060
0009954
0011234
0011467
0016764
0032752
0032752
0000116
-032752
-032752
0022294
0032752
0032752
0015425
-005938
-000117
0018336
0011409
-007219
-005123
0011176
0023109
0026718
0021188
0010710
0003609
0002735
0008964
0017114
0017812
0012864
0009139
0007159
0005646
0006053
0010245
0015425
0016881
0014552
0010594
0006577
0004191
0004540
0007683
0012282
0016648
0018103
0013097
0006344
0007509
0012340
0009546
0004016
0006577
0012806
0011933
0007101
0006985
0009721
0010361
0009371
0008673
0008440
0008324
0008382
0008906
0009022
0006927
0005122
0008440
0012689
0009139
0002852
0005297
0011816
0011234
0006170
0003376
0004016
0007800
0012515
0014145
0012981
0011875
0009895
0004365
-000699
0001338
0007392
0010652
0009954
0005355
0001106
0004482
0011875
0014669
0013097
0010361
0007742
0006636
0007276
0009371
0011001
0008615
0005530
0008382
0014203
0016531
0014785
0009895
0004656
0004016
0006053
0005064
0002735
0003609
0005471
0003609
0000349
0000698
0003376
0005180
0005646
0005762
0004482
-000350
-004541
-000408
0006752
0005588
-000932
-004657
-004948
-002853
-000932
-004541
-009314
-006229
0000640
0002037
-000990
-003726
-005763
-007626
-008558
-008150
-007102
-006869
-007626
-009489
-010711
-007975
-004425
-006578
-010770
-009198
-004250
-002213
-003319
-006345
-009140
-008383
-005589
-004483
-005647
-008790
-012458
-013913
-013447
-013389
-012050
-005647
0001047
-000408
-006578
-008849
-008266
-009664
-011876
-012807
-012050
-009256
-006986
-009838
-014437
-013796
-010129
-009431
-011410
-014029
-015834
-014670
-011934
-011293
-011526
-009198
-006869
-009489
-014146
-014611
-012050
-010304
-010304
-013098
-015950
-013796
-009547
-010013
-012865
-012050
-009605
-010711
-013273
-011992
-009955
-013622
-019909
-022761
-021247
-015892
-010595
-011934
-016591
-016300
-012865
-011701
-012632
-013738
-014961
-016532
-016940
-013680
-009605
-010187
-013505
-014728
-013273
-009256
-005996
-009140
-015252
-016591
-014553
-014379
-014728
-012632
-009256
-006637
-006171
-009081
-012807
-012574
-009547
-007160
-006753
-009664
-013680
-014553
-012399
-008849
-005880
-006462
-008849
-008499
-006637
-006462
-007393
-008034
-008034
-007160
-006229
-007160
-008383
-006462
-003726
-004541
-008558
-014146
-018046
-016358
-010013
-001281
0004598
-002038
-008499
0012515
0032752
0025438
-010129
-029572
-028000
-010071
0009954
0006053
-010129
-007743
0004598
0004074
-004832
-009664
-009605
-006811
-002620
0000582
0001222
-001863
-006462
-008616
-007219
-001863
0004424
0007043
0005995
0004191
0001920
-001514
-003726
-001456
0003085
0005064
0004715
0005122
0004307
-002562
-008790
-002329
0009197
0009255
0001513
-002504
-002853
-002736
-001689
0001164
0004540
0006868
0007451
0006228
0004831
0006344
0008848
0007916
0005180
0004482
0005180
0005064
0004424
0004365
0004540
0004307
0003841
0003026
0002794
0004540
0006810
0006810
0005297
0004424
0004540
0005879
0007567
0008091
0007916
0008557
0009837
0011409
0012282
0011176
0009080
0007567
0007625
0010070
0012689
0011351
0007742
0006112
0006694
0008557
0010594
0010594
0010186
0013213
0017114
0016822
0014378
0015018
0017172
0016881
0014785
0012806
0011642
0011875
0013213
0014960
0015716
0013155
0009604
0009313
0011467
0012748
0013039
0012981
0011991
0008440
0005646
0009546
0016299
0017987
0015484
0013039
0011991
0013970
0017055
0018045
0016648
0012981
0010710
0016764
0023924
0017346
0004947
0004249
0010827
0011176
0007625
0007101
0009430
0012689
0015949
0018511
0018860
0014960
0010128
0009779
0012806
0015891
0016473
0011933
0004598
-001980
-002853
0008207
0023226
0028057
0022120
0010303
-000699
-001339
0004889
0006577
0005995
0010536
0016648
0017928
0014843
0009779
0006403
0010361
0016997
0016357
0010827
0007451
0006810
0007742
0009080
0008615
0006985
0005937
0006053
0007742
0009546
0008731
0006403
0005122
0005238
0006344
0007683
0008498
0007742
0004016
0000174
0001629
0005471
0004191
0001397
0006112
0011758
0004307
-006462
0000000
0014261
0014319
0005122
0001397
0002328
0002561
0002328
0002444
0002735
0002852
0003434
0005937
0008557
0008615
0006286
0002619
0000058
0002677
0006519
0003609
-002853
-005065
-003435
-000815
0001455
0001688
0000814
0001513
0002852
0002677
0001804
0002153
0002852
0001746
-000059
0000349
0001047
-002504
-006753
-004948
0000698
0004715
0004831
-000757
-008266
-010653
-008150
-003784
0000000
0000465
-002038
-005705
-007917
-005007
0000116
0001513
-000524
-003726
-005705
-002795
0001164
-002387
-008849
-007743
-003202
-005996
-011584
-010013
-004425
-002853
-005007
-008558
-011584
-011235
-009198
-010304
-011934
-008674
-003086
-000524
-001398
-004890
-008732
-009314
-007510
-006637
-006345
-004425
-003144
-006637
-011061
-008616
-003027
-002911
-006054
-005239
-003610
-007975
-014728
-016416
-013913
-011410
-009431
-007451
-006637
-008034
-010770
-013505
-014379
-011352
-006462
-003726
-004366
-009256
-014495
-013796
-009140
-006520
-006404
-007743
-009198
-007975
-006054
-008034
-011352
-010420
-007335
-007160
-008907
-009081
-008325
-008674
-009431
-009023
-008266
-009140
-010478
-009896
-008383
-008266
-009140
-010071
-010595
-010537
-009896
-008732
-007626
-007044
-007451
-009256
-011119
-011352
-009605
-006287
-003202
-002620
-005065
-010653
-016067
-016474
-013040
-010362
-008849
-007393
-007393
-011119
-015543
-015077
-011701
-011235
-012341
-011002
-009198
-010828
-014029
-015194
-014379
-012632
-011584
-014262
-017289
-014029
-007801
-006113
-007626
-007335
-005822
-004716
-004541
-005298
-007102
-010013
-012574
-012923
-011468
-009955
-008674
-007335
-007277
-010537
-014320
-012865
-009431
-011701
-015834
-013447
-006928
-002736
-001398
-000874
-002038
-006113
-010071
-008790
-004657
-003784
-005472
-007160
-008034
-007510
-006113
-005181
-004716
-003842
-002911
-001921
-001980
-005239
-008558
-005705
-000874
-004133
-009780
-004890
0003609
-000524
-009547
-005472
0004016
0000116
-009664
-007044
0001047
-002620
-010420
-004657
0006344
0003725
-005822
-005705
0000291
0001280
-000815
0000349
0002503
0000698
-002562
-001863
0000873
0000640
-001223
-001223
0000000
0000116
0000232
0002910
0005588
0003609
-000350
-000059
0002677
0002852
0001746
0003492
0005238
0001513
-004541
-006928
-005647
-003027
-000292
0000873
0001280
0003667
0006286
0005413
0003026
0003376
0005821
0008033
0009430
0009895
0008731
0004656
0000698
0001338
0004889
0006927
0007043
0005471
0004482
0008673
0013330
0009080
0001338
0001979
0007043
0006170
0001746
0000523
0001629
0002328
0002270
0001106
0000582
0004249
0008207
0004540
-001689
0000582
0007159
0007742
0004598
0004365
0005937
0006344
0005297
0002619
0000698
0003492
0008324
0009255
0007451
0006985
0007101
0005762
0003667
0002095
0001513
0001455
0002677
0006403
0010303
0010303
0008265
0009197
0011234
0009721
0006636
0006810
0008673
0008498
0006868
0005413
0005006
0006927
0008615
0005006
-000408
-000757
0002910
0006985
0009197
0007392
0003259
0000873
0001164
0004016
0008149
0011234
0012340
0012282
0009430
0000465
-008674
-008674
-002387
0001164
0002968
0008673
0013737
0009837
0003376
0008149
0017346
0014902
0006694
0007625
0012806
0009604
0002619
0002561
0006519
0006636
0004307
0003725
0004831
0006694
0008265
0008382
0007276
0005879
0005064
0005821
0007101
0006403
0005006
0005937
0007974
0008091
0007451
0009488
0011234
0006636
-000059
-000350
0003725
0005588
0005937
0008149
0010769
0011176
0010594
0012922
0015076
0010652
0003783
0002677
0005704
0007043
0006810
0006810
0006810
0006810
0006694
0005937
0005530
0007916
0009954
0005762
-000350
0000349
0005530
0008498
0009488
0011642
0012689
0008382
0002328
0001106
0003958
0007101
0008673
0006636
0002503
0000000
-000292
0001338
0003376
0003900
0002386
-000932
-003551
-001398
0003201
0004947
0004540
0005122
0005937
0005821
0004773
0002852
0001047
0000756
0001338
0000814
0000000
0000989
0002153
0000174
-002911
-002736
-000815
-000990
-003027
-006113
-008266
-006811
-003260
-000990
-000292
-000059
-000408
-001805
-002678
-000990
0002212
0004307
0004540
0002503
-000641
-002969
-003901
-003901
-002329
0001804
0005297
0002619
-002969
-004017
-001689
-000350
-000583
-002736
-005472
-006637
-005822
-003377
-001048
-001339
-003319
-004948
-005298
-003493
-001630
-003435
-006869
-007451
-005996
-005589
-006113
-006811
-006986
-005414
-003901
-006404
-009838
-007568
-002969
-003435
-006986
-007510
-006578
-008907
-011643
-008558
-003784
-005996
-011235
-009838
-005298
-005880
-010071
-013273
-014204
-011759
-007859
-006462
-006695
-005181
-003377
-004483
-006986
-007510
-006869
-007917
-008965
-006113
-002969
-006404
-012632
-013564
-010187
-006637
-004541
-005822
-008558
-008266
-007044
-010537
-014728
-012050
-006054
-005123
-007917
-009664
-009838
-008616
-007102
-007975
-009605
-008441
-006345
-007277
-010187
-012167
-012632
-011526
-009431
-007102
-006520
-010013
-014961
-016125
-013855
-010886
-008092
-005647
-005589
-010886
-017464
-017929
-014320
-013156
-013156
-010013
-006287
-007160
-010071
-009023
-006171
-007044
-009722
-009489
-007801
-008441
-009955
-008849
-006520
-006171
-007219
-007510
-007568
-008849
-010013
-008616
-006113
-004948
-005763
-008616
-010944
-008034
-003144
-003202
-006811
-010013
-010653
-006229
-000815
-001863
-007219
-010362
-011061
-011701
-011177
-006869
-003377
-008674
-016882
-015659
-008616
-005705
-006637
-007975
-009198
-009431
-008965
-009198
-008849
-005647
-001863
-002271
-004425
-002329
0001688
0002153
0000407
0000291
0001106
0000349
-001223
-001863
-001980
-002911
-004075
-004425
-003959
-002678
-001689
-002853
-004250
-001863
0001862
0001804
-000408
0000174
0001688
-000292
-003144
-001281
0002444
0001862
-001514
-002969
-003144
-005065
-005880
0000000
0007392
0006461
0000232
-002678
-002154
-000699
0001280
0003085
0004307
0005238
0004889
0001513
-002445
-002853
-000641
0001164
0002095
0002503
0002444
0002153
0002212
0003667
0005064
0003434
0000465
-000583
0000989
0005530
0010070
0009837
0006519
0005297
0005471
0004074
0002328
0002677
0004365
0005762
0006636
0007858
0008265
0005879
0002852
0003085
0005413
0006519
0006170
0004656
0003376
0005064
0007392
0005064
0001979
0006403
0013621
0013446
0008557
0006577
0007218
0007742
0007916
0007567
0007101
0007800
0009255
0010128
0010769
0012457
0013970
0013679
0011991
0010652
0009488
0007218
0005122
0005006
0006286
0007218
0007742
0008673
0009255
0008382
0006985
0006403
0007218
0009721
0011933
0010594
0007218
0005762
0006228
0007451
0009022
0010245
0011234
0013155
0014436
0012398
0009546
0010943
0014261
0014087
0011700
0011234
0011933
0011292
0010594
0012573
0015134
0014203
0011118
0009313
0008848
0008498
0008789
0010536
0012689
0012864
0012515
0015775
0018976
0015018
0008615
0009371
0014378
0015949
0014087
0011351
0008731
0007159
0007509
0010419
0013912
0014785
0013446
0012457
0011118
0007392
0003958
0005006
0008964
0011991
0012689
0009488
0006461
0011525
0019326
0018743
0012457
0008498
0007509
0007625
0009197
0012748
0015542
0013912
0009895
0008557
0008789
0006403
0004074
0006927
0012049
0013446
0011991
0011409
0011234
0009779
0008440
0009430
0011525
0012282
0011467
0009895
0007916
0005879
0004598
0005006
0006461
0007742
0008440
0008615
0008091
0006985
0006112
0006868
0008091
0007567
0005530
0002677
0000931
0002968
0007218
0010012
0010769
0009954
0008149
0006461
0005006
0002677
0001222
0003725
0007276
0006228
0002677
0002561
0004132
0002386
0000000
0002270
0006577
0006985
0004656
0003434
0003143
0002561
0002153
0002735
0003550
0003026
0002677
0006053
0010303
0009546
0006112
0006286
0007974
0005937
0001920
-000233
0000232
0003841
0007567
0006403
0002503
0001688
0002735
0001629
0000232
0002561
0006344
0006752
0005006
0004656
0005122
0004831
0003609
0001338
-001048
-002445
-002504
-001456
0000349
0002270
0004132
0006927
0007800
0002153
-005007
-003959
0001746
0002677
0000116
-001572
-001281
0001862
0006053
0008091
0007625
0005995
0003492
0000174
-002445
-002736
-001456
-001223
-000757
0003609
0007451
0002561
-005938
-007277
-003551
-001921
-002038
-001630
-000524
0001629
0002968
0000116
-004192
-003959
-001398
-002387
-005298
-005996
-005239
-005647
-006520
-006695
-006229
-005647
-004890
-003726
-002853
-003202
-004366
-005414
-005938
-005472
-004716
-005065
-005822
-005763
-005065
-004133
-003959
-005822
-008558
-010304
-009896
-006054
-001223
0000582
-000233
-000466
-001514
-006578
-012167
-011876
-007975
-006695
-007393
-006986
-005822
-004774
-003901
-003027
-002387
-001863
-002213
-004657
-007335
-007219
-004774
-001805
0000349
0000058
-001980
-003668
-004716
-005647
-005472
-002096
0000756
-003668
-011235
-012807
-009722
-007160
-006054
-006695
-007801
-006113
-003435
-003319
-005298
-007801
-009256
-007451
-004308
-003551
-005123
-007684
-009372
-006986
-003202
-003260
-006171
-008441
-009896
-011177
-011584
-010595
-008558
-006054
-004716
-007044
-010653
-010478
-008325
-009081
-010653
-008790
-004657
-000990
0000523
-002096
-005822
-004250
-000815
-003610
-008732
-006986
-001805
-001514
-004192
-004133
-003027
-005414
-008266
-005589
-000874
-001339
-005705
-009722
-011584
-009896
-005763
-001747
0000931
0001688
0000465
-002096
-004483
-004716
-003202
-001980
-001223
-000757
-000815
-001107
-002038
-004541
-006520
-004832
-001398
-000815
-002271
-003144
-003435
-003901
-004599
-005763
-006520
-005705
-004250
-003842
-004192
-004425
-003726
-000641
0002212
0000465
-003551
-004832
-003202
-000175
0002212
0001106
-002038
-003610
-003377
-002154
-000641
-000059
0000058
0001106
0002212
0001397
-000292
-000524
0000174
-000466
-001223
0000058
0002037
0001862
0000465
0000582
0001338
0000582
-000874
-001456
-001048
-000059
0000814
0000291
-000292
0002212
0005762
0006286
0004947
0005471
0006170
0003492
-000583
-001980
-001165
-000233
0000698
0002503
0003667
0001397
-001398
0001746
0006344
0002735
-004425
-005181
-000524
0005297
0009022
0006344
0000698
0000232
0002677
0001222
-001689
-000350
0003026
0003376
0001979
0002910
0004191
0001804
-001805
-001863
0000582
0001979
0002270
0001862
0002037
0005297
0008848
0007625
0003492
0000873
0000523
0002386
0004656
0003725
0001280
0001455
0003609
0005588
0006868
0007683
0006985
0002968
-001048
0000931
0005471
0005122
0001629
0000349
0001513
0004249
0006810
0006636
0004307
0002037
0001047
0002794
0005413
0004889
0002444
0001571
0002095
0002095
0002968
0008207
0012340
0005762
-005880
-011119
-009372
-004075
0002095
0005588
0006053
0005471
0004249
0003026
0002037
0001106
0000582
0000582
0000873
0000640
0000407
0000814
0001920
0003725
0005006
0003841
0001106
-001048
-001514
0000931
0003783
0002328
-001165
-001107
0001280
0002619
0002503
0001222
-000350
-000815
-000117
0001280
0001979
0000000
-002795
-002620
-000583
0000116
-000466
-002329
-002969
0001920
0008091
0007916
0002677
-003551
-006695
-000874
0007101
0002270
-006404
0002270
0015716
0005704
-012632
-005472
0013679
0012340
-000757
-001572
0005238
0006519
0002794
-001921
-006695
-011293
-013331
-010537
-004716
-000117
0002735
0005297
0006403
0004598
0001106
-001456
-002795
-003901
-003842
-001398
0001862
0003725
0003492
0001280
-001107
-000292
0001862
0000407
-002154
0000291
0003667
-000292
-007335
-008499
-005298
-003842
-003435
-001398
0000116
-002562
-007044
-008092
-006462
-005181
-004425
-003784
-003202
-001805
-000583
-001339
-002795
-001921
0000000
0000058
-000815
0000000
0001222
0000698
-001107
-002678
-003086
-000932
0001920
0002444
0000407
-003901
-007335
-005065
-000350
-000117
-003319
-005763
-006695
-005589
-004483
-007568
-011643
-009955
-005065
-003784
-003726
0001513
0008207
0009546
0006112
0001164
-003027
-003260
-002096
-005822
-011410
-011992
-009140
-007917
-007568
-005414
-002678
-001048
-001572
-005822
-009605
-005705
0001338
0001804
-002445
-005531
-006404
-005298
-002795
-000350
0000756
-000466
-002795
-003086
-002795
-006229
-009431
-004599
0003026
0002619
-002620
-003551
-001747
-001689
-002969
-006462
-004366
0020897
0032752
0010769
-032752
-032752
-032752
-005996
0032752
0030910
-020549
-022586
0005413
0005413
-012516
-020433
-016358
-002911
0010594
0008731
-003610
-012108
-014146
-010828
-004075
0002794
0005646
-000292
-009547
-011119
-007044
-005007
-004425
-001980
0000465
0000116
-001980
-002387
-002504
-006345
-009955
-005589
0001513
0000232
-005705
-006404
-003901
-004657
-006869
-006462
-004425
-003086
-002969
-004366
-005705
-004133
-001339
-000932
-002271
-003842
-003493
0002386
0008615
0005297
-002678
-004017
-000932
-000699
-002504
-003551
-004017
-004425
-005123
-006986
-008674
-008383
-006113
-001689
0001338
-002969
-009431
-007801
-001107
0002386
0002328
0000698
-001572
-002445
-002329
-002795
-003377
-002853
-001980
-002678
-003377
-000757
0002910
0003085
0001222
0001688
0003201
0002561
0001106
0002037
0004132
0004889
0003900
0001280
-001747
-003551
-003260
-000408
0003085
0003900
0002444
0000058
-000990
0002794
0007683
0006112
0000873
-000815
0000582
0001513
0002503
0005238
0007858
0007625
0005006
0002095
0000058
0000523
0002095
0001513
-000233
-000815
0000349
0004074
0007101
0003667
-002504
-003726
-000524
0003434
0006577
0007451
0006461
0006170
0005704
0002037
-000990
0004016
0011234
0009197
0001338
-003202
-003668
-001747
0000640
-000233
-003319
-005414
-005705
-003551
-000408
0000989
0000698
-000466
-000815
0003026
0007276
0004656
-001572
-003784
-003202
-005123
-006928
-003435
0002328
0004598
0003376
0000873
-001048
0000232
0003492
0005471
0005762
0004947
0003667
0003434
0003609
0001804
-000233
0000814
0003085
0001920
0000291
0004947
0011234
0010245
0004598
0001862
0001222
-002562
-004832
0003783
0013621
0005297
-009722
-005589
0007916
0007043
-003377
-008849
-009256
-008907
-006811
-001281
0005064
0008149
0008789
0010419
0012457
0014902
0014145
0003492
-008616
-006986
0002561
0004831
0002037
0002677
0005238
0006286
0005937
0005530
0004773
0003026
0001106
0000873
0000814
-002504
-006054
-004657
0001338
0009954
0016706
0015949
0010070
0006461
0004191
-001107
-006054
-005298
-000117
0005704
0009954
0010827
0008557
0004947
0001688
0000523
0000407
-001921
-004599
-004541
-001165
0005704
0012631
0014610
0012631
0011060
0009022
0004074
-002795
-011759
-016183
-006054
0010012
0013446
0010652
0019966
0032752
0032752
0021072
-002969
-023052
-014902
0008091
0013272
0005937
0006170
0010186
0007509
0001746
0000523
0002794
0004540
0005064
0004191
0002328
0000756
-000175
-000815
-000233
0002619
0006461
0009488
0010070
0006752
0001571
-001514
-002562
-004192
-004425
0000523
0006519
0005821
0002037
0004482
0009546
0008615
0004365
0003550
0004598
0002910
0000232
0000698
0002619
0001862
0000291
0002561
0006053
0005180
0001746
0000582
0000640
-001921
-004425
-001689
0003434
0005122
0003841
0002444
0001106
-000583
-001863
-001805
-000990
-000932
-001165
-000524
0000698
0001804
0002503
0003201
0003143
0001513
-000990
-003435
-004483
-002620
0000640
0002386
0002212
0000873
-000815
-001398
-001514
-003493
-005007
-000699
0004307
-000059
-008092
-007277
-001630
-001805
-005531
-006171
-004774
-004599
-005239
-005414
-004716
-002678
-000233
0000814
0000814
0001571
0001979
-000408
-003260
-002154
0000989
0001397
-000233
-001398
-002154
-003144
-003842
-003260
-002096
-001980
-002213
-001281
-000233
-001398
-003668
-004425
-004017
-004366
-004483
-001863
0001047
-000175
-003901
-005938
-005822
-004075
-001805
-000932
-001456
-002445
-003901
-006113
-008034
-008208
-007801
-009955
-012108
-009256
-004366
-003668
-005472
-005123
-003144
-000815
0000174
-002969
-006753
-004192
0000989
-000932
-004541
0002386
0012282
0009604
-000466
-004657
-003493
-001921
-000932
-001223
-002853
-004890
-006462
-006637
-005181
-002329
0000523
0001920
0001280
-001165
-003610
-002911
-000932
-001689
-004192
-005705
-005356
-002271
0000698
-002038
-006869
-006054
-002213
-002445
-004366
-001980
0001513
-001339
-005938
-002620
0004132
0004773
0000465
-003726
-005996
-004716
-001107
0001920
0002677
-000408
-004599
-004599
-002154
-002329
-003610
-001863
0000523
-001630
-005822
-006811
-005181
-004133
-003086
0000000
0003026
0002619
-000350
-003493
-005996
-007801
-008034
-006171
-003668
-002853
-003202
-002562
-001281
-000233
0000232
0000349
0000058
-000524
-000874
-000641
-000117
0000232
-000175
-001398
-003260
-005531
-006811
-004948
-002038
-002445
-004366
-003086
-000466
-000641
-002504
-003377
-002736
-000350
0001920
0000756
-002154
-002795
-001572
-000466
-000233
-001165
-003435
-006869
-009780
-010246
-008558
-006404
-004483
-003027
-002678
-003610
-005239
-006753
-007160
-005414
-003144
-003668
-005298
-003668
-000583
0000523
-000990
-005356
-009605
-008849
-005647
-006695
-009664
-008499
-005298
-005414
-007102
-005647
-003144
-003784
-006404
-008616
-008790
-005239
-000466
0000989
-000175
-000350
-000466
-002736
-005472
-005414
-003668
-003493
-004308
-004075
-003144
-002620
-002213
-000641
0000174
-003377
-007743
-006345
-001456
0000291
0000000
0002037
0003725
0000349
-005239
-007684
-005880
0000407
0006112
0002794
-005822
-010304
-011410
-014437
-016882
-014611
-009664
-006462
-005763
-007917
-009372
-002736
0004715
-001514
-014029
-015135
-010653
-016183
-025730
-026254
-020374
-016591
-014670
-011701
-008266
-004366
-002329
-005880
-010478
-007684
-000524
0004132
0003667
-004192
-013040
-011119
-003493
-002795
-007801
-013389
-016532
-013622
-007859
-006520
-008266
-008441
-006753
-003726
-001107
-001572
-004075
-006171
-006287
-002562
0001164
-002387
-009140
-009896
-006229
-003493
-002562
-004308
-005647
-000583
0006810
0008848
0005588
-000350
-004948
-002504
0004598
0010477
0011991
0007043
-001339
-007510
-008150
-000233
0009488
0009255
0001804
-004250
-006171
-001630
0004424
0001571
-005239
-004308
0001222
0003026
0002037
0002328
0003667
0005238
0006868
0008673
0009022
0005180
0000232
0000291
0003085
0002910
0000523
-000990
-001747
-002620
-003260
-003319
-002795
-001863
-000524
0001629
0003609
0003958
0003376
0003958
0004889
0004132
0002561
0002153
0002561
0002561
0002503
0002968
0003667
0003783
0003667
0003958
0004715
0006170
0007625
0008265
0007742
0005704
0003609
0004016
0005588
0004598
0002910
0005006
0008091
0006286
0002852
0004715
0010186
0014378
0016299
0016182
0013795
0009313
0005238
0005238
0007451
0006985
0005180
0005471
0007451
0009371
0010943
0012340
0012689
0010827
0008091
0007218
0007800
0008382
0008615
0008324
0007974
0009255
0010477
0008207
0005471
0008789
0014145
0012689
0008091
0009022
0012689
0012224
0009371
0008557
0009779
0012166
0013970
0012573
0009255
0006927
0007101
0012515
0017055
0007858
-003027
0010419
0030910
0021363
-001514
0002153
0019500
0016357
0004074
0011700
0026369
0018918
0000640
-001281
0006286
0003201
-004250
-001223
0007742
0011467
0010536
0009488
0008265
0006403
0004307
0001920
0000640
0002153
0005530
0009022
0010827
0008557
0005413
0008324
0013155
0010652
0004715
0004947
0008731
0008731
0006461
0005646
0006636
0009255
0011991
0012748
0011700
0010477
0009371
0008440
0007858
0007101
0006927
0008149
0009895
0010361
0009488
0008265
0006403
0003026
-000175
-001048
0000407
0003143
0005937
0007451
0007625
0007159
0006868
0008324
0010012
0009430
0006868
0003085
0000116
0000873
0003318
0002444
0000698
0004249
0009197
0007800
0003318
0003667
0006577
0006053
0003259
0001746
0001106
-000466
-001689
-001165
0001106
0004540
0007218
0006344
0003783
0003725
0005064
0004424
0003026
0003900
0005471
0004191
0001222
-000699
-001107
-000059
0001397
0001513
0000640
0000116
-000292
-001689
-002736
-001107
0001455
0001338
-000990
-003959
-005880
-004774
-002096
-001223
-002096
-003842
-005007
-003260
-000350
0000582
-000815
-004192
-006753
-003610
0001397
-000292
-004832
-003435
0001746
0004831
0005355
0004598
0002212
-002620
-006811
-006054
-001747
0002968
0004715
-000350
-008266
-011119
-009780
-009140
-009023
-007859
-006811
-007451
-009256
-010886
-011584
-010770
-008965
-007102
-006229
-007801
-010013
-009547
-007743
-008266
-009722
-008674
-006695
-007510
-009431
-008790
-006637
-005472
-006113
-009431
-013214
-013331
-011235
-010595
-011584
-013273
-014553
-013738
-011177
-007684
-005589
-008674
-012923
-010129
-004366
-005239
-010013
-011352
-010304
-011002
-011526
-007801
-003260
-004308
-009198
-013040
-014088
-011352
-007277
-006404
-008907
-013389
-016823
-014786
-009780
-007510
-008616
-012574
-016125
-013622
-009023
-011934
-017406
-014204
-007219
-007859
-013214
-015601
-014786
-012632
-010013
-007626
-007335
-011934
-017406
-016241
-011235
-009431
-010129
-009955
-008732
-006811
-005065
-005123
-006287
-006753
-006811
-007626
-008034
-005356
-002329
-004192
-008383
-008849
-007102
-007743
-009838
-010711
-010304
-009256
-007219
-003144
0000174
-001805
-006229
-006637
-004308
-003027
-003202
-004599
-006171
-006229
-004948
-003144
-001980
-002795
-004599
-005181
-004599
-003551
-002969
-004075
-005938
-006869
-006287
-004133
-001281
0000989
0001920
0001164
-000641
-002154
-003027
-003842
-003551
-000699
0002910
0004715
0003143
-003668
-010770
-010013
-003842
0001106
0002794
0000174
-004017
-003435
-000466
-001456
-004250
-003901
-001630
-000757
-001107
-001398
-001572
-001281
-000699
-000524
0000058
0002619
0005879
0007451
0007276
0006344
0005297
0005122
0005413
0004947
0003900
0003026
0002735
0003201
0004715
0007625
0010477
0011118
0010186
0009837
0009663
0007974
0006170
0006694
0007974
0006170
0003143
0002735
0004307
0005646
0006461
0006810
0007101
0009022
0010477
0007683
0003492
0003609
0006694
0008091
0008498
0010419
0012806
0013970
0013679
0012107
0009721
0006636
0004715
0006519
0010128
0011060
0010245
0011001
0011991
0010012
0007567
0009663
0013213
0011467
0007159
0006461
0008265
0008673
0008382
0009313
0011176
0013213
0014436
0013563
0011642
0011351
0011933
0011060
0009837
0010128
0011467
0012631
0013039
0012224
0011060
0011292
0012515
0013970
0014028
0009546
0005006
0008789
0016473
0018220
0015716
0014843
0015542
0016008
0016473
0017812
0017812
0012282
0005588
0005413
0010594
0016881
0020257
0015251
0006636
0004365
0007451
0010303
0012748
0016706
0019034
0015251
0009022
0008149
0011176
0013155
0013155
0010652
0007451
0007043
0008440
0008440
0007800
0007916
0009255
0012922
0015716
0012340
0005995
0003201
0004424
0008033
0011875
0013097
0011991
0010827
0010070
0009779
0010012
0010536
0010827
0009837
0008149
0007218
0006636
0005180
0003550
0002037
0002153
0005995
0010594
0010070
0007043
0008498
0011467
0008731
0004191
0006112
0011234
0011583
0009604
0011875
0015833
0016357
0013330
0008207
0003492
0002910
0005413
0007509
0008324
0007625
0006170
0006170
0006344
0003609
0000232
0000814
0003550
0003900
0003143
0004947
0007858
0008615
0007334
0005413
0003492
0002270
0002153
0003259
0004656
0004365
0003841
0006694
0009837
0007683
0002386
-001223
-001863
0000640
0004598
0006694
0006461
0004831
0002852
0002561
0002735
-000233
-003551
-001980
0001979
0002328
0000058
-001689
-002329
-002096
-000874
0001397
0002677
-000699
-004832
-002213
0003667
0004715
0002153
0000989
0000058
-004075
-008441
-007801
-004250
-003260
-004075
-003551
-002736
-004425
-006171
-003027
0001047
-002038
-008034
-007451
-002620
-000117
-000408
-002853
-005647
-005705
-004075
-003726
-004599
-005705
-006287
-005414
-003377
-001048
0000174
-001863
-004657
-002154
0000814
-007277
-016649
-007917
0008091
0007392
-004017
-008499
-008034
-011002
-015019
-015834
-014029
-011410
-010071
-013505
-017697
-014961
-008325
-005181
-005822
-008034
-011235
-015077
-017289
-015426
-011002
-007568
-005938
-005647
-006811
-009372
-011643
-011235
-009372
-009314
-009896
-007975
-005531
-006345
-009256
-011293
-011643
-010129
-007684
-005938
-006345
-010711
-015950
-016940
-014495
-011934
-010537
-011235
-012807
-012167
-010828
-012399
-014495
-011701
-007219
-007160
-010478
-013389
-014437
-012458
-008965
-007044
-006986
-007510
-008616
-010653
-012341
-011934
-010129
-008616
-008325
-010129
-012225
-011061
-008266
-007393
-008616
-011119
-013447
-013680
-011876
-008674
-006578
-009896
-014611
-012632
-007160
-006113
-008383
-009780
-009896
-008558
-007801
-011992
-016998
-014844
-008849
-007219
-009023
-010187
-010362
-009489
-008325
-008499
-009489
-009489
-008965
-008965
-009256
-009489
-009140
-007684
-005705
-004017
-003260
-003668
-005531
-009081
-011817
-010071
-005472
-001689
-000175
-001630
-004133
-003842
-001630
-000350
-000292
-000641
-001805
-004192
-006928
-008732
-009314
-009314
-008150
-004483
-000699
-000524
-003086
-005298
-006113
-004541
-002329
-003319
-005705
-005414
-003086
-001165
0000000
0000582
0000523
0000174
-000524
-002445
-003610
-000815
0003550
0004482
0003201
0004074
0005762
0005704
0004132
0002037
0000873
0003259
0006461
0005762
0002153
-001456
-002562
0002037
0008498
0009080
0005879
0005704
0006985
0005122
0002270
0002677
0005238
0007567
0008265
0005646
0002444
0004191
0007800
0005646
0001164
0001979
0005937
0006985
0006112
0007043
0008149
0006170
0002910
0001571
0002735
0006170
0009430
0007974
0005297
0009954
0016473
0013563
0006228
0006053
0010769
0013621
0013795
0012457
0009779
0005879
0003492
0006344
0011467
0012689
0010419
0007625
0006112
0008324
0011525
0009779
0005646
0005297
0006868
0005064
0002677
0005937
0011351
0011991
0009604
0009488
0011642
0014902
0017288
0016124
0011700
0005355
0000407
0001222
0006170
0010536
0012922
0013446
0011875
0008091
0005588
0009837
0016473
0016822
0012282
0007742
0005238
0006461
0010361
0014261
0016473
0015309
0012340
0011409
0011583
0009430
0007101
0008906
0011875
0009721
0005006
0003841
0005995
0009371
0012631
0014378
0014378
0013330
0011933
0010827
0010361
0010070
0010943
0014960
0018860
0016881
0011525
0008848
0008149
0005530
0003026
0004074
0007334
0009371
0009895
0009779
0009604
0010594
0012166
0013155
0013039
0011234
0009546
0011700
0014727
0012748
0008149
0006577
0007276
0006927
0006112
0006286
0007625
0010419
0013213
0013446
0011758
0010361
0008906
0005704
0003318
0005821
0010594
0011991
0010303
0007625
0005821
0007392
0010710
0011933
0010769
0008149
0005413
0004947
0005879
0005646
0005006
0006170
0007742
0007043
0004656
0002386
0000989
0000465
0001571
0005238
0008964
0008440
0005006
0002503
0001513
0001513
0002794
0005937
0008789
0008265
0005762
0005064
0005704
0005180
0004482
0006519
0008265
0004831
-001921
-008325
-010886
-004716
0003667
0000814
-006113
0000291
0011525
0008673
-001514
-002678
0002677
0006053
0006519
0003900
0001047
0004132
0008091
0002386
-007859
-011235
-008907
-007102
-005239
-001048
0003085
0003841
0002037
0001280
0000756
-002038
-005414
-006753
-005647
-002736
0000931
0004424
0005530
0001513
-004366
-006229
-004250
-000757
0001338
-002445
-008034
-006869
-002213
-002329
-005763
-008208
-008499
-005647
-002329
-003610
-007160
-007160
-005705
-008499
-012690
-012749
-009605
-006113
-004250
-005938
-010013
-013855
-015543
-013098
-008849
-007917
-008558
-005414
-001805
-004366
-009314
-007335
-003435
-009023
-017929
-016823
-010537
-011876
-016300
-012341
-005531
-007743
-015077
-017464
-015892
-015310
-015194
-013913
-012923
-014786
-017464
-016591
-013622
-012399
-012749
-013505
-013855
-012690
-010653
-008907
-008849
-012574
-016823
-015717
-012108
-012749
-016009
-017173
-016474
-015543
-014495
-012690
-011584
-013447
-016358
-016649
-014728
-012632
-011235
-011759
-012923
-011584
-009198
-009140
-010537
-011119
-011177
-012108
-013389
-014728
-014844
-011293
-007684
-010828
-016707
-016591
-012807
-012050
-013622
-014495
-014262
-012574
-010711
-011177
-012865
-013098
-012516
-013156
-014379
-014611
-014379
-015252
-016009
-014495
-011410
-008208
-006637
-008732
-012516
-013971
-013331
-012690
-012108
-011352
-010304
-008150
-006753
-009896
-013855
-011643
-006578
-006986
-010304
-009489
-006462
-006054
-007393
-007975
-007801
-007510
-007684
-009605
-011876
-012574
-011352
-008034
-005065
-007801
-009431
0002037
0020257
0032752
0032752
-032752
-032752
-032752
0017987
0032752
0011875
-008790
-014495
-007277
0003201
-005996
-022412
-017988
-001281
0006286
0004016
-002213
-009140
-012167
-009664
-001223
0007334
0006868
-000292
-006287
-010129
-013738
-014029
-007044
0002677
0006927
0005937
0004424
0002153
-001980
-006113
-008150
-007801
-005822
-003493
-002445
-002154
-000757
0000931
0001280
0000582
0000058
0000291
0001920
0003783
0003725
0002561
0002735
0003085
0000989
-001689
-001281
0001338
0003376
0004074
0003201
0001106
-001339
-003144
-003726
-002387
0002153
0006461
0005006
0000756
0000523
0003318
0005297
0005704
0003783
0001455
0002444
0005238
0005879
0005646
0008440
0011409
0008731
0004307
0006286
0010943
0009371
0004424
0003259
0004598
0003900
0003201
0007392
0012107
0009080
0002677
0002852
0007218
0008848
0007742
0005646
0003376
0001455
0001222
0004132
0008265
0010710
0010477
0007218
0003609
0004889
0007916
0005180
0000465
0002735
0007974
0007567
0003201
-000641
-001165
0005122
0012922
0011875
0006053
0006112
0008964
0005995
0000931
0001746
0006228
0008498
0008207
0006752
0005006
0004773
0005704
0006286
0007043
0009313
0011234
0009139
0005704
0007334
0010769
0008789
0004249
0003667
0006403
0009895
0012340
0011292
0008265
0007276
0007218
0004191
0002037
0008149
0017405
0019442
0016182
0015193
0014727
0009895
0004307
0004191
0008091
0011292
0012398
0010245
0007392
0008964
0013039
0015367
0015309
0013330
0010943
0010943
0012107
0011292
0009430
0008557
0009080
0011583
0013388
0009721
0004540
0006112
0011234
0011816
0009430
0008848
0009488
0009488
0008615
0006694
0004540
0003609
0003900
0004715
0005238
0003900
0002153
0003026
0005006
0004424
0002619
0002794
0004365
0005355
0005646
0005646
0005238
0004249
0003725
0005646
0007858
0006053
0002619
0002910
0005646
0006985
0007276
0008964
0009837
0005704
0000291
0000349
0004132
0006519
0007276
0007858
0007683
0006170
0003434
-000524
-003493
-002387
0001455
0005122
0006461
0003492
-001339
-002969
-002213
-002562
-003086
-001456
0000931
0001746
0001047
-000524
-001456
0000756
0003434
0000523
-004133
-001863
0002910
0000000
-006520
-007510
-003493
0002503
0006403
0001629
-006229
-005007
0000291
-002562
-010478
-015834
-016067
-009547
-000292
0004598
0004889
0001979
0002037
0018976
0032752
0005762
-032752
-032752
-007626
0005180
0003725
-000059
-002911
0001106
0007742
0007334
0001804
-002271
-004657
-007393
-008965
-007335
-004774
-006113
-008965
-007626
-004250
-003901
-005589
-006287
-005996
-005647
-005356
-005647
-005472
-002678
0000523
0000174
-002853
-005647
-007277
-007277
-006578
-007102
-008674
-010246
-010653
-008208
-005007
-005123
-007277
-007510
-006753
-007917
-009489
-008965
-006520
-002795
-000757
-004832
-011701
-014553
-013098
-009431
-005531
-004250
-005472
-007743
-009431
-007917
-005356
-006520
-009314
-008208
-005531
-006404
-009256
-009722
-008849
-009489
-010711
-010653
-009023
-005647
-002795
-003668
-006986
-009140
-009664
-009489
-008674
-007975
-007393
-006287
-005181
-004425
-004308
-004890
-005822
-006753
-007684
-009605
-010828
-008499
-005007
-005472
-008150
-008558
-007102
-005531
-004599
-005181
-006637
-007510
-007684
-008150
-007684
-003202
0000640
-005181
-013855
-011526
-003086
-001165
-004192
-005996
-006345
-006054
-005239
-003959
-003842
-007393
-011876
-012167
-009372
-007626
-006637
-004599
-003784
-008325
-014029
-013389
-008325
-004541
-002678
-001805
-002271
-004192
-006578
-008266
-008383
-005938
-003202
-004366
-007277
-007102
-004774
-003202
-002562
-002387
-002329
-001689
-000874
-000874
-001689
-002736
-004075
-006171
-007510
-005705
-002678
-002387
-003959
-004483
-004133
-003610
-003435
-004192
-005472
-006345
-006113
-003784
-000932
-000408
-001805
-003551
-004308
-002096
0000873
-000292
-003202
-002329
0000291
-000292
-002329
-000990
0001222
-001456
-005705
-004366
0000116
0001804
0000640
-001572
-003551
-003435
-001921
-000757
-000524
-001514
-002562
-001572
0000116
-000466
-001689
0000640
0003609
0001047
-002969
0000582
0007218
0006752
0002037
0001920
0003085
-003377
-010246
-003610
0008848
0010477
0004191
0000582
0000174
0001222
0002968
0004132
0004016
0002270
0000407
0001280
0003667
0004365
0004540
0007742
0011118
0009371
0005006
0003725
0004889
0005413
0005006
0003609
0002037
0001629
0003026
0006577
0010070
0010303
0007974
0005937
0005238
0006927
0009721
0011409
0011351
0009313
0006868
0006694
0007974
0008265
0007567
0006694
0005995
0006577
0007159
0005064
0002386
0003026
0006228
0009663
0011642
0010652
0007800
0005355
0004598
0006403
0009022
0009197
0007392
0005704
0005180
0007101
0009895
0010419
0009371
0008848
0008731
0007974
0007509
0008964
0011060
0011351
0010070
0008207
0006752
0006868
0008149
0009313
0010012
0010536
0010419
0009255
0007509
0005646
0005064
0007683
0011176
0011292
0009255
0009139
0009895
0008906
0007159
0006985
0007334
0005064
0002503
0003783
0007334
0009197
0009022
0007334
0005006
0003609
0002852
0000931
-000292
0002735
0006694
0004889
0001222
0004831
0011583
0012224
0009080
0009546
0011409
0009604
0005297
0001338
-001165
-001921
-000990
0001106
0003143
0003143
0002212
0002852
0004424
0005006
0004831
0004598
0004307
0004016
0003318
0001106
-000408
0002968
0007625
0006170
0001979
0003201
0007101
0007159
0004482
0002561
0001920
0003143
0004132
0000640
-003901
-002736
0001979
0004307
0004656
0005821
0007159
0007742
0006752
0002561
-001747
-000350
0003841
0003958
0001338
0000174
0000640
0002095
0003259
0001222
-001572
0000000
0003550
0003259
0001164
0002270
0005064
0006170
0005064
0001862
-001514
-002271
-000641
0001746
0003376
0001979
-000757
-000990
0000116
-000350
-002271
-005123
-007102
-005880
-002038
0002910
0006170
0004424
-000815
-006054
-009023
-007859
-004192
-002213
-001980
-001863
-002620
-005822
-008965
-008266
-004541
-000292
0002037
-000583
-005472
-007335
-006054
-003202
-001107
-003551
-008266
-010478
-009547
-006520
-002620
0000640
0001513
-001747
-005996
-004948
-001048
-000408
-002213
-003319
-003668
-003377
-003260
-005065
-007393
-007510
-006811
-009256
-011526
-006869
0000349
0001338
-002038
-003144
-002853
-003784
-005647
-008266
-010013
-008034
-005472
-008325
-014379
-019094
-019327
-010595
-000583
-004250
-013214
-006986
0004424
-002445
-016241
-011352
0002794
0002968
-005356
-006637
-003027
-001107
-002271
-007743
-014088
-015368
-012807
-011410
-010595
-008208
-005414
-004308
-004716
-005531
-006928
-009722
-011759
-009780
-005763
-004250
-004774
-004541
-004075
-004425
-005705
-008092
-010013
-008790
-006404
-007102
-009140
-007917
-005589
-006637
-009431
-010246
-009140
-006928
-004948
-005298
-006753
-006811
-005239
-002387
0000058
-000874
-003260
-002678
-001107
-003493
-007510
-007917
-005822
-004250
-004075
-005822
-008034
-008150
-006229
-002969
-001223
-005880
-012108
-010653
-004366
-000990
-001281
-003901
-007277
-008208
-007160
-006578
-005880
-003027
-000583
-003086
-007219
-005647
-001572
-002445
-006229
-007975
-006753
-002213
0001920
-000466
-007102
-013156
-014262
-004483
0007276
0003783
-007684
-009023
-003551
-001747
-004250
-010187
-015776
-015077
-009955
-006113
-004075
-002736
-000932
0004656
0009721
0007509
-000408
-009023
-015194
-016358
-013447
-010944
-008150
-002271
0003958
0006519
0005122
0001222
-003668
-007743
-009489
-007626
-004716
-006695
-008907
-001398
0009488
0010710
0006053
0007509
0009837
0000873
-011468
-011410
-004192
-004308
-008092
-006054
-000175
0004191
0006985
0010594
0012340
0008673
0000931
-008325
-014262
-011468
-003260
0001862
0003958
0006752
0009255
0010186
0009371
0006927
0003725
0000291
-001921
-001572
-000059
-001456
-002678
0003085
0010652
0010070
0004540
0003085
0003900
0000814
-003027
-001398
0002910
0003259
0001397
0002386
0005064
0006636
0006577
0004889
0002503
0001047
0001106
0003259
0005238
0002794
-000990
0000640
0005122
0005879
0003900
0002328
0001862
0002910
0004424
0004249
0003201
0003201
0004307
0006112
0007509
0006868
0005471
0006403
0007916
0006228
0002561
-000524
-001456
0001222
0005180
0005588
0004365
0006286
0009779
0011467
0010594
0006694
0002212
0000873
0001920
0002037
0001688
0002444
0003841
0005238
0006112
0006170
0005762
0005297
0005355
0006985
0008149
0005355
0001455
0002677
0006286
0006228
0003434
0001338
0000465
0000116
0001397
0005704
0010536
0011816
0009313
0004365
-000466
-001980
-000175
0003259
0005879
0004016
0000640
0002735
0007218
0006636
0003143
0002328
0003492
0003958
0004132
0005122
0006636
0008265
0010070
0013272
0015134
0011351
0005588
0005180
0008673
0011816
0012340
0007625
0001629
0002270
0006112
0003725
-000408
0004191
0011758
0010652
0004132
0000698
0001746
0007509
0013504
0011933
0005821
0003318
0003841
0003783
0003201
0002212
0001862
0004656
0007567
0005122
0000058
-001689
-000175
0003026
0005413
0002852
-001398
-000408
0003667
0004947
0003958
0003026
0002619
0003550
0004773
0003783
0002386
0004773
0008149
0007276
0003609
0001338
0000640
0000407
0000814
0001920
0003609
0006286
0007974
0005995
0002386
0001979
0003085
0000523
-002329
0001979
0007625
0001804
-007219
-001747
0010303
0010012
0002561
0002444
0006286
0004132
0000000
0003550
0008789
0003085
-006287
-003319
0005937
0006403
0001455
0001688
0004249
0002386
-001980
-004890
-005298
-002678
0000756
0000873
-000815
0000000
0002037
0001804
0000582
0001164
0002386
0001455
-000815
-002096
-002387
-002213
-002271
-003959
-006054
-006345
-004890
-002387
-000350
-000815
-002911
-004133
-004250
-003319
-002271
-003144
-003842
-000350
0004540
0005588
0002619
-002620
-007102
-006345
-002154
0000465
0000989
0000058
-001339
-001107
-000408
-002038
-004832
-006404
-006171
-004075
-000990
0001629
0002503
0000349
-002969
-003377
-002504
-004483
-007684
-008849
-007801
-005531
-003202
-002445
-002678
-002038
-000874
0000232
0000232
-001980
-004948
-005763
-004366
-001805
0000756
0001455
0000698
0000349
-000350
-003319
-006054
-004890
-000815
0003318
0005297
0002852
-001863
-004192
-004017
-002969
-001863
-002329
-003435
-002795
-001165
-000932
-000990
0001397
0004074
0003085
-000175
-002620
-003027
-000466
0003085
0003900
0002212
0000232
-001747
-003726
-004832
-003784
-002271
-003901
-006578
-006287
-003202
0001513
0005180
0004132
0000640
0000582
0002444
0001455
-000466
0000931
0003434
0001688
-001398
0000582
0004482
0003026
-001398
-002504
-001339
-001514
-002387
-002329
-001630
-000932
-000408
0000116
0000640
0001164
0002037
0004191
0006344
0006636
0004831
0001106
-001921
0000000
0004249
0004947
0003085
0002095
0002153
0003143
0003725
0001047
-002154
-000524
0003609
0004540
0003667
0004889
0006868
0006461
0004598
0003259
0002735
0002794
0002852
0002153
0000873
-000583
-001107
0000291
0003085
0006403
0007567
0002095
-003784
0002328
0012689
0010652
0000931
-003493
-003027
-002096
-000757
0000931
0002444
0003609
0003550
0001047
-002329
-004541
-003784
0002328
0008789
0006286
-000233
0001397
0006752
0004831
-001223
-003726
-002154
0002852
0007509
0005297
-000059
0000873
0004715
0002677
-001281
0001920
0008033
0008789
0003725
-007044
-014786
-005647
0011060
0015658
0009604
0002212
-002911
-001514
0002619
-000117
-005705
-004716
-000117
0000523
-001165
-000408
0001804
0003259
0003725
0003492
0002852
0002503
0002270
0001804
0000873
-001281
-002678
-000233
0003841
0004831
0002794
-000408
-003435
-005007
-004017
0000523
0005530
0005879
0003201
0002153
0002852
0004307
0004889
0001920
-002096
-001921
0000931
0002153
0001804
0001862
0001804
0000640
-000175
0001629
0004540
0005355
0004656
0004715
0005122
0005006
0004540
0004424
0003900
0001397
-001223
-000583
0001513
0000931
-001514
-003144
-004133
-006229
-007393
-004657
0000174
0003900
0004540
0000116
-005298
-003784
0001106
0000698
-003144
-004541
-003842
-003027
-002678
-003784
-005414
-005938
-005356
-004366
-003551
-003901
-004366
-002853
-000641
-000583
-001514
-000524
0001280
0001862
0000640
-003086
-006753
-006345
-003144
-000350
0000174
-003551
-008383
-008325
-005123
-004425
-005356
-004890
-003901
-004075
-004948
-005589
-005239
-002795
0000523
0002503
0002561
0000873
-001805
-004308
-005239
-003319
0000407
0003783
0005471
0005297
0002677
-003493
-008499
-005123
0002619
0005704
0004424
0002677
0000698
-001572
-002911
-001980
0000116
0000989
0000640
-000059
-000815
-000874
-000408
-000233
0000756
0005471
0009313
0004365
-004425
-006404
-003551
-003260
-004308
-002620
-001223
-006578
-012632
-007743
0002270
0004831
0000756
-004017
-007743
-009896
-008499
-000990
0006694
0004482
-002911
-003668
-000350
-000815
-003202
-002853
-000815
-000233
-000757
-000815
-000757
-001456
-001921
-000466
0001164
-000932
-004832
-006287
-005880
-005880
-006462
-007393
-007917
-006753
-004425
-001921
-000583
-002271
-004541
-002387
0001280
-000292
-003959
-002154
0001979
0001047
-002969
-005181
-004599
-000757
0003667
0004598
0002212
-001223
-003610
-002213
0000931
0000814
-000815
0000814
0003609
0002444
-000233
0001222
0004307
0003318
0000523
0001222
0003550
0002153
0000116
0004598
0010652
0008440
0001688
-000233
0001862
0004074
0005064
0003201
0000174
-000466
0000640
0001106
0001280
0002212
0003085
0002328
0001106
0001571
0002619
0001280
-000932
-000990
0000116
-000233
-001339
-001107
-000059
0000523
0000931
0001746
0002735
0004074
0004249
0000582
-003319
-001048
0004540
0006985
0006112
0003900
0001688
0001047
0002212
0004656
0006577
0004715
0001571
0002386
0004889
0003376
0000407
0002153
0005937
0005646
0003259
0003550
0006053
0009197
0010652
0007101
0001746
0001338
0004424
0006403
0006636
0005471
0004016
0004365
0005646
0005821
0004831
0003259
0001862
0001280
0002270
0006170
0009779
0008033
0003201
0000873
0001629
0005006
0008324
0006636
0002328
0001280
0002619
0002794
0002444
0003143
0004307
0004715
0004773
0005530
0006636
0007451
0007683
0007218
0006053
0003725
0001979
0003609
0006403
0005297
0002153
0001164
0002328
0004307
0005937
0005995
0004424
0001862
-000059
0001338
0004016
0003143
0000523
0000232
0002095
0004598
0007218
0009488
0010827
0011060
0009663
0005704
0001746
0001804
0004074
0005355
0001862
-013971
-027360
-011002
0015716
0010419
-010711
-005414
0011292
0000873
-018919
-008208
0015891
0013504
-003551
-003784
0006577
0009255
0005762
0002910
0000756
-001689
-003610
-004599
-004192
-001921
0000407
-000408
-002445
-000990
0000756
-004192
-011235
-010478
-005822
-006869
-011235
-012399
-010944
-009780
-008558
-005880
-003027
-001514
-002038
-004948
-008208
-008208
-006054
-005647
-005763
-002795
0000349
-001223
-005472
-007510
-006869
-003784
-001165
-004425
-009314
-007160
-001630
-001456
-004948
-006404
-006520
-008383
-009955
-007219
-003260
-003901
-007568
-009780
-010129
-009605
-008208
-005705
-004192
-006811
-010770
-010537
-007801
-007510
-008907
-009547
-009198
-007219
-006054
-010420
-015601
-012283
-004599
-001863
-003493
-004832
-006287
-009722
-012923
-012399
-009605
-008558
-008790
-008383
-007684
-007684
-008092
-008732
-008790
-006753
-004425
-005239
-007975
-009722
-009547
-006869
-003726
-004366
-006578
-004948
-001980
-003027
-006578
-008499
-008732
-009081
-008849
-006986
-004308
-002213
-001398
-002504
-004599
-006113
-006811
-007393
-007160
-005065
-002736
-003260
-004948
-003435
-000641
-000524
-002678
-005472
-006986
-004541
-000583
0000407
-002213
-008441
-013273
-008325
0001164
0003841
0000814
-001689
-003027
-003377
-002969
-002911
-002504
0000000
0003201
0005180
0004656
0000407
-004250
-003319
0000465
0000349
-002329
-003726
-003842
-003668
-003202
-002736
-002329
-002504
-002096
0001571
0005646
0004947
0001397
0000407
0001106
0000931
-000175
-001689
-003260
-004832
-005007
-001689
0002561
0002852
0001571
0005588
0010186
0005879
-001514
0000698
0007509
0006403
0001571
0003841
0008673
0005064
-001630
0000465
0006344
0004016
-002387
-002504
0001397
0002561
0001746
0002153
0003143
0003550
0002852
0000465
-001863
-000815
0002561
0002561
0007276
0032752
0032752
0032752
-008325
-032752
-032752
-023168
0032752
0032752
0002270
-006578
0013155
0014669
0003492
-003610
-004017
0003434
0013737
0018278
0015600
0006985
-001281
0000407
0009139
0016590
0018976
0013621
0004132
-002445
-004366
-002562
0001455
0003958
0005821
0011001
0015658
0013795
0007509
0002328
0000000
0001164
0004074
0005006
0004074
0002735
0002619
0006461
0011234
0011409
0008033
0004715
0002619
0002095
0003609
0006868
0010652
0013330
0013970
0012049
0009255
0008498
0009430
0010419
0011060
0011001
0010536
0010477
0010536
0010070
0009430
0009313
0009371
0009022
0007974
0005821
0003841
0004074
0005821
0007043
0007218
0006053
0004831
0005937
0008615
0011292
0012573
0011060
0007683
0004424
0002561
0002910
