-003319
-002795
-000466
0000116
-000699
-001339
-001514
-000641
0000465
0000058
-001165
-001805
-001456
0000116
0001862
0001804
0000873
0001280
0002619
0003492
0003841
0003958
0003958
0004249
0004424
0003434
0002037
0001338
0001455
0002328
0002968
0001746
-000233
-000233
0000814
0000232
-000932
0000058
0001513
0000232
-002271
-002678
-001630
-001339
-001921
-003668
-004716
-001572
0003026
0003958
0002153
0000931
0000582
0000698
0000873
0000232
-000874
-001514
-001223
0000931
0003201
0002561
0000640
0001280
0003841
0006403
0007742
0006636
0003609
0000000
-002154
-000175
0003492
0004191
0002095
-000874
-002969
-002038
0000931
0003143
0004016
0003667
0002328
0000582
-000408
0001222
0003143
0000931
-002853
-002387
0000465
0000756
-000874
-002096
-002387
-001165
0000465
0000291
-000932
-001048
-000699
-001572
-002504
-001398
0000698
0001280
0000873
0001047
0001629
0001571
0001455
0002386
0003550
0003318
0002503
0003085
0003725
0001106
-002154
-000874
0002735
0003376
0002153
0002677
0003958
0003318
0001804
0001571
0002153
0001979
0001338
0000989
0000756
0000116
-000292
0000349
0001629
0002794
0003201
0002153
0000698
0000523
0001397
0002095
0001979
0000407
-001572
-001805
-000815
-000117
0000000
-000524
-001281
-001514
-000757
0001106
0003550
0006112
0007159
0004191
0000000
-000175
0002677
0005122
0006344
0006112
0005006
0004598
0004889
0005297
0005006
0002270
-000932
-000815
0001280
0001688
0000931
0001106
0001804
0001979
0001629
0000931
0000232
0000232
0000116
-002213
-004890
-004599
-002329
-000583
0000000
-000757
-001572
0000116
0002735
0002968
0001804
0001571
0002153
0002794
0002968
0001571
-000117
0000174
0001571
0001920
0001106
-000466
-001863
-001514
0000232
0002212
0003550
0003259
0002386
0003783
0005122
0001222
-003784
-001805
0003376
0003550
-000350
-004017
-005938
-004890
-001456
0003026
0005937
0004307
0000174
-001398
-000699
-000408
-000466
-000583
-000990
-002154
-003319
-003027
-001514
0000349
0001688
0001106
-000233
0000058
0001920
0004773
0006868
0005646
0002270
-000815
-001921
0001164
0005180
0004016
-000117
-001398
-000408
0000756
0001106
-000932
-003202
-001048
0002677
0002270
-001281
-005065
-006462
-002038
0004249
0004889
0000931
-003260
-005589
-004192
-000292
0003725
0004947
-000408
-007451
-006695
-001514
-001514
-004308
-003319
-000350
0000465
-000466
-001107
-001339
-001514
-001165
0000523
0002212
0001397
-000350
0000232
0002503
0004482
0005413
0004540
0002968
0003492
0004773
0003958
0001804
0000116
-000117
0002212
0005006
0004424
0001571
-000408
-001107
-001223
-000699
0000058
0000349
-000932
-002736
-002736
-001689
-001281
-001863
-003784
-005647
-005007
-002620
-000699
0000582
0001571
0001804
0000756
-000874
-002154
-002620
-002154
-000990
0000291
0001222
0001862
0001455
-000990
-003319
-001805
0001629
0002910
0002503
0002677
0003725
0006286
0008265
0006228
0002037
-000699
-000524
0003667
0008207
0006344
0000640
-002678
-002853
-000932
0001746
0002852
0002386
0001688
0000989
0000291
-000175
-000466
-000874
-001921
-003202
-004425
-004832
-003260
-001456
-002562
-005065
-005822
-004948
-003668
-002678
-002795
-003551
-003959
-003202
-000059
0003434
0003900
0002386
0002561
0003492
0002677
0001222
0001629
0002852
0002212
0000989
0001513
0003026
0003667
0002910
0000174
-002096
0000523
0004947
0004482
0000756
-001398
-001921
-002213
-002213
-001805
-001281
-000699
-000466
-001107
-002271
-003086
-003493
-003610
-003202
-001863
-000175
0000989
0001222
0000756
-000233
-001165
-001689
-001514
-001165
-002038
-003027
-001747
0000465
0000873
0000174
0000523
0001862
0003725
0005413
0006286
0006170
0005355
0003841
0001222
-000815
0000582
0003201
0001920
-001398
-002620
-001339
0002153
0005064
0002677
-002504
-004483
-003377
-001456
0000523
0001338
0000873
-000350
-002096
-004250
-006171
-007335
-007626
-007568
-006928
-005007
-003202
-003610
-005123
-004657
-003377
-004308
-005589
-003027
0000523
-000815
-004541
-004832
-002504
-000932
0000000
0001222
0002444
0003958
0004365
0001571
-002096
-002445
-000117
0001862
0003026
0003376
0003026
0002561
0002095
0001164
0000756
0002735
0004947
0003318
-000175
-000757
0000582
0000814
-000059
-001514
-002911
-003319
-002795
-002154
-001398
-000524
-000117
-000932
-002620
-004425
-005298
-004075
-001689
-000059
0000640
0001397
0001746
0001222
0000349
-000059
-000292
-001514
-002387
-000175
0003026
0003550
0001746
-000699
-002154
-000233
0002619
0001746
-001456
-003377
-003027
0000407
0004074
0002968
-001048
-003202
-003144
-001689
0000000
-000408
-001689
-000583
0001106
-000117
-002736
-003086
-001921
-002096
-002969
-002969
-002038
-000059
0001629
0000523
-001514
-000175
0002212
0000407
-003377
-003901
-002038
-001514
-001107
0002328
0005646
0003259
-001572
-001572
0001920
0004482
0005821
0007101
0006985
0003434
-001048
-002154
-000408
0001746
0003085
0002270
0000291
-000466
0000174
0001920
0003201
0001106
-002154
-001689
0000582
-000059
-002620
-004483
-004832
-003319
-000990
0000465
0000349
-001514
-003668
-003784
-001863
0001513
0004016
0002212
-001223
-000292
0002852
0003143
0001222
-000524
-001223
0000174
0002619
0003550
0003725
0005821
0007567
0004773
0000523
0001455
0004831
0003550
0000116
0000640
0003259
0003376
0001920
0001397
0001629
0001979
0001746
-000524
-003260
-003901
-002387
0000407
0002794
0002619
0000698
-000466
-000583
0000000
0000756
0000698
-000117
-001223
-001805
-000815
0001222
0003318
0003725
-000059
-005239
-006753
-004657
-000932
0002677
0003958
0003609
0004715
0005995
0004307
0001571
0002212
0004191
0002968
0000174
-000815
0000116
0002212
0004132
0004016
0002328
0001106
0000465
0000000
0000291
0002270
0004074
0002503
-000350
-000059
0002270
0003376
0003201
0002735
0002037
0001571
0001338
0000698
0000232
0000582
0001222
0000640
-000292
0000232
0001280
0000931
-000059
0000349
0001920
0004074
0005530
0004598
0002212
0000814
0000291
-000524
-000874
0000931
0003026
0001746
-000874
-000350
0001629
0000291
-001689
0001338
0006286
0006636
0003609
0001047
-000699
-002154
-002911
-002562
-001456
-000350
0000349
0000931
0000931
0000232
-001398
-004133
-006462
-006229
-003784
-000292
0002677
0003783
0002444
-001281
-004832
-004308
-000874
0001804
0003026
0003026
0002270
0002561
0003318
0002619
0001979
0004016
0006927
0006752
0004598
0003550
0003550
0004016
0003841
0000873
-002329
-001398
0002095
0004365
0004249
0000756
-003260
-002969
0000000
0001455
0000465
-003144
-006986
-007335
-004599
-001514
0000814
0001513
0000523
-001805
-003377
-001107
0002328
0000873
-002795
-002329
0000349
-000408
-002504
-000874
0002037
0000640
-002853
-003610
-001689
0000931
0003434
0005238
0005355
0003026
0000232
0000291
0002503
0004424
0005355
0004656
0003318
0003201
0003783
0003725
0002794
0001106
-000641
-001398
-001630
-003027
-004192
-002154
0001047
0001047
-000583
0000873
0002852
0000232
-004250
-004657
-002271
-001281
-001398
-001339
-001165
-001165
-001281
-001048
-001048
-002213
-003493
-002795
-001048
-000699
-001165
-000815
-000350
-001689
-003435
-002795
-000233
0002677
0004831
0005297
0004016
0001397
-000815
0000232
0002386
0000698
-002096
0000174
0004540
0004715
0001513
-001863
-003493
-001339
0002794
0004889
0004889
0004424
0003318
0001280
-000583
-001223
-000699
-000117
-000059
-001689
-003784
-003959
-002795
-002445
-002329
-000990
0000582
0000465
-000466
-000233
0000756
0001106
0000698
-000815
-002038
-000699
0002153
0004074
0004540
0003085
0001397
0002561
0004482
0002619
-000932
-001572
0000116
0001804
0002619
0001920
0000000
-002271
-003901
-003959
-002562
-000350
0001164
-000408
-002911
-001980
0000582
0000232
-002096
-003668
-004075
-003377
-002562
-003842
-005589
-004657
-002038
-000757
-000641
-000350
-000350
-001805
-003377
-002678
-001165
-002038
-004250
-005531
-005065
-002154
0001047
0000291
-002038
0000058
0003609
0001513
-002620
-001281
0003026
0003900
0002212
0001397
0001222
0000698
0000116
-000350
-000408
-000117
0000407
0000873
0000931
0000523
0000232
0001688
0003376
0002561
0000232
-000932
-001398
-002911
-004716
-005705
-005880
-005996
-005822
-005007
-004017
-003493
-003377
-003493
-003435
-002853
-002154
-002562
-003027
-001223
0001106
0000873
-001223
-002911
-003493
-002736
-001339
-000815
-001048
-001107
-000757
0000232
0001571
0002735
0003259
0003026
0002153
0001280
0000523
-000292
-000757
-000524
0000465
0002153
0003376
0002561
0000349
-001630
-002678
-002795
-001980
-000699
0000407
0000873
0000465
-000757
-002213
-003086
-003319
-003668
-003959
-003668
-003319
-004075
-004657
-002504
0000407
0000523
-001339
-002154
-001921
-001165
-000583
-001398
-002329
-000292
0002328
0000232
-003319
-001398
0002910
0002444
-001281
-003551
-004192
-004599
-004017
-000932
0002270
0001629
-001339
-002445
-001980
-001223
-001107
-003377
-005880
-004366
-000990
-001048
-002911
-002504
-000292
0002153
0003841
0003259
0001571
0001397
0002095
0002153
0001338
-000233
-001921
-002795
-002678
-001747
-000699
-001107
-001805
-000292
0002095
0002444
0001164
-000175
-000874
-000233
0001455
0003783
0005122
0003609
0000349
-002678
-003435
0000582
0005238
0003026
-002969
-005356
-004017
-001165
0001338
0000465
-002504
-004017
-003842
-002795
-001398
-000466
-000641
-002620
-004541
-003027
0000116
0001047
-000117
-002213
-003842
-002562
-000233
-000757
-003027
-004250
-003842
-001339
0001222
0000291
-001921
-000292
0003376
0004773
0004132
0003143
0002444
0002968
0004307
0005704
0006112
0004482
0001979
0000756
0000698
0000116
-000408
0000349
0001338
0000291
-001630
-002213
-001456
-000233
0000349
-001514
-004075
-004075
-001980
0000058
0001513
0002037
0001397
-000408
-002213
-001805
-000524
-001980
-004250
-003319
-000408
0001571
0001979
0001164
-000117
-000699
0000000
0002386
0004715
0003958
0001688
0001688
0003026
0003085
0002270
0001746
0001920
0003376
0005006
0004889
0002968
-000583
-003842
-004017
-002096
-001398
-001456
-000815
0000116
0000465
0000174
-000699
-001805
-002678
-002969
-002504
-001514
-000583
-000292
-001223
-002445
-002154
-000699
0000756
0001804
0002677
0002444
-000583
-003551
-001223
0003725
0005238
0004074
0003958
0003958
0002037
-000641
-001863
-001572
-000641
0000349
0000407
0000582
0003667
0007334
0007276
0004132
0000174
-002620
-001863
0000756
0000698
-000815
0000000
0001455
-000292
-003551
-004832
-004133
-002387
-001398
-004308
-007801
-005007
0000640
0001688
-000990
-003319
-004366
-003435
-001747
-002387
-003551
-001281
0002270
0002503
0000989
0002328
0004598
0003725
0001513
0002212
0004365
0004773
0003667
0002386
0001106
-000117
-001107
-002213
-002213
0001164
0004889
0003376
-000815
-001281
0000523
0000582
-000524
-001165
-001107
-000292
0000523
0000116
-001165
-002678
-003435
-002329
-000699
-001107
-002853
-003668
-003493
-003027
-002445
-001921
-001456
-000466
0000582
0001222
0001397
0001047
0000698
0001338
0001920
0000000
-002562
-002096
0000465
0002503
0003492
0003667
0002910
0001280
0000000
0000931
0002852
0002735
0001920
0003492
0005937
0006228
0004482
0001862
-000233
0000174
0001979
0002735
0002095
-000059
-002271
-002504
-001107
0000756
0001629
-000757
-004483
-005647
-004308
-002154
-000524
-001805
-003668
-000815
0003434
0002037
-002096
-002329
0000291
0001920
0002794
0004482
0005588
0003783
0001164
0001629
0003958
0004482
0003725
0003783
0004365
0004831
0004831
0004074
0002735
0000931
-000175
0001164
0003376
0003085
0001222
0000523
0000523
-000233
-001281
-001863
-001805
-001223
-000350
0000058
0000000
-000175
-000932
-003260
-005007
-002678
0001455
0002386
0000873
-000583
-000699
0002270
0005704
0004773
0001513
0001047
0002328
0001920
0000698
0000814
0001804
0002270
0002153
0001688
0001280
0002037
0003201
0003376
0002968
0002852
0002735
0001746
0000465
-000175
0000407
0002503
0004773
0005006
0003550
0002270
0001047
-000990
-002736
-002562
-000524
0003376
0006170
0003725
-001281
-002911
-001689
-000641
-000932
-004308
-007684
-005414
-000292
0000989
-000175
0000814
0002852
0003259
0002444
0002037
0001862
0001280
0000640
0000523
0001106
0002735
0003900
0001979
-001107
-001514
0000523
0003376
0005879
0007043
0006461
0003783
0001397
0003434
0006868
0005064
0000814
0000814
0003841
0006053
0006636
0005471
0002968
0000058
-001747
-000583
0001920
0002503
0000873
-002678
-005822
-004599
-000874
0000756
0000989
0002270
0003725
0003900
0002328
-001398
-005007
-004890
-002096
0000174
0001280
0001280
0000698
0000698
0001222
0001513
0001455
0001047
0000407
-000117
-000641
-001223
-001863
-002504
-002620
-000932
0000814
-001107
-003610
0000000
0005180
0002794
-003377
-004483
-001514
0000873
0002095
0002212
0001222
-000059
-001689
-004541
-006695
-005065
-001514
-000292
-000757
0000174
0001280
-000350
-002445
-000408
0003376
0003725
0001397
-000583
-001456
-000466
0001047
0000116
-001689
-000874
0001629
0003201
0003725
0004249
0003725
0000349
-003377
-003435
-000699
0001571
0002444
0001571
-000466
-002213
-002969
-002213
-000466
0001106
0001746
0000582
-001048
-000117
0001455
-000233
-003551
-004890
-003668
0000523
0004424
0002328
-002562
-002678
-000175
-001339
-004425
-004890
-003551
-002678
-002213
-001165
0000058
0000756
0001222
0002619
0003318
-000059
-003901
-001572
0003900
0005879
0004016
0000000
-003551
-002387
0001397
0002794
0002386
0002968
0003841
0003492
0002444
0001629
0001222
0000989
0001047
0001629
0001862
0000058
-002096
-001572
0000756
0002794
0003085
-000524
-004657
-002795
0001746
0001222
-002154
-002387
-000408
0000582
0000756
0001455
0001513
-000990
-004425
-006113
-005938
-005007
-003726
-002271
-001048
-000233
0000291
0000931
0001397
0000873
0000116
0000698
0002270
0004365
0005297
0002444
-001747
-001980
-000059
-001107
-003319
-002329
0000582
0002386
0002561
0001513
-000524
-003027
-004599
-003319
-000466
0001571
0001979
0000465
-001747
-001921
-001339
-003144
-005356
-003959
-000175
0003434
0005588
0006053
0004365
0000756
-002736
-003086
-001456
-001107
-001805
-002329
-002678
-003435
-003260
0000000
0004307
0006053
0005238
0003026
0001106
0001979
0004191
0004249
0002910
0002910
0003143
0001280
-001339
-002096
-001514
-001223
-001572
-002620
-003610
-003551
-002504
-000583
0000523
-002038
-005647
-005356
-002562
-001281
-001514
-002329
-002736
-000815
0001338
0000058
-003377
-005589
-005996
-005123
-003493
-002096
-001514
-002096
-003144
-003086
-001805
0000291
0002270
0002619
0001804
0001513
0001688
0001688
0001338
0000058
-001398
-001921
-001456
-000350
0000698
0000989
0000000
-003086
-006462
-007277
-006171
-005763
-005763
-005414
-004425
-002213
-000350
-001398
-004192
-006171
-006520
-004948
-002620
-002154
-002736
-002271
-001281
-001048
-001456
-002271
-003086
-003435
-003086
-002038
-000815
-000350
-000350
0000174
0000931
0001338
0001571
0002444
0003143
0001746
0000000
0001280
0003900
0003783
0001804
0000523
0000116
0000407
0000873
0000465
-000117
0000465
0002328
0005588
0007916
0005704
0000931
-001863
-002678
-002969
-003027
-003493
-004133
-004366
-004483
-004832
-005181
-004832
-004308
-004366
-004774
-004716
-004366
-004250
-004017
-002911
-001339
0000000
0000582
-000466
-001339
0001862
0005471
0001979
-004250
-003842
0001106
0004424
0005006
0002619
-000466
0000000
0002328
0002095
0000232
-000233
0000232
0000174
-000059
0000814
0001571
-000233
-002562
-001398
0001688
0003143
0002910
0002619
0001862
-000059
-002213
-003086
-003027
-003435
-003144
0000407
0004715
0005297
0002619
-000815
-003784
-005647
-005531
-003086
-000175
-000059
-001223
0000931
0003958
0002328
-000815
0001106
0006228
0009837
0010070
0005530
-000874
-004192
-003668
-000932
0002270
0003026
0001979
0001688
0001804
0000698
-000524
0000174
0001629
0001280
-000117
-000292
0000000
-001048
-002271
-001223
0000873
0001338
0000756
0001164
0001920
0001804
0000873
-000699
-001572
0000523
0003143
0001397
-002562
-003784
-002795
-002504
-002154
0000174
0002852
0003026
0001979
0002794
0004307
0003376
0001280
0001106
0001920
0001338
-000059
-000466
-000466
-001339
-002445
-002795
-002096
0000058
0002212
0002328
0000989
-000233
-000699
0000116
0001397
0001804
0001106
-000233
-001689
-002795
-002678
0000000
0002910
0002095
-001107
-003144
-003551
-002562
-000932
0000232
0000232
-001165
-002911
-002678
-001223
-000757
-000583
0001513
0003841
0003318
0001164
0000058
0000698
0003550
0006228
0004482
0000873
0001047
0003318
0002561
0000698
0001746
0004598
0006752
0007101
0004715
0001338
0000698
0001629
0000873
-000757
-001048
-000175
0001280
0001746
-001281
-005298
-005472
-002911
-001281
-000874
-001281
-002096
-002504
-002445
-001747
-001048
-001689
-002620
-001456
0000349
-000292
-001921
-001223
0000814
0001804
0001338
-000466
-002678
-003668
-002911
0000116
0003085
0001979
-000932
0000349
0003085
0000814
-003260
-002445
0001338
0002910
0002153
0000000
-001805
-000292
0003085
0004656
0004424
0003376
0002212
0001746
0001862
0002212
0001979
-000350
-002969
-002329
0000058
0000931
0000232
-000874
-001514
-000583
0001106
0002212
0001629
-002096
-006171
-005763
-002445
-001107
-000932
0001513
0004191
0003143
0000523
0001047
0003085
0002153
-000059
0000407
0002270
0002794
0001688
-001107
-003319
-000990
0003026
0002561
-001048
-004250
-004890
-000699
0005413
0008033
0006577
0002270
-002154
-002271
0000523
0001920
0001513
-000233
-002620
-004308
-004599
-002911
-000641
0000000
-000874
-001921
-003027
-004308
-005181
-004948
-003551
-000641
0001862
0000931
-001339
0000058
0003259
0003725
0002386
0002386
0003376
0004307
0004715
0004307
0003492
0003085
0003376
0004656
0005879
0004831
0002677
0001862
0002037
0001862
0000989
-001630
-003668
-000524
0003958
0002153
-003202
-005007
-004657
-006928
-009140
-005763
-000408
-000815
-004250
-004017
-001223
0000756
0001106
-000699
-003202
-004133
-002620
0001688
0006112
0006112
0003434
0002735
0003492
0003609
0003259
0003143
0002910
0002037
0000756
-000466
-000466
0002503
0005821
0004365
0000523
-000408
0001280
0003318
0005180
0006810
0007101
0004831
0001513
0000058
-000059
-001107
-002213
-001456
0000116
0000116
-000815
-000524
0000349
0000407
0000000
0000349
0000698
-000466
-002387
-003493
-003610
-003086
-002562
-003435
-004366
-002736
0000407
0003085
0004307
0003783
0002328
0001746
0002212
0003259
0004191
0003958
0003259
0003900
0004831
0004191
0002503
0001629
0001455
0001280
0001513
0003201
0004947
0004540
0002619
0001106
0000640
0001688
0002910
0001397
-001223
-001398
-000059
0000407
0000232
0000931
0001280
-001514
-004250
-000874
0004715
0004365
-000175
-003435
-004774
-004832
-003842
-002620
-001863
-002271
-002969
-002329
-000583
0001629
0003201
0002910
0001222
-000583
-001456
-000292
0001862
0002852
0002677
0001746
0000989
0001862
0003609
0004191
0004074
0005530
0006228
0001397
-004657
-003551
0001222
0000582
-002504
0000116
0004249
0001338
-005181
-007219
-005705
-004774
-004250
-002620
-001107
-001223
-002445
-003610
-003784
-001980
0000465
0001047
-000466
-004017
-006753
-004192
0000873
0002270
0000698
-000757
-001572
-001630
-000874
0000407
0001513
0001164
0000232
0001047
0002444
0001979
0000349
-000757
-000874
-000175
0001222
0003143
0004307
0003085
0000873
0000931
0002153
0001280
-000408
0000174
0001688
0001047
-001048
-002678
-003726
-004832
-005472
-004832
-003319
-001339
-000350
-002736
-005996
-005356
-002620
-002736
-004308
-003551
-001863
-002271
-003610
-002969
-001107
0000232
0000640
0000116
-000524
0000756
0002619
0002328
0000756
0000349
0000523
-000874
-002038
0000640
0004132
0002386
-001572
-000350
0003725
0005180
0004249
0002735
0001513
0001804
0002444
0000640
-001805
-001223
0000349
-002096
-005705
-004250
-000583
-001281
-004425
-005181
-003726
-001281
0000465
-000757
-003551
-004599
-004075
-003610
-003319
-003901
-003784
-000059
0004482
0004249
0001280
0001338
0002852
0001455
-000932
-000233
0002095
0002561
0001746
0001629
0001804
0000873
-000350
-000524
0000058
0000058
0000058
0001455
0002794
0001106
-001630
-000990
0001164
0000814
-001398
-003435
-003668
0000116
0004947
0005530
0002503
-001107
-003551
-002911
-000874
-001281
-003260
-004425
-004133
-002154
0000174
0000349
-000757
-000641
0000232
0000058
-000350
0000582
0002153
0002794
0002561
0002095
0001222
-000524
-001980
-001281
0000698
0002153
0002270
0000058
-002678
-002213
-000233
-001572
-003610
-000350
0004482
0003143
-001165
-000292
0002677
0000465
-004541
-006986
-006113
-002096
0002153
0001688
-001805
-003435
-003144
-002213
-001689
-003202
-005007
-003202
0000000
-000233
-002853
-004890
-005414
-004425
-001398
0004307
0009197
0008091
0003376
0000873
0001106
0002910
0005238
0006519
0006170
0004307
0002212
0002153
0003201
0002852
0001106
-001747
-003726
-001689
0002153
0003143
0001571
-000350
-001689
-001514
-000583
-000699
-001689
-003144
-003901
-001747
0001164
0000291
-001980
-000233
0002852
0001571
-002154
-003319
-002620
-002445
-002736
-002678
-002620
-003551
-003901
-000699
0003667
0004773
0002794
-000292
-003260
-004890
-004832
-003377
-001398
-000583
-000175
0001746
0003900
0003841
0002386
0002153
0002270
0000640
-001630
-002736
-002329
-000815
0000640
0000232
-001456
-002678
-002911
-002096
-000932
-000815
-001339
-001281
-000874
-000815
-000932
0000000
0000407
-002445
-005880
-005181
-001514
0001688
0003143
0002212
0000058
-000175
0001047
0002153
0002677
0002386
0001746
0001979
0002561
0002328
0001629
0001397
0001455
0000873
0000291
0000989
0001862
0000640
-001630
-002504
-002154
-001805
-001456
-001165
-000990
-000699
-000641
-001630
-002562
-001456
0000349
0000291
-001223
-002736
-003842
-004425
-004308
-003784
-003144
-003260
-003260
-000815
0001688
-000350
-004192
-003901
-001398
-001863
-003319
-001165
0002794
0004831
0004831
0004249
0003318
0002677
0002270
0001338
0000698
0001804
0003492
0003550
0002794
0003434
0004424
0003259
0001106
0000116
0000582
0002095
0003667
0003201
0001804
0002037
0003085
0002677
0001222
0000232
-000757
-003202
-005531
-005589
-003726
-001456
0000116
-000641
-002678
-003610
-003319
-002969
-002096
0000232
0002270
0000873
-002096
-002504
-001107
-001165
-001747
-000699
0001164
0001862
0001920
0003026
0004249
0003900
0002386
0000931
0000291
0001513
0003434
0003783
0002619
0000523
-000990
0000407
0002852
0001979
-000292
0000232
0002677
0004191
0004365
0003201
0001338
0000465
0000349
-000408
-001165
-001165
-000524
0000116
0000698
0000989
0001106
0001222
0001455
0002270
0002444
-000350
-003377
-001514
0002677
0002852
0000523
0000058
0000756
-000117
-000932
0001513
0004598
0002968
-001223
-003086
-002271
0000116
0002619
0002735
0001280
0000698
0001338
0003259
0005413
0006636
0006112
0003550
0000523
0000174
0001280
0000582
-001630
-004366
-006054
-004657
-001805
-001398
-002387
-002096
-000815
0000058
0000465
0000465
0000116
-000524
-001281
-002096
-002853
-003610
-003435
-001281
0001979
0005064
0006577
0005122
0002677
0003201
0005122
0004540
0002735
0003201
0004656
0004191
0002735
0002561
0003085
0002561
0001571
0001338
0001397
0000698
-000583
-001921
-002213
0000349
0003201
0001629
-002911
-006578
-008208
-007626
-005181
-001921
0000058
-002096
-006229
-007917
-006695
-003610
-000408
-000059
-001747
-002445
-002620
-004192
-005531
-003610
-000233
0000640
-000175
-000117
0001047
0003085
0005297
0006694
0006636
0004715
0002153
0000873
0000407
-001572
-003551
-003144
-000641
0003026
0005588
0003783
0000058
0000116
0002037
0000814
-002329
-004657
-005239
-002969
-000292
-002038
-005763
-005938
-003959
-004192
-005181
-003260
-000757
-002329
-005647
-005414
-003319
-003784
-005472
-005065
-003202
-001863
-001398
-001805
-002736
-003377
-003144
-001863
0000349
0003318
0005704
0006286
0004715
0000989
-002504
-002387
0000582
0003609
0005646
0005704
0004715
0005355
0005995
0002735
-001747
-002096
0000116
0000756
-000117
-001165
-001863
-001165
-000117
-000757
-002038
-001281
0000407
0000582
-000524
-002096
-002969
-001339
0000698
-001339
-005065
-005763
-003319
0000989
0004540
0003376
-000641
-003027
-003377
-003260
-002096
0000989
0004249
0005180
0003725
0000349
-002445
-001048
0002910
0005588
0005995
0003958
0000873
-000292
-000117
-001223
-002795
-003144
-003086
-004832
-006637
-005239
-002154
-000524
-000699
-002154
-003551
-002154
0000291
0000174
-001630
-003027
-003319
-002154
-000699
-001223
-002678
-002504
-001165
-000408
-000408
-001107
-002213
-003086
-003377
-002911
-002329
-003086
-004017
-002562
0000058
0001164
0000931
0000989
0001164
0000698
-000175
-001572
-002038
0000582
0004365
0005413
0004191
0003143
0002561
0002503
0002386
0000465
-001863
-002504
-001281
0001164
0002910
0000756
-003027
-003377
-001689
-002096
-003842
-005123
-005356
-003959
-002213
-002678
-004366
-005007
-004483
-003493
-002271
-001048
-000466
-001281
-002387
-001398
0000349
0000058
-001339
-001281
-000059
0001222
0002328
0003085
0003376
0003434
0003026
0001571
-000059
-000524
-000350
-001339
-002387
-001165
0000931
0001106
0000116
0000407
0000989
-000350
-002620
-003784
-003842
-003668
-003551
-004075
-004890
-005589
-005763
-004890
-003610
-002969
-003202
-004017
-004890
-005239
-004774
-002853
-001223
-002736
-005531
-005705
-003959
-003144
-002678
-000874
0000873
-000292
-002329
-000641
0002328
0001571
-001165
-001281
0000174
-000292
-001281
0000698
0003376
0002503
-000466
-001398
-001281
-003377
-005298
-002329
0002328
0002153
-000641
0000116
0002328
0000407
-002911
-002096
0001280
0003085
0002386
-001223
-005472
-006404
-004599
-002504
-000874
-000350
-000641
-000583
-000815
-002445
-004657
-005938
-005531
-002853
0000349
0000756
-000466
0000000
0001513
0002735
0002444
-001107
-005181
-004890
-001514
0000756
0001455
0000814
-000408
-000408
0000523
0001106
0001629
0003376
0004540
0001688
-002736
-004017
-002853
-002562
-002620
-001456
-000641
-003086
-006578
-006578
-003959
-001048
0000756
0000349
-001339
-001514
-000524
0000698
0001222
-000175
-001863
-000466
0002386
0002910
0001804
0001571
0001513
-000757
-002562
0001047
0006519
0006461
0002503
-000350
-001630
-002096
-001689
-001048
0000349
0003783
0006519
0004016
-001165
-003319
-002329
0000000
0002270
0002735
0001222
-001863
-004599
-004133
-001863
-001048
-001805
-003319
-004483
-003784
-001572
0000989
0002328
0000349
-002853
-002969
-000990
0000058
0000058
-000583
-000874
0000989
0003609
0004132
0003026
0001920
0001571
0002794
0005006
0006985
0007392
0004773
0001106
0000407
0001862
0002677
0002503
0001862
0000931
0000291
-000350
-002154
-003551
-001747
0001513
0002386
0001280
0000349
-000059
0000698
0001338
-000524
-003319
-004133
-003027
-001223
0000291
0000465
-000350
-001281
-001514
0000232
0002153
0001106
-001165
-000583
0001164
-000408
-003144
-002678
0000291
0003550
0005413
0003900
0000931
0000756
0002212
0001571
0000582
0003201
0006636
0005238
0001513
0001920
0004482
0004191
0002386
0002444
0003434
0003026
0001513
-000466
-001456
0000989
0004307
0003434
0000058
-001223
-000583
0000349
0001047
0001629
0000931
-003027
-006637
-003377
0002794
0003085
0000000
0000640
0003434
0004016
0002968
0002270
0001338
-001630
-004890
-006054
-004541
-000641
0003376
0004482
0002677
-000524
-003144
-002620
-000059
0001920
0002444
0000873
-000874
0000756
0003550
0002037
-001223
0000116
0002735
-001107
-006811
-004599
0001979
0004540
0003318
0001571
0000058
-000524
0000291
0002619
0004365
0001862
-002387
-003610
-001805
0001338
0004016
0003958
0001513
-001747
-003842
-002271
0001106
0002037
0000873
-000233
-001048
-001398
-001339
-001514
-001456
-000175
0001920
0004249
0005879
0006286
0005180
0003026
0000698
-000641
-000699
0000232
0001338
0000814
-000408
-000350
0000291
-000350
-001514
-001514
-000874
-000932
-001048
0000232
0001804
0001862
0000465
-001805
-003610
-003144
-001630
-002387
-003901
-002271
0000232
-001165
-004599
-005996
-004890
-001456
0001746
0000814
-002620
-004599
-003842
0000407
0005355
0006053
0003958
0003434
0003900
0002619
0000989
0001571
0003143
0003434
0002386
0000698
-000757
-000932
0000232
0001979
0003318
0002968
0001222
-000874
-002387
-002329
-001281
-000815
-001107
-001921
-002445
-001107
0001164
0002910
0002910
0000232
-003202
-003610
-002213
-002736
-003959
-002911
-000699
0000407
0000349
-000175
-000815
-001223
-001165
-000932
0000000
0002794
0005413
0004715
0001979
0000523
0000640
0001629
0003026
0003841
0004132
0004307
0004307
0003725
0002910
0002444
0002444
0002794
0003085
0002561
0001804
0002212
0002794
0001629
-000292
-001223
-000408
0002619
0005355
0003550
-000874
-003435
-003784
-003027
-001689
-000757
-000408
-000059
-000233
-002038
-003959
-003610
-001689
0000000
0001106
0001746
0002270
0003725
0005006
0004132
0001920
0000407
-000059
0000756
0001280
-001921
-005763
-004483
-000233
0001571
0001513
0002735
0003958
0002561
0000116
-000583
0000465
0002561
0003783
0000873
-003551
-004483
-002736
-001514
-000874
0000291
0001106
0000407
-000990
-001514
-001456
-002154
-002853
-001805
-000350
-001456
-003377
-002154
0000116
-001456
-004657
-004890
-002620
-000524
0001338
0003958
0005471
0002910
-000874
-000175
0003085
0004365
0003259
0000873
-001747
-003144
-003086
-002329
-001223
-000059
0000291
-000990
-002736
-002154
-000815
-002038
-004599
-006229
-005996
-002911
0000291
-001805
-006404
-007451
-005763
-004483
-004308
-006171
-007917
-005589
-001630
-001398
-003377
-003377
-001805
-000815
-000350
-000292
-000699
-001863
-003027
-002911
-002213
-003086
-003842
-000932
0003376
0004132
0002677
0003259
0004540
0003085
0000640
0000407
0001746
0002503
0002619
0002153
0001397
0000407
-000292
-000350
-000117
-000815
-001747
-001630
-000815
-000408
-000466
-000699
-001398
-002969
-004308
-003493
-001747
-001747
-002969
-003901
-004075
-003144
-001921
-001921
-003027
-004599
-005880
-005705
-004541
-003726
-003260
-002795
-002387
-002562
-002213
0000873
0004307
0003492
0000582
0000756
0003026
0004249
0004132
0002910
0001862
0003725
0006344
0005413
0002328
0000349
0000232
0002328
0004540
0002794
-000815
-001630
-000350
0000291
0000291
0000407
0000174
-001398
-002736
-001107
0001222
-000699
-004250
-003610
-000699
-000757
-002736
-003493
-003377
-003842
-003959
-001572
0000989
-000524
-004075
-004890
-003551
-002678
-001689
0001455
0004365
0003085
-000233
-000233
0001920
0002328
0001804
0002794
0003434
-000059
-004716
-005065
-002329
-000815
-000757
-001980
-002795
-000059
0003841
0004191
0001397
-002504
-005123
-003027
0001047
0000931
-001921
-003260
-002853
-001165
0000582
0000232
-001398
-001980
-001747
-001689
-002154
-004192
-005705
-003202
0000756
0000407
-002213
-002154
0000116
0002968
0004424
0001979
-001921
-002387
-000524
0000058
-000466
-001223
-001514
-000408
0001338
0002328
0002794
0004132
0004598
0001222
-003610
-005298
-004133
-002271
-000757
-000815
-002038
-002911
-002911
-001805
-000292
0000349
-000059
-001281
-002445
-002445
-001572
-000932
-000583
-000233
0000291
0001280
0001979
0001338
-000292
-001747
-002562
-002154
-001223
-001165
-001689
-001514
-001107
-001572
-001689
0000756
0003900
0004307
0002677
0001629
0001338
0001455
0001571
0000873
-000175
-000757
-000583
0000407
0001571
0001804
0001106
0000000
-001398
-003027
-004017
-003144
-001630
-001863
-003260
-003668
-003784
-004890
-006578
-007859
-008499
-008616
-007859
-005589
-003086
-002038
-002504
-004133
-005007
-002271
0002037
0003609
0002619
0001280
0000058
-000815
-000757
0000698
0002910
0004831
0005762
0005646
0004424
0002444
0001047
0002619
0005180
0004656
0002619
0003259
0005180
0005122
0003550
0001629
0000058
-000583
-000990
-003260
-005414
-003610
-000350
-000815
-003377
-003435
-001921
-001398
-001805
-002562
-003551
-004308
-004716
-005239
-005123
-003202
-000874
-000524
-001572
-001805
-001339
-000641
0000174
0000756
0000931
0000465
0000232
0001862
0003958
0003783
0002037
0000698
-000117
-000990
-000990
0001164
0004016
0004947
0004016
0002386
0000814
0000000
-000059
-000117
-000059
0000465
0001047
0000873
0000058
-001456
-002387
-000583
0001862
0000698
-002445
-003377
-002504
-001805
-001398
-001747
-001980
-000524
0001455
0002037
0001164
-000757
-002096
-000292
0003201
0005471
0005530
0002677
-000815
-000466
0002270
0003376
0003143
0003143
0003434
0004307
0005180
0005064
0004132
0003085
0001804
-000117
-001747
-001921
-000757
0000989
0002386
0001920
0000523
0000232
0000873
0001688
0001979
0000640
-000874
0000116
0002794
0005238
0006170
0004482
0001455
-000059
0000174
0001804
0003201
0001164
-001980
-001281
0001280
0000582
-001514
-000175
0002794
0003143
0001862
0001746
0002444
0002561
0002153
0001397
0000814
0001688
0002910
0002852
0001571
0000000
-000990
-000059
0001862
0002619
0002037
0000232
-001398
-000059
0002153
0000756
-002154
-002038
0000291
0002386
0003318
0002794
0000989
-001398
-003377
-003668
-002620
-001572
-000990
-000583
-000990
-003144
-005298
-004308
-001398
0000174
0000640
0001629
0002444
0001804
0000989
0002153
0004889
0008091
0009954
0007916
0004540
0005180
0008091
0008207
0006519
0005995
0005762
0003434
0000756
0000931
0002677
0002735
0001804
0002270
0003259
0003085
0002153
0001629
0001280
0000523
-000524
-001630
-002329
-001980
-001572
-002911
-005065
-005996
-005589
-004483
-003377
-003493
-004133
-003202
-001980
-002853
-004599
-004832
-003551
-001747
-000350
-000699
-001689
-001107
0000465
0001047
0001222
0002328
0003259
0001920
-000175
0000407
0002212
0002037
0000582
-000059
0000174
0000640
0000989
0000814
0000349
-000117
0000116
0002037
0004307
0004365
0002852
0001746
0000989
-000466
-001747
-001107
-000350
-003144
-006637
-004948
-000815
-000583
-002678
-002387
-000932
-001689
-002969
-001048
0002095
0002212
0000349
-000408
-000641
-002329
-004017
-002736
-000292
-000757
-002504
-001572
0000873
0001804
0001280
0000116
-000932
-000466
0000232
-001572
-004133
-003726
-001223
0001164
0002444
0001746
-000292
-001980
-002795
-002853
-002096
-000641
0000349
-001165
-003435
-003027
-000524
0001920
0003318
0002677
0000814
-000815
-001456
-000932
0000291
0001397
0001746
0000640
-000874
-000990
0000174
0001338
0002735
0005646
0007742
0005937
0001746
-001107
-001398
0001688
0005762
0006403
0004482
0002910
0002270
0002794
0003259
0001338
-001107
-000175
0002386
0002852
0001280
-001165
-002853
-001165
0001920
0002153
0000000
-002504
-003901
-002038
0001106
0001280
-000233
0000174
0001222
-000350
-003027
-003435
-002329
-001980
-002096
-001747
-000932
0000407
0001164
-000059
-002271
-003144
-002620
-001514
-000117
0001513
0002153
0000174
-002387
-001747
0001164
0003667
0004482
0002910
0000000
-001921
-002038
0000058
0002910
0004074
0003550
0002852
0001746
-000524
-002271
-001048
0001629
0002153
0000465
-002562
-005181
-005065
-002853
-000874
0000465
0001280
0001280
0000291
-000641
0000640
0002328
0000698
-002504
-003551
-002271
0000000
0002561
0004424
0004831
0003026
0000523
0000116
0001455
0003318
0004424
0002852
0000232
0000058
0001397
0001688
0001106
0000873
0000873
0000931
0000873
0000465
-000233
-001398
-002562
-003027
-003377
-005007
-006520
-005123
-002213
-001048
-001689
-003260
-004425
-003260
-001281
-002154
-004541
-005181
-004075
-002504
-000699
0001397
0002095
-001398
-006113
-006345
-003202
-000175
0001397
0000465
-001572
-001048
0000349
-001572
-004250
-001921
0002270
0001222
-002853
-004133
-002853
-000699
0001397
0002328
0002386
0003026
0003318
0001513
-000874
-000583
0000931
0000291
-001863
-003493
-004133
-003435
-002096
-001514
-001514
-001165
-000641
-000233
0000000
0000174
-000175
-001980
-004017
-004366
-003202
-001398
0000058
-000292
-001980
-003959
-005472
-005938
-005123
-003027
-000932
-000757
-001747
-001630
-000815
-000117
-000233
-002736
-004774
-000757
0004773
0002503
-003959
-005880
-003726
-001165
0000523
-000699
-002562
-000757
0002968
0004191
0002968
0000814
-001630
-003901
-004716
-002853
-000059
0000000
-001572
-001921
-001514
-001980
-002795
-002969
-002795
-003377
-003901
-002795
-000990
-000408
-000874
-000932
-000874
-002154
-002620
0001979
0007800
0007567
0003376
0001397
0001513
0002212
0002735
0002037
0000523
-000641
-001107
-001223
-000932
-000175
0000232
-001281
-002911
-001689
0001338
0003492
0003958
0002328
0000000
-000059
0001106
0000698
-000699
-000932
-001107
-003842
-006520
-004425
-000117
0000698
-000932
-001572
-001514
-002445
-003202
-002271
-000408
0000349
0000232
0000232
0000465
0001164
0001513
-000117
-002096
-000990
0001571
0002153
0000756
-001805
-003668
-002038
0001397
0002619
0002328
0003318
0004191
0001979
-001398
-001805
-001107
-004250
-007917
-005647
-000059
0002503
0002386
0002735
0002735
0000756
-001689
-002387
-001514
-000292
0000814
0001455
0001280
0000058
-001456
-001689
-001572
-003551
-005996
-005822
-003493
-000874
0001222
0002444
0002561
0001629
0001164
0003783
0007218
0006985
0004424
0003609
0003667
0001979
0000174
0001688
0004307
0003318
0000407
-000466
0000116
-000350
-000932
0000640
0002735
0002037
0000000
-000059
0001338
0002095
0002270
0002328
0002095
0001338
0000174
-001689
-003260
-003493
-002678
-001980
-001863
-003027
-004250
-003027
-000466
0000756
0000349
-000757
-002329
-004308
-005298
-003260
0000000
0000814
0000000
0000523
0001862
0002968
0003026
0000873
-001805
-001630
0000232
0000465
0000232
0002212
0005064
0006228
0005297
0002270
-000874
-000990
0000989
0001688
0001338
0000756
0000407
0001047
0002095
0002328
0001688
0000582
-000641
-001572
-001514
0000582
0003492
0005064
0004656
0002386
-000583
-001805
-001921
-002911
-004075
-004366
-003668
-002445
-000990
0000814
0001804
0000465
-001281
0000640
0004016
0003725
0001222
0000407
0000931
0001222
0001047
0000291
-000757
-002038
-002504
-000699
0001513
0000582
-002038
-002213
-001165
-002038
-003260
-001339
0001920
0002968
0002386
0003026
0003667
0001920
-000757
-001398
-000757
-001339
-002387
-002213
-001398
-001165
-000990
0000814
0002735
0002270
0000000
-002736
-003959
-000990
0003492
0004365
0002328
0000174
-000699
0001338
0004424
0004307
0002444
0002852
0004132
0003201
0000989
-000408
-000466
0000465
0001862
0002968
0002794
-000233
-003551
-002271
0001047
0000174
-002329
-000466
0003376
0003667
0001397
-000175
-000583
-000059
0001047
0001804
0001688
-000175
-001863
-000292
0002503
0001920
-000932
-002620
-003027
-003260
-003144
-002504
-001980
-002562
-003435
-002853
-001048
0000989
0002968
0004889
0005995
0005355
0003900
0003492
0003900
0003841
0003667
0004365
0004715
0002677
-000408
-001747
-001223
0000523
0001979
0000407
-002038
-000466
0002910
0003085
0001106
0000232
0000058
-000874
-002154
-002678
-002678
-002620
-002271
-000815
0000640
0000407
-000932
-001863
-001572
0000465
0002735
0002561
0000989
0000873
0001862
0002386
0002910
0004424
0005821
0004889
0002910
0003085
0003900
0001455
-001339
0001455
0006752
0008033
0006286
0005937
0005821
0003026
-000466
-000874
0000349
-000292
-001980
-002445
-001863
-001048
-000059
0001397
0002212
0000523
-002038
-001747
-000117
-000990
-002736
-001747
0000465
0000523
-001107
-002795
-003551
-001805
0000465
-000583
-003377
-004192
-003551
-003726
-003493
-000117
0003841
0004074
0001397
-001048
-002387
-002038
-000990
-001339
-002445
-002678
-001630
0000989
0003667
0003783
0002503
0003376
0004598
0002503
-000641
0000174
0003318
0004715
0004482
0004831
0004831
0002968
0000640
0000407
0001688
0002386
0001979
0000407
-001747
-003319
-003901
-004017
-003842
-003842
-004483
-006462
-008266
-007160
-004716
-004541
-005822
-005822
-004716
-003377
-001805
0000058
0001688
0002386
0002095
0001047
-000059
-000583
-000233
0000931
0001688
-000233
-002795
-001747
0001047
0000931
-000699
0000058
0001979
0002328
0001688
0001862
0002910
0005180
0006519
0003318
-001398
-001223
0001688
0001397
-000524
0000291
0002386
0002735
0001629
0000465
-000059
0000989
0002386
0001804
0000000
-000990
-001339
-002504
-003319
-001630
0001222
0002386
0002095
0002037
0001979
0001455
0000349
-001805
-003086
-000233
0003492
0001571
-003202
-004308
-002329
-000059
0001222
0000116
-002445
-003901
-004075
-003901
-002853
-000233
0002386
0002561
0000873
-000757
-001805
-002096
-001514
-000117
0000814
-001165
-004192
-004541
-003086
-002620
-002911
-002795
-002445
-002213
-002387
-003493
-004250
-002445
0000465
0001804
0001106
-001630
-004250
-003260
-000408
0000116
-000757
0000000
0001397
0000582
-000641
0001047
0004016
0004889
0003550
0000814
-001456
0000174
0002968
0000931
-003260
-003319
-000874
-000408
-001165
-000757
0000232
0000756
0000582
-000117
-001281
-003202
-004425
-003260
-000815
0000756
0000000
-004774
-009896
-008790
-003959
-002096
-002678
-002736
-002445
-002213
-001863
-001339
-000350
0001455
0003376
0004132
0003958
0004307
0004132
0001455
-001689
-001689
0000814
0003318
0005238
0006927
0006577
0001338
-004774
-004483
0000058
0003259
0003201
-001980
-007859
-006345
-000233
0003259
0003259
0000814
-002911
-005647
-006462
-005181
-002620
-000117
0000931
-000757
-003784
-005356
-004599
-000990
0002910
0002968
-000117
-004192
-006578
-003726
0001571
0003143
0001688
0000407
-000350
-000757
-000524
0000349
0001629
0002794
0003434
0003143
0002677
0004016
0005413
0003434
0000291
0000989
0003259
0001979
-001048
-001339
0000873
0004249
0006636
0004656
0000756
0000698
0002212
-000757
-005123
-004308
-000583
0000407
-000757
-001107
-001223
-002795
-004308
-003086
-000874
-001339
-003551
-004657
-004599
-004308
-003726
-002504
-001107
-000292
-000233
-000699
-001048
0000174
0001338
-000699
-003610
-002445
0001047
0002968
0003143
0002619
0002037
0002386
0002794
0001047
-001339
-000932
0000582
-000641
-003260
-003784
-002969
-003027
-003435
-002678
-001456
-000699
-000699
-001339
-002038
-001921
-001514
-002154
-003435
-004425
-004483
-002969
-000874
0000000
-000233
-000583
-000699
0000058
0000989
0000756
0000000
0000407
0001688
0002968
0003783
0003841
0003085
0001862
0000349
-001223
-002271
-002096
-001165
-000350
0000291
0000931
0001397
0001571
0000989
-001689
-003842
-000932
0003725
0003085
-001048
-003959
-004599
-002620
0000116
0000116
-001863
-003086
-003027
-001747
0000116
0001513
0001513
-000757
-003319
-002445
0000174
0000232
-000990
-000408
0001280
0001979
0001920
0002095
0002968
0005355
0007392
0005821
0002619
0002212
0003725
0004365
0003725
0001338
-000990
-000175
0002212
0002153
0000873
0001455
0002910
0003376
0002328
-001048
-003842
-001630
0003434
0006461
0006112
0001979
-003086
-003842
-001398
0000465
0001106
0000349
-000932
-001165
-000350
0001280
0002328
0000640
-002329
-003551
-003086
-002562
-001339
0002503
0005879
0003318
-001630
-001630
0001629
0002910
0002910
0004365
0005995
0005180
0002910
0001397
0001106
0001862
0002852
0002037
0000465
0000174
0000349
-001223
-003260
-003027
-001980
-003260
-005298
-004541
-002329
-001747
-002678
-003726
-004483
-004308
-003901
-004483
-005356
-004832
-003377
-002329
-001863
-001863
-002445
-004192
-005647
-004308
-001980
-002911
-004774
-002620
0001688
0003725
0003550
0002386
0001513
0003201
0006053
0006868
0005821
0004249
0003259
0004249
0005937
0005355
0003492
0002735
0002735
0002386
0001629
0000232
-000815
-000233
0001338
0002386
0002212
0000116
-002445
-002736
-001456
-000815
-001398
-003959
-006520
-005298
-002387
-002387
-003959
-002853
-000815
-001689
-003842
-003202
-001339
-002038
-003726
-002736
-000350
0000291
-000408
-000524
-000350
-000583
-000815
-000641
0000058
0001280
0002794
0004307
0005238
0004831
0003725
0003550
0003725
0002968
0001513
-000350
-001514
-000466
0001338
0000931
-000874
-001630
-001107
0000523
0002153
0001804
0000640
0001397
0002735
0001513
-000990
-001630
-001456
-003377
-005472
-004017
-001107
-001456
-003086
-000815
0002852
0002270
-000524
-000350
0001571
0002037
0001455
0001106
0001629
0003550
0005821
0006403
0005588
0004307
0003201
0003318
0003725
0002677
0001106
0001164
0002270
0002677
0002794
0004424
0005413
0002037
-002736
-002969
-000233
0000698
0000582
0002212
0004191
0003667
0001688
0000931
0000931
0000232
-000932
-001805
-002096
-001398
-000233
0000523
0000465
-000874
-002213
-001281
0000582
0000116
-001165
0000174
0002328
0001513
-000699
-000699
0001338
0003958
0006112
0006694
0005879
0004889
0003900
0002561
0001280
0000407
0000465
0002153
0004365
0005355
0004831
0003434
0001455
-001107
-002504
-000408
0003026
0003376
0001571
0000756
0000640
-000059
-000815
-000699
-000175
0000000
-000757
-003086
-005414
-004948
-002911
-002154
-002736
-003668
-004774
-005996
-007102
-008674
-009081
-005938
-001398
0000349
-000175
-000524
-000583
-000175
-000059
-001689
-003551
-002562
-000466
-001456
-003435
-001863
0001280
0001571
-000117
-000641
0000000
0000989
0001688
0000698
-000990
-001107
-000117
0000116
0000232
0001746
0003609
0004016
0003026
0001571
-000292
-002911
-004541
-003027
0000232
0002212
0002561
0002153
0001222
0000523
0000058
-000524
-000990
-001398
-001048
0001513
0004191
0003667
0001280
0000873
0001338
-000874
-003493
-002329
0001280
0003667
0004132
0002677
0000174
-001747
-002038
0000523
0003318
0001455
-002329
-001630
0001688
0002968
0002095
0000407
-001165
-000757
0000291
-000757
-002678
-002678
-001572
-001223
-001456
-001456
-001281
-001223
-001572
-002853
-004308
-004657
-004017
-003260
-002562
-002329
-002154
-001456
-000175
0001862
0003318
0002095
-000466
-001689
-001223
0000873
0002561
0000523
-002736
-001456
0002095
0002328
0000349
-000408
-000117
0000000
0000116
0000873
0001397
0000407
-001456
-002620
-002853
-002213
-001107
-000583
-000524
-000408
-000583
-001805
-003202
-003377
-003086
-004366
-006113
-006054
-004599
-003202
-002329
-002620
-003668
-004832
-005414
-004832
-003202
-000757
0001106
0000232
-001514
-000059
0002619
0001688
-000292
0002794
0007159
0004831
-001165
-003668
-002853
-001339
0000349
0001920
0002735
0002619
0002212
0003201
0004132
0002328
-001107
-004017
-004541
-000350
0004424
0001804
-004133
-003726
0000116
-000641
-003784
-003551
-000757
0002270
0004191
0003492
0001164
-000524
-001165
-000990
-000583
-001107
-001980
-002096
-001630
-001572
-001456
-000233
0001338
0002328
0002037
-000466
-003144
-002387
0000058
-000524
-002271
-001048
0001746
0002735
0002037
0000989
0000349
0001222
0002328
0000931
-001805
-003377
-003726
-003784
-003726
-003959
-004366
-004483
-004366
-004192
-004250
-005065
-006054
-006229
-005472
-004133
-002853
-002271
-002678
-003784
-005647
-008383
-010129
-008266
-004075
-000815
0000523
-000233
-001980
-002736
-001747
0001338
0004424
0003900
0001455
0001222
0002677
0004249
0004482
0001338
-002387
-001165
0002794
0003841
0002735
0002677
0002910
0001862
0000174
-000990
-001572
-002271
-002736
-002504
-001921
-001514
-002038
-004716
-007451
-006695
-003959
-003202
-004250
-005705
-006753
-006462
-005065
-003551
-002213
-001339
-001223
-002154
-003319
-003086
-002154
-002271
-002853
-002329
-001048
0000349
0001571
0002794
0003259
0002270
0000407
-001281
-002213
-002329
-001514
0000523
0001979
-000583
-004192
-002445
0001862
0002386
0000116
-001165
-001107
-000059
0001338
0002386
0002328
0000582
-001689
-002154
-001223
-000350
-000466
-003202
-006171
-004890
-001339
-000524
-001805
-002795
-003086
-002969
-002271
-001339
-000233
0001338
0002328
0001280
-000641
-000932
0000116
0000814
0001397
0002386
0003376
0003900
0003376
0001338
-000874
-000990
0000582
0002503
0003609
0002619
0000232
-001747
-002096
0000465
0003958
0004773
0003143
0000931
-001223
-003027
-004017
-004017
-003493
-003551
-004017
-004483
-004133
-001339
0001106
-002213
-007277
-005414
0000174
0001280
-000815
-001514
-001107
-001107
-001339
-001689
-001456
0000698
0003609
0005530
0005588
0002910
0000116
0001513
0005122
0005704
0004307
0004365
0005355
0006228
0005937
0003085
-000350
-000757
0000989
0002095
0002328
0001804
0000931
0000582
0000465
0000174
-000757
-002678
-005181
-007975
-009081
-006113
-001223
0001106
0000698
-000699
-002096
-001980
-000932
-000757
-001339
-001921
-001980
-000641
0000756
0000000
-002038
-003260
-002969
-000990
0001746
0003085
0003434
0004482
0005122
0003550
0001106
0000407
0001047
0001222
0000873
0000116
-000524
0000000
0001338
0002910
0003783
0002968
0001222
0000174
0000407
0002212
0003841
0002095
-001165
-002154
-001398
-001223
-001339
-000408
0000698
0000523
-000350
-000583
-000524
-001165
-001980
-002329
-001863
-000117
0001455
0000407
-001339
0000523
0003783
0003900
0002212
0002852
0004016
0001338
-001980
0000291
0005471
0007683
0006577
0003550
0000291
-000641
0000232
0001106
0000989
-001980
-004599
-001281
0004656
0005937
0003841
0003783
0003958
0000465
-004366
-006171
-005065
-002969
-000932
0000232
0000058
-001456
-003202
-003377
-002620
-003027
-003784
-002969
-001398
-001107
-001630
-001514
-000874
0000232
0001106
0000698
-000117
0000640
0002037
0001920
0001106
0001513
0002444
0002328
0001571
0001513
0002095
0003026
0004191
0005588
0006170
0004307
0001222
-000699
