0001280
0001629
0001979
0002328
0002212
0000873
-000757
-000641
0000640
0001979
0002444
0001047
-001165
-001689
-001048
-001048
-000990
0000931
0002794
0001164
-002213
-003144
-002678
-004133
-005822
-004366
-001514
-000932
-001689
-001165
0000349
0001804
0002444
0000814
-001339
-000641
0001629
0002270
0001222
-000524
-001980
-001863
-000408
0001571
0002444
-000641
-004308
-001747
0003900
0005821
0004191
0001571
-000583
-000350
0001164
0001280
0000116
-001456
-002154
0000582
0003143
-001747
-008965
-007975
-001863
0001804
0001222
-004250
-010537
-011061
-005705
0003143
0010943
0012806
0007800
-003202
-012399
-007160
0005180
0007916
0003026
-000059
-001048
-001223
-000292
0002037
0004191
0003318
0001047
0000814
0002095
0002503
0002677
0004016
0005530
0005355
0004016
0003026
0002852
0003958
0004773
0002095
-001339
-000117
0003783
0005588
0004249
-000990
-006520
-006345
-002329
0000000
0000407
0000232
-000059
0000756
0001513
-000175
-002736
-002969
-001339
0000407
0001688
0002037
0001629
0001746
0002037
0001804
0001455
0001222
0001746
0003667
0005704
0005821
0004482
0003550
0003026
0002386
0001804
0001629
0001047
-001572
-004308
-003435
-000524
0000582
0000000
-000815
-001572
-001980
-001921
-001281
-000292
0000989
0001571
0000000
-001921
-000583
0001920
0000989
-001747
-002096
-000757
0000058
0000116
-000524
-000990
0000640
0002735
0001920
-000524
-001514
-001107
-000233
0001047
0002968
0004249
0003143
0001455
0002677
0005413
0006053
0005297
0006053
0006927
0005471
0002968
0002386
0002852
0001629
-000117
-000059
0001455
0003259
0004249
0003026
0000582
-000990
-001689
-002911
-003319
-000641
0002910
0003259
0001455
0000873
0000989
0000116
-001048
-000990
-000175
0000349
0000640
0001164
0001688
0001455
0001106
0001746
0002735
0002328
0001571
0002503
0004249
0004540
0004249
0005937
0008033
0007392
0004831
0002735
0001513
0001047
0001164
0000931
0000756
0001222
0002095
0002794
0003143
0003085
0002503
0001164
0000000
0000582
0002503
0004947
0006112
0003434
-000466
0000291
0003143
0002153
-001048
-002504
-001980
-000350
0000873
-000932
-004017
-004774
-002911
0000814
0004307
0004831
0002386
-001747
-004948
-003377
0001106
0004773
0005006
-001514
-008383
-004133
0006810
0013504
0013970
0009255
0001280
-006928
-010886
-005356
0003958
0005646
0002095
0002212
0004016
0001862
-000874
0003143
0009022
0006636
0000116
-000059
0003259
0001920
-001107
0000931
0004831
0003259
-001339
-002911
-001689
0000000
0001629
0003085
0003609
0002386
0000640
0000523
0001688
0003201
0004074
0003201
0001629
0001629
0002794
0003667
0004074
0004249
0004016
0003376
0002386
0000931
-000583
-001630
-002038
-001980
-001689
-001630
-001398
-000466
0000931
0002735
0003376
0000465
-002969
-001165
0003085
0003259
0000349
-001980
-002969
-002271
-000641
0000116
0000232
0001397
0002153
0000116
-003086
-004133
-003086
-001805
-000466
0001047
0001920
0001047
-000117
0001338
0004016
0004831
0004016
0002794
0001513
0000000
-000583
0001397
0003900
0002561
0000058
0002444
0006985
0007625
0005180
0002735
0000873
-000233
-000233
0000873
0002444
0003609
0003492
0000931
-002154
-002795
-001048
0001862
0004249
0003900
0001222
-002620
-005123
-002911
0001688
0003609
0002503
-000117
-002969
-004366
-003901
-001921
0000116
-000175
-001630
-000699
0000873
-000990
-003551
-000990
0003667
0003783
0001164
0000640
0001688
0002095
0001979
0002386
0002270
-000233
-003144
-002387
0000174
-000059
-001689
-000815
0000756
-001398
-004366
-001921
0002968
0003318
0000873
0000989
0002037
0000349
-002562
-003493
-002969
-003260
-003726
-003027
-002038
-002678
-003551
-001398
0001164
-001165
-005472
-005239
-001805
0001222
0002037
-001514
-005996
-005007
-000466
0002561
0002910
0000465
-002445
-001514
0001920
0004598
0005238
0003143
-000175
-001630
-001339
-000524
-000408
-003551
-006462
-002562
0004249
0006577
0003609
-004017
-009896
-003784
0008149
0012398
0009080
0003783
-002213
-008441
-011410
-006869
0000465
0001106
-002620
-003202
-001863
-002795
-004192
-002329
0000465
-000990
-004192
-003610
-000990
-000990
-002213
-000583
0001746
0000116
-002445
0000291
0005413
0006344
0004016
0001629
0000291
0000756
0001688
-000350
-003435
-003610
-001339
0001920
0004191
0003201
0000174
-002096
-002853
-002329
-000990
0000523
0001106
-000641
-003086
-002969
-001165
-000175
-000292
-000874
-001805
-002736
-003493
-004425
-004716
-003144
-000990
-000757
-001281
0000640
0002619
-000175
-005123
-006986
-005531
-002329
0000756
0001047
-000524
-000874
-000117
0000232
0000873
0003376
0005821
0005122
0002095
-000874
-002504
-001281
0001047
0000931
-000641
-000815
0000116
0000873
0001338
0001804
0002037
0001862
0001280
0000232
-000757
-000699
0000058
0000698
0000640
-000699
-002736
-004599
-005356
-004017
-001630
-000350
-000059
0000582
0000931
-000641
-002445
-001572
0000407
-000466
-002562
-002329
-000175
0002328
0003900
0003085
0000582
-001921
-002853
-000466
0003609
0006286
0006344
0003434
-000641
-002445
-002504
-003668
-004250
-000583
0004307
0005064
0002328
-001281
-003959
-003959
-002387
-002736
-003784
-002736
-000408
0001397
0001455
-001456
-005065
-004948
-002678
-002504
-003144
-000699
0002212
0000407
-003319
-002562
0000873
0002270
0001455
-000524
-002387
-001630
0000232
-000524
-002329
-001805
0000349
0002444
0003318
0001571
-000583
0001455
0005180
0005238
0002270
-001048
-002969
-001223
0002270
0003085
0002037
0002328
0003026
0002153
0000523
-000350
-000117
0001222
0002561
0002968
0001047
-005822
-011643
-006171
0004365
0006868
0001979
-005007
-009372
-005007
0004773
0012398
0014145
0007567
-002969
-009372
-009489
-003435
0003783
0003026
-002038
-001514
0002095
0001804
-000583
-000699
0001164
0003434
0004889
0003550
0001455
0003026
0005704
0003492
-000699
-000699
0002212
0004191
0004715
0004191
0002910
0001688
0000931
0000873
0000640
-001689
-004483
-004890
-003377
-001456
-000175
-000583
-001398
0000523
0003201
0002735
0000232
-000815
-000815
-001107
-001805
-003086
-004075
-003260
-001514
-000815
-000815
0000116
0001106
0000407
-000641
0000582
0002968
0003609
0003492
0005180
0007334
0007159
0005297
0003492
0002153
0001629
0001746
0001979
0002037
0001688
0000873
-000350
-001048
0000582
0002561
0001106
-001980
-002620
-001398
-000990
-000583
0001688
0004249
0004307
0002503
0001222
0000465
-000408
-001223
-001689
-001514
-000117
0001979
0004016
0005064
0003958
0001804
0000814
0001338
0003143
0004773
0003318
0000756
0001397
0003667
0003725
0002095
0000640
-000059
0000814
0002095
0001746
0000116
-001572
-002329
-000524
0001804
0000465
-002329
-001165
0001862
0001688
-000292
-000583
0000349
0000640
0000698
0001338
0002153
0002503
0001920
-000350
-002504
-001689
0000582
0000756
-000292
0000523
0001571
-000583
-003551
-002504
0000873
0002328
0002212
0002910
0003318
0001338
-001223
-001223
0000640
0001688
0001920
0002328
0002735
0003318
0003725
0003550
0002910
0002270
0001746
0001397
0001280
0001688
0001979
0000931
-000233
0000989
0002735
0001222
-002213
-004541
-004948
-002795
0000058
0000407
-000874
-001398
-001048
-000233
0000291
-000699
-002504
-003726
-003668
-001747
0001047
0003259
0003201
-001456
-006578
-005007
0001338
0008033
0010477
0002677
-008034
-007510
0000931
0006577
0008557
0009546
0007334
-002213
-011177
-006345
0005471
0008265
0004191
0002270
0002503
0002503
0002735
0003667
0004191
0002153
-000990
-002387
-001863
0000058
0001688
0000523
-002038
-002795
-001921
-001223
-000757
-000292
0000116
0001047
0001397
-000815
-003726
-003784
-001572
0000640
0002212
0003026
0002503
0000174
-002678
-004133
-003726
-001630
0000989
0001920
0002037
0004424
0006752
0004656
0000465
-000815
0000640
0003201
0005122
0003900
0000873
-000524
-000059
0001571
0003201
0002735
0001106
0000582
0001164
0002677
0003550
0001222
-002038
-001747
0000349
-000117
-002096
-002969
-002504
-001339
-000350
-001107
-002213
-000466
0002386
0002910
0001513
0000291
-000408
-000932
-000932
-000059
0000989
0001164
0000698
0000407
0000407
0001222
0001979
0001338
-000059
-000757
-000641
0000116
0000814
-000059
-001514
-001747
-000757
0000873
0002444
0003376
0003085
0001106
-001398
-002038
-001630
-002911
-004308
-002853
-000408
-001281
-003319
-001165
0002386
0001571
-001398
-000874
0001280
0000465
-001805
-001805
-000175
0000814
0000931
0000000
-001048
-000757
0000232
-000175
-001048
-000815
0000814
0003434
0006112
0007509
0007392
0005937
0004191
0003958
0004132
0002561
-000466
-004541
-007277
-005414
-001281
0000174
-001048
-002911
-004308
-003610
-001456
0000523
0001338
-000175
-002620
-003493
-003086
-003551
-004308
-004075
-003435
-003726
-004599
-005298
-005938
-007160
-007684
-005181
-001572
-000874
-001805
-000932
0000931
0001920
0001688
0000523
-001456
-004425
-005996
-002387
0002619
0001222
-003260
-002445
0000989
0000174
-002911
-002736
-000583
0000174
-000059
0000465
0000407
-003551
-007160
-002911
0005530
0010594
0009837
0001979
-007335
-008558
-003435
0000931
0002735
0001222
-002213
-004192
-004541
-004541
-004308
-004017
-003784
-003668
-003027
-000350
0002503
0002677
0001164
0000756
0001280
0001222
0001222
0002270
0003841
0005064
0005297
0003841
0002095
0002852
0004540
0003318
0000698
0000349
0001164
0000174
-001747
-002795
-002096
0001106
0004307
0003143
-000757
-002911
-002678
-000757
0001804
0003026
0002503
0000698
-001630
-002853
-003377
-004716
-006113
-006404
-005589
-003784
-002562
-004716
-007451
-005239
-000699
0000058
-002038
-003842
-004133
-001514
0002037
0002677
0001746
0003550
0005530
0002270
-002911
-002969
0000058
0000232
-001281
-000990
0000465
0001338
0001397
0000814
-000292
-001630
-002736
-003260
-002562
0000407
0003434
0002677
-000117
-000641
0000698
0002503
0003143
-000117
-004250
-003551
-000233
0000000
-001747
-001863
-001339
-002736
-004541
-003610
-001456
-001456
-002620
-001921
-000408
-000233
-001107
-002096
-002969
-003668
-004250
-005589
-006113
-002969
0000873
-000117
-003551
-003610
-001165
0000698
0001571
0001571
0001106
0001047
0001164
0000756
-000408
-002969
-004483
-000641
0004656
0003900
-001107
-005065
-006869
-006404
-004541
-003260
-002853
-002562
-002795
-004599
-005880
-003435
0000756
0002270
0001397
0000232
-000524
0000116
0001280
0001047
0000291
0001222
0002561
0001280
-000990
-000932
0000640
0001106
0000931
0001862
0002910
0001513
-000117
0002852
0006927
0005006
-000524
-004017
-004192
-000815
0003492
0003900
0001513
0000232
0000291
0001164
0002153
0002153
0000698
-002329
-006404
-012050
-014728
-007684
0003492
0008091
0004947
-004133
-012341
-009372
0001164
0008848
0011351
0009371
0003667
-004890
-009372
0000756
0015134
0012573
-000059
-004250
-001456
0000232
0001513
0005180
0008149
0005122
-000233
-000175
0003376
0004656
0004598
0006286
0008382
0008382
0006461
0003201
0000989
0003900
0008498
0007509
0003434
0003201
0004540
0001397
-003435
-004250
-001921
0000465
0001688
0000698
-001281
-001398
-000699
-002038
-004192
-004774
-003784
-001747
-000583
-003493
-007393
-006054
-001863
-001107
-002329
-000757
0001571
0000523
-002038
-001805
0000058
0000407
-000117
0000058
0000465
-000175
-000641
0001688
0005006
0005995
0004482
0001688
-001165
-002969
-002504
0001455
0005646
0004947
0000698
-002853
-003901
-000699
0003783
0003667
0000291
-001630
-002154
-002620
-002969
-003144
-003144
-003086
-002736
-001281
0000232
-000350
-001514
0000232
0002968
0003026
0001164
0000000
-000059
0001280
0002561
0000698
-002271
-002038
0000116
0000640
0000000
0000000
0000582
0001397
0002095
0002852
0002561
-000874
-004308
-002154
0002852
0004132
0002212
0000000
-001747
-002736
-002562
-000699
0000873
-001048
-004192
-003260
-000408
-000699
-003144
-004541
-004541
-003086
-001223
-000641
-001048
-001572
-001281
0001688
0004365
0001222
-004192
-004657
-001048
0002794
0005238
0004656
0002444
0001920
0002619
0001920
0001338
0004307
0007567
0005530
0000232
-003202
-003784
-001572
0001164
-000117
-002911
-000990
0003143
0003667
0001280
-001339
-003260
-003377
-002387
-002562
-003144
-002387
-001572
-003144
-005589
-005880
-003901
-000583
0002270
0002212
-000175
-002969
-004366
-002445
0001222
0003725
0003201
-002504
-008732
-008034
-001456
0006694
0011816
0008265
0000116
-004017
-002445
0004191
0011700
0013795
0009837
0000989
-006695
-003435
0004773
0003725
-002271
-001107
0003609
0002735
-000874
0000232
0003085
0001222
-003202
-005007
-004366
-003377
-002213
-000699
0000582
0001629
0001862
0000523
-001281
-001456
-000350
0000756
0001338
0001338
0000756
0000116
-000466
-001223
-001689
-001514
-000524
0001513
0003376
0003376
0002444
0003376
0004482
0002561
-000699
-001456
-000292
0000523
0000698
0000174
-000699
-001339
-001281
-000233
0001164
0001629
0001280
0000640
0000873
0004074
0007451
0005821
0001222
-001339
-001630
-000874
-000059
-001048
-002736
-002271
-001281
-003784
-007160
-006287
-003319
-004017
-006113
-004192
-000524
-000466
-002271
-001223
0001106
0000756
-000990
-001223
-000233
0000407
0000349
-000815
-002387
-002969
-002620
-002329
-001980
-001398
-000641
0000640
0001688
0001106
-000408
-001107
-001165
-001747
-001863
0000465
0002968
0001280
-002038
-001398
0001455
0001804
0000407
0000523
0000523
-003144
-007510
-007393
-003959
-000990
-000059
-002736
-006869
-008499
-006869
-002562
0001629
0001280
-002038
-003610
-003319
-002096
-000874
-001107
-002504
-004075
-004657
-002504
0000756
0002561
0001804
-001980
-005880
-005065
-000641
0003958
0006228
0002910
-002271
-001921
0002153
0004365
0004074
0002037
-000990
-003901
-005531
-005181
-003377
-001223
0000058
-000990
-002620
-001223
0001804
0003376
0002328
-002271
-007451
-008441
-005938
-002969
-000874
-000408
-001805
-004425
-006811
-007160
-005298
-001747
0001862
0003434
0002561
-000641
-003610
-002329
0001513
0003725
0003783
0002561
0000232
-003027
-005531
-006113
-003901
0001804
0007334
0007334
0002794
-002853
-005531
-000350
0008848
0014378
0013446
0004249
-006811
-008849
-003784
0000291
0002386
0003259
0002619
0000873
-000932
-001107
-000641
-001921
-004017
-004657
-004483
-005531
-006287
-003726
-000117
-000408
-001980
0001338
0006461
0006868
0004249
0003841
0004715
0004016
0002328
0001222
0000873
0000756
0001164
0002444
0003609
0002794
0001571
0003667
0006112
0002561
-003319
-003668
-000524
-000175
-001165
0000931
0003259
0000058
-004948
-003842
0000407
0000174
-002678
-002853
-001339
-001165
-002271
-004017
-005589
-005589
-004366
-003086
-002096
-001165
-000990
-002853
-004366
-001398
0003318
0004016
0001804
0000989
0001047
0000000
-001398
-002271
-002213
-001398
0000116
0002444
0003900
0001804
-001689
-002562
-000932
0001513
0002852
0000116
-004133
-004657
-002562
-002038
-001980
0000116
0002735
0003376
0001629
-002853
-006986
-005996
-001805
0000582
0000291
-002911
-006462
-005880
-002911
-002329
-003377
-003435
-003202
-004541
-006345
-006345
-004948
-003726
-002387
0000407
0002735
0001280
-001630
-000757
0002270
0003550
0003026
0001513
0000232
0001047
0002677
0001979
0000291
0000931
0002619
0002619
0001513
0001106
0001455
0002153
0002735
0002212
0001397
0001979
0003026
0002677
0001164
-000350
-001572
-002504
-002795
-001863
-000350
0000756
0000873
-000815
-002911
-002969
-001572
-000583
-000117
0000291
0000000
-002329
-004425
-002562
0001688
0004424
0004656
0002503
-000932
-003551
-004366
-003144
-000757
0001106
0001920
0001338
0000756
0003143
0006053
0004715
0001106
0000116
0001047
0001280
0000523
-001630
-002969
0000640
0005530
0005297
0000000
-009023
-015310
-008907
0003318
0007392
0002386
-009314
-018919
-012982
0002037
0010594
0011001
0006577
-000292
-006345
-007743
-000350
0009197
0007916
0000756
0001164
0005471
0003550
-001223
-000466
0003085
0002677
0000174
0000756
0002794
0002503
0001047
0001280
0002794
0004132
0005006
0005064
0005006
0006170
0007509
0006694
0004773
0004191
0004132
0002386
0000232
0000000
0000931
0001164
0000640
-000408
-001107
0000232
0002153
0002328
0000582
-003086
-005996
-004133
0000000
0000582
-000932
0000116
0002037
0000873
-001398
-000699
0001629
0002328
0001804
0001629
0001862
0002328
0003259
0004889
0005995
0004365
0001629
0000873
0001571
0001280
0000582
0000814
0001688
0002503
0002561
0000756
-001165
0000058
0003026
0004424
0004132
0003026
0001455
0000116
-000524
-000292
0000116
-000757
-002620
-004774
-005822
-004075
-001456
-002096
-004657
-005647
-005356
-004832
-004541
-005414
-005880
-002620
0001571
0001455
-001107
-000874
0001106
0001804
0001338
0000174
-000699
0000174
0002212
0004132
0005006
0004016
0002212
0002153
0003026
0002386
0000873
-000350
-000292
0002328
0005180
0004249
0000640
-002271
-003784
-004075
-003027
-001223
0000698
0002386
0003085
0002270
0000756
0000698
0000931
-001747
-004657
-003319
0000582
0003026
0002444
-002562
-007801
-005647
0000756
0003783
0003201
0001164
-001048
-001863
-000874
0001804
0004191
0002968
0000058
-000175
0001164
0000931
0000000
0000349
0001688
0003085
0003841
0002910
0001164
0000349
0000116
-000641
-001747
-002911
-003435
-002387
-000408
0000698
0001280
0002910
0004016
0002153
-001281
-003435
-004192
-004890
-004599
-001339
0002037
0000582
-003377
-004657
-003377
-000233
0000640
-008558
-018744
-013447
0000814
0008557
0007334
-001863
-011526
-008674
0002561
0010769
0013272
0010012
0002910
-005065
-008208
0001629
0014378
0010012
-002678
-001398
0007509
0007392
0001397
-000990
-000233
0000873
0001804
0001746
0000931
0000582
0000232
-001048
-002562
-002969
-002504
-002154
-001572
0000232
0001862
0001106
-001572
-004657
-006578
-005822
-003027
-000292
0001455
0001513
0000640
0000989
0002212
0003318
0003900
0003783
0003259
0002852
0002503
0001571
0000582
0000582
0001106
0001338
0001222
0001047
0001047
0001746
0002677
0002561
0002095
0002968
0004249
0004016
0002270
-000757
-003551
-004133
-003202
-002911
-003144
-003144
-003086
-003086
-002969
-002038
-000990
-001339
-001863
0000116
0002328
0000000
-003726
-002096
0002270
0002677
0000523
-000117
0000407
0000349
-000175
-001223
-001689
0000465
0003318
0003376
0000989
-002562
-004425
-000292
0005937
0006752
0003376
0000349
-000815
0000698
0003900
0006752
0007159
0002328
-003901
-005007
-001630
0002270
0005006
0005006
0002735
-000233
-002213
-000990
0001164
-000583
-004075
-004133
-002387
-003086
-005239
-006869
-006171
-000350
0005937
0004424
-001572
-003551
-002096
-000583
0000349
0000116
-000175
0002444
0005180
0002444
-002387
-001863
0001222
-000524
-004308
-003260
0000000
-001339
-004308
-001921
0002852
0003259
0000640
-000583
-000757
-001980
-002736
-000757
0002270
0002910
0001397
-000524
-002096
-002795
-002329
-000874
0000989
0002386
0002503
0000756
-001572
-002271
-001747
-001863
-002329
-002213
-001921
-002329
-003202
-003959
-003842
-001747
0000873
0001047
-000175
0000000
0001047
0000989
0000058
-001514
-002562
-001572
0000756
0003434
0003783
-002678
-010478
-010129
-003551
0002794
0005413
0000000
-007568
-005763
0002735
0009895
0012573
0009488
0001688
-009023
-015485
-007568
0005995
0006810
-000757
-002736
-000641
-000874
-001980
-000815
0001222
0001397
0000116
-001223
-001805
-000350
0001106
-001689
-005531
-004192
0000058
0001280
0000523
0001280
0002852
0003434
0003318
0003609
0003259
0000465
-002445
-001223
0002386
0004482
0004191
0000931
-002329
0000058
0004482
0002503
-002445
-002504
0000407
0000873
-000408
-000815
-000583
-000292
-000233
-000641
-001339
-001689
-001747
-001863
-002038
-001863
-001689
-002271
-002562
-000815
0001338
0000407
-001980
-002213
-000874
-000233
0000523
0003783
0006985
0005704
0002095
0001047
0002444
0004831
0006694
0006053
0003841
0002619
0002561
0002794
0003609
0005762
0006927
0003201
-002387
-003784
-001339
0001979
0004598
0005064
0003026
-000990
-004657
-004599
-001863
0000291
0001455
0002444
0002328
-000059
-002911
-002911
-000874
0001164
0001571
-001630
-005822
-005822
-002853
-000524
0000291
-000466
-001689
-000641
0001222
0000931
-000583
-001048
-000175
0001397
0003318
0004947
0005471
0003958
0001746
0001397
0002328
0002561
0002444
0003376
0004307
0003725
0002212
0001280
0001106
0001513
0001746
0000582
-001339
-002911
-003319
-001689
0000407
-000466
-002504
-001165
0001338
0000232
-002387
-001689
0000931
0002095
0001571
0000174
-001514
-002387
-002562
-003027
-003027
-001223
0001397
0003085
0003026
0000349
-002387
-000874
0003143
0005238
0005297
0004249
0003143
0003434
0004540
0004656
0003900
0003026
0002095
0000756
-000175
0000349
0000931
-001514
-005065
-005880
-004541
-004075
-003610
-000408
0001571
-005589
-014379
-010362
0000698
0005704
0003201
-005065
-013040
-010770
-001630
0004656
0006810
0007218
0004191
-005007
-013505
-009722
0000116
0001280
-002969
-002213
0001338
0001280
-000233
0001979
0005355
0004598
0001338
-000175
-000292
-000874
-001223
-000233
0001106
0000756
-000524
-001281
-000583
0002677
0005821
0003667
-000641
-000350
0002444
0001746
-000757
-000757
0000814
0000989
0000291
0000349
0000582
-000408
-001456
0000058
0002037
0000291
-003144
-003726
-001980
-000059
0001280
0001338
0000582
0000349
0000174
-001456
-003086
-002096
0000349
0001979
0002270
0001513
0000698
0001455
0003259
0004947
0005413
0003492
0000407
-001630
-001921
-000757
0001280
0002735
0003201
0002444
0000931
-000641
-001572
-001456
-000524
0000582
0001222
0000756
-000524
-001863
-002329
-000699
0001513
0001629
-000350
-003610
-005996
-004308
-000641
0000116
-001339
-001630
-001572
-003144
-004832
-003959
-001630
-000524
-000350
0000174
0001047
0002270
0002794
0000582
-002445
-002387
0000116
0002852
0004307
0002735
-000583
-002504
-003144
-004250
-004832
-003086
-000408
0000407
-000524
-002096
-003726
-004716
-004890
-004599
-003610
-001630
0000291
0000814
0000291
-000233
-000059
0001688
0003376
0001513
-001863
-002562
-001223
-000233
0000058
-000350
-001339
-002678
-003842
-004425
-004366
-003901
-003027
-001863
-000641
0000582
0001280
0000931
-000350
-002271
-003842
-003784
-002154
0000814
0003376
0003609
0001746
-001107
-003144
-002038
0000523
0000407
-001165
-001048
-000117
-001456
-002795
0000407
0004249
0000931
-005705
-007568
-004774
-000292
0002968
0000698
-004657
-006986
-006345
-005123
-003726
-002562
-001980
-001048
-002271
-010711
-019035
-014611
-002911
0002968
0001920
-004017
-009896
-007859
-000350
0005413
0008033
0008906
0006752
-000699
-006520
0001629
0014261
0011292
-000524
-003842
-000466
0001047
0000931
0001047
0000582
-001921
-004133
-001863
0001920
0001338
-002096
-004075
-003842
-001398
0001571
0002095
0001164
0002153
0004016
0004598
0003900
0003085
0002037
0000291
-001165
-000815
0000465
0000465
-000233
0000174
0000698
-000815
-002911
-002736
-000815
0001222
0002328
0000989
-000699
0001804
0005471
0004074
-000641
-004483
-005647
-002678
0002153
0004307
0003900
0003026
0002212
0002037
0001513
-002271
-006171
-004599
-000175
0000640
-001456
-003668
-004308
-001456
0002910
0005180
0004540
0001513
-002620
-006229
-008034
-007743
-005880
-003784
-002154
-001223
-000990
-000990
-001107
-001339
-001281
-000408
0000989
0002328
0003259
0003667
0002968
-000059
-003144
-002445
-000117
-001747
-004774
-003493
-000117
0000000
-001514
-000350
0002037
0002503
0000931
-002213
-004948
-004599
-002213
-000990
-000932
-000641
-000641
-001689
-003086
-003726
-003202
-001456
0000465
0000931
0000000
-001805
-003202
-002329
-000583
-001572
-003668
-003144
-000932
0000291
0000698
0001222
0001338
0000174
-001107
-000117
0002270
0003783
0004249
0004424
0003900
0002153
0000232
-000233
0000407
0000582
0000523
0000698
0000814
0000523
-000059
-000524
-001048
-002213
-003202
-002387
-001456
-003959
-007568
-007684
-005181
-003319
-002213
-000583
0000291
-001456
-003901
-003086
-001107
-002911
-005996
-004948
-001456
0000232
0000000
-001165
-002562
-002969
-002678
-002678
-003144
-004774
-005996
-004716
-001747
0000465
0001688
0002735
0002677
0000465
-003086
-006869
-008499
-005181
0000698
0004889
0005180
-000466
-006520
-003144
0005879
0011991
0012107
0004773
-005414
-010187
-008558
-002736
0003667
0005064
0001920
-002213
-005414
-005880
-003610
0000232
0003026
0000814
-003842
-005298
-003842
-002445
-001339
-000641
-000059
0001106
0002212
0001629
0000582
0001688
0003841
0004249
0003550
0003725
0004307
0004074
0003143
0001804
0000873
0001047
0002503
0005180
0007159
0005588
0002270
0000756
0001746
0005297
0008498
0006403
0001164
-002213
-002853
-001223
0001455
0003026
0003026
0002212
0000873
-000874
-001980
-001165
0000814
0002561
0003201
0002095
0000291
-000350
0000349
0001629
0002735
0002503
0001571
0001746
0001979
-000117
-002736
-002038
0000465
0000989
0000407
0001571
0002735
0000116
-003493
-002562
0001047
0002386
0001688
0000523
-000466
-000641
0000174
0001979
0003609
0003259
0001979
0002794
0003958
0001455
-002387
-002969
-001339
-001223
-002213
-003027
-002969
-000932
0001397
0000931
-000932
-000990
0000349
0000989
0001338
0002968
0004307
0002386
-000699
-000874
0001047
0002095
0002270
0002444
0002794
0003318
0004074
0005238
0005821
0004307
0002095
0002386
0003725
0002619
0000174
-000874
-000524
0000756
0002037
0001979
0001222
0001280
0002095
0002968
0003085
0000931
-001863
-002271
-001048
-000990
-001456
-000874
-000350
-001805
-003901
-004308
-003086
-001165
0000349
-000059
-001339
-000990
0000232
0000465
0000116
0000582
0001338
0001513
0001164
0000582
0000000
-000757
-001165
-000932
-000059
0001746
0002852
0000465
-002678
-001165
0002677
0002677
0000640
0001455
0002968
0000291
-004017
-004541
-002154
0000232
0001222
-000175
-003784
-008616
-012574
-013855
-011410
-004075
0003026
0001979
-004250
-008441
-008034
-001281
0007218
0009546
0005588
-002445
-008674
-003784
0005704
0005297
-000757
-000175
0004249
0004424
0002270
0002794
0004598
0004249
0002619
0001920
0002037
0001513
0001804
0005588
0009954
0009663
0006344
0004656
0004191
0002270
0000756
0002910
0006403
0006403
0004016
0002328
0001862
0002503
0003667
0004307
0003783
0001397
-001572
-002911
-002387
-000641
0001862
0004947
0006461
0003318
-001456
-001747
0000465
-000757
-003551
-003144
-001514
-003144
-005356
-002620
0002910
0006344
0006694
0004191
0000698
-000059
0000931
0000582
-000117
0001338
0003492
0003609
0002386
0001979
0002212
0002444
0002444
0002212
0001979
0002095
0002212
0001688
0000989
0001629
0002212
-000059
-002678
-000175
0004016
0002503
-001805
-001980
0000116
-001107
-003551
-002678
0000174
0001513
0001455
0001455
0001280
0000814
-000350
-003202
-005239
-002387
0002735
0004715
0003492
0001106
-000815
0000116
0002328
0002037
-000466
-003842
-005880
-003260
0001280
0001979
-000175
-001398
-001281
0000116
0001746
0001688
0000756
0001629
0003026
0002037
0000000
0000291
0001397
-000233
-002620
-001572
0000756
-000815
-004075
-004250
-002678
-003493
-005007
-002969
0000000
-001165
-004250
-003726
-001048
0000407
0000058
-002038
-004250
-003668
-001165
0000814
0001338
-000524
-003144
-003493
-002271
-001689
-001689
-001456
-000874
0000291
0001629
0003085
0003492
0000989
-001921
-000641
0002794
0003550
0001920
-000233
-002038
-002678
-002213
-001630
-001107
-000350
0000116
0000174
-000641
-003086
-005239
-004075
-000990
0000814
0000465
-002154
-005356
-005996
-004716
-003493
-003610
-006753
-010653
-011526
-009314
-004774
-001048
-003202
-006986
-003144
0004540
0007800
0006752
0005064
0002386
-003319
-007743
-004366
0003085
0006694
0005879
0002968
-000641
-003260
-003086
0001979
0007392
0004889
-001572
-002853
0000465
0004656
0007101
0003725
-001689
-001572
0002328
0004365
0004424
0003725
0002619
0001979
0001455
0000000
-001630
-001805
-001747
-004250
-006869
-005356
-001514
0000523
0000291
-001630
-003260
-000932
0003201
0004365
0003492
0004191
0005064
0003026
-000292
-001572
-000932
0000814
0002270
0001338
-000641
-000524
0001222
0002910
0003259
0000232
-003784
-004425
-002853
-002795
-003493
-002620
-001048
-000524
-000524
0000407
0001571
0001513
0000814
0001397
0001862
-000466
-003610
-003668
-001747
-000874
-001223
-002038
-002911
-003551
-003027
0000058
0002852
-000233
-005123
-003260
0002328
0003609
0001862
0001571
0002095
0001397
0000465
0001164
0002735
0003550
0003434
0002852
0001804
0000523
-000932
-002795
-004017
-003086
-001165
-000932
-001572
-000583
0000698
-000059
-002096
-003610
-003551
-000641
0002561
0001106
-002504
-002329
-000059
-000117
-002038
-004075
-005472
-006054
-005007
-001456
0002328
0002444
0000116
-000815
-000583
-000641
-000466
0001106
0003143
0004540
0004540
0002270
-000233
0000640
0003259
0003725
0002386
0000698
-000350
0000291
0001629
0001222
-000408
-001572
-002213
-002853
-002795
-000874
0001397
0001804
0000116
-003493
-006578
-005414
-001980
-001514
-002445
-000292
0002677
0001804
-001805
-005181
-006928
-006054
-003493
-001339
0000116
0001629
0002735
0003026
0003026
0003550
0004947
0007858
0010652
0011060
0009313
0006636
0003900
0002270
0000465
-005007
-009838
-006869
0000640
0005821
0006286
0000232
-006520
-003202
0005588
0008906
0006636
0002270
-003027
-009431
-011759
-001630
0010652
0004656
-009431
-007684
0003026
0004424
-000583
-001689
-000524
-001747
-003842
-003784
-002329
-001398
-001165
-001339
-001107
0001047
0003667
0003725
0002503
0003085
0004889
0006286
0006636
0005355
0003783
0004773
0006868
0006752
0005180
0004365
0004249
0004365
0004132
0002910
0001513
0001862
0003376
0004424
0004831
0004773
0004307
0003667
0002794
0001222
-000292
-000583
-000292
-001048
-002213
-002038
-001281
-001514
-002096
-001048
-000175
-003668
-007219
-002620
0005297
0005995
0001920
0000640
0001688
0002503
0002852
0002561
0002503
0004074
0006053
0006053
0004249
0001280
-001223
-001398
0000116
0001106
0001164
0000407
-000583
-000466
0000000
-000990
-002620
-003435
-003086
-001747
0000174
0002444
0003725
0001862
-000932
-000233
0002095
0001513
-001281
-003901
-005356
-004890
-003551
-003842
-004832
-004075
-002329
-001398
-001165
-000641
-000350
-001689
-003260
-002969
-000932
0001804
0004016
0004191
0003026
0002619
0002852
0002910
0002619
0001804
0000814
-000059
0000058
0002503
0004831
0002735
-001165
-000699
0002270
0003143
0001688
-001281
-004192
-004425
-002795
-002213
-002329
-001805
-001281
-002387
-003726
-002620
-000233
0001164
0000931
-001223
-004075
-005356
-004832
-003435
-001514
0000931
0002386
0000873
-001747
-001572
0000174
-000175
-001572
-001689
-001165
-001572
-001980
-000641
0002037
0005238
0007392
0006927
0004540
0002212
0001047
0001804
0003958
0005762
0006403
0005355
0003085
0000873
-000757
-001863
-001980
-000583
0001338
0002444
0001688
-002038
-006520
-008325
-006695
-001863
0002677
0001455
-003551
-007277
-007277
-000932
0006752
0007334
0001455
-006811
-012982
-011293
-004541
-000175
0000756
-000874
-003202
-003027
-000815
0001513
0002910
0002444
0000931
0000698
0001338
0001746
0002037
0003026
0004249
0004889
0004889
0004074
0003143
0003376
0004424
0004715
0004773
0006170
0007101
0004132
-000524
-002504
-002096
-001980
-001572
0000989
0003259
0000989
-002853
-001980
0001280
0001047
-001514
-003027
-003435
-003726
-004133
-005298
-006811
-008034
-007859
-004425
-000408
-000932
-003435
-001805
0001804
0002153
0000582
0001338
0002677
0000989
-002154
-003027
-002154
-001921
-001456
0001513
0004540
0003550
0000174
-001514
-001398
-000815
0000000
0001164
0001804
0000873
-001048
-002969
-003901
-002678
-000641
-000466
-001514
-001689
-001572
-002504
-003610
-003435
-002038
0000174
0001862
0001047
-000990
-000874
-000233
-002795
-006113
-004657
-001398
-002969
-006578
-006171
-002678
0000873
0002619
0000291
-003551
-003784
-001223
0000873
0001979
0002503
0001979
0000349
-001514
-002329
-002096
-001514
-000990
-000990
-001689
-003319
-004657
-004017
-001805
0001280
0002677
-001747
-007859
-007684
-003260
-000524
0000000
-000524
-001689
-002795
-002969
-001747
0000291
0001746
0002386
0002852
0002561
0000698
-001630
-002795
-002271
0000349
0002735
0000873
-002911
-003610
-001223
0003085
0006053
0002968
-002853
-004599
-002504
0000407
0002910
0003783
0002677
-000408
-003435
-003260
-000524
0002153
0003725
0003492
0002037
0001164
0000582
-001107
-003202
-004832
-004832
-001980
0001455
0001047
-001456
-001398
0000232
0000116
-000815
0000756
0001222
-006113
-015194
-014961
-007743
-001398
0001455
-000874
-005647
-007510
-004832
0003376
0011234
0009837
0001106
-009140
-015077
-010129
0000465
0004947
0003900
0003667
0002968
-001048
-005531
-005763
-003319
-002853
-003668
-003144
-002038
-002271
-002620
-000408
0002095
0000582
-002853
-003435
-001689
-000350
0000814
0002677
0004132
0003201
0000931
-000350
-000699
-001107
-001572
-002387
-003086
-002795
-002096
-002445
-003027
-001747
-000059
-000874
-002853
-002853
-001456
-000524
-000292
-000641
-001514
-002678
-003260
-001805
0000523
0001280
0001338
0003259
0005006
0002561
-001398
-001398
0001106
0002270
0001222
-002736
-006578
-005123
-000874
0000291
-001107
-002504
-003551
-004017
-004017
-004075
-004250
-004483
-004890
-005996
-006520
-004133
-000408
0001629
0001455
-000757
-002969
-001747
0000756
-000408
-003435
-003668
-001863
-000583
0000116
0000931
0001571
0001746
0001513
0001338
0001513
0002794
0004132
0003434
0001746
0001106
0001513
0001746
0001920
0002153
0001979
0000698
-000932
-001514
-001223
-001281
-000990
0000931
0002910
0002444
0000291
-001689
-002620
-001747
0000174
0000931
0000814
0001222
0001106
-001921
-005531
-005763
-003260
-000059
0002037
0000756
-001863
-001281
0001571
0004132
0005471
0005355
0004016
0002561
0001222
-000233
-001281
-002038
-001863
0000349
0002852
0002735
0001222
0001455
0002619
0002561
0001397
-000233
-001165
0000640
0003201
0002968
0000232
-003260
-005822
-005298
-002562
0000058
0001571
0001455
-000292
-003086
-005298
-004308
-001805
-001456
-002329
-001165
0000465
-000932
-003260
-001863
0001280
0001455
0000116
0001455
0003609
0002153
-000466
0001688
0004132
-003260
-012749
-009372
0001397
0005995
0004249
0000116
-003668
-003668
0000291
0006694
0012340
0014261
0010594
-000233
-011002
-010420
-002329
0002386
0002794
0001338
-001456
-004716
-006171
-002678
0001862
-000175
-005705
-007451
-005647
-002969
-000757
-000699
-001980
-002562
-001572
0002270
0006112
0005238
0001280
-000874
-001165
-001048
0000000
0003143
0006344
0006519
0004482
0002561
0001571
0001862
0002968
0003492
0003434
0003318
0002852
0001513
0000349
0001106
0002619
0001979
0000349
0000523
0001862
0002852
0002910
0001688
0000058
-000466
0000000
0000640
0000814
-000641
-002795
-003784
-003726
-003610
-003435
-003319
-002969
-001747
-000059
0001804
0002677
0000989
-001456
-001048
0000814
0000523
-000932
-000815
0000000
-000757
-001921
-001107
0000931
0002037
0002153
0001513
0000756
0001106
0002212
0002735
0003259
0005588
0007451
0005064
0000407
-002329
-002271
0000291
0003492
0004249
0003201
0002910
0002677
0000465
-002154
-002678
-001514
-000117
0000989
0001688
0001397
-000874
-003144
-001921
0000989
0001222
-000815
-003551
-005239
-003668
0000116
0004307
0006112
0001338
-004774
-002271
0004831
0006519
0004074
0002852
0002328
0000814
-000990
-001980
-001630
0000523
0003085
0003434
0002386
0002619
0003085
0001280
-001165
-001165
0000640
0002095
0002677
0002328
0001106
-000350
-001514
-002329
-002445
-001689
-000524
0000232
0000174
-000757
-002038
-003086
-003435
-002678
-001747
-002562
-003784
-002853
-000524
0001397
0002037
0000523
-001456
-000524
0001571
0000814
-001572
-002620
-002096
-000117
0001571
0000291
-002504
-003319
-002678
-002736
-002969
-002329
-001048
0000407
0001280
0001106
-000292
-003086
-005996
-007801
-007801
-005938
-003551
-002154
-002562
-005531
-007684
-003027
0004424
0006927
0004016
-002329
-008558
-009780
-006637
-002969
0000116
0002037
0001979
-000466
-003901
-006287
-006462
-003668
-000059
0000582
-001048
-002853
-002969
0001455
0006752
0006286
0001746
-002154
-003260
0000465
0005297
0003434
-001339
0000349
0004947
0004132
0000232
-000757
0000873
0002968
0004307
0002852
0000582
0001862
0004656
0004424
0001804
-000524
-002038
-002562
-002911
-005647
-008266
-006462
-002271
-000583
-001805
-005414
-008790
-007277
-003551
-004075
-005996
-002329
0003143
0002561
-001747
-003319
-002504
-001921
-001281
0000582
0002735
0004016
0004132
0003259
0002270
0003085
0004016
0001513
-002445
-004133
-003260
-000990
0001746
0004424
0005180
0002095
-002504
-004366
-003493
-001980
0000058
0003492
0005413
0001338
-005239
-007451
-005123
-000233
0003958
0002328
-002795
-005531
-005589
-004483
-002911
-001980
-001921
-002678
-003319
-001630
0000291
-001805
-005239
-004308
-000524
0001804
0002153
0000756
-001165
-001456
-000408
0000174
0000582
0001397
0002153
0002153
0001222
-000874
-002736
-002387
-000524
0001106
0002270
0003725
0004249
0001571
-002213
-003610
-002504
-000233
0001804
0001804
0000174
-001514
-002562
-002445
-001630
-001223
-001398
-001921
-002504
-002911
-002969
-002678
-002620
-003784
-005007
-004308
-002038
0000523
0002328
0002270
0001222
0001513
0002153
0000873
-001048
-001048
0000465
0002153
0002794
0000873
-001689
-001281
0000989
0001688
0001106
0000349
-000175
0000000
0000291
-000466
-001747
-002504
-002154
-000117
0001746
0000058
-002911
-002096
0000931
0002386
0001047
-004774
-010420
-007335
0000058
0001920
-001048
-004716
-006986
-005822
-001398
0004540
0009604
0011991
0009197
-002271
-013214
-008092
0005297
0008149
0003085
0000698
0000058
-003260
-005472
0000465
0008557
0007509
0000523
-003551
-003610
-000524
0003492
0004191
0002386
0001338
0001280
0001979
0002503
0000814
-001281
-000466
0001804
0001688
0000000
-000990
-001281
-002096
-002271
0000116
0003376
0004307
0002968
0000523
-001514
-000932
0001397
0003085
0003958
0004831
0004598
0001222
-002736
-002853
0000000
0002619
0004249
0004947
0004365
0002503
0000465
0000116
0000989
0001571
0001979
0003085
0003900
0003026
0001164
-000059
-000874
-002620
-003610
-000466
0004132
0005238
0002910
-001107
-004366
-003086
0000756
0002444
0002095
0001746
0001280
0000349
-000583
-001339
-001223
0001164
0003259
0000465
-004483
-006171
-004599
-001514
0000989
-000466
-003377
-002678
0000640
0002968
0004016
0004482
0004191
0002735
0001280
0001455
0002561
0002561
0001513
-000175
-001514
-000874
0000814
0001688
0001688
0001338
0001106
0001455
0002386
0003958
0004889
0003434
0000756
-000059
0000232
-000757
-001747
0000174
0003318
0004715
0003900
0001106
-001572
-000233
0002444
0000407
-003493
-002678
0000698
0001397
-000117
-001514
-002387
-002736
-002271
-000815
0000640
0000465
-000699
-001398
-000699
0002794
0005937
0003376
-002038
-003551
-001863
-000350
0000523
0000523
0000000
0000232
0000523
-000932
-002504
-001165
0001688
0002968
0002794
0002852
0002095
-001572
-005589
-005356
-002387
-000874
-000641
0000174
0001338
0002910
0003900
0003026
0001047
-000466
-001048
-000117
0000873
-000757
-003202
-003027
-000350
0004132
0006519
0000465
-008325
-008790
-002736
0003434
0006286
0002095
-004541
-004425
0000814
0004947
0006752
0006694
0003550
-005065
-012516
-008208
0002444
0006286
0004656
0004773
0005006
0001862
-002445
-003668
-003086
-004483
-006345
-004832
-002213
-003377
-005531
-002678
0002037
0001571
-002213
-004075
-003668
-002271
0000291
0004307
0007218
0005355
0000873
-001863
-001747
0001979
0005471
0001746
-004250
-001689
0005530
0007800
0006053
0004540
0004074
0005238
0006810
0006170
0004307
0004016
0004540
0003725
0002852
0004889
0007451
0005995
0002212
0000058
0000349
0003259
0005937
0003667
-001689
-005414
-006229
-004075
-000641
0000698
0000407
0001047
0001455
-000932
-003901
-003668
-000932
0001455
0002794
0003143
0002212
0000058
-001514
0000174
0003609
0005530
0005821
0005297
0004365
0004016
0003783
0002503
0000989
0000523
0000989
0001164
0001513
0002794
0004307
0004773
0004307
0003725
0003259
0002735
0002503
0003143
0003550
0001629
-000757
0000058
0002444
0002212
0000582
0000989
0001688
-001107
-004948
-005123
-002678
-000932
-000524
-001805
-003377
-002445
-000524
-001107
-003144
-004075
-003319
-000583
0001920
0000465
-003027
-003668
-002213
-001572
-000874
0002503
0005821
0004365
0000349
-001048
0000174
0002735
0004947
0004016
0001338
0000465
0001047
0001397
0001397
0000873
0000291
0000232
0000756
0001455
0001571
-000408
-002853
-002562
-000932
-001456
-002969
-002504
-001165
-001980
-003377
-001980
0000582
0000814
-000699
-002038
-002620
-002213
-001339
-001223
-001572
-001107
-000757
-002213
-004192
-004192
-002678
-001339
-000466
-000292
-000757
-001689
-002096
-000641
0001571
0001920
0001280
0002677
0002910
-004890
-013796
-011119
-001281
0004773
0004773
-001689
-009081
-007626
0000523
0008731
0013272
0011234
0003958
-004948
-010537
-006287
0001862
0000931
-005123
-004657
-000757
-001572
-004075
-001107
0003841
0003318
-000815
-003435
-003842
-002562
-000524
0000174
-000292
-001456
-001689
0001571
0005588
0005471
0002095
-001456
-003319
-001514
0001920
0002444
0001397
0002794
0004365
0000989
-003610
-002096
0003026
0005122
0004016
0001455
-001165
-001689
-000524
0000349
0000523
-000117
-001398
-002271
-003260
-005938
-007743
-004192
0001047
0000058
-004483
-005356
-003842
-004483
-005123
-001398
0003841
0005471
0003841
0001513
-000408
-000699
0000058
-000117
-000757
-000466
0000291
0000640
0000582
0000232
0000116
0001106
0002328
0002037
0000640
-001048
-001921
-000350
0001979
0001455
-000641
-001107
-000350
-000233
-000583
-000583
-000699
-002038
-003202
-001572
0001222
0001571
0000174
-000350
-000466
-001805
-003202
-002271
-000757
-002271
-005123
-005589
-004133
-002678
-001805
-002213
-002969
-002038
-000233
0000232
0000058
0001047
0001920
0000058
-002562
-001281
0001513
0000407
-002504
-002038
0000232
0000116
-001339
-001398
-000990
-002445
-004192
-003377
-001048
0000174
0000116
-000583
-001689
-003260
-004250
-003260
-001747
-002795
-004890
-004716
-002853
-000874
-000059
-001921
-005123
-007044
-007277
-006229
-004890
-005298
-006287
-005647
-003493
-000583
0001629
0000756
-001281
-000583
0001629
0002212
0001106
-001281
-003086
-001398
0001804
0002037
0000058
-001863
-002329
0000174
0003725
0004424
0002619
0000116
-001339
0000698
0004074
0004656
0002561
0000000
-002329
-003842
-004308
-003551
-003435
-007393
-011643
-009198
-002620
0002444
0003434
-001630
-008558
-010362
-005763
0004540
0014494
0016182
0008964
-005123
-016474
-010537
0004191
0007742
0002794
0000989
0001338
-000117
-001863
-001456
0000989
0004424
0006927
0006403
0003026
-001980
-005123
-001514
0005122
0007043
0004540
0000756
-002038
-001223
0001746
0002677
0001804
0001164
0000349
-001980
-003842
-001514
0002212
0001746
-001048
-001514
0000232
0002852
0004773
0003958
0001338
-000699
-001339
-000059
0001688
0001047
-000524
0000582
0002677
0001804
-000408
-000990
0000523
0003900
0006752
0005064
0000931
-000699
0000116
0001629
0003201
0004482
0004249
0000582
-003435
-001863
0002095
0001280
-001863
-000757
0002619
0003667
0002386
0000058
-001980
-001456
0000291
0000174
-001048
-001165
-000699
-000699
-001107
-001398
-001630
-002271
-002678
-002154
-000757
0001513
0003259
0002561
0000407
-000990
-000932
0000931
0003143
0003434
0002444
0002386
0002677
0001455
-000117
0000174
0001280
0000407
-000757
0001804
0005355
0004365
0000931
0000349
0001688
0001920
0001338
0000814
0000349
0000000
-000466
-001514
-002562
-002387
-001339
-000524
0000058
0001280
0001746
-000350
-003959
-006928
-007801
-004832
-000699
-000815
-003202
-002969
-000932
0000407
0000523
-000699
-002678
-004250
-004716
-003086
-000699
0000000
-000408
0000465
0001629
0001222
-000059
-000699
-000466
0000174
0001106
0002328
0003085
0001862
0000523
0002794
0006286
0006344
0003725
0001455
0000174
-000292
0000174
0001513
0002503
0001106
-001223
-000815
0000582
-001223
-003842
-002271
0001338
0001397
-000175
0001746
0004598
0002910
-001398
-003551
-003435
-003086
-001630
0003026
0006461
0000698
-008150
-007743
-000932
0003609
0004016
-000815
-006462
-005239
0001047
0006344
0009080
0009488
0006694
-000292
-006404
-002911
0004831
0004540
-000175
0000698
0004656
0005704
0004249
0002503
0000931
-000815
-001107
0002503
0006985
0006461
0002910
0001746
0001920
0000000
-002387
-001863
-000059
-000815
-002562
-001689
0000989
0003318
0004191
0002444
-000757
-003551
-004075
0000058
0005413
0005530
0002153
0000116
0000523
0003900
0007567
0006461
0002735
0002037
0003259
0002910
0001455
0000116
-000466
0000465
0002037
0002619
0002619
0003725
0004773
0003783
0001804
0001338
0001920
0001688
0000814
0000000
-000524
-000059
0000349
-001398
-003610
-002736
-000641
-001805
-004366
-004308
-002387
-001281
-000641
0001338
0002852
0000814
-002504
-002853
-000641
0002153
0003900
0002677
-000175
-000874
-000408
-001863
-003610
-002445
0000523
0002444
0002910
0002386
0000989
-000641
-001921
-001689
-001223
-003377
-005938
-004541
-000699
0001979
0002386
-000059
-003202
-002911
-000757
-001223
-002969
-002620
-001107
-000350
-000466
-000757
-001223
-001863
-002387
-002504
-002096
-000874
0000349
0000465
-000524
-002154
-003551
-003493
-002387
-001514
-001048
-000524
-000117
0000523
0000931
0000349
-000059
0002037
0004424
0002852
-000757
-001921
-001281
-001630
-002154
-001107
0000640
0001629
0001513
0000407
-001165
-002678
-003435
-002329
-001048
-002736
-005356
-004425
-001398
-000117
0000058
0001804
0003318
0000989
-003260
-005763
-005822
-003493
-000990
-001980
-004890
-005531
-004250
-003144
-002038
-000524
0000814
0001280
0000756
-000466
-002038
-004075
-004250
0001397
0008382
0008440
0003609
-000292
-001863
-000233
0001629
-002678
-007917
-003610
0005297
0008498
0005238
-002795
-009547
-005822
0004016
0008848
0008149
0005413
0000465
-008325
-014728
-009664
0000873
0003667
0000407
-001048
-001048
-001747
-002271
-001514
-000175
-000233
-000583
0001338
0003667
0002561
-000233
-000874
0000116
0000291
-000059
-000059
0000000
-000583
-000932
0000989
0003026
0001397
-002038
-003086
-001630
0000931
0003376
0003841
0002794
0002212
0001746
0000349
-001223
-002154
-001747
0000989
0004074
0004656
0002619
-001165
-004483
-004366
-002096
-001281
-001630
-001398
-001107
-002329
-003202
-000292
0003609
0002677
-000815
-000990
0000465
-000699
-003144
-003493
-002329
-001630
-001456
-001398
-001398
-001398
-001165
-000757
0000000
0001338
0002503
0001862
0000582
0001280
0003259
0004889
0005122
0002619
-000932
-002213
-001805
-002562
-003202
-000932
0001862
0000523
-002911
-003551
-002387
-002620
-003668
-003959
-003435
-002154
-000815
-000350
-001048
-002969
-004832
-004192
-002329
-002387
-002969
-000932
0001920
0002037
0000523
0001047
0002153
0000640
-002096
-002969
-002445
-002096
-002096
-002387
-002562
-001689
-000059
0001222
0002037
0003085
0003550
0002561
0001106
0000989
0001862
0002328
0001920
0000407
-001514
-002271
-001863
-000699
0000349
-000059
-001048
0000116
0001397
-001107
-005472
-007451
-006695
-004133
-001572
-002038
-004017
-003726
-002213
-002271
-002853
-001107
0000989
-000059
-003086
-005181
-005647
-004250
-001514
0002037
0004307
0002852
-000408
-001223
0000465
0003201
0005588
0005704
0003900
0001804
0000232
-000350
0000349
0002677
0004424
0002037
-001747
-000990
0002095
0001804
-000757
-002678
-003144
-001107
0000523
-004366
-010711
-008732
-001689
0002444
0001513
-005996
-013971
-012108
-003260
0003841
0007625
0009488
0007159
-002911
-012283
-006462
0006403
0006927
0000116
0000640
0005064
0003841
0000000
0001222
0004773
0004016
0001222
0002386
0005530
0006112
0004773
0004074
0003958
0003900
0003900
0003667
0003201
0002677
0002153
0001106
0001164
0005355
0009663
0006403
-000292
-001339
0001629
0003434
0002619
-002271
-007684
-007277
-002445
0002561
0004947
0001455
-004192
-004133
0000116
0003958
0004947
0000232
-005938
-005472
-000699
0001164
0000814
0001688
0003085
0003434
0003085
0003376
0003434
0001513
-001048
-001689
-000990
-001165
-001339
0000407
0002561
0002037
0000174
0000349
0001571
0001513
0000523
-000059
-000292
-000699
-001107
-001048
-000990
-001805
-002736
-002271
-000874
0000116
0000756
0001920
0003085
0003725
0003550
0002386
0000698
-000874
-001630
-001107
-000175
-000932
-002213
-001398
0000349
0000291
-000641
0000058
0001688
0002852
0002968
0001688
0000058
-000292
0000582
0001746
0002503
0001804
0000407
0000232
0000873
0001164
0001397
0002852
0004132
0003143
0001164
0001164
0002037
0000465
-001689
-000524
0002037
0001397
-000757
-000292
0001047
-001223
-004425
-002969
0000640
0000931
-001107
-001980
-001921
-002387
-002504
-000932
0001746
0004598
0006228
0004947
0002444
0002037
0002852
0002270
0000931
0000582
0001222
0002270
0003143
0002794
0001979
0002735
0003900
0003026
0001688
0003958
0006519
0003026
-002969
-003784
-001048
-000350
-001048
-001223
-000874
-000815
-000757
-000350
0000058
0000116
0000116
0001047
0001688
-000466
-003610
-004192
-002504
-000292
0001164
0000058
-002445
-004075
-003784
0000232
0003550
-002562
-010944
-007451
