0003725
-001223
-008092
-009372
-004599
0004307
0012166
0011991
0005064
-003901
-009372
-003959
0005937
0006228
0000582
0000174
0002910
0002270
0000582
0003143
0007218
0006636
0003492
0003376
0004831
0003958
0001629
-000583
-001223
0001571
0005064
0004132
0000407
-001514
-001572
-001339
-000583
0000640
0002095
0003609
0004598
0004831
0003900
0001280
-001281
-000699
0001746
0002852
0002503
0001106
-000117
0000931
0003026
0003201
0002095
0002037
0002386
0001571
0000814
0002619
0005122
0004773
0002444
0000523
-000117
0001280
0003201
0002386
0000116
-000583
-000059
0000174
-000117
-001456
-002620
-001747
0000232
0000931
0000582
0000174
0000407
0002735
0005238
0004074
0001106
0000931
0001862
-000699
-004075
-002969
0000756
0002444
0002328
0002386
0002503
0002794
0002735
0001571
-000117
-001398
-001747
-000932
0000698
0002794
0003550
0000291
-003610
-002154
0003318
0009139
0012049
0008440
0001571
-001456
-001048
-000757
-000524
0000291
0001280
0001920
0001804
0000465
-001339
-002445
-002795
-003027
-003260
-003901
-004308
-003377
-001398
0001164
0003026
0002677
0000756
-001281
-002271
-000699
0001164
-001165
-005239
-005763
-003668
-002445
-001805
-000059
0001746
0001688
0001222
0004074
0007334
0005530
0001164
-000059
0001047
0000756
0000407
0003201
0006403
0004831
0000756
-000059
0001047
0000116
-001805
-002038
-001107
-000641
-000757
-001281
-002038
-002736
-002969
-002329
-001339
-000815
-000408
0001280
0002910
0002328
0000465
-000874
-001223
-000583
0000116
-001281
-002911
-001165
0001804
0001222
-000990
-000117
0002735
0004889
0005006
0001920
-002038
-002213
-000292
-001048
-003319
-004716
-003842
0001338
0007043
0007043
0002328
-003726
-006869
-001048
0008265
0010303
0005879
0000349
-003842
-003784
-000932
0000523
0000058
-002329
-004308
-001514
0003318
0004307
0002561
0002212
0001920
-001339
-005472
-006578
-005065
-003144
-001456
-000524
-000350
0000058
0000465
0000640
0000873
0001920
0003492
0005297
0006170
0004016
0000931
0000756
0002561
0003841
0003783
0001920
-000350
-000524
0000814
0001804
0002153
0001455
0001106
0003667
0006519
0004249
-000466
-001747
-000175
0001455
0001804
-001281
-005181
-005065
-002096
-000233
0000407
0000640
0000582
0000698
0000291
-001747
-004017
-003959
-002445
-002154
-002562
-001805
-000699
-000874
-001514
-001223
0000116
0002444
0004191
0002968
0000349
-000350
0000989
0003026
0004715
0004482
0003376
0004074
0005762
0006403
0005355
0001862
-001747
-001514
0000756
0000640
-001107
-002154
-002213
-001398
-000408
-000466
-001921
-005239
-008034
-006345
-002213
-000408
-000874
-002096
-003027
-001805
-000175
-002213
-005647
-006054
-003551
0000465
0003550
0002328
-001398
-003435
-002853
0000640
0004249
0002794
-000757
0000582
0004365
0004831
0002561
-000059
-001747
-000757
0001222
0000465
-001048
0001338
0005006
0004249
0001513
0002852
0006170
0006577
0004191
0000232
-003319
-003668
-001921
-001048
-000990
-000117
0000756
-000059
-001048
0000931
0003725
0003143
0000291
-001107
-001689
-004250
-006287
-003377
0001746
0003376
0002503
0002852
0003434
0001804
-000583
-001048
-000175
-000175
-000292
0001280
0003259
0003143
0001804
0001746
0002328
0001513
0000523
0001688
0003900
0004889
0004132
0000989
-001921
0000116
0004249
0003841
0001164
0002794
0005006
-000466
-008325
-008266
-002329
0003201
0004889
-001165
-009372
-008790
-002271
0001746
0002852
0004074
0002794
-005822
-014088
-008383
0004074
0006752
0002037
-000175
-000699
-003435
-005763
-003144
0001280
0001047
-002038
-002969
-002445
-003610
-004657
-001863
0001979
0001164
-001747
-000990
0002444
0005413
0006694
0004947
0002037
0001571
0002677
0002095
0000873
0001629
0002910
0001455
-001223
-002213
-001398
0000058
0001979
0004249
0005355
0003143
-000757
-003027
-003086
-001107
0000931
-000641
-003842
-004250
-002678
-001921
-001456
0000232
0002386
0004132
0004715
0003492
0001629
0001571
0002270
0001222
-000699
-001689
-001398
0000058
0001920
0002735
0002444
0001629
0000698
0000756
0001164
0000116
-000815
0001688
0004715
0002735
-001689
-002213
-000641
-002038
-004832
-006113
-004716
0000873
0006228
0003958
-002736
-006113
-006113
-005414
-004425
-004017
-004308
-005356
-005822
-003319
0000232
0000873
-000408
-000990
-000583
0000756
0001688
-000117
-003319
-005356
-005007
-000932
0004074
0005122
0003376
0002852
0003026
0001571
0000116
0001688
0004074
0003026
-000292
-002678
-003493
-003144
-001572
0001164
0003434
0003085
0001222
0000698
0000640
-001456
-004133
-004716
-004017
-004308
-005123
-005123
-004599
-004483
-004192
-002678
-000990
-001223
-002562
-002736
-002329
-003027
-003551
-001048
0002037
0000873
-002387
-002329
-000175
0000523
0000116
0000000
0000640
0002735
0004656
0003550
0000873
-000641
-000117
0002910
0006170
0005995
0003376
0001571
0000465
-001689
-003027
-000641
0003259
0004249
0002677
0001222
-000233
-003202
-005356
-002620
0001746
0001280
-002387
-005007
-005123
-001456
0002153
-001630
-008849
-011061
-008558
-005065
-002329
-002504
-004366
-005007
-003260
0001979
0007916
0010710
0008673
0000873
-007160
-006345
0000291
0003958
0004249
0003841
0002270
-002038
-005298
-001456
0004715
0003434
-002096
-003144
-000757
0000814
0001280
0001164
0000640
0000465
0000640
0000989
0000873
-000815
-002795
-002387
-001048
-002329
-004308
-002678
0000582
0000989
-000408
-000408
0000349
0000291
-000757
-002911
-004890
-004599
-002678
-001165
-000117
0000814
0001513
0002735
0003085
0000174
-003260
-001863
0001804
0001862
-000932
-003784
-005239
-003668
-000408
0001513
0002153
0002910
0003259
0001862
-000175
-001107
-000641
0001047
0001979
-001223
-005589
-004832
-001456
-001863
-004541
-005822
-005007
-001398
0002503
0002852
0000174
-002853
-004948
-005123
-003260
0000349
0003376
0002852
0000174
-000815
0000407
0004307
0007625
0004482
-001572
-002154
0000349
-000524
-003144
-003202
-001514
-000350
0000116
0000698
0000756
-000466
-001747
-001281
0001106
0005238
0008382
0006344
0002212
0002677
0005879
0007043
0005122
-000466
-006171
-006054
-001572
0002677
0004831
0003434
0000582
0001106
0003725
0004889
0004249
0002386
-000059
-001921
-002853
-002853
-002329
-002096
-001689
-000292
0001688
0003841
0005006
0003900
0002095
0002968
0005122
0004831
0003550
0005122
0007683
0007218
0004773
0002794
0001629
0001338
0001106
-000874
-002620
-000466
0003667
0005646
0005297
0003667
0001862
0001688
0002328
0001688
0000232
-001339
-002271
-002096
-001048
-000059
0000291
-000466
-002271
-005298
-007102
-004017
0001047
0001804
0000058
0001106
0003609
0003958
0002561
0000465
-000874
0000465
0002328
-000059
-004308
-004948
-002969
-002096
-001281
0002503
0006228
0005238
0001106
-002038
-002387
0001280
0007043
0012049
0012631
0004365
-006113
-006695
-000175
0004249
0005413
0004482
0001979
-000583
-002387
-003493
-003435
-001863
-000233
-000699
-001863
-000524
0002095
0002968
0002328
0001804
0001280
0000407
-000233
-000059
0000756
0002153
0003318
0002852
0001746
0002328
0003609
0003259
0002153
0002444
0003550
0004016
0003725
0003318
0002619
0001629
0000756
0000465
0000698
0001397
0001746
0000582
-001223
-001747
-001107
0000349
0001629
0001513
0000349
-000757
-001514
-002271
-002271
-000466
0001164
-001048
-004425
-003435
0000465
0003259
0004249
0003725
0002270
0000989
0000523
0001164
0002328
0002503
0001979
0001688
0001455
0000989
0000349
-000233
-000175
0001280
0003376
0004947
0005355
0004482
0003026
0002561
0002270
-000117
-002969
-003551
-002096
-000233
0001338
0002212
0001920
0000291
-001514
-001514
-000466
-000699
-001339
-000233
0001338
0000640
-000874
0000232
0002328
0001397
-000699
-000292
0001979
0004249
0005064
0002561
-000757
-000117
0002735
0003259
0002153
0002270
0002852
0001746
0000407
0001862
0004598
0005238
0004540
0005355
0006519
0005471
0003434
0003026
0003318
0001513
-000699
-000059
0002328
0003434
0003259
0002677
0001164
-003202
-006695
-003144
0003026
0002503
-001805
-001514
0001338
0001455
-000117
-000699
0000232
0002968
0005297
0003609
-000408
-002271
-002038
-001572
-000815
0000291
0001455
0002735
0003318
0001862
0000116
0001571
0004132
0003492
0000931
0000116
0000407
-000408
-001281
-000292
0001629
0002212
0001746
0001862
0002037
0001338
0000232
-000350
-000233
0000640
0001280
0000291
-001921
-004017
-005065
-004250
-001747
0002444
0005355
0002910
-002853
-008150
-009140
-001572
0009022
0012922
0008848
-000932
-011235
-014728
-011410
-004890
0000989
0001280
-002096
-003086
-001921
-000466
0000407
-000757
-002795
-003551
-002911
-001572
0000000
0001106
0001920
0003026
0004074
0004307
0004191
0004598
0004947
0003958
0002328
0001571
0001688
0001979
0002677
0004773
0006694
0005588
0002794
0001106
0001222
0003725
0005704
0001979
-004308
-006229
-004832
-004716
-005123
-004133
-002620
-002213
-002504
-002329
-001689
-000815
0000116
0000756
0001222
0002153
0002794
0002095
0000814
0000465
0000989
0001688
0002212
0002095
0001513
0001047
0000989
0001629
0002153
0000582
-001048
0001862
0005064
-000059
-007859
-006695
-000059
0002503
0001746
0001629
0002095
0002968
0003492
0001920
-000117
0000116
0001746
0002386
0002095
0001920
0001106
-001805
-004483
-002911
0000582
0000814
-001398
-003202
-003959
-003377
-001572
0001222
0003201
0001397
-001630
-000466
0002735
0002444
0000407
0000989
0002735
0002212
0000756
0001746
0003550
0002968
0000814
-000990
-001048
0002328
0006519
0006985
0004249
0001222
-000699
-000466
0001455
0003318
0004424
0004424
0003259
0001513
-000350
-001980
-002911
-003202
-002445
-000408
0001513
0001397
-000699
-004017
-006695
-006345
-004075
-003435
-003435
-001165
0001397
0000116
-002678
-001805
0001397
0003434
0003783
0002561
0000698
0000349
0000640
-000641
-002329
-001980
-000233
0001106
0001513
0000756
-000583
-001339
-000990
0000989
0002968
0002212
-000233
-001223
-001339
-002795
-004250
-002969
-000874
-002154
-004483
-001980
0001862
-000233
-005123
-005472
-002329
0000931
0001280
-006404
-015252
-012749
-002969
0003725
0004482
-001689
-009896
-011410
-006345
0001571
0008265
0009080
0004132
-004133
-010129
-005938
0003434
0006461
0004074
0002212
0000582
-002853
-005065
-000757
0005413
0003841
-001805
-001747
0001280
-000699
-004075
-000990
0004191
0001920
-004192
-005181
-002678
-001980
-002969
-004075
-004948
-005239
-004890
-003959
-003027
-002736
-003027
-003784
-004250
-002911
-001223
-002038
-003901
-003610
-001689
-000117
0000931
0002561
0003201
0000523
-003027
-002736
0000116
0001804
0001979
0001746
0000756
-001805
-003959
-002445
0000640
0000931
-000874
-001572
-001456
-001689
-001805
-001281
-000233
0001804
0002910
0000058
-003959
-003726
-000932
-000233
-001339
-002562
-003086
-001805
0000058
0000058
-001339
-002445
-003144
-003959
-004075
-002096
0000582
0001746
0000989
-000990
-003086
-003668
-002504
0000116
0002619
0003201
0001920
-000524
-001805
0001280
0006053
0007451
0005355
0001746
-001630
-002096
-000583
-000292
-000641
0000232
0001513
0001862
0001222
0000407
-000990
-003784
-006054
-005239
-001747
0002910
0005704
0002561
-003027
-003726
-000524
0002153
0003492
0003492
0002037
-000699
-003435
-004774
-004308
-002387
-000175
0000407
-000408
-001223
-001689
-001863
-001223
0000873
0002735
0001513
-000932
-000583
0001455
0001804
0001397
0002503
0004249
0005064
0004249
0001222
-001980
-001456
0000523
-001456
-004716
-003086
0000756
0000582
-002154
-003202
-003086
-004192
-005531
-005065
-003784
-004133
-004948
-003959
-001689
0000640
0001688
-000350
-003668
-004832
-003959
-002620
-001339
-000641
-000408
0000058
0000349
-000408
-001339
-000990
0000232
0001397
0001164
-002562
-007160
-008558
-006462
-001572
0002677
0000989
-003435
-003842
-000233
0005297
0009721
0009197
0004074
-004017
-010304
-008034
-001048
0001280
-000233
-000583
-000932
-004657
-008208
-005239
0000291
-000292
-004366
-004832
-002329
0001047
0002794
-000524
-005938
-007277
-005414
-004366
-003610
-001107
0001571
0002444
0001047
-002504
-006229
-007626
-005763
-000292
0005588
0006927
0004132
-000233
-003901
-004017
-001689
-000466
-000350
0000407
0000931
-000350
-002504
-003610
-004308
-007219
-009314
-005065
0001746
0003143
0000698
-000059
0000640
0001280
0001222
-000699
-002736
-001630
0000640
-000641
-003027
-000641
0003492
0003143
-000466
-003668
-004948
-003027
0000582
0002852
0003376
0002968
0002153
0001920
0001513
-001339
-004425
-003784
-001107
-000408
-001165
-000757
-000175
-001747
-003842
-003435
-000932
0002095
0004191
0003725
0001222
-001689
-003144
-000757
0002852
0002212
-001281
-003435
-003551
-001281
0001280
0000407
-002853
-005763
-006811
-004657
-001107
0000291
-000699
-003202
-005239
-003319
0000116
-000175
-002795
-003610
-002969
-002620
-002736
-003784
-004483
-003202
-000524
0002212
0003550
0001920
-000524
0000756
0003550
0002503
-000466
-001107
0000523
0003259
0005471
0005064
0002794
0001222
0000291
-001281
-002329
-001165
0000873
0000989
-000233
-000815
-000466
0000582
0001804
0002212
0001804
0001455
0000931
0000058
-000874
-001921
-001805
0001804
0005937
0005064
0001106
-000815
-001107
-002213
-003027
-001048
0001571
0000756
-002154
-003260
-002678
-002154
-001165
0001571
0003783
0001804
-002445
-005065
-004890
-001747
0002212
0003085
0001688
0000814
0001164
0004132
0005995
-000175
-008383
-007102
0000523
0006112
0007043
0001629
-005705
-007335
-003377
0002794
0007916
0008149
0002968
-007510
-015252
-007626
0006636
0008382
0001688
0000756
0002677
-000524
-005822
-007102
-004832
-001223
0001513
0000291
-002911
-004017
-002387
0001979
0005995
0004598
0000640
0000989
0004132
0005355
0004773
0003550
0002444
0002444
0002968
0002619
0001746
0001571
0001804
0001455
0000756
-000292
-000408
0002503
0006228
0006985
0005413
0004016
0002794
0000931
-000641
-000699
0000116
-000059
-000466
0001222
0002968
0000989
-002504
-002562
0000058
0003492
0004947
0000523
-005647
-005472
-000815
0002852
0004249
0003376
0001280
0000407
0000931
0001979
0002735
0001397
-000524
0000000
0001688
0001629
0000640
0001338
0002386
0000582
-001921
-000583
0002328
0001280
-001048
0001455
0005995
0006577
0003841
0000640
-001689
-001921
-000583
0000756
0001629
0001746
0000931
-000641
-002678
-004657
-005531
-004075
-001456
0000349
0000582
-001689
-004017
-001805
0002153
0001920
-001456
-004541
-005938
-004657
-001747
-000059
0000523
0001455
0002037
0001571
-000175
-003901
-006462
-003202
0003085
0005937
0005413
0003725
0001804
0000582
0000756
0002677
0004598
0003609
0000640
-001456
-002096
-001165
0000291
0000465
-000175
-000117
0000407
0000640
0000349
-000699
-001689
-001165
0000349
0001746
0001746
-001921
-005822
-003377
0001513
0000116
-004483
-004425
-001630
-001398
-002562
-001863
0000058
0001513
0001804
0000232
-001980
-002154
-000990
-000874
-000990
0000640
0002503
0001106
-001398
-000175
0002735
0002386
0000523
0002095
0004307
0001571
-003493
-005007
-003842
-003610
-003668
-002213
0000291
0003492
0004889
0001106
-004774
-006695
-004832
-001165
0001222
-002853
-008674
-007102
-000408
0004831
0006927
0006170
0002619
-003435
-007335
-002038
0007218
0009255
0005937
0005006
0004947
0001455
-002504
-001398
0002153
0001455
-000932
0001862
0005937
0002735
-003260
-002213
0002794
0003376
0001164
0000931
0001746
0000989
-000059
0000698
0003026
0005821
0007392
0005297
0001338
-000408
-000117
0000116
0000523
0001920
0002794
0000814
-002445
-004017
-003842
-003319
-002620
-002271
-001456
0002212
0005588
0003143
-002096
-003202
-001456
-001689
-002620
-001456
0000756
0001629
0001397
0001222
0001338
0001979
0002444
0001338
-000350
-001048
-000233
0002212
0004715
0004889
0002852
-000059
-002445
-002736
-001514
-000699
-000641
-001456
-002736
-004017
-004133
-001456
0001688
0000989
-002387
-005181
-006171
-004250
-001630
-002853
-005531
-004192
-000466
0001513
0001688
0001455
0000989
0000640
0000349
-000583
-001223
-000117
0001920
0002561
0002735
0005064
0006985
0004424
-000641
-003901
-004133
-000874
0002968
0002095
-001747
-003842
-003377
-000815
0001920
0000989
-002096
-003377
-003144
-003144
-003726
-005705
-007568
-006869
-004192
-001223
0001164
0002794
0003085
0001688
-000466
-001980
-002213
-001165
0000465
0001513
0001513
0000232
-001165
-000699
0000814
0001397
0000989
0000232
-000292
0000349
0001222
-000117
-002154
-001223
0000232
-002853
-007102
-005472
-000466
0001688
0001397
0001222
0001280
0002037
0002270
-000292
-003551
-003551
-001630
-001805
-002911
-002038
-000292
-000408
-001223
0000174
0002095
0000582
-002620
-003551
-002504
-001048
0000000
-000583
-001863
-001630
-000990
-002736
-004832
-002213
0000756
-005414
-013738
-010304
0000000
0005704
0005180
-000699
-006695
-003377
0005064
0008673
0007043
0003550
-001398
-008732
-012399
-003319
0010186
0011234
0003667
0000232
-000117
-003319
-005938
-002038
0004365
0005704
0002503
-002213
-005356
-003027
0002212
0004598
0004016
0002794
0000873
-002562
-004948
-002329
0001862
0000756
-003668
-006054
-005996
-005007
-002969
0000465
0003201
0001804
-001398
-000990
0001164
-000233
-003086
-002969
-000990
-000292
-000466
0000523
0001397
-000466
-003260
-003668
-002038
-000175
0001047
0000523
-001107
-002504
-002853
-000874
0001571
0000814
-001398
-000757
0001746
0003609
0003958
0002095
-000699
-002038
-001805
-000524
0000756
0000407
-000932
-001630
-001514
-000815
0000000
0000582
0000291
-001281
-003027
-002795
-001398
-000815
-000874
-000641
-000641
-002038
-003551
-002969
-001048
0000058
0000232
-000059
-000699
-001398
-001980
-003144
-003551
-001165
0001979
0001862
-000233
-000990
-000233
0001397
0002910
0002794
0001106
-001107
-003551
-006404
-007743
-005007
-000524
0000756
-000466
-001398
-001980
-002736
-003959
-006637
-008790
-007335
-003784
-001921
-002213
-004192
-006287
-006054
-003668
-000059
0002852
0002735
0000756
0000291
0000814
-000059
-001223
-000175
0001397
0000000
-002154
-000408
0003143
0003434
0001746
0002037
0002968
0001571
-001223
-003202
-003668
-002154
-000233
-000815
-002562
-001689
0000058
-001398
-004075
-003668
-001339
-000408
-000117
0001979
0003958
0001920
-001339
-000175
0003026
0002328
-000874
-002795
-002736
-000408
0002153
0000989
-002213
-003435
-002678
-001339
0000000
0001164
0000873
-003260
-007102
-003144
0004191
0006053
0002037
-006113
-012865
-009605
-000815
0002561
0000640
-002445
-004774
-004017
-000059
0005879
0010827
0011409
0007101
-001747
-009256
-006404
0001455
0000989
-004017
-003144
0000873
0000756
-001747
-001630
-000466
-002213
-004366
-001805
0003085
0005238
0004598
0002735
0000814
0000465
0001164
0000814
0000523
0002910
0005704
0004656
0001397
-000292
0000058
0001455
0003318
0004947
0005471
0003841
0001746
0002619
0004889
0004889
0003085
0001280
0000058
-000059
0000291
0000000
-000990
-002154
-002795
-001980
-000699
-001514
-002853
-001223
0001746
0003026
0002212
-000292
-002387
-000466
0003259
0003609
0001688
0001047
0001280
0000698
-000408
-002038
-002562
0000931
0005413
0005471
0002328
0000000
-000874
-000699
0000582
0003259
0005122
0002677
-001398
-001107
0001920
0003201
0002794
0001746
0001047
0002153
0004424
0006636
0007159
0004191
-000350
-002562
-002504
-001398
-000874
-003551
-006753
-004890
-000466
0000873
-000117
-000466
-000292
-000350
-000699
-001572
-002620
-003435
-003319
-001048
0001222
-000059
-003202
-004250
-002911
0000174
0002852
0001164
-002096
-000874
0002444
0001804
-001048
-001398
-000408
-001689
-003610
-002795
-000815
-001398
-002853
-001747
0001222
0004191
0005413
0002852
-001165
-001921
0000232
0003026
0005006
0004307
0002270
0001920
0002735
0002794
0002270
0002386
0002153
-000466
-003260
-002504
0000232
0001338
0000640
-001048
-002853
-003551
-002911
-001398
0000407
0002153
0002852
0001688
-000524
-001805
-001805
-000292
0001571
0002212
0001746
0001222
0000814
0000523
0000756
0002212
0004074
0005471
0005355
0002386
-001456
-003027
-002271
-000932
0000756
0003026
0004249
0002794
-000990
-006287
-009256
-004425
0004016
0007974
0006112
-001339
-008383
-004948
0004482
0009197
0007974
0002968
-003260
-007044
-006520
-000466
0006344
0005704
0000582
-001107
0000174
0001397
0002153
0002561
0002153
0000698
-000699
-000292
0001455
0003201
0004074
0003085
0001222
0000523
0000931
0001513
0002095
0002386
0002037
0000291
-001747
-002387
-001398
0001164
0003376
0001979
-001048
-001165
0000349
-000175
-001456
-000524
0001397
0001979
0000873
-001805
-004308
-003901
-001572
-000059
-000059
-001980
-004075
-003319
-000641
0001047
0001688
0001804
0001804
0002794
0003550
0001629
-001281
-002096
-000350
0004132
0007916
0005762
0000174
-002678
-002154
0001164
0004947
0005471
0003725
0002794
0002910
0003725
0004249
0003026
0000873
0000116
-000350
-003319
-006753
-007102
-004716
-001339
0001164
0000523
-001921
-002911
-002096
-000059
0001629
0000407
-002504
-004192
-004425
-004250
-003202
-000466
0002212
0002212
0000523
-000117
0000349
0000931
0001338
0000989
0000291
0000523
0000698
-001048
-002678
-000292
0003492
0003085
0000174
-000699
0000058
0000407
0000407
0000814
0001106
0000931
0000174
-000990
-002445
-004192
-005181
-003901
-001514
-000699
-001339
-002154
-002911
-003610
-003842
-003377
-002387
-001048
-000233
-001689
-003260
-001048
0002619
0002968
0000523
-002387
-004075
-002213
0001397
0003026
0002561
0001397
0000465
0001280
0003026
0003550
0003434
0004424
0005879
0006810
0006403
0003492
0000174
-000117
0001979
0004016
0005297
0005588
0004598
0002270
0000407
0002444
0005355
0002735
-002387
-002795
-000815
-002795
-005938
-004017
-000059
-001048
-004832
-006113
-005007
-003319
-001281
0002095
0003667
-001456
-008558
-008732
-003493
0002153
0004831
0000582
-006520
-008150
-004308
0002037
0007916
0009721
0006927
0000523
-005589
-005880
-001630
0002561
0005122
0005238
0003492
0001862
0001047
0001746
0002852
0002153
0000814
0001571
0002968
0001979
-000175
-000641
-000117
-000583
-001398
-001107
-000233
0000174
-000408
-002736
-004774
-003260
0000349
0002270
0002503
0002444
0002270
0002503
0002677
0001746
0000465
0000349
0000814
0000232
-000641
-000233
0000814
0001338
0001222
0000814
0000174
-000699
-001223
-000292
0001106
0000756
-000641
-001223
-001456
-002911
-004133
-002387
0000465
0000523
-001339
-002969
-003551
-002445
-000699
-000815
-001747
-000408
0001338
-000292
-003377
-003493
-002213
-003901
-006637
-005996
-003493
-002678
-002853
-001281
0000523
-000175
-002096
-002445
-001281
0000465
0001571
0000116
-001980
-000583
0002619
0003783
0003201
0002619
0002386
0002910
0003318
0001862
-000117
0000756
0002503
0000640
-002387
-001339
0001629
0001280
-001223
-002620
-002853
-002969
-002969
-002795
-002853
-004017
-005356
-005356
-004541
-004192
-004250
-004599
-004599
-002911
-001223
-002795
-005647
-005705
-004075
-004425
-005123
-002213
0001455
0000232
-002969
-001339
0002735
0003492
0001746
0000407
0000174
0001397
0003143
0003143
0002386
0003085
0005180
0008498
0010536
0007159
0000931
-002911
-003319
-000699
0002677
0002619
0000174
-001398
-001689
-000757
0000291
-000641
-002562
-003027
-001980
0000291
0002270
0001629
-000350
-000408
0000174
-002154
-005356
-005414
-003086
-001165
-000233
-000641
-001514
-001048
0000349
0001571
0002503
0003725
0003900
0000465
-003493
-002271
0001746
0002794
0001862
0003259
0004598
0000873
-003959
-001980
0003434
0004889
0001746
-005239
-011468
-010362
-003086
0006053
0012340
0010943
0003143
-006869
-013156
-008034
0002212
0003492
-001223
-001921
-000466
-002504
-005880
-006345
-004599
-003668
-002969
-000524
0001862
0000931
-001630
-001980
-000408
0001222
0002270
0002386
0001862
0001629
0001688
0002153
0001979
-001165
-004308
-001805
0002910
0002328
-001107
-000815
0001571
0001688
-000059
-002329
-003551
-001339
0001920
0001106
-001921
-002154
-000699
-000583
-001107
-000408
0000465
-001048
-003551
-004425
-004192
-005123
-005938
-003668
-000408
-000059
-001689
-002038
-001805
-003260
-004657
-003260
-000350
0001047
0000756
-000350
-001398
-000815
0000465
0000407
-000583
-001572
-001689
0000174
0002444
0001804
-000233
-000233
0000931
0000523
-000874
-001863
-002504
-003726
-004425
-002969
-000466
0000873
0000814
-000233
-001398
-001223
-000233
0000232
0000058
-000466
-001048
-001281
-000524
0002212
0004598
0002444
-002271
-005065
-005298
-003610
-001165
0000232
0000174
-000874
-002154
-002271
-001223
0000349
0002503
0006228
0008731
0005530
-000292
-002213
-000583
0001920
0003841
0003492
0001688
0000756
0000582
0000349
-000117
-001048
-001689
-000990
0000349
0000756
0000349
-000059
0000232
0002153
0004715
0006577
0006170
0001571
-003901
-004250
-001048
0000814
0000582
-001572
-004366
-005589
-005239
-004657
-003959
-003377
-003144
-003668
-004017
-002271
0000000
-000699
-002736
-002562
-000815
0000582
0001047
0000407
-000524
0000291
0001804
0002270
0001338
-001107
-002795
0000174
0004831
0005180
0002386
0000582
-000175
-001689
-001980
0002270
0007218
0005704
0000698
-000699
0001222
0004540
0005588
-001980
-011293
-009198
-000117
0005122
0004482
-001689
-009023
-010246
-005531
0001804
0007974
0008557
0003492
-005822
-013098
-008907
0000814
0002212
-001805
-001921
0000931
0003318
0004191
0002677
-000059
-001630
-001281
0001047
0003900
0004540
0003725
0004191
0004656
0002095
-001048
0000174
0003841
0005413
0004715
0002910
0000931
-000059
-000233
-001048
-001805
-001456
-000292
0001047
0001746
0000582
-001048
-000292
0001746
0002153
0001280
0000407
-000175
-000350
-000350
-001165
-002271
-002795
-002795
-002562
-002213
-002038
-001630
-000059
0001513
0001164
-000175
-000059
0000931
0001338
0001280
0001688
0001920
0000349
-001107
0001106
0004715
0004656
0002444
0002910
0004249
0002386
-000699
-000874
0000931
0002212
0001746
-001863
-005763
-004948
-001572
-001281
-002678
-001980
-000233
-000117
-000641
0000582
0002270
0002212
0000640
-001165
-002154
-000757
0001688
0002212
0001455
0001920
0002328
-000466
-003202
0000058
0005937
0006985
0004715
0004831
0005762
0003841
0001455
0003667
0007625
0007043
0004074
0004540
0006461
0005064
0001979
0000931
0001280
0000349
-000699
0000582
0002386
0001280
-001456
-002853
-002387
-000641
0001513
0002968
0002852
0000873
-002329
-005705
-007335
-004657
-000350
0000116
-002154
-003610
-003784
-002678
-000932
0000232
0000407
-000815
-001514
0001979
0006286
0005006
0000640
-000117
0001629
0002619
0002444
0001164
0000174
0002037
0005122
0006112
0004656
0000756
-002853
-001921
0001106
0000232
-002795
-003959
-002562
0001513
0005588
0005180
0001804
-000350
-000757
0000174
0001106
-000408
-002969
-003377
-002271
-001805
-002154
-003144
-003726
-002096
0000814
0003667
0004656
0002095
-002387
-005763
-006287
-002329
0002561
0002095
-002562
-007917
-009955
-003202
0006927
0010245
0006636
-000757
-006986
-004890
0002037
0004889
0004016
0002968
0002153
0001571
0001513
0002037
0002677
0002910
0002503
0001571
0000291
-001165
-001863
-000233
0001979
0001862
-000233
-002736
-004483
-003901
-002038
-001339
-001514
-001281
-000815
-000932
-000641
0001862
0004249
0002095
-002213
-002969
-001339
-001048
-001514
-000583
0000582
-000466
-001805
0000407
0003841
0003550
0001280
0001746
0003376
0002212
0000116
0001106
0003259
0002444
-000292
-002154
-002562
-001630
-000175
-000117
-000524
0001571
0003725
0001397
-003202
-005007
-004366
-003959
-003260
-000990
0001455
0001804
0000640
0000116
0000232
0000349
0000814
0002503
0003900
0002619
-000350
-002736
-003842
-003493
-002445
-002445
-002562
-000175
0002677
0001979
-000233
0001047
0003725
0002794
0000116
0000232
0001979
0002503
0001571
-000233
-001863
-001398
0000349
0001397
0001455
0000756
0000058
0001106
0002735
0002212
0000465
-000117
-000233
-001921
-003901
-003551
-001980
-001805
-002853
-003901
-004599
-004366
-003435
-002271
-001747
-003726
-005472
-001398
0004249
0002968
-002329
-004192
-002853
-000408
0001280
-000641
-003610
-002271
0001513
0003376
0002561
-001281
-004017
0001862
0010128
0008091
-000175
-003726
-002620
-000233
0002153
0002968
0002212
0001106
-000175
-002038
-003086
-001456
0001571
0003725
0003492
-000641
-005938
-007568
-005647
-002620
0000291
0001571
0001455
0001397
0001338
0001164
0000873
0000291
-000408
-001165
-001456
-000932
0000232
0001629
0002386
0001338
-000583
-001514
-001223
-000408
0000465
0000465
0000174
0001222
0002037
-000408
-004133
-005705
-004483
-000466
0002910
0000232
-005531
-007859
-005880
-000641
0005297
0008848
0007974
0001047
-007044
-007917
-003260
0000756
0002794
0002852
0001338
-000408
-001165
0000873
0003259
0000931
-003319
-003319
-000815
-001165
-002504
-000292
0002852
0001280
-002154
-000815
0003026
0003841
0002444
0001804
0002328
0004365
0006752
0007625
0006228
0001746
-002562
-001339
0002677
0002794
0000582
0000756
0002444
0002735
0002561
0004307
0006228
0005297
0002270
-000757
-002445
-001514
0000582
0000582
-000990
-002213
-002562
-001630
-000408
-001048
-002562
-002795
-001980
-001165
-000932
-002213
-003202
-000583
0003376
0004365
0002328
-001456
-004366
-002445
0001746
0002270
0000582
0000931
0002503
0003259
0002677
0000291
-002271
-002329
-001107
-001863
-003435
-002853
-001107
-000408
-000583
-000350
-000117
-000757
-001339
-000175
0001397
0000349
-001980
-002038
-001048
-002213
-004017
-003202
-000874
0000000
-000350
-001107
-001456
0000407
0002270
0000174
-003959
-005705
-004948
-002853
-000699
-000292
-001048
-001048
-000641
-000932
-001456
-001456
-001165
-001514
-001980
-001630
-001107
-002271
-003086
0000756
0005762
0005530
0001513
-001514
-002795
-002620
-001572
-001223
-001223
-000292
0000931
0001455
0000931
-000874
-003086
-004308
-004366
-004192
-003493
-001398
0000174
-002562
-006345
-004425
0000116
0000407
-002271
-003435
-003027
-002096
-000699
0001222
0002212
0000465
-002562
-003784
-002678
0000523
0003958
0004656
0003143
0001571
0000465
0000116
0000640
0001979
0003259
0003201
0002328
0002328
0002503
0001047
-000757
-000757
0000407
0000931
0000640
-000524
-001747
-000699
-000175
-005822
-012458
-010129
-002504
0001862
0001513
-003086
-008441
-008732
-004483
0000582
0004540
0006694
0004365
-006462
-017231
-013214
-000932
0003085
0000756
0000873
0001920
-000059
-003027
-003027
-001223
-000874
-001514
-001805
-001572
-000757
0000640
0002619
0004482
0005588
0005355
0003259
0001164
0002561
0005122
0003841
0000698
0000640
0002212
0001397
-000524
-000059
0001280
0000291
-002038
-003144
-002969
-002329
-001165
0001280
0002910
0000407
-003784
-004425
-002096
0000407
0002095
0001979
0000232
-002387
-004250
-003260
-001165
-002154
-004133
-002271
0001280
0001455
-000583
-001514
-001456
-001048
-000932
-002445
-003726
-001281
0002561
0002794
0000465
-000874
-001107
-001048
-000583
0000523
0001222
-000292
-002795
-003551
-002620
-000990
0000407
0000058
-001398
-002504
-002911
-002213
-001398
-002329
-004017
-004017
-003202
-003784
-004948
-004890
-003610
-001281
0000291
-001689
-004599
-002795
0000873
-000350
-003260
-000466
0004831
0005471
0002852
0001455
0001222
0000756
0000116
-001398
-002038
0001688
0005879
0003143
-002911
-003668
-000932
-000408
-001630
-002678
-002329
0001397
0005238
0002968
-002213
-002911
-000990
-002504
-005123
-003551
-000117
-000292
-002504
-002736
-001921
-002853
-004425
-004250
-002736
-001281
-000292
0000174
0000174
0000465
0000174
-002678
-005298
-002387
0002735
0002910
-000233
-001980
-001747
0000349
0002735
0003085
0001571
-000815
-002445
-001339
0001629
0003958
0004540
0002328
-000699
-000932
0001106
0003085
0003725
0001455
-002096
-003784
-003435
-002329
-001223
-001339
-002329
-003202
-003551
-003260
-002038
0001047
0003434
0001397
-003144
-005763
-005472
-001572
0002386
-000233
-005589
-005763
-001747
0002328
0004424
0002561
-001689
-005472
-005938
0000000
0007974
0010710
0007101
-002096
-010129
-006520
0003609
0007218
0004947
0001979
-000524
-001689
-000699
0003318
0006694
0003085
-003260
-003144
0000931
0001280
-000175
0002153
0005355
0003143
-001514
-002504
-000583
0000465
0000814
0001862
0002328
0000116
-003086
-004308
-003086
0000116
0003143
0002503
0000291
0001513
0004715
0006286
0005355
0001629
-002562
-003086
-000699
0001571
0002619
0001455
-000583
-000932
0000116
0000756
0001106
0001455
0001688
0001920
0001746
0000291
-001107
-000233
0001688
0001571
0000465
0000582
0001746
0003085
0003609
0001571
-001339
-001980
-000699
0000465
0001397
0002677
0003201
0001862
-000757
-003610
-005123
-003319
0000058
0001164
0000640
0000756
0001047
-000059
-001572
-001805
-001048
-000408
0000000
0000523
0000931
0001455
0001688
0001280
0000698
0000698
0001571
0003201
0004598
0004016
0002735
0003783
0005413
0003667
0000349
-000699
0000232
0001455
0002561
0003725
0003725
0000989
-002445
-003144
-001921
-001456
-001805
-002678
-003260
-001863
0000000
-000583
-002329
-001980
-000641
-001281
-002445
-000583
0001455
-002154
-007335
-005880
-000641
0000989
-000408
-001980
-002562
-000641
0001804
0000523
-002387
-001805
0000640
0000349
-001107
0000349
0002386
0000116
-003842
-003784
-000641
0002270
0003550
0001920
-000990
-001339
0000116
0000407
0000174
0000756
0001688
0001571
0000873
0001047
0001280
-000292
-002329
-002620
-001281
0000582
0001920
0001047
-000757
-000641
0000640
0000698
0000291
0001571
0002852
0000873
-002213
-001863
0000756
0002212
0002153
0000814
-000466
0000465
0002444
0002910
0001513
-002038
-004890
-002969
0001688
0004773
0004482
-000408
-005822
-004774
0001047
0006577
0008673
0004191
-004017
-010711
-012749
-007393
0000873
0003259
0001397
0002386
0003841
0000174
-004890
-004541
-000699
0000698
0000000
-000641
-001165
-002096
-002329
0000116
0002910
0001397
-001398
0000931
0005937
0008382
0007625
0004365
0000640
0000000
0001629
0002794
0002968
0001920
0001106
0003143
0006344
0007392
0006228
0003900
0001746
0001746
0002677
0000989
-001747
-002154
-001107
-001048
-001572
-001630
-001223
-000466
-000117
-001339
-003144
-003842
-003319
-001921
-000874
-002271
-004425
-003784
-001339
0000465
0000989
0000058
-001339
-001107
-000292
-001630
-003144
-000757
0003376
0004715
0003434
0000989
-000990
-000233
0001688
0000756
-001107
0000640
0004074
0004773
0003434
0002328
0002153
0003376
0004947
0004540
0002852
0002328
0001979
-000408
-003086
-002853
-001107
-001165
-002271
-001980
-001165
-002038
-003319
-002504
-000583
-000175
-001107
-002329
-002969
-001281
0000640
-001281
-004832
-005705
-003726
-000117
0003143
0003026
0000756
-000583
-000466
0000756
0002153
0001804
0000523
0000291
0000407
-000757
-002387
-002678
-001863
-001048
-000233
0000698
0001397
0001397
0000814
-000059
-000466
0000756
0002735
0004074
0004016
0002037
-000874
-003027
-003726
-002678
-001223
-001805
-003377
-003260
-001339
0002270
0005006
0003026
-001165
-002154
-000408
0001688
0002910
0001804
0000174
0001920
0005064
0004889
0002968
0003143
0004365
0003841
0002270
0001455
0000873
-001165
-002911
-001107
0002212
0002794
0001222
-000117
-000641
-000175
0001397
0004074
0006636
0007974
0006985
0002444
-002096
-000350
0003900
0001513
-003959
-003959
-000175
0002852
0003201
-001107
-006462
-006404
-001805
0003725
0007334
0006403
0001571
-005239
-009372
-004250
0004540
0004889
-000350
-001805
-000757
-001921
-003493
-001747
0001338
0001571
0000058
-000292
0000756
0002910
0005180
0006286
0005646
0003026
0000523
0001804
0004307
0002444
-001165
-000350
0002677
0002386
0000116
-000292
0000931
0002503
0003725
0003725
0002270
-000524
-003319
-004541
-003842
-001630
0001047
0002735
0002328
-001456
-005880
-005880
-003202
-003144
-004308
-002678
-000292
-001630
-004308
-002911
0000582
0001513
0000407
-000350
-000815
-002038
-002853
-001805
0000465
0002735
0004191
0004132
0003143
0003026
0002561
-000815
-005065
-006462
-005123
-002853
-000815
-000292
-001398
-003551
-004832
-002445
0001280
0001513
-001223
-004657
-006869
-005123
-001805
-002154
-004774
-005705
-005298
-005181
-004832
-003144
-001223
-000932
-001921
-003144
-003842
-003260
-002038
-001398
-001339
-001456
-001165
0000698
0002619
0001920
-000059
-000059
0000698
-001048
-003435
-002853
-000641
-000350
-001339
-001514
-000757
0000931
0002619
0003201
0002095
-001223
-004890
-005822
-004716
-004192
-004075
-003435
-002853
-003144
-004250
-005938
-006986
-005531
-003260
-004017
-006113
-005472
-003202
-002154
-002213
-002096
-002620
-005763
-008790
-006928
-002504
-001107
-001921
-001572
-000641
-000932
-000874
0003201
0007451
0004715
-001165
-001630
0001513
0002444
0001920
0002619
0003725
0003783
0002677
0000349
-001281
0000756
0004249
0004482
0002095
-000175
-001805
-002504
-002213
-000932
0000407
0000349
-000524
-000699
-000524
-000932
-001747
-002562
-003086
-003377
-003144
-001398
-000641
-005938
-012167
-009955
-001863
0005530
0008906
0005646
-000815
-003377
-001339
0003783
0008789
0009313
0005355
-001456
-006869
-004774
0001513
0003609
0002561
0003201
0003958
0000873
-002795
-000641
0003550
0001571
-003551
-004133
-001805
-001165
-002154
-003784
-004948
-003842
-001805
-001863
-003202
-003493
-003027
-002795
-002969
-003551
-003842
-002911
-001107
0000756
0001571
0000116
-002213
-002678
-001572
-000175
0000931
0000814
0000349
0001455
0002677
0000989
-001921
-002096
-000524
0000174
-000117
-000815
-001165
-000292
0001513
0003725
0004656
0001979
-002154
-003377
-002795
-004483
-006054
-002329
0002677
0000989
-003842
-003144
0000407
-000233
-003260
-004425
-003726
-002562
-001572
-001689
-002620
-003842
-004250
-002329
0000232
0000349
-001398
-003027
-003901
-003610
-002504
-001630
-000990
-000292
0000349
0000931
0001164
0000698
0000232
0001222
0002561
0001804
0000174
0000291
0001804
0002968
0003841
0005646
0006577
0003783
-000292
-000757
0001455
0003026
0003318
0001979
0000349
0001338
0003143
0001979
-001048
-002911
-003144
-001572
0000582
0001280
0000349
-001747
-003668
-003260
-001805
-002620
-003901
-001281
0002503
0001862
-001281
-002329
-001630
-001339
-000990
0000756
0002794
0003725
0003318
0001920
-000117
-002387
-003610
-002213
0000407
0001047
0000465
0000756
0001920
0003667
0005122
0005064
0003376
0000582
-002038
-002387
-001456
-001689
-002678
-002969
-002620
-001921
-001223
-001107
-000815
0001280
0003434
0002212
-000815
-002154
-001223
0002270
0005879
0005588
0002794
0001397
0001222
0000465
-000233
-000175
0000523
0001338
0002386
0004249
0005821
0004947
0003026
0002968
0003783
0002153
-000175
0000931
0002503
-002154
-008034
-005356
0002037
0005180
0003376
-002038
-006753
-004133
0003434
0009895
0012166
0008382
0000814
-006229
-009198
-004948
0001979
0002328
-001630
-002504
-000932
0000232
0000523
-000175
-001572
-003086
-003202
0000523
0005238
0005704
0003609
0004016
0005821
0005937
0004889
0004249
0004016
0003725
0003609
0004191
0004773
0004132
0002968
0002561
0003201
0005180
0006636
0004307
0000000
-002329
-002213
-000641
0001513
0002852
0002619
0000523
-001805
-001281
0000465
-000524
-002620
-001805
0000407
0000000
-001805
-001747
-000990
-002562
-004832
-004541
-002445
-000175
0000814
-001572
-004716
-003319
0000000
-000815
-003842
-004366
-002562
0000174
0002386
0001688
-000466
-000292
0001571
0003259
0003958
0003026
0001397
0000931
0001688
0003318
0004598
0003550
0001629
0002212
0003783
0002503
0000058
0000407
0001804
0000116
-002620
-001805
0000931
0001688
0000931
0000640
0000349
-001456
-003610
-004250
-003610
-002911
-002096
-000524
0000931
0000989
0000116
-000524
-000641
-000292
0000407
0000873
0000989
0000989
0000873
0000814
0001222
0002677
0004307
0004424
0003492
0002910
0002270
0000407
-001630
-002562
-001398
0003318
0007858
0006112
0000814
-001048
0000465
0003318
0005588
0003783
0000465
0001338
0003900
0002444
-001456
-004133
-004599
-002154
0001106
0001106
-001165
-002736
-002853
-000466
0001920
-000175
-004366
-005531
-003726
-001048
0001222
0001397
0000116
-000990
-000815
0001979
0005471
0005879
0003900
0002153
0000931
-000175
-000292
0001397
0003841
0005064
0005122
0004540
0004016
0005355
0006112
0001164
-005239
-005531
-001165
0002910
0004424
0000873
-004133
-002911
0000756
-002154
-007743
-006695
-002969
-005880
-011235
-009722
-004017
-000757
-001281
-006229
-010944
-007393
0001222
0007159
0008440
0005064
-000990
-006171
-007684
-003086
0004074
0006810
0005646
0004656
0003900
0002794
0002095
0003026
0003725
0001047
-002969
-004366
-002911
0000291
0003783
0005821
0005530
0002153
-001281
0000407
0004715
0005471
0003667
0003143
0002968
0000582
-001980
-001107
0001222
0000698
-001514
-002445
-002387
-003435
-004017
-001339
0002037
0000873
-002620
-002969
-001398
-001689
-002969
-003377
-002562
-000233
0001804
0000174
-002795
-002329
0000523
0002677
0003492
0002852
0001455
0000698
0000814
0001862
0003026
0003201
0002386
0000989
-000059
0000640
0002095
0001688
0000465
0000582
0001397
0001338
0000523
-000583
-001339
-001165
-000466
-001048
-001630
0000523
0003259
0002503
-000059
-000175
0000814
-000641
-003260
-004133
-003319
-002213
-000932
0000756
0001688
-000117
-002736
-002736
-000524
0001513
0003026
0003900
0003841
0002503
0000989
0001164
0002852
0005471
0007159
0005297
0001746
0000582
0001397
0002270
0002212
0000116
-002096
-001165
0001804
0003841
0004365
0003376
0001804
0001746
0002037
-000175
-003377
-005356
-004948
-000932
0003201
0001222
-003784
-004483
-002154
-001456
-001805
-001165
-000350
-001048
-002387
-002038
-001456
-003842
-006695
-005414
-001456
0001688
0002735
0000989
-001863
-002678
-001281
0001862
0004249
0001746
-002329
-000757
0003841
0004715
0002910
0002386
0002968
0003550
0004365
0006286
0007567
0005238
0001513
0001338
0003201
0002910
0001397
0001338
0002503
0003900
0004307
0001804
-001398
-001048
0001455
0002270
0001455
0000291
-000699
-000757
-000524
-001572
-002969
-002620
-001980
-004599
-007510
-005123
0000756
0006170
0007742
0001338
-007219
-007160
-000059
0007858
0013039
0013039
0007334
-003202
-011584
-006986
0003667
0004424
-001398
-002678
-001165
-002096
-004075
-003901
-002504
-002620
-002969
-000524
0002444
0001862
-000757
-001747
-000583
0002619
0005238
0002619
-002504
-004133
-002736
-001339
-000757
-002213
-004133
-003144
-000757
-000815
-001921
-000466
0001688
0000465
-002154
-001456
0000640
-000175
-002736
-004017
-003668
-002271
-000524
0000465
0000465
-000699
-001747
-000641
0001280
0000582
-000932
0001164
0004482
0004016
0000989
-000990
-001514
-000932
-000233
-001630
-003551
-003260
-000757
0003550
0006461
0003318
-003027
-006054
-005298
-002736
0000582
0002910
0003376
0001746
-000874
-002562
-002795
-001689
0000174
0001455
0001920
0001688
0001338
0001513
0002794
0005937
0008731
0007392
0003143
-000932
-003144
-002154
0000582
0001629
0001513
0002328
0003434
0003783
0003259
0002153
0001047
0000698
0001222
0002561
0003667
0002735
0000756
0000000
-000059
-001165
-002620
-002969
-002504
-001863
-001805
-003551
-005589
-004948
-003027
-003551
-005298
-005414
-004250
-003027
-001980
-000990
-000524
-000874
-001339
0000058
0001513
-000874
-004308
-003086
0000174
-000699
-003551
-002795
-000059
0000814
0000116
-000350
-000815
-002445
-003435
-001165
0002386
0002910
0001338
0000814
0000756
-000874
-002736
-002271
-000815
-001747
-003435
-002445
0000000
0001280
0001106
-000117
-001398
-001107
0000523
0002852
0004191
0002212
-001398
-003260
-003027
-001514
0000116
-000117
-001572
-002271
-002154
-001630
-000815
0000058
0000291
-000815
-002678
-004366
-004366
0000000
0004307
0000523
-006928
-008616
-004832
0000931
0005413
0004191
-000699
-004425
-004541
0001397
0009022
0010652
0006112
-001921
-009140
-009780
-005298
-001107
0001397
0002270
0001106
-001805
-004425
-003610
-000815
0000873
0000640
-001572
-003901
-002853
0000349
0003026
0003958
0002153
-000524
-000233
0001920
0002735
0002444
0001920
0001804
0002968
0004132
0002444
-000233
0000058
0002270
0003492
0003725
0004016
0003376
-000408
-004192
-002504
0001862
0002212
-000292
-001921
-001863
0000116
0002561
0002794
0000931
-002213
-004832
-004541
-002445
-001630
-001921
-001921
-001921
-002271
-002795
-003260
-003260
-002096
-000583
-000059
-000524
-001223
-001747
-001514
-000757
-000233
-000175
-000699
-001630
-002387
-002329
-000641
0002328
0006286
0008440
0004773
-001630
-004308
-003493
-002038
-000524
0000174
0000291
0001047
0001688
0001047
-000350
-001456
-001689
-000117
0001338
-001165
-005181
-005647
-003027
0000116
0002212
0001397
-001223
-002911
-003435
-003726
-003377
-001572
0000174
-000815
-002562
-000932
0002095
0001979
0000174
0000174
0001164
0000291
-000583
0002444
0006403
0005821
0002153
-000466
-001107
0000232
0002444
0003201
0002852
0003376
0003783
0002153
-000233
-000699
0000232
0001106
0001571
0001513
0000931
0000291
-000524
-002038
-003202
-002387
-000815
-001339
-002911
-002678
-001863
-003784
-006462
-005705
-003551
-004716
-007044
-005880
-002387
0000407
0001513
0000174
-001921
-001456
0000349
-000175
-001630
-000932
0000873
0000873
-000059
0000465
0001920
0003201
0004016
0004424
0004424
0004016
0003492
0003609
0003667
0002386
0000873
0001047
0002328
0002735
0002677
0003085
0003434
0002677
0000989
-000815
-002969
-006229
-009140
-009955
-007859
-001689
0003725
0000873
-006986
-012807
-012982
-004832
0006403
0011467
0008906
0000582
-008616
-011352
-007393
0000058
0006519
0005297
0000291
0001222
0005355
0004715
0001455
0001164
0002444
0001164
-000815
0000174
0002968
0004249
0004307
0004715
0004831
0003259
0001106
0000174
0000931
0003667
0006170
0004540
0000407
-002387
-002911
-001048
0001513
0002037
0000349
-002911
-006054
-006637
-005065
-003668
-001980
0001571
0004889
0005006
0003143
0002386
0003085
0005180
0006810
0004307
0000407
0000931
0003376
0001280
-002329
-000757
0003550
0004773
0003492
0002095
0001629
0003725
0006228
0004598
0000931
-000408
0000349
0001164
0001629
0001280
0000407
-000350
-000117
0002619
0005355
0003434
-000990
-002562
-001514
0000000
0001280
0001629
0001106
0000407
-000815
-003726
-006113
-004250
-000350
0000407
-000757
0000058
0001920
0002619
0001979
0000465
-001281
-002445
-002329
-000233
0002444
0003201
0002794
0003550
0004889
0005238
0004365
0002095
0000232
0001629
0004889
0007043
0006985
0004540
0001047
-001165
-001630
-000757
0000174
-001456
-003668
-002387
0000698
0001571
0000407
-001398
-002562
-001107
0001338
0001222
-000583
-001281
-001339
-002620
-004075
-004133
-003260
-003202
-003027
-000524
0002212
0001397
-001339
-002096
-001048
0000465
0001571
0001047
-000350
-000932
-000524
0000232
0000989
0001280
0001047
0000349
-000233
0000349
0001280
0001455
0000465
-002154
-003842
-000233
0005238
0005355
0002212
0001979
0003492
0002794
0001222
0001804
0003318
0003201
0001862
0000465
-000233
0000407
0001513
0001571
0000349
-001747
-003319
-002329
0000174
0001862
0001920
0000116
-002620
-004075
-005181
-009198
-012108
-007335
0001106
0004598
0002910
-001398
-005356
-005181
-001107
0004715
0009197
0008848
0003900
-004250
-009838
-004483
0005762
0008207
0004132
0000873
-001398
-004075
-005123
-001165
0004132
0004132
0000291
-002504
-003435
-002678
-000641
0001455
0002619
0002270
0000756
-000292
-000874
-001805
-002096
-000117
0002503
0002735
0001164
-000233
-001339
-002795
-003377
-001223
0001920
0002794
0001571
-000524
-001572
0001338
0005530
0005355
0002503
0001979
0002619
0001106
-000874
0000174
0002328
0001513
-001165
-002795
-002853
-001398
0000640
0001455
0000989
0000174
-000874
-002387
-003551
-003493
-002445
-001281
-000059
0001222
0002677
0004947
0006112
0002735
-001689
-000233
0003434
0000232
-005647
-004716
0000058
0001280
-000583
-002504
-004133
-005938
-006113
-001921
0002677
0000349
-005414
-006462
-003784
-001339
0000058
0000232
-000292
0000232
0001106
0001047
0000407
0000058
-000059
-000350
-000815
-001514
-001921
-000757
0000698
-000117
-001689
-000932
0001106
0001862
0001629
0002037
0002212
0000931
-001281
-002969
-003842
-004308
-003901
-001863
0000291
0000232
-001339
-002038
-002504
-004948
-007277
-005822
-002096
0000582
0001106
-001339
-004017
-001747
0002735
0002910
0000523
0000698
0002037
0000698
-001223
0001047
0004424
0002561
-001747
-001514
0000873
-000990
-004657
-004948
-002213
0001280
0003783
0003143
0000640
-000466
-000641
-002154
-003726
-002795
-000757
-000815
-002387
-003842
-003842
-000466
0003259
0001629
-003086
-005007
-004250
-002853
-001630
-001456
-002387
-004133
-005298
-003901
-000408
0004249
0006868
0002794
-003959
-004832
-001805
-001863
-003027
-000175
0002968
-001107
-007917
-008266
-003493
0001804
0004249
-000699
-007684
-005996
0001629
0007509
0009604
0007916
0002852
-005356
-010246
-001572
0011118
0008731
-002329
-004657
-000757
0000232
-000990
-000932
-001107
-004774
-008441
-005822
0000291
0003492
0003085
-000117
-003668
-003377
-000815
-000757
-001689
0000174
0003318
0004773
0004773
0004831
0004540
0002910
0000698
-000932
-001689
-001863
-001223
0000756
0002677
0002503
0000873
-000641
-001048
0000698
0003085
0003026
0001280
-000059
-000583
0000000
0000407
-001747
