0004016
0003667
0002677
0001746
0000814
-000583
-001863
-002504
-001805
0000698
0003376
0003667
0001920
0000116
-001514
-003551
-004832
-003726
-001398
-000408
-000408
0000407
0001106
-000641
-002445
-000117
0004074
0005413
0003958
0001397
-000641
0000058
0002270
0002561
0001513
0001455
0002095
0002735
0003434
0004656
0005355
0003609
0000931
0000640
0001629
0001222
-000408
-002736
-004133
-001863
0001688
0002037
-000059
-001281
-001863
-003260
-004366
-003610
-001630
-000117
0000232
-001281
-003377
-003668
-002620
-001747
-001572
-002562
-003901
-004250
-003610
-002736
-001398
0000698
0002503
0002735
0001513
0000000
-001165
-001689
-001223
0000291
0001804
0001629
0000582
0000873
0001804
0001513
0000465
0000232
0000349
-000583
-001339
0001106
0002794
-003901
-012923
-012690
-005647
0000756
0003259
-001514
-008441
-007743
-001165
0005238
0008789
0008091
0003026
-005589
-012108
-008208
0000523
0001106
-003726
-005181
-003784
-002562
-001572
0000116
0000873
-001630
-004716
-003144
0000989
0002677
0001629
-000932
-003260
-002329
0000058
-000815
-002620
-000233
0003841
0004540
0002619
0001280
0000640
0000291
0000407
0001397
0002328
0001571
-000175
-001398
-001805
-001689
-001514
-002504
-003784
-003726
-002387
-000408
0001338
0001979
0001164
-000699
-002795
-004133
-004017
-002096
0000465
0001571
0000931
-001048
-002795
-001398
0001513
0001920
0001047
0002328
0004482
0005297
0004307
0001513
-001048
-000350
0002561
0004540
0004889
0003434
0001338
0000989
0001688
0000989
-000117
0000232
0001862
0004540
0006112
0003318
-000932
-001107
0001513
0002852
0002677
0001979
0000873
-000466
-001805
-003027
-003493
-002795
-001281
-000233
0000407
0001338
0002270
0002561
0002444
0002561
0002444
0001338
-000350
-002329
-003319
-001572
0001397
0002561
0001979
0000756
0000000
0001804
0003841
0001746
-002213
-003027
-001339
0000232
0000931
0000058
-001281
-001165
0000174
0001746
0002794
0001862
0000698
0002735
0005588
0004016
0000058
-001398
-001048
-001630
-002387
-001456
-000175
-001689
-003551
-001048
0003318
0004656
0002910
-000350
-002736
-001048
0002794
0004249
0002910
-000524
-003493
-001514
0002735
0003259
0000756
-002271
-004017
-002620
0000698
0002910
0003725
0004074
0004016
0004016
0004249
0004715
0004831
0003900
0001862
-001747
-004250
-001281
0003783
0003318
-000350
-000874
0000698
0001571
0000814
-002795
-006637
-006520
-003086
0000465
0003143
0005006
0004132
-002096
-009431
-011119
-007510
-002213
0002153
0003085
0000465
-004832
-008034
-001805
0009022
0014727
0013563
0006228
-001863
-001980
0003434
0006344
0006170
0003783
0000989
0001280
0003434
0004016
0003434
0003434
0003667
0003434
0002910
0002503
0002153
0001280
0000407
0000291
0001164
0003492
0005413
0003609
0000174
0000000
0001629
0000582
-001514
-001398
0000174
0001047
0000931
0000058
-000699
0000174
0001571
0001106
-000292
-000641
0000523
0003434
0006228
0005530
0002852
0001920
0002794
0004540
0005937
0005297
0003026
0000116
-001339
0001571
0006344
0007392
0006403
0008498
0011234
0009721
0005297
0001106
-001107
0000058
0002677
0001746
-000641
0000465
0003201
0002852
0000931
0001397
0002619
0001047
-002213
-004250
-005239
-006462
-007219
-006462
-004483
-002213
-000233
0000989
0001513
0002270
0002212
-000699
-004192
-004308
-001456
0002153
0005006
0005821
0004889
0003667
0002677
0001979
0001746
0002095
0002561
0002095
0001164
0000814
0001047
0001920
0002386
0000698
-001572
-001398
0000931
0004598
0006810
0003259
-002620
-003551
-000990
0000349
-000292
-003668
-006811
-004832
0000291
0003841
0004365
0001164
-003377
-004483
-002620
-000641
0001047
0002735
0003143
0000523
-002445
-000408
0003609
0002386
-001339
-001165
0001513
0002270
0001979
0003492
0005238
0004773
0002735
0000873
-000350
-001339
-001223
0001455
0004598
0005006
0002910
-000292
-002096
0001571
0006636
0005238
0000058
-001980
-001165
0000000
0000756
-000059
-001339
-000757
0000698
0000640
-000699
-002213
-003202
-002736
-001281
0000000
0001106
0002852
0004016
0002910
0000756
0000407
0001222
0001164
0000873
0002153
0003841
0003841
0002910
0003085
0003725
0003609
0001862
-003377
-007917
-004948
0002328
0007043
0006985
0000291
-006869
-003493
0005704
0009022
0006927
0004831
0002037
-004483
-008965
-002271
0009080
0011409
0006752
0003318
0001746
0000756
0000873
0002503
0003609
0000931
-003202
-003610
-002038
-003319
-005181
-002154
0002677
0003085
0000465
-000932
-000874
-000699
0000232
0003085
0005588
0003900
0000058
-001514
-000757
0000873
0002677
0003958
0004074
0002677
0000698
-000641
-000292
0003259
0007159
0006868
0003376
0000465
-001630
-003610
-004308
-002038
0001397
0002794
0001920
-000175
-002445
-003493
-002969
-000990
0000931
0000465
-001223
-001281
-000117
0001222
0001629
-000583
-003610
-004366
-002795
0000582
0003143
0000814
-003784
-005298
-003959
-001980
-000408
-000874
-001805
0000582
0004016
0004074
0001804
0000349
0000000
0000291
0000931
0001164
0000814
-000233
-001398
-001689
-001339
-001107
-001165
-001689
-002271
-002038
-000990
0000989
0002503
0002037
-000524
-004716
-007917
-005880
-001281
0000000
-001572
-003144
-004017
-003493
-002445
-003319
-005123
-005938
-005298
-003319
-000932
0000232
0000058
-000815
-001980
-002678
-003144
-004366
-004948
-002271
0001513
0001979
0000232
-000292
-000408
-002736
-005007
-003377
0000349
0001862
0000989
-001398
-003435
-002213
0000989
0002968
0003318
0002270
0000582
-000583
-001165
-002387
-003202
-001980
-000292
-001281
-003319
-003086
-001339
-000350
-000350
-001281
-002329
-002329
-001689
-002271
-002911
-001689
0000465
0001629
0001746
0001280
0000814
0001222
0002153
0002619
0002444
0001106
0000116
0002212
0005122
0004016
0000407
-001980
-002329
-000233
0002677
0003434
0002153
0000116
-001863
-003027
-003202
-002154
-002096
-007626
-013040
-007743
0002561
0006053
0002095
-006753
-014088
-009780
0000989
0006112
0005355
0003259
-000350
-006811
-011352
-006869
0001804
0004191
0001280
-001339
-002969
-003668
-002853
-000175
0002503
0001804
-000757
-001456
-000990
-001921
-002853
-000874
0002328
0003492
0002794
0002037
0000989
-001048
-002736
-001980
0000058
0000349
-000408
-000175
0000582
0000756
0000756
0001979
0002735
-000117
-004017
-003377
-000233
0000582
-000757
-002795
-004599
-005123
-004308
-002562
-000350
0002095
0003376
0002095
-000932
-003551
-005123
-005705
-005123
-003842
-002678
-002678
-003319
-003260
-002795
-003027
-003260
-001747
-000175
-001689
-004308
-003551
-000641
0000698
0001397
0004249
0007101
0006053
0002386
-000699
-001921
-000175
0002852
0003841
0002794
0001106
-000408
-000757
-000059
0001106
0001455
-001048
-004716
-006113
-005531
-005007
-004832
-005298
-006171
-006462
-006345
-006578
-006520
-005356
-003610
-002038
-001630
-004133
-006637
-003726
0001513
0002095
-000699
-002911
-003319
-000583
0002619
0001280
-002853
-005647
-005880
-003027
0000756
0001455
0000000
-000524
0000232
0002153
0004016
0004016
0002619
0001513
0001397
0003201
0004947
0003085
-000524
-002096
-001339
0000873
0002910
0002212
-000117
-000874
-000233
0000407
0000814
0000756
0000174
-001107
-002038
-000990
0000814
0000698
-000175
0001106
0003201
0003318
0001688
-000641
-002271
-000932
0000989
-001805
-005822
-003726
0001629
0003492
0002328
0000640
-000059
0002677
0005937
0003609
-000932
-000292
0003259
0003841
0001979
-000175
-001456
-000350
0001862
0002153
0001222
0001397
0001920
0001164
0000174
0000931
0002794
0004831
0005122
0001047
-004774
-007975
-007044
-001223
0005064
0004191
-001514
-005938
-006520
-001398
0006170
0010536
0009430
0001746
-006811
-006345
0000407
0005180
0006752
0006286
0004249
0002386
0001222
0001106
0001280
-000233
-002096
-001630
0000407
0002095
0002794
0002095
0001106
0001804
0003376
0003841
0002910
0000640
-001689
-001921
-000641
0000407
0000582
-000408
-001980
-002678
-002271
-000874
0000989
0002677
0003492
0002503
0001164
0002270
0004424
0004598
0003318
0002270
0002270
0004191
0005995
0003667
-000350
-000292
0001979
0001746
0000174
0000523
0001862
0002153
0001629
0000931
0000640
0001571
0002794
0002386
0001047
0000523
0000523
0000058
-000408
0000407
0001106
-000815
-003668
-004133
-002562
-000815
0000582
0000698
0000407
0001862
0003376
0001804
-001339
-002969
-002504
-000059
0002037
-000583
-004774
-003551
0000523
0001047
-000815
-001514
-001165
-000990
-000641
0000814
0001804
-000292
-003144
-002329
0000931
0002852
0003725
0005413
0006985
0006636
0004947
0003259
0002212
0002852
0003609
0000873
-002271
0000116
0004540
0003143
-001863
-005007
-005181
-002038
0001979
0002852
0000989
-000757
-001863
-002213
-001398
0001222
0002968
-001048
-006578
-005531
-000175
0002852
0003026
0000989
-001339
-000583
0002037
0002852
0002503
0003376
0004191
0002270
-000233
0000989
0004016
0004424
0002735
0001397
0000756
0000291
0000698
0003085
0005122
0003318
-000874
-003551
-004425
-004774
-003726
0000058
0004016
0004016
0001280
-000757
-000932
0001397
0004889
0007334
0007334
0003550
-001165
-001689
0000698
0001862
0001629
0000582
-000466
-000233
0000582
0000174
-000466
0000756
0002561
0002095
0000349
-000524
0000174
0003376
0005530
-000350
-008266
-006113
0001513
0003492
0000349
-004250
-007393
-005705
-000175
0006286
0010245
0008382
0002037
-005531
-009256
-001921
0008615
0006694
-002038
-002795
0001746
0002794
0001164
0000058
-000524
-001048
-001165
-000757
-000117
0000116
-000117
-000699
-000699
0001746
0004540
0003434
0000989
0003143
0006636
0004424
-000641
-002154
-000641
0000873
0001979
0002561
0002444
0001571
0000814
0001804
0003434
0003958
0002852
-000583
-003842
-003086
-000059
0000698
-000233
-000408
0000058
0000698
0001280
0001513
0001397
0000756
0000407
0001862
0003085
-000059
-004308
-002678
0001571
0000989
-002387
-002969
-001281
0000349
0001106
0000232
-001689
-003144
-003610
-002795
-001689
-002213
-003784
-004657
-004832
-005065
-004425
-000990
0002561
0001397
-002271
-003551
-001980
0002212
0006228
0005646
0002153
0000582
0000814
0000814
0000698
0000873
0000756
-000699
-002387
-002387
-001281
-000874
-001165
-001630
-001921
-000932
0000174
-000466
-002038
-002795
-002678
-002678
-002504
-001689
-000641
0000116
0000116
-001223
-002678
-002154
-000524
0000174
0000058
-000175
-000175
0000232
0001164
0003318
0004947
0002852
-000641
-001107
0000640
0001164
0000698
0000349
0000349
0001920
0002794
-001223
-006695
-006869
-002969
0000523
0002852
0004365
0004540
0002968
0001106
0001164
0002677
0003958
0004307
0003259
0001979
0002619
0004831
0007800
0009197
0005355
-000524
-002213
-001281
-003551
-006404
-004133
0000698
0002910
0002095
-000466
-003319
-004192
-002736
0000814
0004191
0003841
0001222
0000640
0001338
0001280
0000523
-000874
-001689
0000174
0002677
0001862
-000524
-000583
0000814
0001106
0000523
0000523
-000175
-004366
-009081
-009838
-006986
-002911
0000000
-000757
-004716
-010420
-013098
-006054
0005297
0010361
0007800
-000699
-009431
-009780
-003610
0002095
0005006
0003376
-000757
-002911
-002387
0000931
0004191
0002677
-001514
-003086
-002329
-001689
-001048
-000117
0000931
0001920
0002270
0001280
-000292
-000874
-000524
0000116
0000756
0001280
0001571
0001979
0001979
0000523
-000874
0000756
0003201
0001746
-001805
-002736
-001921
-002678
-003726
-002678
-000408
0000873
0000989
0000232
-000583
0000465
0002037
0001862
-000292
-004716
-008150
-005181
0000582
0001571
-000990
-002562
-002445
-000524
0001979
0002910
0002444
0001920
0001513
0000873
0000873
0002910
0004831
0002852
-000932
-001863
-000699
-000990
-001572
0000349
0002735
0001629
-001048
-000932
0000873
0001106
0000291
0000232
0000349
-000699
-002504
-004075
-004948
-004774
-003959
-003726
-003726
-003086
-002387
-002736
-003726
-004657
-004832
-003377
-001048
0000931
0001338
-001165
-004192
-003027
0000698
0002968
0003143
0001513
-000524
-000524
0000873
0001804
0001862
0000931
0000291
0002735
0006053
0005995
0003609
0002037
0001513
0001106
0000814
0000349
0000232
0001746
0003318
0002095
-000350
0000232
0001571
-001339
-005589
-005531
-002096
0001338
0002968
0001047
-003027
-006578
-007510
-003377
0001979
0001513
-002736
-004774
-004483
-003319
-002504
-004716
-007160
-004657
0000407
0002677
0002386
0002153
0001979
0001571
0000989
0000349
-000117
-000175
0000291
0001047
0001804
0002095
0001920
0001746
0001106
-000932
-002911
-002620
-000932
-000117
-000524
-002387
-003784
-001048
0002677
0000931
-003668
-004716
-003260
-003551
-004599
-004250
-002620
0000582
0002095
-003668
-011934
-013738
-009896
-004483
-000757
-002562
-007160
-008208
-005181
0000582
0006344
0008731
0006636
0000000
-006578
-005705
0000058
0003143
0003259
0002503
0000931
-001863
-003610
-000932
0003026
0001571
-002678
-002969
-000699
-000117
-000408
0000989
0002677
0002037
0000000
-000699
-000583
-000990
-001514
-001281
-000757
-000757
-001398
-002562
-004017
-005298
-006113
-006171
-005763
-005531
-005298
-004599
-003610
-002678
-001863
-001339
-000350
0002503
0005297
0004307
0001513
0001338
0002328
0000582
-002154
-002736
-001456
-000059
0000873
0000989
0000523
0000814
0000989
-000699
-002911
-003260
-002038
-000874
-000408
-001281
-002620
-002620
-001630
-000990
-000932
-001165
-001921
-003610
-004541
-001630
0002153
0000349
-003842
-002853
0000523
-000874
-004250
-003260
0000174
0001280
0000523
-000233
-000408
0000756
0002561
0003434
0003434
0003201
0003026
0003667
0004307
0003201
0001397
0001047
0001338
-000117
-002154
-002969
-002271
-000699
0001455
0004016
0005704
0004773
0002444
0001338
0001338
0001106
0000640
0000116
-000408
-000815
-001107
-001572
-001630
-000117
0001397
-000350
-003551
-004192
-002736
-000990
-000233
-002795
-005822
-003493
0001106
0001164
-001689
-002387
-001572
-001398
-001339
-000292
0000873
0000756
-000175
-000292
0000058
-000641
-001048
0001280
0004424
0004365
0002968
0005064
0008265
0007334
0003667
0000523
-000699
0001047
0004074
0004773
0003725
0002968
0002910
0003609
0004132
0002677
0000582
0001106
0002735
0002270
0000407
-000757
-001107
-000815
-000641
-002154
-004075
-003901
-002795
-004192
-005822
-003551
0000873
0003434
0003550
0001862
-000583
-002213
-002096
0000814
0002910
-002853
-010711
-009431
-001689
0004831
0006810
0000582
-007801
-006695
0000989
0006636
0008557
0007567
0003492
-003901
-009198
-004192
0004889
0004249
-002154
-002969
-000466
-001689
-004017
-001514
0002561
0001455
-002329
-002445
0000058
0001280
0001338
0001455
0001338
0000349
-000583
0000000
0001455
0002270
0002328
0002794
0002444
-000699
-004541
-005123
-003027
-000408
0001338
0000523
-000932
0001397
0005064
0004132
0001047
0001746
0004249
0003841
0001513
0000232
-000117
-000583
-000757
0000058
0001222
0001280
0000756
0001397
0002212
0001397
-000641
-002911
-004017
-001980
0000989
0000756
-001514
-002562
-002038
-000059
0001629
0000116
-002736
-002736
-000699
0000931
0001688
0001688
0001106
0000873
0000349
-002038
-004133
-002329
0001338
0002270
0001397
0002444
0003259
-000990
-005763
-002445
0005238
0009080
0008207
0003958
-000641
-000117
0003259
0003550
0001688
0000989
0001164
0000989
0000698
0001047
0001164
-000932
-003260
-002096
0000873
0001804
0000814
-000408
-001514
-001980
-002213
-003144
-004075
-003610
-001689
0001629
0004016
0001688
-002562
-003027
-000466
0002153
0003434
0002095
-000699
-002271
-002213
-000757
0000989
0001047
0000232
0000814
0002503
0004598
0005821
0004191
0001280
0000291
0000873
0001280
0001338
0001106
0000407
-000990
-002038
-000757
0001280
0000698
-001281
-001107
-000117
-001572
-003377
-001223
0002677
0004074
0002270
-002678
-007684
-007743
-004599
-003493
-003959
-003959
-002911
0000000
0002794
0002153
-000350
-001165
-000408
0000407
0000814
0000232
-000408
0000989
0002910
0002212
0000523
0001804
0004132
0002852
0000174
0000698
0003143
0003841
0002968
0002386
0001047
-003784
-008383
-006869
-001223
0003667
0005006
-000059
-007393
-009780
-006578
0000174
0006810
0008615
0005355
-000641
-006287
-007451
-004832
-001805
0000232
0000174
-001048
-000932
-000233
-001281
-002445
-000466
0002677
0003026
0001280
-000059
-000757
-001339
-001223
0000873
0002852
0000931
-002795
-003610
-001980
0000174
0001804
0001804
0000989
0002153
0003550
0001629
-001572
-001980
0000291
0003783
0006810
0007276
0005588
0003783
0001979
-000466
-002620
-003202
-002678
-002736
-003493
-004832
-005705
-004483
-002096
-000408
0000058
-000757
-001921
-001863
-001165
-001514
-002154
-001223
0000698
0002444
0003492
0003550
0002794
0001397
0000814
0003609
0006810
0004715
0000232
-000059
0002212
0002677
0001513
-000292
-001281
0000756
0003318
0001338
-002562
-002154
0000291
-000641
-003726
-005531
-005763
-004890
-003435
-002213
-001689
-002154
-002969
-003260
-002504
-000408
0001979
0003201
0002794
0000698
-001630
-002038
-000874
0000407
0001164
0000232
-000699
0002037
0005821
0005762
0002968
0000814
-000350
-001107
-001165
-000408
0000523
0000465
-000117
-000408
0000116
0001920
0003900
0004132
0002503
-000233
-002911
-003959
-002969
0000232
0003318
0002735
-000699
-004366
-007102
-008441
-007859
-005356
-003027
-004832
-008034
-006695
-002445
0000873
0001688
-000990
-005007
-006054
-004192
-001223
0001106
0000116
-002562
-003086
-001805
-000117
0001047
0000698
-000408
-000175
0000873
0001106
0000756
0000698
0000582
0000000
-000815
-001747
-002329
-002213
-001514
-000059
0000640
-002213
-005880
-005531
-002329
-000350
0000523
0001746
0002212
0000407
-002736
-005356
-006404
-005007
-002736
-002853
-004075
-002853
-000932
-001689
-004716
-008790
-011352
-009256
-004308
-000815
-000292
-003842
-007510
-004541
0002561
0007742
0008207
0001688
-006928
-009256
-004832
0003900
0011875
0011758
0005937
0001571
-000175
0000582
0002212
0001513
-001048
-003610
-004948
-003551
-000990
-000524
-001281
-000583
0000640
0000873
-000059
-002154
-003959
-003435
-001398
-000117
0000582
0002095
0003143
0002095
-000408
-003086
-004599
-003260
-001048
-002329
-004599
-002213
0002153
0002735
0000640
-000233
0000116
0001047
0001629
0000291
-002213
-004366
-004774
-002038
0001862
0003434
0002270
-000699
-004017
-005880
-005298
-001805
0001920
0001455
-001514
-001980
-001165
-003202
-005356
-002387
0002677
0003609
0001222
-000757
-002154
-003726
-004483
-003144
-001107
-001165
-002154
-000815
0000931
-001048
-004425
-004366
-001921
-000117
0000174
-001456
-003551
-002853
-000641
-000292
-000757
0000931
0003318
0003376
0001920
0000989
0000756
0000698
0000989
0001804
0002561
0002270
0001513
0001571
0001920
0001397
-000059
-002271
-004133
-003726
-002213
-002445
-003377
-002562
-000699
0000640
0000582
-001630
-004541
-005531
-004657
-003610
-002387
-000466
0000873
0000000
-002271
-004366
-004657
-000815
0003492
0001455
-003959
-005880
-004075
-000815
0002444
0004074
0003085
-001107
-005123
-003319
0001455
0002503
0000465
-001456
-002038
-000175
0002503
0002444
0000582
-000408
-000059
0001688
0003609
0003958
0002561
0000232
-002096
-003435
-003086
-000583
0002037
0001047
-002038
-002969
-002853
-005181
-007917
-007451
-004483
-001107
0001047
0000058
-002504
-002969
-001747
-001281
-001107
0000116
0001338
0000698
-000757
-000641
0000232
-000175
-000699
0002270
0004831
-001107
-009081
-006462
0002386
0006519
0005122
0000116
-005298
-006054
-002329
0003434
0008324
0009604
0006112
-003202
-011468
-007859
0002037
0004773
0002095
0001688
0002852
0003026
0003085
0005471
0007625
0005238
0000698
-000408
0000465
-001281
-003610
-002562
0000640
0003434
0004016
-000175
-005414
-005414
-001223
0003259
0005995
0005006
0001979
0000989
0002037
0003725
0004889
0003725
0001746
0002386
0004016
0002270
-000466
0000640
0003550
0003958
0002212
0000232
-000932
0000116
0001920
0000989
-000990
-000292
0001862
0002444
0001338
-001107
-003027
-001630
0001571
0002503
0001746
0001746
0002270
0003085
0003259
0001688
-000815
-002678
-003435
-003493
-002620
-000757
0000931
0000407
-001281
-001689
-000641
0001455
0003259
0002153
0000232
0001920
0005064
0004889
0002503
0000873
0000640
0001804
0003667
0004715
0004482
0003259
0001688
0001397
0001688
0000756
-000466
0000291
0001688
0000582
-001339
-000175
0002270
0001746
-000408
-000408
0000349
-001630
-004366
-004308
-001921
0000989
0003085
0002794
0000931
-000117
-000466
-001107
-001514
-001223
-000524
0000174
0000291
-000524
-001630
-001630
-001456
-003610
-005880
-004250
-000350
0002212
0002794
0001920
0000407
-000233
-000117
-000175
0000232
0002503
0004947
0004540
0001862
-001630
-003784
-001747
0001979
0002095
-000408
-002154
-002620
-001805
0000058
0002095
0003259
0002444
0000291
-001514
-002387
-002562
-001398
0002503
0006112
0004540
-000117
-003144
-003493
-001456
0001862
0004831
0005471
0001222
-003901
-002213
0003259
0005355
0004191
0002328
0000989
0002328
0004598
0003783
0001629
0002386
0004424
0003958
0002095
0000814
0001397
0005238
0009255
0008615
0003376
-005763
-012341
-006520
0004889
0007392
0001979
-004890
-009838
-009256
-004017
0002503
0007742
0010477
0008265
-001747
-011643
-008092
0003434
0009080
0008557
0006519
0003550
0000465
-001398
-000932
0001164
0003143
0004191
0004249
0003550
0002852
0002386
0002037
0001688
0001222
0000989
0002095
0003492
0003085
0001804
0001746
0002444
0002270
0001513
0000756
0000291
0000349
0000582
-000059
-000874
-000699
0000058
0000407
0000000
-001456
-002969
-002911
-001572
-000117
0000698
-000292
-002387
-004017
-005007
-005705
-005705
-004541
-002387
0000698
0003201
0003143
0001280
-000350
-000757
0000465
0002503
0003550
0003143
0001047
-001398
-002038
-000990
0000582
0001804
0001862
0001047
0000232
0000058
0001280
0002735
0002212
0000640
-000117
0000291
0001455
0002328
0000873
-001572
-002271
-001339
0000232
0001688
0002212
0001746
0000523
-000524
-000175
0000582
-000932
-003202
-003319
-001572
0001047
0003143
0002968
0001164
-000059
-000524
-000175
0000349
-000175
-000874
0000232
0001804
0001106
-000175
0001688
0004598
0004656
0001862
-002736
-006520
-005705
-002329
-001689
-002620
-001456
0000465
0000058
-001398
-001107
0000000
-000757
-002445
-002620
-002387
-004192
-006229
-004541
-001281
-000990
-002620
-003027
-002271
-001165
-000874
-002969
-005822
-006462
-004541
-000292
0003609
0003259
0000116
-002096
-001921
0001629
0005821
0005530
0002270
0000349
0000116
0000582
0001280
0001280
0000756
0000407
0000698
0002561
0004424
0003550
0001804
0003143
0005762
0005471
0002852
-000524
-002504
-000117
0003725
0002968
-000641
-002445
-002329
-001339
-000059
0000931
0001397
0001455
0001047
-000292
-001572
-001339
0000058
0002561
0002735
-004948
-014088
-013156
-004774
0003318
0006810
0000989
-007917
-007859
-000583
0007043
0011467
0009663
0003026
-004541
-008907
-005298
0002328
0005238
0004191
0003900
0003841
0002561
0001164
0001397
0002153
0000640
-001689
-001863
-000408
0000756
0001280
0001106
0000756
0001688
0002619
0001222
-001281
-001921
-001048
-000350
0000058
0000232
-000117
-001514
-002853
-001863
-000233
-001456
-004017
-004425
-002969
-000932
0000291
-001223
-003435
-001805
0001397
0000698
-002096
-002736
-001165
0001571
0003492
0001804
-001689
-002911
-002271
-001921
-001805
-001456
-001048
-000466
0000000
0000000
-000233
-000641
-000699
0000349
0001047
-001514
-005414
-006928
-005880
-003726
-001689
-001514
-002795
-003668
-004133
-004832
-005298
-004657
-003435
-002271
-002154
-004483
-007219
-006462
-003610
-002504
-002387
-000583
0001571
0001222
-000233
0000756
0002386
0000174
-002678
0000465
0005704
0004540
-000350
-002096
-000990
0000756
0001688
-000233
-003027
-002853
-000524
0001397
0002095
0001047
-000699
-000757
0000291
0000698
0000407
-000059
-000524
-000524
-000350
-000699
-000932
0000232
0001571
0000640
-001107
-000233
0001280
-001048
-004308
-002271
0001688
-000233
-004657
-003610
0000523
0001571
0000232
-000350
-000059
0000407
0001106
0001979
0002328
0001164
-000408
-000175
0001455
0003259
0004249
0003492
0001571
-000233
-000874
0000814
0003085
0002735
0000523
-001572
-002387
-000932
0001746
0003492
0003376
0000407
-003202
-003842
-001456
0002968
0006228
0003841
-001572
-003435
-002620
-002795
-003086
-001456
0000989
0002270
0001979
0000291
-001514
-001747
-000524
0001397
0002561
0000582
-002213
-000408
0002910
0001455
-003319
-007684
-009198
-005239
0000698
0002095
-000815
-005763
-008208
-001630
0008731
0012340
0008848
0001338
-005298
-003726
0002212
0003026
0000116
-000757
-000466
-001630
-003202
-003202
-002504
-003144
-004716
-006113
-006520
-005239
-002795
-000466
0001280
0002735
0002852
0000000
-003086
-001339
0002852
0003725
0001862
-000350
-001514
0000291
0003085
0002910
0001047
0001047
0002153
0002212
0001571
0001513
0001862
0002095
0002561
0004307
0005588
0003609
0000000
-001805
-001689
-000350
0001106
0000756
-000757
-001980
-002213
-000757
0000873
-000292
-002736
-003319
-001980
0000174
0001862
0001455
-000815
-003784
-005647
-004192
-001223
-000699
-002154
-003319
-003901
-003959
-003144
-000583
0001571
-000524
-003901
-002678
0001397
0003958
0004307
0002503
0000407
0001455
0003783
0002910
0000814
0001979
0004540
0004540
0002503
0000814
-000292
-001107
-001048
0000465
0002386
0003026
0002386
0000873
-000466
0000232
0001455
0000465
-002038
-004017
-005007
-005065
-003959
-001165
0001746
0002735
0001920
0000698
-000641
-001921
-002795
-003144
-002562
-000757
0001746
0004132
0005413
0004889
0003085
0000989
-000292
0000349
0001979
0002386
0002153
0002735
0003900
0005064
0005238
0003259
0000465
-000292
0000582
0001513
0002037
0001513
0001106
0003550
0006170
0004074
-000408
-001863
-000350
0002619
0005297
0005821
0003667
-001107
-005123
-002736
0002735
0004016
0001862
0000232
-000059
0001629
0003841
0003492
0002037
0002852
0004715
0004249
0003026
0004715
0007392
0006868
0004132
0001746
0000756
0002153
0004424
0004424
0002794
0002212
0002153
0000931
-000233
0000989
0003026
0002212
0000291
0001397
0003900
0004656
0002910
-001980
-006578
-005822
-001048
0004307
0006112
-001339
-011177
-010187
-001689
0004656
0006636
0004482
-001456
-010304
-016358
-011701
-001572
0001920
0000058
-000641
-000059
0000989
0001979
0001862
0000989
0000116
-000466
-000583
-000233
0000349
0001280
0003201
0004947
0004656
0003259
0003085
0003609
0003085
0002095
0002037
0002212
0000756
-001223
-001805
-000699
0002444
0004773
0001338
-004541
-005822
-003435
-001048
-000059
-001805
-004192
-002911
0000291
0001106
0000291
0000232
0000291
-001747
-004075
-003726
-001572
-000233
0000291
0000931
0001455
0001920
0001862
0000582
-000641
0000232
0001979
0001804
0000407
-000233
0000058
0001047
0002095
0002270
0001979
0002386
0002968
0003026
0002444
0001338
0000232
-000233
-000233
-000699
-001165
-000874
-000059
0000465
0000640
0001047
0000640
-002445
-005647
-004308
-000408
0001047
0000465
-000117
-000408
0000232
0000582
-001572
-004483
-005007
-003260
-000292
0001804
-000233
-003784
-003784
-000874
0002212
0004132
0003667
0001920
0001338
0001979
0003026
0004016
0004482
0004132
0003085
0001571
0000000
-001107
-001281
-000583
0000523
0001920
0004249
0005413
0002037
-002445
-001165
0003143
0003609
0001222
-000117
-000408
-000815
-000583
0001571
0003667
0002328
-000990
-002911
-003551
-003959
-004366
-005298
-005938
-005123
-003144
-000932
0000698
0000698
0000058
0001571
0003434
0001862
-001398
-002678
-001980
-000524
0001047
0001804
0001920
0002386
0003085
0003783
0004074
0003376
0001979
0000640
-000350
-001107
-001107
0000640
0002619
0001979
0000116
0000640
0002386
0002503
0001571
0001280
0001746
0002794
0003492
0002037
-000583
-002038
-002213
-001456
-000524
0000000
-000815
-004308
-007277
-004192
0001397
0002503
-001107
-008325
-013273
-006753
0005588
0011642
0010652
0006344
0000698
-004308
-005356
0001629
0009779
0005937
-003726
-003901
0001688
0001746
-000757
0002619
0007800
0006403
0001397
-000059
0001571
0003026
0003841
0004132
0003725
0002968
0001804
-000117
-001630
-001165
0000407
0001164
0000814
-000233
-001514
-002387
-002562
-001805
-000874
-001165
-002445
-004017
-004890
-003668
-001456
-000583
-000641
0000291
0001164
0000000
-001689
-001165
0000989
0003550
0004482
0000582
-004133
-001572
0004656
0006344
0004307
0002561
0001571
0000931
0000814
0000756
0001222
0002794
0004249
0003492
0001338
0000000
-000524
-001165
-001689
-001630
-001281
-000932
-000641
-000059
0000465
0000931
0000989
0000291
-000815
-001572
-002096
-003493
-004425
-002678
0000058
0000232
-000990
0000291
0001920
-000524
-004483
-004483
-001630
0000582
0001455
0000465
-001223
-000990
0000407
0000814
0000523
0000232
0000465
0002153
0003259
-000466
-005298
-004308
0000465
0003318
0003958
0004191
0003667
0001979
0000232
-000059
0000291
-000815
-002911
-004832
-005822
-005938
-004716
-001630
0001338
0001106
-001514
-003493
-004483
-004890
-004250
-001805
0000582
-000233
-002911
-004308
-004425
-004890
-004716
-002096
0000931
0001047
-001048
-003260
-004483
-003726
-002154
-002620
-004366
-005298
-004948
-002911
-000350
0000873
0000465
-000990
-002562
-003202
-002096
0001746
0005297
0003725
-000932
-003901
-004425
-003610
-001630
0000640
0002444
0002968
0002095
0000523
-001165
-002329
-002387
-000466
0001455
0000000
-002795
-002271
0000116
0000465
-000466
-000466
0000116
-000350
-000757
0001513
0002910
-004075
-012923
-011526
-003144
0003376
0005530
0002386
-003144
-005239
-003260
0001513
0006694
0009663
0007858
-002038
-012283
-009431
0000756
0003958
0000756
-003551
-006986
-007684
-005589
-001980
0000523
-001980
-006113
-004308
0000756
0002212
0001280
0002619
0003783
-000059
-005531
-006462
-003610
-000990
0000931
0002503
0003318
0003550
0003201
0002328
0001688
0002503
0003783
0003667
0002503
0001746
0001804
0003318
0005006
0004424
0002503
0001862
0001746
-000059
-002271
-002271
-000990
-001048
-001805
-001339
-000292
0000058
-000350
-001339
-002213
-001805
-001048
-001863
-003377
-003784
-003377
-003842
-004308
-003202
-001980
-003610
-006229
-006229
-004133
-001921
-000699
-001456
-002853
-002154
-000292
-000233
-000699
0000873
0003259
0004074
0003085
0000407
-002154
-002271
-000350
0001455
0002794
0003900
0003900
0001746
-000874
-001048
0000523
0001222
0001571
0003492
0005006
0002153
-001921
-000990
0002444
0002328
-000350
-002271
-003027
-002795
-002154
-002154
-002562
-002504
-002154
-001747
-001863
-003610
-005181
-003202
0000000
-001107
-003784
-001165
0003085
0001106
-003551
-002620
0001338
0001222
-000932
-000175
0002503
0004191
0004540
0003667
0001862
0000058
-001747
-004657
-006287
-002504
0003201
0003841
0000931
-000059
-000233
-002620
-005647
-006928
-005938
-002969
0000116
-000059
-002096
-002271
-001398
-001980
-003260
-003610
-002911
-001339
0000116
-000292
-001747
-002504
-002387
-001747
-000524
0001629
0003667
0004074
0003085
0001688
0000640
0001047
0002095
0002270
0001571
0000465
-000583
-001281
-001107
0000291
0001862
0001513
0000174
0000232
0001338
0002677
0002968
0000116
-003551
-003377
-001456
-003319
-006229
-004192
0000291
0001862
0000291
-003551
-006287
-002853
0003958
0008324
0008265
0003143
-003842
-007335
-006462
-002387
0001920
0001338
-002038
-002271
-000583
-000641
-001572
-000757
0000523
-000583
-002504
-001863
-000583
-003086
-006287
-004250
0000989
0003783
0004365
0005006
0005006
0003085
0000814
0000174
0001513
0004191
0006461
0005471
0002270
-000292
-001572
-001921
-001572
-001572
-001689
-001339
-000932
-001514
-002154
-000990
0000582
-000699
-002969
-002329
-000292
-000583
-002213
-001980
-001223
-003144
-005298
-002678
0002095
0003376
0002212
0002503
0002910
0000349
-002969
-003202
-000466
0003958
0007334
0006112
0002037
-000350
-000583
0000640
0002153
0002095
0000523
-001980
-003086
0000931
0006461
0006403
0002561
0000465
-000233
-001514
-003144
-005065
-005938
-003842
-000524
0000523
-000292
-000815
-001165
-001689
-002387
-003377
-003842
-002853
-000815
0001222
0002153
0000989
-001107
-001689
-000874
0000232
0001047
0000349
-000699
0000465
0002328
0001629
-000466
-001339
-000699
0001338
0003609
0004074
0003376
0003725
0004191
0002794
0000873
0001397
0003085
0003201
0001804
-000233
-001747
-000990
0000989
0001688
0001106
0000116
-000990
-001805
-002387
-003493
-004425
-003726
-002445
-002736
-004075
-004948
-005239
-004890
-004483
-005181
-006054
-005414
-003610
-001805
-000117
0001688
0002910
0003201
0002095
-001048
-003901
-002620
0000465
-000233
-002562
-001223
0001979
0002677
0001280
0000000
-001165
-002620
-003551
-002795
-000815
0001338
0002212
-000233
-003610
-003144
-000699
-001339
-003377
-002271
-000117
-001398
-004366
-004890
-003377
-001805
-000292
0001862
0002910
0000174
-004599
-008499
-009372
-005123
0000931
0002968
0000232
-007335
-013156
-006404
0006461
0011583
0008848
0003667
-002271
-007568
-009431
-005007
0001629
0002153
-001048
-000757
0000814
-002329
-006462
-004017
0001047
-000641
-005298
-004075
0000931
0003841
0004540
0004482
0003550
0001397
-000524
-000175
0001455
0002037
0001804
0001746
0001920
0002153
0002328
0002153
0001629
0000640
-000175
0000349
0001455
0001571
0000931
0000523
0000523
0000873
0001455
0001920
0002444
0003958
0004598
0001106
-004017
-005822
-004541
-002154
-000059
-000059
-001747
-004017
-005123
-002562
0001397
0002270
0000465
-001514
-002445
-000699
0001862
0001164
-000990
0000058
0001746
-001398
-006287
-006287
-003319
-003144
-004308
-003086
-000932
-000932
-002154
-002038
-001689
-004075
-006869
-006054
-002795
-000117
0001164
0000523
-000874
-000059
0001513
0000756
-000874
0000291
0002503
0002037
0000174
0000058
0001222
0001629
0001629
0002677
0003434
0001746
-000815
-001223
0000174
0001338
0002037
0001862
0001397
0001862
0002503
0002095
0000756
-000990
-002096
-000990
0000814
0000058
-002038
-002329
-001747
-002911
-004541
-004075
-002504
-002329
-002853
-001921
-000292
0000582
0000814
0001338
0001455
-000350
-002271
-000932
0001455
-000233
-003610
-003086
-000292
0000698
-000117
-001921
-003144
-000990
0002561
0003492
0002619
0002619
0002735
0000931
-001747
-003493
-003493
-001165
0002153
0004307
0004482
0002444
-000583
-002736
-003435
-003202
-002096
-000175
0001571
0001746
0000698
-000292
-001048
-001747
-001572
0000523
0002968
0002619
0000465
-000932
-001398
-001689
-001281
0000814
0002735
0001455
-001572
-003027
-002271
0000873
0003667
0001629
-003202
-006113
-005822
-002271
0002153
0003550
0001746
-002213
-005065
-002154
0004074
0008557
0008324
0000232
-009256
-008732
-001223
0003900
0005238
0003259
0000232
0000931
0003143
0001106
-002969
-004133
-003027
-002562
-002154
-000117
0001688
0000058
-002911
-002678
-000408
0000349
0000465
0002444
0004889
0005646
0004773
0002735
0001164
0002619
0005471
0005821
0004424
0003841
0003609
0002386
0001513
0003492
0006752
0008033
0007392
0006228
0004249
0000523
-002562
-000874
0002444
0000756
-003435
-004133
-002504
-002504
-003610
-004250
-003842
-001456
0001164
0000989
-001223
-003202
-004425
-004657
-004133
-003435
-002271
0000640
0003259
0001979
-001398
-002853
-002504
-002038
-001398
-000233
0001222
0003143
0004074
0001920
-001630
-003144
-002562
-001456
0000000
0001862
0003201
0002968
0001513
-000583
-001514
0001338
0005238
0004947
0002270
0002619
0004249
0002794
-000408
-002271
-002795
-003086
-002969
-002213
-001456
-001630
-002678
-004250
-005414
-005007
-003726
-003144
-003551
-004948
-006404
-006578
-005589
-004657
-003726
-001980
-000524
-001339
-003027
-002271
-000757
-002154
-004832
-005181
-003551
-001863
-000757
-000932
-001980
-003144
-003377
-001107
0001746
0001106
-001223
-001398
0000058
0001338
0001338
-001456
-004599
-003551
-000175
0001280
-000117
-004774
-008965
-005647
0000349
-001630
-007684
-008266
-004483
-000815
0001164
0000116
-002969
-006054
-007393
-005181
-001805
-001630
-004133
-006928
-008208
-005414
-001339
-002096
-004657
-001514
0003609
0002444
-001863
-001165
0001862
0000407
-003027
-002736
-000408
-000408
-001398
0000291
0002794
0002561
0000582
-000292
-000583
-002387
-004716
-006229
-005938
-003377
0000291
0003609
0003667
-004075
-012341
-007975
0004016
0011467
0012282
0007567
-000059
-006637
-008325
-001630
0007974
0010012
0005879
0002444
0000232
-001747
-002387
-000350
0002503
0002677
0000931
-000233
-000117
0002095
0004715
0004598
0002677
0001338
0000931
0001688
0002619
0001804
0000523
0001746
0003958
0003725
0002212
0002561
0003667
0002619
0000931
0001455
0003026
0002852
0001222
-000757
-002038
-001281
0000174
-001048
-003144
-002271
0000349
0001571
0001513
0001455
0001164
-000175
-001514
-001398
-000117
0001047
0001979
0003143
0003725
0002677
0000931
0000232
0000523
0000873
0001106
0000814
0000407
0000873
0001629
0001571
0001397
0002852
0004365
0002852
0000232
0000873
0002677
0000582
-002969
-002795
-000408
0000523
-000233
-002329
-004192
-003377
-000990
0000058
-000466
-002154
-003726
-003260
-001514
-000466
-000408
-001339
-002271
-001281
0000582
0000582
-000524
-000292
0000174
-001863
-004075
-001980
0002328
0004715
0003783
-001805
-006986
-002911
0005588
0007509
0004132
0001746
0000698
0000291
0000698
0001513
0002270
0001920
0001222
0002212
0003609
0002794
0000698
-000292
0000058
0001513
0003085
0003143
0001513
-001572
-004250
-004017
-001980
-000932
-001048
-001514
-002038
-002154
-001980
-002096
-002271
-001980
-001223
0000291
0001047
-001165
-004599
-005938
-004541
-000466
0003725
0003667
0000698
-001339
-001805
-000641
0000698
-000874
-003377
-002504
0000291
0001280
0001047
0001979
0002735
0000349
-002562
-000757
0003434
0004249
0003318
0005355
0008091
0006461
0002794
0002561
0004365
0004249
0002503
0000698
-000641
-001165
-000641
0000756
0002619
0004656
0004947
0000291
-005531
-005996
-001747
0004365
0007683
0001746
-008092
-011119
-006578
0002619
0011292
0012457
0006519
-002445
-009140
-006404
0001979
0006344
0006694
0007043
0006868
0004947
0002735
0002735
0003900
0003783
0002794
0002037
0001862
0002270
0002619
0001338
-000292
0000640
0002619
0002503
0000873
-000350
-000524
0000640
0002444
0003841
0004132
0002677
0001222
0003318
0006344
0005122
0001106
-001921
-003260
-003551
-003027
-002969
-002853
-000932
0001280
0001106
-000175
0000640
0002794
0004715
0005588
0005064
0003725
0003201
0002677
-000233
-003377
-003027
-000059
0003085
0004598
0002444
-001048
-000874
0001280
0000756
-000874
0000407
0002735
0001804
-000699
-000524
0001164
0001338
0000349
-000815
-001339
-000350
0001164
0001338
0000407
-000233
-000757
-001747
-002038
0000349
0003492
0004016
0002270
0000000
-001339
0000349
0003609
0005297
0004889
0002503
-000233
-000757
0000349
0000814
0000814
0001222
0001920
0003143
0003725
0001280
-001630
-000117
0003841
0005471
0004947
0004191
0003492
0002794
0002153
0001513
0000756
-000350
-001339
-001572
-000932
0000582
0001629
0000000
-002853
-003959
-003610
-003493
-003377
-002562
-001398
-000175
0000116
-001630
-003784
-002969
-000583
-000757
-001572
0001280
0005180
0004831
0001455
-001630
-003493
-004308
-003610
-001281
0001513
0002968
0003318
0004307
0005006
0003085
0000640
0001862
0004191
0002386
-001689
-003668
-003027
-000350
0002619
0003434
0001629
-002736
-006462
-004541
0000523
0002852
0002328
0000814
-000815
-001339
-000990
-000874
-000757
-000117
0000989
0002328
0002794
0001047
-001572
-002213
-000699
0002619
0005704
0005530
0002968
0000582
-000757
-000583
-000408
-003901
-007801
-006054
-000641
0004249
0005006
-003551
-013040
-008034
0005122
0011467
0010070
0004773
-001805
-005705
-005414
-000699
0005122
0006170
0003841
0003900
0004598
0001513
-002562
-002038
0000931
0001397
-000233
-001863
-002736
-001747
0000058
0000582
-000524
-003726
-006404
-003784
0000989
0000698
-002154
-000757
0002503
0001862
-000466
0001222
0004482
0003783
0000349
-002853
-004192
-002387
0001338
0004249
0005530
0005355
0003841
0001397
-000874
-001456
-001107
-001805
-002620
-001107
0001106
0000873
-000815
-001107
-000641
-001339
-002096
-000932
0001280
0003026
0002852
-001165
-005996
-006171
-003493
-003377
-004075
-000583
0004191
0004540
0002095
0001629
0002503
0002503
0001746
0000465
-000408
0000814
0002561
0001455
-000990
-000874
0000407
-000408
-002154
-001747
-000466
-001048
-002387
-001281
0000523
-000990
-003610
-002795
0000000
0000814
0000000
-000874
-001223
-000699
0000291
0000873
0000698
-000699
-002504
-003784
-003551
-000466
0002677
0000756
-003551
-004075
-001689
0000407
0001047
-000990
-004133
-005414
-004541
-002038
0000756
0001513
0000931
0001338
0001979
0001222
-000117
-000641
0000232
0003026
0005646
0004132
0001338
0003667
0007800
0006752
0001979
-001921
-004250
-005298
-004890
-003086
-001048
-000233
-000524
-000233
0000174
-000350
-001107
-000874
0000291
0002270
0003318
0001106
-003377
-008674
-010944
-004832
0003434
0001338
-006869
-010187
-008499
-005181
-001747
-000350
-000874
-001747
-001689
0001164
0004598
0004365
0001746
0000232
0000407
0002212
0004307
0004482
0003201
0002212
0001979
0002619
0003725
0004656
0004365
0001688
-001514
-002096
0000058
0005006
0007800
0000407
-010129
-009955
-002329
0002852
0003550
-000466
-006695
-010653
-010187
-003959
0004424
0009604
0008440
-002387
-014262
-012341
-001863
0002386
0001222
0001047
0000873
-001980
-004308
-000524
0005355
0004889
0000349
-002038
-001805
-000059
0001979
0002153
0001222
0001513
0002270
0001513
0000116
0000058
0000873
0001629
0001571
-000815
-003260
-001805
0001338
0000756
-001514
-000990
0001571
0003609
0004307
0002794
0000640
0000989
0002328
0000989
-001456
-001572
-000583
-001398
-003493
-005589
-006229
-003551
0000407
0001804
0000873
-000583
-001572
-000699
0000814
0000174
-001689
-002271
-001805
-001223
-001223
-003027
-004425
-001281
0003376
0003667
0000873
-000699
-000874
-000990
-000641
0000814
0002561
0003143
0002561
0001280
-000292
-001630
-002329
-001805
-000990
-001223
-002154
-002213
-001921
-002329
-003202
-003842
-004192
-004948
-004890
-001398
0002270
-000175
-005007
-003901
0000116
-000699
-003901
-002853
0000349
0000640
-000874
-000815
0000174
0000232
-000175
0000058
0000873
0002153
0003318
0004132
0003783
0001280
-001456
-000874
0001397
0001280
-000292
-000350
0000407
0000058
-000757
-000292
0000465
-000408
-001863
-001689
-000466
0000116
-000466
-002853
-005239
-004657
-001630
0002619
0004889
0000291
-006637
-006869
-002504
-000466
-000524
-000292
-000233
-000641
-001747
-003610
-005123
-004366
-002213
-000874
-000466
-000175
-000175
-001048
-001630
-000059
0002212
0002153
0000349
-000932
-001281
-000117
0001106
-000117
-002329
-002387
-000524
0001746
0003492
0003550
0002444
0001571
0001920
0005180
0007683
0002910
-005065
-007743
-005647
-002678
-000175
0000523
-000408
-001514
-002620
-003668
-005065
-008034
-010420
-008790
-004716
-001747
-001339
-004774
-008266
-005356
0001571
0006577
0007742
0004249
-000874
-002271
0000116
0004424
0007858
0007043
0002910
-001630
-003726
-000350
0005471
0007451
0005995
0003841
0002444
0004016
0006344
0004365
0000640
0000814
0003026
0002095
-000699
-002213
-002213
-001107
0000000
-001107
-002620
-000815
0002386
0002735
0000465
-002969
-005589
-004657
-001514
0000116
0000116
-000466
-001165
-000874
-000059
-000117
-000408
0000698
0002503
0004249
0004715
0002735
-000117
-000757
0000465
0001746
0002619
0003143
0002677
0000349
-001980
-000641
0002153
0001047
-001747
-000990
0001455
0001338
-000350
-000524
-000408
-003435
-006462
-003668
0001688
0002503
-000059
-002038
-002504
-001107
0001222
0002386
0002153
0000698
-000757
-000059
0001397
0000756
-001456
-003668
-004366
-001165
0002852
0001862
-001980
-003260
-001863
0001106
0003492
0001688
-001805
-001165
0001862
0002386
0002037
0005006
0008440
0006810
0002270
-000292
-000874
-001805
-002096
0000058
0003143
0005064
0004656
0000582
-003493
-000699
0005064
0005006
0000582
-003610
-005996
-005822
-003668
-001572
-000059
0001338
0001397
-001805
-005472
-004425
-001048
-001048
-003027
-002795
-001281
-000990
-001572
-002096
-002038
-000583
0001513
0002503
0002735
0003376
0003725
0002503
0000349
-001805
-002678
-000815
0002270
0003900
0003609
0001746
-000524
-001165
-000641
-001107
-001863
-001805
-000815
0001280
0002794
0001106
-001689
-000699
0001862
0001106
-001805
-003901
-004075
-001281
0002212
0002270
-000059
-001921
-002096
0000873
0004773
0005646
0003725
0000640
-001514
0000000
0003667
0005995
0006053
0003434
0000582
0002328
0005297
0001920
-004075
-004774
-001107
0003492
0006286
0003609
-001514
-002853
-000233
0004598
0008848
0009022
0004656
-004075
-010828
-005647
0004540
0004424
-001980
-002678
-000117
-001805
-005298
-004657
-002213
-003319
-005880
-004890
-001863
-000990
-001107
0001047
0003318
0001629
-001805
-002213
-000292
0001164
0001920
0002037
0001746
0001746
0001920
0001920
0001455
0000116
-000815
0001222
0004191
0004249
0002619
0002968
0004074
0002619
0000931
0004016
0008149
0005879
0000291
-001165
0000232
-000292
-001281
0000582
0003550
0004365
0003259
0001862
0000523
-001048
-002096
-001630
-000350
0000349
0000291
-000117
-001048
-003202
-005007
-003901
-000990
0001338
0002095
0000873
-001165
-001689
-000699
0000931
0002270
0002503
0001629
0000407
-000408
0000582
0002095
0001571
-000233
-001572
-001747
-000408
0001571
0002444
0002910
0005413
0007567
0005064
0000291
-001630
-000583
0001979
0004307
0003725
0001164
-000874
-001398
0000640
0003376
0003550
0001920
0001338
0001047
-001107
-003435
-002853
-000990
-001630
-003493
-003144
-001281
0000407
0000873
-001048
-003551
-003144
-000874
0000582
0000698
-000524
-001805
-000583
0001629
0001629
0000349
0000116
0000989
0002270
0003434
0004191
0004132
0002910
0001513
0001397
0002037
0001571
0000523
0000116
0000232
0000000
-000350
-000292
-000466
-001805
-003610
-004425
-004017
-002853
-001572
-001281
-001747
-001863
-001921
-003144
-004425
-004308
-003027
-001689
-000757
-000233
-000524
-002213
-003668
-001805
0001280
0001106
-001048
-001863
-000874
0001746
0004424
0004540
0002561
0000407
-000641
0001164
0003841
0003201
0000291
-001805
-002271
-000524
0001746
0001222
-000466
0000873
0002794
-000059
-004948
-005880
-003901
-001921
-002038
-007451
-013331
-011643
-003901
0004540
0009837
0008498
0001746
-006986
-012458
-007743
0001338
0001862
-003027
-003842
-001572
-000350
0000465
0002852
0004947
0003783
0000989
0000174
0001280
0002910
0004016
0003201
0001047
-001223
-002213
-000466
0002212
0001688
-000699
-001339
-000524
0000174
0000756
0001164
0001688
0003376
0004307
0001106
-003144
-002329
0001164
0001280
-001339
-004133
-005822
-004599
-001863
-000815
-000990
-000117
0000698
-000815
-003202
-003435
-002154
-001281
-000757
0000291
0000873
-000466
-002504
-002853
-001456
0001106
0003085
0001455
-001456
-000815
0001571
0000989
-001223
-002154
-001339
0001455
0004191
0003841
0001513
0000174
-000059
-000175
-000175
-000233
-000524
-001921
-002911
-001107
0001979
0002794
0001920
0001746
0001397
-000990
-003901
-004366
-003086
-002445
-002213
-001339
-000583
-001223
-002271
-001281
0000116
-001572
-004075
-002387
0001047
0001222
-001165
-003319
-004308
-003144
-001165
-000874
-002096
-003784
-004599
-001980
0001164
-001107
-005356
-004133
-000059
0000058
-002271
-002853
-001921
-000932
-000175
0000465
0000582
-000466
-001456
-000117
0001688
0000174
-002853
-003086
-001689
-001630
-002445
-002969
-002678
-000874
0001222
0001513
0000000
-002504
-004657
-004657
-003260
-002969
-003377
-003260
-003027
-003610
-004774
-006287
-007102
-005705
-002795
0000349
0002677
0003434
0002910
0002735
0002270
0000116
-002096
-001398
0001106
0002386
0002561
0002852
0002328
-001107
-004948
-005007
-002387
-000757
-000466
-001339
-002213
-000466
0001571
-001165
-005822
-006520
-004133
-001863
-000757
-001107
-002620
-004483
-005647
-005356
-003377
0000349
0003085
0000640
-004599
-008266
-007626
0000058
0009371
0011292
0006519
0000232
-004774
-005414
-002329
0001571
0004365
0003900
0002037
0002794
0005180
0005995
0005471
0005064
0004249
0002153
-000233
-001456
-001223
0000873
0002677
0000873
-002562
-003551
-001921
0001280
0004016
0003376
0000407
-001863
-002795
-002271
-001456
-002795
-004541
-003202
-000059
0001804
0001862
0000756
-000815
-001689
-001572
-000874
0000407
0002095
0003725
0004831
0004715
0002386
0000232
0002444
0006577
0007218
0004715
0001455
-001281
-002038
-000815
0001397
0003609
0004598
0004249
0003143
0001455
-000932
-002387
-000466
0002794
0003492
0002212
0001222
0001164
0002794
0004132
0001513
-002387
-001805
0000989
-000175
-002853
-001223
0002095
0000989
-002096
-001514
0001164
0002270
0001455
-000815
-003144
-003493
-001921
0000174
0001979
0002677
0001688
-001223
-003959
-003027
0000058
0001397
0001164
0000931
0001047
0001920
0002735
0002270
0000698
-001165
-001863
0001338
0005413
0004424
0000756
0000407
0001920
0001106
-001165
-002562
-002678
-001747
-000641
-001107
-002038
-000583
0001455
0000058
-003144
-004075
-003493
-003842
-004541
-004425
-003668
-002853
-002271
-002387
-002620
-001689
-000175
0000756
