0001338
0000291
0000058
0000931
0002503
0003609
0003958
0003492
0002677
0002735
0002968
0001455
-000815
-001747
-002038
-003784
-005356
-003842
-000699
0000814
0000465
-000699
-002213
-003901
-004425
-002038
0001629
0003376
0002852
0000814
-001281
-001398
0000407
0003143
0005588
0006286
0005413
0004307
0003609
0004132
0004656
0003201
-000175
-004366
-009023
-014437
-017988
-016532
-011468
-006637
-003551
-002795
-003959
-005472
-006171
-004599
-002387
-003319
-005705
-005647
-003493
-000699
0001688
0002212
0001455
0001222
0001455
0001571
0001629
0001571
0001513
0001513
0001397
0000291
-000466
0001629
0004540
0003783
0001397
0002619
0005238
0003841
0001164
0003201
0006985
0005821
0002095
0001862
0003958
0004424
0004132
0005821
0007625
0006461
0003259
0000291
-001048
0000523
0003667
0005704
0005704
0003434
0000523
0000116
0001222
0001455
0000116
-002969
-006229
-007335
-006171
-004250
-002213
-000524
-000059
-001339
-003144
-003435
-002154
0000116
0002270
0002794
0002153
0002095
0002444
0002794
0002619
0000814
-000990
-000117
0002677
0005238
0006228
0004191
0001164
0001222
0003259
0004424
0004249
0002503
0001047
0002968
0006344
0007334
0005879
0003085
0000523
0000698
0002212
0001571
-000524
-001921
-002154
-000641
0001047
-000059
-002504
-003086
-002213
-001630
-001572
-001980
-002969
-005065
-006637
-004657
-001630
-002736
-005880
-005996
-003959
-002096
-001398
-002678
-004308
-003202
-000233
0002153
0003259
0002794
0001688
0002328
0003667
0003259
0002386
0004307
0006752
0005413
0001979
0000349
0000407
0000291
0000582
0002503
0004656
0005064
0003783
0001629
-000292
-000524
0000523
0001338
0001862
0002735
0002968
0001280
-001107
-001689
-000874
-000233
0000058
-000117
-000292
0000582
0001688
0001222
0000291
0001164
0003143
0004598
0004656
0002270
-000874
-001689
-000583
0000523
0001222
0001746
0001455
-000524
-002969
-003842
-002736
0000523
0003201
0000523
-004133
-003435
0000756
0003259
0003841
0003958
0003550
0002735
0002037
0001920
0002270
0003143
0001979
-005239
-014728
-020374
-020258
-014379
-006462
-002911
-003202
-002969
-002795
-004541
-006054
-003784
0000407
0002328
0002328
0002503
0003376
0005006
0007101
0009371
0009954
0005879
0000582
0000873
0004365
0004773
0003259
0003667
0004656
0003026
0000640
0001106
0003492
0005821
0006519
0003841
-000233
-001921
-001339
-000583
0000000
-000233
-000699
0000232
0000756
-002911
-007568
-007335
-003842
-002154
-002213
-002853
-003668
-004133
-003901
-002736
-001281
-000350
-000233
-000641
-001339
-002096
-002096
-000175
0002386
0003667
0003259
0001280
-000117
0002910
0007218
0006461
0002794
0001688
0002328
0001571
0000174
-000292
0000407
0001804
0003667
0006577
0007858
0003376
-003086
-003842
-000757
0000058
-000524
0000349
0001629
0001280
-000233
-001863
-003377
-004832
-005822
-006054
-005647
-005123
-003726
0000523
0004598
0003318
-001398
-004657
-005472
-004657
-002445
0000640
0002852
0001688
-000815
-000466
0002095
0004656
0006112
0005297
0003318
0002794
0002968
0001106
-001107
-000466
0001629
0002212
0001338
-000117
-001107
-000233
0001571
0002386
0001688
-001107
-003551
-001107
0002968
0001862
-002213
-003435
-002387
-001630
-001107
0000058
0000873
-000117
-002387
-004948
-006345
-005065
-002445
-001689
-002154
-001572
-000699
-001339
-002678
-002620
-001805
-002038
-002911
-003842
-003610
-000350
0003550
0003550
0001688
0003434
0006344
0005122
0001746
0000931
0001746
0000989
-000466
-000699
0000116
0000931
0001629
0002153
0002444
0002735
0002735
0002386
0001455
-000583
-002620
-003260
-001980
0001688
0005064
0003900
0000349
0000116
0001746
0001455
-000350
-002271
-003610
-003784
-003027
-001980
-001689
-002736
-006054
-012749
-019327
-020433
-016765
-012050
-007277
-001921
0001280
-000990
-005181
-003610
0001106
0001920
0000465
0001688
0003900
0003259
0001513
0002735
0005355
0005471
0003900
0003434
0003259
0000931
-001689
-001572
0000756
0003376
0005238
0005238
0004132
0003900
0003958
0002270
0000465
0001688
0004132
0003609
0001920
0003725
0006112
0003492
-001630
-003551
-002736
-002387
-001980
-000233
0001979
0003434
0003900
0003783
0003318
0002794
0003026
0005122
0007218
0005821
0002794
0002037
0003143
0004016
0003958
0002328
0000058
-000932
-000350
0001688
0003609
0003201
0000465
-003784
-006869
-005065
-000350
0002386
0002503
0000814
-001572
-002911
-002969
-002562
-001398
0001455
0003667
0001688
-002445
-003959
-003144
-002562
-002096
-001281
-000641
-000932
-001339
-000292
0001746
0003609
0004307
0002735
0000873
0002619
0006170
0007218
0006170
0005006
0004598
0006461
0008207
0004947
-000117
-000466
0002095
0002037
0000582
0001164
0002735
0003026
0002328
0002212
0001804
-000874
-003784
-003610
-001456
-000757
-001107
-000874
-000757
-002038
-003784
-003959
-003319
-003435
-004308
-005356
-005822
-004308
-001921
-000466
-000350
-001398
-002504
-001863
0000000
0001513
0002212
0001688
0000640
0000756
0001513
0001804
0001804
0002328
0003085
0003143
0003259
0005297
0007101
0004249
0000291
0002619
0007392
0005413
0000174
-000292
0002503
0003318
0002794
0003434
0003900
0001688
-001281
-001339
0000116
-000932
-002911
-002271
-000175
0000640
-000408
-003901
-007044
-005298
-000990
0000232
-001456
-004541
-006695
-004250
0000174
0001047
-000815
-001747
-002038
-003144
-003901
-002562
-000641
-001747
-003086
0001979
0007625
0003667
-007510
-019268
-025963
-021655
-010828
-004133
-001980
-000292
0000000
-002678
-005414
-003493
0000582
0001047
-000932
-001339
-000583
-000699
-000175
0004307
0009197
0008440
0003900
0000523
-000466
0000698
0003143
0005006
0005238
0002794
0000349
0003085
0008149
0009255
0007159
0005180
0004249
0005471
0007451
0007043
0005006
0003201
0002386
0003783
0005471
0003667
0000232
-000583
0000465
0000582
0000291
0001397
0002386
0000931
-001747
-002969
-002678
-001572
-000350
-000233
-000408
0001280
0003085
0001222
-001921
-001456
0001106
0001688
0000698
0000000
0000058
0001397
0002735
0001513
-001223
-002969
-002911
-000757
0002095
0002561
0001629
0002153
0003609
0004947
0005471
0004191
0002735
0004191
0006694
0005995
0003900
0004773
0006752
0005006
0001979
0003026
0005937
0005704
0003143
0000989
0000291
0002095
0004598
0004365
0002037
-000059
-001630
-003319
-004774
-006113
-006928
-006578
-006113
-007859
-009605
-007044
-002853
-002620
-004541
-003551
-000990
-000233
-000408
0000931
0002677
0002037
0000582
0001513
0003492
0003609
0002444
0001629
0001571
0002328
0003259
0002852
0002037
0002677
0003667
0002386
-000117
-001456
-001805
-002853
-003493
-002096
0000349
0002095
0002503
0001571
-000175
-002038
-002736
-000815
0002037
0002444
0000931
-000233
-001339
-003668
-005531
-004017
-001398
-002678
-005705
-004832
-002038
-002096
-003901
-004657
-004075
-002445
-000757
-000641
-001456
-001398
-000117
0002503
0005355
0006694
0006170
0003841
0001397
0001571
0002968
0002095
-000059
-001165
-000874
0000640
0002677
0003841
0003667
0002095
0000174
-000233
0000232
-000292
-001339
-002038
-001980
-000932
0000349
0000989
-000757
-007277
-015601
-020840
-021655
-018453
-013214
-010013
-008208
-004308
-000350
0000058
-001456
-000815
0000756
0000349
-001048
-000641
0000814
0001513
0001397
0000873
0000000
-001107
-001747
-000757
0001047
0002153
0002735
0004016
0004947
0003725
0001280
-000292
-000641
0000174
0001222
0000989
-000408
-002096
-003377
-003377
-002387
-001223
-000117
0001455
0002153
0000291
-002387
-002795
-000990
0002212
0004191
0001222
-004075
-006287
-005007
-001630
0002270
0004307
0004191
0002503
0000640
0000756
0002095
0002270
0002037
0003376
0005122
0005064
0003725
0002735
0002386
0002677
0003026
0002561
0001804
0001513
0002037
0003492
0004656
0003376
0000756
-000932
-001223
-000059
0001455
0001455
0000523
0000523
0001222
0001804
0001920
0001047
-000059
-000408
0000000
0000989
0001397
-000990
-003901
-002736
0000465
0000814
-000175
0001455
0003958
0003725
0001571
0000291
-000117
-000292
-000117
0000000
0000640
0002735
0005355
0006810
0007159
0007567
0007451
0005530
0003318
0003259
0004540
0004715
0004074
0004016
0004132
0003376
0002153
0001571
0001338
0000465
-000466
-000583
-000117
0000000
-000408
-001456
-002795
-003610
-004133
-005065
-006229
-007510
-007801
-005181
-001747
-001107
-002853
-005065
-006404
-005356
-003086
-002562
-003319
-003842
-003784
-003551
-002620
-000059
0002561
0002735
0001455
0001513
0002212
0001746
0000582
-000175
0000349
0002910
0005995
0006927
0005646
0003143
0000698
-000059
0000640
0001397
0001513
0000058
-001689
-001281
0000407
0001280
0000873
-001339
-003435
-002038
0001397
0003201
0003026
0001804
-000466
-004075
-006753
-004890
-001281
-002096
-005123
-004890
-002562
-001048
-001572
-004599
-009431
-014961
-018861
-018686
-015368
-011701
-008499
-005647
-003551
-002096
-001281
-001165
-001281
-000932
-000350
-000117
-000757
-003319
-005589
-004075
0000116
0004016
0006112
0005355
0002852
0001164
0000989
0002037
0003725
0005355
0005355
0001629
-002795
-001980
0001862
0003201
0002444
0002212
0001979
0000291
-000874
0002153
0006228
0005006
0000582
-001921
-001980
-000583
0001280
0001920
0001280
0000232
-000408
0000640
0002270
0002037
0000407
-000874
-002038
-004133
-005705
-004250
-001281
-000292
-000292
0001688
0003841
0002503
-000699
-002504
-002445
-000583
0001047
-001456
-005181
-004075
0000232
0003143
0004074
0003550
0001804
-000757
-002387
-000583
0002386
0001455
-000932
0000873
0004191
0003201
-000524
-002445
-002445
-002096
-000932
0002561
0005471
0002503
-002445
-001048
0003667
0003725
0001164
0001280
0002910
0002677
0001629
0002328
0003958
0004947
0004482
0001280
-002213
-001456
0001338
0000931
-001572
-002969
-003144
-002736
-001514
0001106
0003318
0002619
0000000
-001921
-002387
-001165
0000349
-000874
-003027
-002096
0000291
0000407
-001281
-003086
-004017
-003493
-001456
0001513
0003783
0002735
0000232
0000873
0002910
0002153
0000232
0001629
0004132
0002677
0000465
0004598
0010769
0009895
0005006
0004482
0006461
0005355
0002852
0002794
0004132
0004016
0002677
0001222
0000058
-000641
-000990
-001921
-002329
0000407
0003434
0001047
-003551
-003435
-000117
0002095
0002328
0000407
-002387
-003784
-003726
-003260
-002969
-003901
-005239
-004890
-003668
-003435
-003726
-003260
-002096
-000524
0000232
-001747
-004716
-005065
-003260
-001456
0000058
0001513
0002386
0001804
0001047
0003085
0004773
0000523
-007626
-015601
-019909
-017464
-010711
-005705
-002795
0000523
0002677
0001397
-001107
-000175
0002561
0002677
0001338
0001280
0002095
0001979
0001920
0003900
0006228
0005646
0003143
0001455
0000698
-000292
-000990
-001339
-000583
0002794
0005879
0003783
-000524
-000583
0001979
0002153
0000931
0001280
0002386
0002677
0002153
0000873
0000349
0003201
0006577
0004889
0000640
-000408
0001222
0002503
0003026
0002444
0001164
0000232
-000292
-001165
-001689
-000874
0000407
0000291
-000233
0001455
0003434
0002095
-000990
-002213
-001456
0000174
0001920
0002910
0003026
0002910
0002444
0001397
0000582
0001397
0003026
0003667
0003492
0003434
0003609
0004307
0005355
0006694
0007218
0005355
0002968
0004016
0006112
0003434
-001107
-001107
0001397
0000931
-001165
-001223
0000058
0000349
0000232
0000989
0002153
0002852
0002503
0000640
-001747
-003319
-003551
-002387
-001281
-003202
-005880
-004075
-000292
-000408
-002504
-001281
0001571
0001979
0000931
0001222
0002153
0002153
0001397
0000523
0000174
0001047
0002852
0004715
0005937
0005821
0004598
0003026
0001397
-000583
-000932
0003492
0008731
0007276
0001979
0000465
0001513
0000989
-000292
-000524
0000465
0002619
0004249
0002619
-000524
-001689
-000874
0000291
0001338
0001571
0001571
0002968
0004132
0002153
-001223
-002387
-001514
0000058
0001280
0000640
-000699
-000292
0001222
0002386
0002852
0002735
0001629
-000932
-003202
-002329
0000640
0002968
0003841
0002561
0000931
0002677
0005937
0006636
0005006
0002794
0001338
0002503
0004831
0005238
0004249
0003667
0003550
0003841
0003900
0002212
0000465
0001862
0004947
0006868
0005821
-000583
-007393
-005647
0000640
0002270
-001980
-011584
-021597
-024624
-021306
-016300
-011817
-010129
-010595
-010362
-009081
-006578
-004133
-003784
-004541
-003726
-002387
-002969
-004366
-004075
-002096
0000814
0003434
0004424
0004074
0003900
0004074
0004773
0005471
0005471
0005122
0005064
0005238
0005238
0005122
0004715
0004773
0006519
0008324
0006868
0004132
0004482
0005995
0004424
0000989
-000815
-001398
-002795
-003842
-002271
0000058
-000350
-002445
-003377
-002853
-000815
0001571
0001979
0001629
0003900
0005879
0001222
-005356
-004425
0001280
0004598
0004889
0003609
0001862
0001571
0002852
0005006
0006868
0006985
0005704
0004307
0002794
0000465
-001281
0000232
0002619
0000698
-002562
-000641
0003667
0003725
0001222
0000698
0001571
0002153
0002095
0001164
0000291
0001280
0002794
0001804
-000175
0000058
0001688
0002561
0001979
-000815
-004133
-005065
-004017
-002795
-002213
-003377
-005007
-004599
-002795
-001514
-000641
0001164
0002735
0001804
0000291
0001862
0004656
0004598
0002619
0001688
0001804
0002328
0002794
0002212
0001164
0001280
0002153
0002503
0002503
0002444
0002153
0001455
0000232
-001630
-003959
-006928
-008965
-008034
-005065
-002271
-000350
0000814
0000698
-001048
-002911
-002445
-000466
0000582
0000756
0001047
0000873
-000932
-003260
-004075
-003668
-003202
-002678
-001572
-000466
-000466
-000874
0000174
0001629
0001338
0000232
0000523
0001571
0001629
0001164
0001688
0002386
0001338
-000117
0000407
0002270
0003841
0004191
0002095
-000524
0000465
0002968
0002212
-000815
-003086
-003551
-000757
0002270
-000350
-005531
-006171
-003726
-003551
-004250
-002096
0000640
-000233
-003377
-005123
-005007
-003260
-001398
-002096
-004890
-007801
-011119
-016591
-021015
-019967
-014786
-009664
-005181
0000116
0003434
0000756
-003610
-000757
0005937
0008149
0006461
0005006
0003667
0001397
-000175
0001455
0004424
0005006
0003667
0002735
0002503
0002619
0003026
0003259
0003026
0001688
0000640
0002677
0005180
0003143
-001398
-003551
-003202
-001281
0000291
-001572
-004541
-003901
-000583
0002677
0003783
0000407
-004599
-005531
-003144
-001398
-000175
0001804
0003259
0002328
0000407
0000523
0001571
0000698
-000699
0000465
0002794
0003201
0001862
-000524
-002329
-001165
0001688
0002910
0002619
0002328
0002037
0001804
0001746
0001397
0001106
0001280
0001513
0000989
0000232
0000465
0000873
0000000
-001630
-002853
-003377
-002969
-002213
-002271
-002562
-001630
-000583
-002154
-004017
-001339
0002910
0002270
-001339
-002969
-002795
-002795
-002329
-000350
0001979
0002968
0002561
0001804
0001280
0001920
0002794
0001979
0000465
0000640
0001688
0001513
0000523
-000292
-000815
-001514
-001863
-000874
0000407
0000000
-001339
-001630
-001281
-001514
-001921
-001165
-000117
-000583
-001747
-001514
-000757
-001572
-003144
-004017
-003901
-002853
-001514
-000815
-000699
-000641
-000641
-000233
-000117
-001456
-002969
-002562
-000583
0001862
0003725
0003783
0002386
0000523
-000815
-000641
0000349
0000523
-000292
-002096
-003493
-002213
-000233
-001980
-005239
-005298
-002911
-000641
0000873
0001280
0000814
0000465
0000000
-001339
-002853
-003260
-003144
-003959
-005065
-005239
-004133
-001514
0000523
-001572
-005298
-004890
-002213
-002038
-003202
-002387
-000757
-001165
-002387
-001281
0000873
0001280
0000291
-000583
-000583
0001106
0003143
0003026
0001746
0002735
0002852
-003668
-013447
-020549
-022179
-016940
-008674
-005065
-004832
-001572
0001455
-002038
-007626
-006229
-001398
-001747
-005647
-008092
-008266
-006462
-003726
-002096
-001747
-001805
-002038
-002038
-001281
0001047
0003318
0002677
0000523
0000058
0000814
0000873
0000523
0000407
0000349
-000466
-000757
0001920
0005879
0007858
0007974
0007683
0006985
0005704
0004482
0004074
0004016
0002910
0001397
0000698
0000873
0001688
0002212
0000873
-001165
-001514
-000757
-000990
-001398
0000291
0002503
0002328
0000291
-002445
-004192
-002969
-000583
-001281
-003202
-001398
0001920
0001979
-000117
-001048
-000757
0000232
0001222
0001222
0000291
-001223
-002387
-001456
0000116
-000932
-002969
-002562
-000641
0000291
0000407
0000931
0001513
0001862
0001804
0001513
0001164
0001047
0001047
0000814
0000407
0000291
-000175
-002154
-004366
-004657
-003435
-002329
-001805
-002504
-003144
-001107
0001280
-000990
-005298
-006054
-003784
-001339
0000814
0003143
0004016
0000814
-003144
-001572
0002910
0003667
0002037
0002386
0003667
0003201
0001920
0001629
0002153
0002852
0002794
0000407
-002678
-003202
-001747
-001165
-000233
0004016
0008149
0006053
0001280
0001688
0005064
0005413
0003434
0002095
0001164
-000641
-002387
-002911
-002678
-002504
-003319
-006811
-010129
-008325
-003726
-002038
-002387
-001514
-000233
-000117
-001048
-002853
-004017
-001863
0001513
0001804
0000058
-000583
-000175
0000407
0000814
0000349
0000232
0002677
0006053
0006810
0006286
0008149
0010477
0008964
0005704
0005762
0007043
0004249
0000000
-000408
0001746
0002677
0002444
0002503
0002328
0000756
-001165
-001980
-001514
0000058
0001222
-001048
-004192
-002795
-000815
-006637
-016358
-021888
-021946
-018046
-011876
-005763
-002096
-002562
-005589
-007626
-007393
-004366
-000233
0001571
0001397
0001397
0001280
0000000
-000815
0001571
0005413
0007392
0007509
0007159
0007101
0008207
0009779
0010652
0009895
0006403
0002153
0000814
0001920
0003085
0003725
0003318
0002619
0003667
0005180
0004715
0002852
0001338
0000465
0000174
0000174
-000175
-000757
-001048
-001339
-002213
-003086
-002853
-001630
0000058
0001455
0001688
0001280
0001979
0002852
0001862
0000058
-000117
0000640
0000000
-000932
0000116
0002386
0003900
0004715
0005821
0006577
0005995
0004424
0002619
0001222
0001164
0001979
0002561
0002270
0000698
-001223
-001572
-000350
0001338
0003201
0005180
0005937
0003259
-000233
0000756
0003725
0002677
-000233
0000349
0002619
0002444
0000756
0000698
0001338
0000582
-000699
-000699
0000058
0000000
-000408
0000291
0000814
-001921
-005065
-003377
0000989
0002852
0002095
0000000
-001805
-000408
0002095
0000698
-002271
-001456
0000698
-002096
-005647
-000874
0006810
0006053
0000058
-002504
-001805
-000641
0000814
0002852
0004132
0003376
0001106
-001165
-002329
-001281
0000989
0002153
0001804
-000350
-002213
-000233
0003085
0002270
-000932
-002154
-001572
-000641
0000116
-000175
-000932
-001165
-000874
-000641
-000524
-000408
-000583
-001747
-002853
-002445
-000583
0002212
0004249
0002619
-000350
0000640
0003550
0003318
0001397
0001455
0002503
0001979
0000873
0001746
0002968
0001222
-002038
-003493
-003260
-002620
-002096
-002038
-002387
-002562
-002504
-002795
-002678
-000641
0001629
0000989
-001339
-002562
-002795
-003377
-003493
-001223
0001338
0000349
-002154
-001165
0000873
-000932
-006578
-015368
-022237
-019909
-011934
-007801
-006287
-000815
0004365
0001688
-003959
-001572
0004598
0004307
0000232
0000058
0001804
-000117
-002969
-001514
0002444
0004191
0003958
0003783
0003318
0001571
0000058
0001164
0002910
0000523
-003144
-002154
0001513
0003259
0002328
-001281
-005356
-006171
-004774
-005239
-006054
-003726
-000292
0000349
-000874
-000524
0000349
-000641
-002154
-001630
0000291
0002037
0002677
0001222
-000583
0000756
0004132
0006403
0006985
0005821
0004132
0004307
0005937
0007800
0008731
0007159
0004249
0002735
0002212
0000349
-000757
0002677
0007101
0005180
0000000
-001165
0000523
0000698
0000000
0000174
0000756
0000465
-000350
-000583
-000699
-002038
-003377
-002504
-000874
-001630
-003610
-004308
-003144
0000116
0003143
0001746
-001980
-003086
-001689
0000465
0002619
0003725
0003609
0002212
0001222
0003434
0006577
0005646
0002503
0001513
0002212
0002095
0001629
0002095
0002968
0003492
0003376
0002852
0001979
0000931
0000232
0000407
0000814
-000059
-001339
-001281
-000117
0001222
0002037
0001280
0000291
0002095
0004598
0003259
0000407
0001397
0004016
0003026
0000174
-000466
0000640
0001455
0001862
0002212
0002153
0001164
0000232
0001397
0003085
0001862
-000466
0000232
0002153
0000873
-001805
-001805
-000233
-000175
-001223
-001689
-001921
-002911
-003959
-003901
-002911
-001747
-000466
0001688
0003143
0001397
-001630
-001921
-000524
-000117
-000874
-002154
-003551
-004250
-004192
-003493
-002562
-002096
-001689
0000174
0001804
-000233
-003551
-003551
-001223
0000000
0000000
-000583
-001165
-000233
0001222
0001047
0000465
0002561
0005530
0005821
0004424
0004307
0004831
0005297
0002561
-009081
-022179
-024100
-017522
-012458
-009780
-007859
-007102
-007393
-008150
-008558
-007859
-005065
-001398
0001513
0001979
-002213
-007044
-005531
-000117
0002561
0002212
0000465
-001514
-001630
-000350
0000407
0000582
0000582
0000407
0000116
0000116
0001047
0002503
0003550
0004191
0004889
0005180
0004249
0003201
0004482
0006403
0005821
0003725
0002852
0002852
0002444
0002095
0002852
0004191
0005180
0005355
0004540
0003026
0001280
-000059
-000292
-000175
-001747
-003610
-002853
-001223
-002445
-004832
-004192
-002271
-003086
-005472
-005880
-005298
-006578
-008208
-006869
-004308
-004425
-005763
-004075
-001630
-003784
-006928
-003493
0002561
0002619
-000641
0000174
0003259
0004074
0003085
0001920
0001338
0001862
0003259
0004773
0005413
0003841
0001222
0000000
-000117
-000815
-001339
-000292
0001455
0001979
0001862
0002910
0003725
0001513
-002096
-003842
-003610
-002853
-001805
-000641
0000000
-000350
-001107
-000990
-000757
-002504
-004366
-002969
-000059
0000174
-001456
-002213
-002853
-005880
-008558
-006287
-001398
0000698
0000058
-000990
-001921
-001980
-001107
0000291
0001862
0003609
0004482
0003492
0001513
0000523
0000523
0000698
0000931
0000698
0000116
-000466
-001165
-002562
-003027
0000407
0005064
0006053
0003667
-000292
-003551
-002736
0000232
0000582
-001048
-002504
-003027
-001921
-000292
-000932
-002271
-000874
0001397
0000174
-002736
-003202
-001747
-000641
0000232
0001688
0003026
0003609
0003318
0002444
0001338
0000174
-000524
0000000
0000523
-001456
-003842
-002853
0000116
0001629
0001688
0002153
0002037
-000059
-002853
-004366
-004308
-003668
-002678
-001572
-000641
0000174
0000232
-000175
-003610
-014786
-026312
-025904
-017406
-012516
-011061
-008616
-006520
-006520
-007160
-004948
-001572
-000757
-001281
0000407
0003143
0004656
0004598
0003143
0001746
0002852
0004889
0004016
0001979
0002386
0004365
0005122
0005413
0007101
0008964
0008498
0006577
0005413
0004482
0001862
-000932
-001921
-000583
0002503
0005762
0006752
0005180
0001920
-001630
-003551
-003901
-004133
-003901
-002213
-000874
-003377
-006811
-005239
-000874
0000814
-000059
-001281
-002795
-005181
-006520
-004075
0000058
0001397
0000465
-000408
-000059
0003492
0007159
0004831
0000174
0001222
0005355
0005588
0003725
0004831
0007218
0006752
0004365
0002852
0002212
0001629
0001571
0002619
0004249
0005821
0006344
0004715
0002212
0001397
0001862
0001979
0001455
-000117
-001747
-001921
-000932
0000000
0000640
0001164
0001338
0001047
-000233
-003377
-006404
-005705
-003027
-002387
-003493
-004483
-004599
-003086
-000583
0001338
0002037
0001397
-000117
-001689
-002038
0000756
0003900
0002037
-002213
-002911
-000175
0003841
0006752
0005122
0001280
0000523
0002503
0005297
0007159
0005471
0002386
0002677
0004773
0004365
0002153
0000523
-000175
-000175
0000349
0000640
0000756
0000989
0001222
0001455
0001164
-000233
-001980
-003202
-003319
-002154
-000524
-000117
-000466
0000232
0001164
0001280
0000291
-002154
-004133
-002562
0000931
0002735
0002619
0001397
0000814
0004424
0008789
0007567
0002968
0000640
0000465
0000291
0000465
0001455
0002735
0002968
0002735
0003259
0004132
0004365
0003900
0002735
0001862
0002910
0004365
0002386
-000583
0000407
0003376
0003259
0000873
-001165
-002504
-003377
-003144
-000932
0001629
0001746
0000582
0001397
0001862
-002911
-010420
-016067
-017871
-015019
-009140
-003784
-000233
0002037
0002328
0000000
-001805
0002270
0008207
0007392
0002328
-000175
-000350
-000757
-000466
0002270
0005704
0007276
0006344
0003026
-000466
-000408
0001804
0002619
0001397
-002620
-006171
-004017
0001280
0003609
0002619
-000292
-002911
-001223
0002270
0001397
-000990
0001862
0006752
0006868
0003550
0001164
0000116
-000059
0000058
-001572
-002853
-000292
0004249
0006752
0006927
0005762
0004191
0003376
0003900
0006053
0008440
0008498
0006694
0004656
0003085
0002735
0002794
0001455
-000117
0000174
0001455
0001746
0000989
-000757
-002271
-001689
-000292
-001281
-003260
-003260
-001747
-000466
0000174
-000059
-000524
0000000
0000931
0000814
-000117
-001223
-001805
-000466
0001280
0000232
-001572
0000349
0003376
0001397
-002271
-000583
0003900
0004773
0003259
0003434
0004191
0001862
-000233
0004307
0010769
0009604
0004016
0001979
0002910
0003085
0002968
0003958
0004540
0002328
-000757
-000990
0000582
0000756
-000292
-001689
-002911
-003086
-002329
-000815
0000291
-000699
-002387
-001805
0000058
0001047
0000582
-001630
-004017
-003610
-001980
-003435
-005822
-004541
-001747
-002329
-004192
-002213
0001804
0004074
0004016
0001513
-001281
-000874
0001746
0003376
0003550
0002270
0000465
-000350
0000174
0002153
0004074
0003841
0002270
0001571
0001688
0001862
0001804
0000931
0000232
0001920
0004307
0003958
0001804
0000232
-000583
-001689
-002329
-001514
-000874
-003610
-006986
-005123
-000583
0000698
-000408
-000292
0000349
-000699
-002038
-000815
0001455
0001106
-000466
0000000
0001338
0000465
-000524
0002561
0007101
0007625
0004947
0002386
0000465
-001339
-002620
-002736
-004017
-010944
-018919
-019792
-015019
-010304
-006229
-001456
0001222
-002678
-008266
-006287
0000232
0002852
0002153
0002328
0002503
0000814
-001048
0000116
0002735
0003492
0002561
0001338
0000349
-000117
0000058
0000407
0000814
0001164
0001513
0001979
0002561
0003085
0004016
0006461
0008265
0004947
0000174
0001106
0005122
0004947
0002561
0002852
0004598
0004540
0002910
0001106
-000699
-002736
-004133
-004308
-003260
-001863
-000524
0000232
0000058
-001572
-003144
-001689
0000873
0000349
-001747
-001339
0000000
-001456
-003842
-002969
-000233
0000989
0000698
0000058
-000524
-000699
-000233
0001106
0002153
0000814
-001048
0000232
0003667
0006461
0007276
0004889
0001513
0001338
0003492
0004773
0004424
0001862
-001048
-000932
0001338
0003026
0003609
0003550
0002444
-000350
-003260
-004250
-002795
0000989
0004365
0002735
-001514
-002213
-000990
-002795
-005705
-005356
-003202
-002736
-003842
-005822
-007044
-004832
-001456
-001863
-004133
-003551
-001572
-001805
-003435
-003959
-003551
-003202
-002678
-001921
-000583
0002095
0004540
0004598
0002910
0001455
0001164
0002794
0005064
0005588
0004191
0001513
-000757
-000059
0002619
0004889
0005762
0004715
0002328
-000059
-001572
-001223
-000117
-000757
-002620
-004308
-005356
-005298
-004948
-005996
-006695
-003260
0001571
0002212
0000058
-000583
-000641
-002911
-005938
-006637
-005763
-005589
-005472
-003842
-001921
-001921
-003610
-006229
-007975
-006462
-003027
-000990
-000641
-001107
-001398
0000291
0002677
0003026
0001746
0000349
-000699
-001107
-000350
0002386
0004773
0002852
-000990
-001572
-000175
-000815
-002096
-000466
0001688
-000466
-004541
-004832
-004075
-008208
-015368
-021655
-024798
-023576
-018861
-013331
-007975
-001980
0001513
-001863
-007335
-004948
0001397
0002212
-000466
-000466
0000873
-000466
-002387
-000466
0003143
0003958
0002270
-000175
-001980
-001339
0000931
0002619
0003376
0003434
0002968
0002735
0002735
0003143
0003201
0002037
0000349
-000408
-000408
-000990
-001456
-000408
0001106
0001164
0000349
0000873
0001571
-000350
-002911
-002562
-000350
0000523
-000117
-001980
-004133
-005414
-005181
-003260
-001165
-002038
-003901
-002853
0000232
0002328
0003434
0004365
0004889
0005006
0004656
0003958
0003259
0002910
0003259
0005064
0006636
0005297
0002503
0001222
0001397
0001688
0001804
0001338
0000465
0000058
-000408
-002445
-004599
-004774
-003377
-001805
-001165
-002329
-004599
-006811
-007451
-004657
-000874
-000641
-002911
-003959
-003901
-004133
-004308
-004017
-003551
-003435
-003260
-002271
-000641
0000756
0001746
0002561
0002561
0000873
-001223
-001223
0000000
0000058
-000466
-000117
0001222
0003550
0005297
0004074
0001280
0000174
0000407
0000174
-000350
-000117
0000000
-001921
-003901
-001747
0001688
0000407
-003260
-004017
-002271
0000058
0001164
-002154
-006113
-003027
0002968
0003026
-001223
-004599
-006054
-005472
-003784
-003260
-003435
-003027
-002271
-001805
-001689
-002096
-002562
-002038
-001048
-001165
-001281
0000814
0003376
0003259
0001106
-000932
-002271
-002736
-001747
0001746
0005122
0004249
0000523
-002271
-002736
0000174
0003900
0003085
-000059
0000407
0002619
0001688
-000292
0001629
0005006
0004424
0001688
0001397
0002619
0002619
0001571
0000582
-000292
-001048
-001339
-000583
0000407
0000349
-000408
-000932
-000699
0001338
0002968
0001106
-004192
-012516
-019035
-016532
-009314
-007917
-010129
-008790
-005356
-003319
-002504
-001398
-000350
-000233
-000059
0002212
0004074
0000116
-005123
-002620
0003841
0005006
0002386
0001746
0002328
0001629
0000640
0001397
0002677
0001746
-000117
0000058
0001688
0002561
0002910
0004016
0004482
0002037
-001107
-000815
0001920
0004191
0005355
0005762
0005064
0003143
0001047
0000523
0001047
0000582
0000291
0002677
0005646
0005413
0003376
0003667
0005064
0004598
0002910
0001571
0000756
0000232
0000174
0000582
0000640
-001572
-004133
-003260
-000233
0001804
0002212
0000698
-001107
-000175
0002037
0002095
0000523
-000757
-001398
-001223
-000175
0001629
0003143
0002910
0001746
0001746
0002270
0001222
0000058
0001979
0004889
0004191
0001571
0000814
0001746
0002619
0003434
0005064
0005238
0000058
-006171
-005705
-000466
0003492
0005180
0005471
0004307
0002386
0000989
0001397
0003376
0006403
0007974
0004191
-001747
-003086
-000990
0000116
-000175
-001398
-002911
-003086
-002736
-004075
-006171
-007335
-007102
-005472
-003493
-003086
-003493
-002096
-000874
-003842
-008034
-007975
-004133
0000814
0004307
0003085
-000583
-001281
0000756
0003201
0004947
0004656
0003085
0002561
0002910
0003026
0003259
0004482
0005471
0004249
0002037
0001571
0002619
0004482
0005704
0003900
0000989
0001338
0003085
0001629
-001689
-003726
-003959
-002620
-000583
0000989
0001397
-000059
-001747
-000815
0001164
0000640
-001398
-002387
-001980
-000175
0001746
0001513
-000408
-001863
-002620
-003027
-002504
-000408
0001746
0001280
-000233
0001338
0003667
0001571
-002213
-001921
0001338
0004249
0005530
0004191
0001746
0001629
0002386
0000640
-003319
-008208
-012923
-016998
-017929
-012865
-005531
-003319
-004599
-002911
-000524
-002853
-006171
-002969
0002968
0003201
-000350
-002096
-002038
-002096
-001805
-000175
0001455
0000523
-001572
-001630
-000233
0000523
0001047
0002619
0004424
0005180
0004889
0004191
0003318
0002270
0001746
0002910
0004715
0005180
0004424
0003318
0001979
0000465
-000350
0001047
0003143
0003318
0002037
0000873
0000349
0001571
0002444
-000932
-004948
-002387
0003201
0003609
0000523
-000350
0000523
0001513
0001862
0000407
-001223
0000000
0002328
0001920
-000233
-001339
-001281
-000815
-000059
0000756
0001047
-000117
-001398
-000292
0002386
0004831
0005646
0003376
0000116
0000349
0002561
0002619
0001222
0000873
0001280
0001222
0001397
0002910
0004715
0005180
0004016
0001222
-001805
-002620
-001514
-000233
0001106
0002794
0004016
0003434
0002153
0002386
0003201
0001629
-000641
0000058
0001455
-001805
-006113
-003784
0001280
0000523
-003610
-004948
-003027
0001513
0005413
0002794
-002387
-001339
0002910
0003026
0000232
-001456
-001630
-001048
0000523
0003725
0006694
0006636
0004889
0005122
0006403
0005879
0004424
0004307
0005238
0005937
0006053
0005064
0003783
0003900
0004540
0003783
0002037
0000407
-000874
-001863
-001980
0000000
0001979
0000582
-002736
-004425
-004541
-004716
-004483
-003027
-001572
-002154
-004133
-005531
-005996
-005763
-004657
-002038
0000174
-001165
-004133
-004657
-003144
-001980
-000641
0002503
0005937
0007625
0007334
0005879
0004074
0003026
0002968
0003376
0003492
0002095
0000116
-000757
0000000
0002503
0005180
0005704
0004540
0003492
0002852
0002328
0002212
0002910
0002968
-000175
-003842
-002445
0001164
0000873
-002911
-006869
-011526
-019327
-025380
-022004
-013273
-009081
-008383
-005705
-002853
-003551
-005239
-002911
0001280
0002328
0000873
-000233
-001048
-002620
-003319
-000874
0003143
0005704
0006286
0005122
0003667
0004307
0005995
0005937
0004598
0003841
0003376
0002212
0000989
0001106
0001629
0000116
-001398
0001397
0005588
0005413
0002386
0000756
0000698
0001397
0002212
0001979
0000698
-001630
-003435
-002154
0000465
0000116
-001165
0001513
0005297
0004482
0000756
-001747
-002387
-001107
0000116
-002853
-006637
-004657
0000291
0001513
0000232
0000640
0002037
0002444
0001862
0000523
-000757
-000175
0001106
0000523
-000757
0000058
0002037
0002910
0002619
0001629
0000931
0002328
0004191
0003318
0000465
-001921
-003144
-002795
-001921
-002853
-004716
-005647
-004774
-000815
0003026
0001688
-002736
-004541
-003901
-002853
-001980
-001805
-001863
-000699
0001222
0002794
0003143
0001106
-001630
-002329
-000990
0000931
0002270
0001222
-000699
-000292
0001397
0001571
0000582
-000292
-000699
-000233
0000582
0000989
0000174
-002969
-006113
-005181
-002154
-001630
-003086
-004541
-005065
-003319
-001048
-001630
-004133
-005880
-006345
-005647
-004483
-004308
-004832
-005123
-004832
-003086
-000990
-000699
-000932
0001571
0004249
0002037
-002562
-004250
-003086
-001281
0000523
0001629
0001688
0001047
-000408
-002969
-004541
-002329
0002153
0005122
0006112
0006112
0004773
0001804
-001107
-001223
0000116
-000175
-001689
-002620
-002853
-002620
-002096
-001572
-001107
-000292
-000175
-002678
-005705
-005880
-003726
-001165
-000233
-003784
-008499
-007510
-003435
-002678
-004133
-004133
-002853
-001281
-000466
-001921
-004308
-004308
-004075
-008441
-014844
-018919
-018977
-014495
-007684
-002213
0000640
0001164
0000000
-000932
-000815
0001164
0003318
0002444
-000059
-001048
-000466
0000465
0001629
0003026
0003958
0003667
0002619
0001513
0001106
0001746
0003201
0005122
0006228
0005646
0002968
-002271
-006404
-003726
0001979
0001629
-001921
-001048
0001979
0001338
-000815
0000640
0003667
0003900
0001920
0000291
-000990
-002736
-003435
-000932
0002677
0003201
0001862
0002095
0003609
0005297
0006403
0005937
0004715
0004715
0004947
0002852
0000116
0000232
0001746
0000814
-001107
-000466
0001280
0000873
-000699
-000641
0000232
-000233
-001107
-000583
0000582
0000756
0000116
-000641
-001223
-001747
-001689
-000524
0000989
0001397
0000873
0000407
0000000
-001107
-001339
0001862
0005704
0004947
0001455
0000232
0001222
0002735
0004249
0004947
0005180
0006403
0006461
0001106
-005298
-004483
0000116
-000583
-003959
-003202
-000175
0000000
-001456
-000990
0000349
0000582
-000292
-001514
-002387
-001456
-000117
-001572
-004075
-003959
-002096
-000699
-000408
-001805
-004017
-005880
-006054
-003260
0000407
0000814
-000524
0000582
0002503
0001164
-001339
-000233
0002677
0002619
0001164
0002037
0004365
0005937
0006170
0004947
0002968
0001862
0001513
0000931
0000523
0000349
0001047
0003492
0005937
0005471
0002852
0000349
-001048
-000292
0001455
0001629
0000407
-001107
-002329
-002795
-003086
-004890
-006869
-006753
-004716
-001514
0001106
0000989
-001281
-003784
-005007
-003551
-000699
0000523
0000756
0002444
0004249
0003550
0001455
0000640
0000465
-001630
-003435
-000699
0003841
0004307
0002444
0003667
0006519
0007683
0006985
0005122
0003026
0001571
0001629
0004365
0005821
-000583
-011235
-019094
-021306
-016823
-009198
-005356
-004541
-001980
0000582
-000524
-002911
-001805
0000989
0000698
-001281
-001223
-000350
-002329
-004541
-002038
0002561
0003841
0001920
-001281
-003668
-002329
0000582
-000175
-002445
-001281
0002037
0004249
0005297
0006519
0006403
0002328
-002562
-003086
0000465
0005646
0009837
0009604
0006927
0007159
0008964
0008382
0006053
0003900
0002619
0002386
0002619
0002095
0000931
-000292
-000466
0002503
0005762
0003958
-000408
-001456
-000466
-001514
-003086
-001572
0000756
-000874
-004308
-004832
-002853
-000757
0000814
0001455
0000523
-002562
-005123
-002504
0002444
0003085
0000756
-000175
0000523
0002386
0004540
0005646
0005821
0006403
0006228
0002677
-001107
0000174
0004424
0006461
0005762
0003841
0001047
-001980
-004133
-004483
-003435
-002562
-001747
-000292
0001106
0001746
0001513
0000407
-000350
0001222
0003667
0004307
0002910
0000058
-002795
-003784
-002329
0001746
0005646
0005122
0001920
0000640
0000931
0000349
-000466
-000059
0001164
0002037
0002503
0002503
0002561
0003550
0004598
0004307
0003085
0002095
0001571
0001338
0001222
0000407
-000466
-000292
0000349
-000350
-001572
-001572
-001398
-003784
-006113
-003319
0001571
0002386
-000233
-002969
-004948
-005472
-004657
-003027
-002213
-004890
-008441
-007743
-004366
-002969
-002678
-000757
0001746
0002910
0002270
-000757
-003842
-003086
0000116
0001862
0002270
0002968
0003492
0002910
0002037
0002270
0002619
0000931
-001456
-001863
-000874
-000175
0000291
0001280
0001862
0000407
-001805
-001921
-000990
-001805
-002795
-000350
0003085
0002619
0000116
0000116
0001571
0001106
-000583
-001747
-002504
-003260
-004774
-007510
-011992
-019734
-025672
-022295
-013156
-007277
-005065
-003551
-003319
-005356
-007044
-004192
0001222
0004889
0005995
0005064
0003667
0005238
0008207
0009255
0008033
0004424
0001338
0003667
0007916
0006228
0001804
0002852
0006403
0005006
0000989
-000117
0000523
-000757
-002620
-002213
-000233
0001746
0002735
0001920
0000058
-001398
-001805
-000757
0000640
0000523
-000815
-002329
-002969
-001107
0000698
-002213
-007568
-010420
-010187
-008441
-005647
-002562
-000233
0000640
0000756
0001862
0003201
0003376
0002212
-000233
-002271
-001223
0001455
0002270
0001746
0001746
0001862
0000873
-000757
-002620
-003377
-001398
0001920
0003492
0003318
0002270
0001397
0002386
0004132
0003841
0002386
0002095
0002444
0002095
0001338
0000873
0000931
0001920
0002561
0000291
-003027
-003319
-001863
-002329
-003784
-003901
-002911
-001630
-000524
0000232
0000232
-000292
-001339
-003202
-004133
-000932
0003259
0002386
-000757
0000523
0004482
0006519
0006228
0004307
0001920
0000873
0001164
0002095
0002328
-000117
-003319
-003319
-001048
0000582
0000814
-000990
-003260
-003027
-001572
-002096
-003551
-003435
-002678
-003260
-004192
-003435
-001747
-001456
-001339
0001455
0004715
0004598
0001862
-000466
-001921
-002853
-002911
-002213
-000757
0001513
0003667
0004598
0004540
0004598
0004132
0001862
-000699
-000583
0000756
-000117
-002038
-002387
-001281
0000698
0002503
0003201
0002095
-001339
-004774
-004483
-001747
0000058
0000232
-001165
-003202
-004483
-004657
-004192
-003668
-004192
-005356
-006404
-006578
-005007
-003086
-003668
-005822
-006928
-006578
-005065
-003027
-001747
-001048
0000232
0001513
0001629
0000931
0001338
0000174
-008034
-018046
-020956
-017522
-013564
-009256
-003435
0001513
0002968
0001746
0000873
0000698
0000756
0001571
0004132
0006519
0005355
0002270
0001164
0001571
0001338
0000873
0001222
0001862
0001571
0000698
-000059
-000350
0000349
0001338
0001222
-000059
-002038
-003901
-004599
-004017
-002504
-000815
0000174
0000407
0000756
0000640
-000757
-002620
-003319
-002678
-000815
0001164
0001397
0000640
0000814
0001455
0001222
0000523
-000117
-000059
0001164
0003085
0004947
0005471
0002735
-000815
-000583
0002095
0002968
0002503
0002735
0003026
0001920
0000291
-000815
-000699
0001280
0003318
0002328
-000233
-000583
0000058
-002213
-005065
-003726
-000757
-002154
-005531
-005298
-002795
-001689
-002096
-003086
-003784
-002969
-001223
-000233
-000233
-001107
-002038
-001281
0000291
0000873
0000873
0001280
0001688
0001571
0000698
-001339
-002736
-000641
0003085
0004016
0002910
0002503
0002444
0001688
0000058
-003144
-005181
-001572
0004424
0006228
0004598
0003201
0002037
0000174
-001863
-003784
-004483
-002620
0000349
0001397
0001106
0001920
0002619
0001047
-001805
-003901
-004308
-002795
-000292
0001571
0002328
0002212
0001513
0001397
0001280
-000350
-002038
-001048
0001397
0002735
0002794
0002386
0001804
0001455
0001688
0002910
0004074
0003026
0001164
0001746
0003201
0002037
-000932
-003901
-005298
-002736
0000989
0000232
-002853
-002504
-000641
-002154
-005181
-005589
-004075
-003260
-002562
0000000
0002095
-000466
-004483
-003435
0000640
0002386
0002037
0001804
0001513
0000756
0000407
0001862
0004424
0006868
0007974
0006286
0003725
0004132
0006228
0006403
0005122
0004016
0003318
0002852
0002794
0003259
0003667
0003259
0001629
-000524
-004657
-013971
-022819
-022004
-014670
-009547
-007393
-006113
-006287
-008325
-010362
-009722
-006986
-004541
-002795
-001165
-000583
-002445
-004425
-001630
0002503
0000582
-003901
-002736
0001746
0003026
0002212
0003259
0005122
0005355
0005122
0007101
0009663
0009546
0007159
0004249
0002153
0002212
0004307
0007509
0009837
0008382
0005122
0004191
0005180
0006112
0005995
0003609
0000465
-000815
-000117
0001513
0003318
0004598
0004191
0000465
-003668
-002969
0000582
0001629
0000174
-002329
-004308
-003377
-000757
0000582
0000349
-000874
-001980
-000757
0001280
0000873
-000874
-000699
0000116
-001747
-003668
-000408
0004947
0005821
0003725
0003085
0003900
0005006
0005704
0004947
0003492
0002677
0003085
0004947
0006752
0005588
0002968
0002328
0002735
0000756
-001281
0000931
0004773
0004889
0002386
0001397
0001280
0000058
-001339
-001107
-000059
-000175
-000874
-000699
-000233
-001048
-002154
-001281
0000407
0000174
-000932
-000292
0001222
0001455
0000698
-000233
-001281
-003086
-004366
-003319
-000874
0000814
0001571
0001979
0001979
0001629
0000814
-000757
-002154
-001805
0000000
0002153
0003783
0004424
0003376
-000292
-003784
-002736
0001571
0005064
0006519
0005704
0003376
0001455
0000523
0000814
0001571
0001106
0000232
0000873
0002153
0002153
0001106
-000408
-001514
-000990
0000407
0000698
0000349
0000523
0000989
0000989
0000349
-001398
-002504
0000116
0003725
0002735
-000583
-000524
0001746
0003085
0003201
0002037
0000989
0002794
0005355
0004074
0000931
0000873
0002095
0000058
-003144
-003202
-001281
-000815
-001398
-001339
-000990
-001689
-002562
-002038
-000815
-000233
-000292
-000350
-000641
-001630
-003493
-005880
-009372
-015834
-021597
-021131
-015892
-010944
-006928
-002271
0000407
-002911
-007393
-003668
0004307
0007101
0005821
0005588
0006170
0006053
0006228
0007974
0010186
0010827
0009430
0006170
0002444
0000349
0000116
0001164
0002386
0002095
0000989
0001222
0002037
0001280
-000059
0000000
0000291
-001572
-004890
-008092
-010013
-009722
-007393
-003726
-000175
0001746
0001513
-000524
-003086
-003668
-003202
-004774
-006637
-005356
-002678
-002329
-003668
-004483
-003842
-000932
0002852
0005238
0005588
0004074
0002794
0005588
0009837
0010070
0007392
0005530
0004656
0003783
0003143
0002910
0002677
0001338
0000291
0002794
0006053
0004715
0000931
-000117
0001164
0002270
0002794
0002444
0001920
0003143
0004482
0002561
-001048
-003027
-003668
-004948
-005822
-004890
-002795
-000757
-000059
-002213
-004832
-003493
-000059
0000640
-000292
0000116
0001397
0001862
0001920
0002561
0002852
0000989
-001165
0000291
0003143
0002386
0000232
0001862
0004947
0004016
0001280
0001979
0004773
0006403
0006344
0004249
0002153
0003958
0007101
0006286
0002910
0000931
0000407
0000174
-000059
-000757
-001689
-002678
-002387
0001397
0005704
0005238
0001629
-000466
-000641
0000407
0001688
0001164
-000175
0000058
0001455
0002561
0002677
0000814
-001398
-000757
0001397
0001804
0001047
0000814
0001397
0003026
0003900
0000989
-002911
-001921
0001397
0000582
-002678
-003901
-003144
-001747
-000583
-001165
-002504
-002271
-001107
-001165
-001747
-000990
-000292
-002678
-005938
-005822
-003377
-001514
-000815
-000990
-001805
-002736
-003377
-003726
-002911
0000756
0004540
0003667
0000116
-001107
-000466
-000233
-000815
-002969
-004425
-000757
0003783
0001513
-005938
-013796
-018162
-015077
-007917
-005007
-004716
-000350
0004074
0000640
-005880
-005531
-000524
0002503
0002968
0001920
0000407
0000349
0001338
0001513
0001513
0002852
0004482
0004482
0003318
0002677
0002328
0001513
0000698
0000814
0001571
0002270
0002444
0001106
-000175
0001397
0003783
0002561
-000175
0000116
0002386
0003318
0003434
0004715
0006112
0005704
0004074
0002386
0001629
0002852
0004773
0004831
0003550
0002153
0001979
0005064
0008731
0007858
0004074
0001920
0001455
0001164
0001222
0002386
0002968
0000174
-003610
-003784
-001630
-000932
-001572
-002620
-003435
-003319
-002387
-001398
-000815
-000990
-001572
-001572
-001398
-002445
-003377
-001689
0000814
0000407
-001747
-002504
-001921
-000932
0000232
0001513
0002328
0001688
0000931
0002328
0004540
0004540
0003085
0002444
0002153
0000931
-000408
-000699
-000059
0000989
0001804
0001862
0001338
0000931
0000640
-000117
-000583
0000465
0001979
0002095
0000931
-000292
-001514
-002853
-003551
-002154
-000466
-001921
-004599
-004017
-001689
-001398
-002678
-004133
-005065
-004366
-003202
-004133
-005822
-005705
-004017
-001980
-000117
0001397
0001920
0000756
-000932
-000874
-000292
-002445
-004716
-002445
0002503
0005995
0006810
0004540
0001746
0003259
0007101
0008324
0006461
0002328
-001921
-003086
-001398
0000814
0002794
0004482
0004482
0001397
-002911
-005531
-005472
-002736
0000814
0001862
0000465
-001747
-003668
-004308
-003144
0000116
0003085
0001629
-001630
-001048
0001979
0003259
0003026
0003434
0003026
-000874
-005239
-004483
-000699
0000465
-000524
-001514
-001863
-000641
0000582
-001398
-004250
-003027
-000233
-001747
-005414
-005414
-004075
-006404
-011468
-017115
-020433
-017755
-011934
-009664
-009722
-007160
-004308
-006171
-009198
-006113
-000117
0001629
-000175
-001747
-002911
-004250
-004716
-002969
-000233
0000989
0000931
0000931
0000931
0000523
0000174
0000349
0001280
0003376
0005238
0004656
0002852
0002386
0003550
0006112
0008440
0007683
0005297
0005122
0005646
0003085
-000292
-000117
0002037
0001920
0000174
-000932
-001456
-002504
-002911
-000408
0002735
0002095
-000524
-000350
0001455
0001979
0000931
-001281
-003144
-001863
0000931
0001222
-000175
-000117
0000465
-000233
-001689
-002504
-002387
-000932
0000756
0000582
-000292
0000931
0002852
0002444
0001280
0002503
0005064
0006461
0006461
0005238
0003550
0002503
0001862
-000059
-001863
-001107
0001222
0002677
0003259
0003900
0003958
0002328
0000349
-000117
0000931
0002852
0003900
0001688
-001921
-003086
-002271
-001863
-002038
-002271
-003086
-005531
-007568
-005356
-001863
-003202
-007393
-009431
-008616
-005414
-001339
0000989
0001106
-000874
-002678
-000350
0003318
0002444
-000815
-000815
0001629
0003958
0005646
0007043
0007334
0005530
0002910
0001746
0001688
0000989
0000116
0000000
0000582
0001571
0002328
0002270
0001222
-000641
-002213
-001747
-000117
0000291
-000059
0000407
0001047
0000407
-000292
0000989
0002968
0003376
0001746
-001980
-005239
-003842
-000175
0000000
-001805
-001339
0000756
0002910
0003900
0001862
-001165
-000932
0001397
0002677
0002735
0002444
0001629
0000116
-001107
-000524
0001047
0001746
0001106
-000932
-003202
-004192
-003377
-001339
0001571
0005122
0007334
0005355
0001338
-000583
-000233
0000756
0001804
0001804
0001047
0000640
0000407
-000641
-001398
0000989
0001746
-008499
-021713
-022528
-014844
-011061
-010071
-005880
-001223
-000583
-002736
-004017
-003551
-000990
0002386
0004132
0004191
0004365
0003900
0001047
-002038
-001747
0000931
0003259
0003900
0001513
-001514
-000815
0002153
0003725
0003376
0001513
-000233
0000989
0003259
0002153
-000699
-001339
-000233
0001280
0001688
-001863
-005531
-001805
0004307
0002270
-004075
-005239
-002562
-001281
-001107
-000059
0000523
-002038
-004948
-002562
0002212
0002619
0000407
0000582
0002386
0003259
0003318
0003201
0003143
0003492
0004365
0005704
0006810
0006752
0005821
0004656
0003841
0004016
0004365
0002910
0000582
-001165
-001107
0002212
0005704
0003900
-000699
-001689
-000233
-000175
-000990
-000990
-000466
0000116
0000465
0000465
-000059
-001339
-002154
-000408
0001862
0000465
-002271
-000524
0002852
0001280
-002504
-002154
0000814
0002561
0002735
0001804
0000873
0002444
0004656
0003609
0001047
0000814
0002561
0004598
0005937
0005355
0003318
0000989
-000583
-000641
0000232
0000291
0000000
0000174
0001164
0003259
0005238
0005122
0003550
0002270
0001455
0001047
0000698
-000699
-002387
-003027
-002620
-001805
-000874
-000350
0000000
0001280
0002503
0002095
0000407
-001339
-003086
-005531
-007102
-005181
-001572
0000407
0000523
0000116
-000641
-002096
-003027
-001805
0000116
-000175
-001630
-001107
0000582
0001397
0001513
0002095
0002503
0001455
0000000
0000465
0001688
0001047
-000699
-001747
-001514
0000407
0002503
0002503
0000582
-001572
-003435
-004774
-005065
-004017
-002271
-001339
-001048
-000233
0000349
-000874
-002853
-003726
-003377
-002213
-001339
-002678
-004541
-003377
