-004425
-003784
-002620
-002504
-003027
-003435
-002969
-000815
0001804
0002794
0002328
0001222
0000291
0000523
0001397
0002037
0000523
-006171
-014437
-018453
-016823
-010246
-002096
0002095
0002503
0002328
0002386
0003609
0005122
0004947
0003492
0002212
0001338
0000873
0000989
0002212
0003085
0000931
-001747
0000523
0004307
0002386
-002678
-005065
-003901
0000582
0005471
0006170
0003958
0003376
0003783
0002619
0000640
-000815
-001107
0000640
0003434
0005995
0007218
0006519
0004307
0001746
-000059
-000350
0001397
0005238
0009022
0009779
0007916
0006170
0004307
0001164
-001165
0000989
0005006
0005879
0004132
0002619
0001629
0001338
0001629
0002270
0002735
0002328
0001513
0001455
0001571
0000640
-000990
-002969
-004250
-003319
-001456
-000990
-001863
-002969
-003842
-003784
-002969
-002154
-000990
0001455
0003609
0002910
0000873
0000873
0002153
0002153
0001688
0002735
0004482
0005064
0004656
0004249
0004074
0004773
0005297
0003550
0001397
0002444
0005180
0006286
0005530
0003318
0001513
0003492
0006810
0005879
0002852
0003376
0005471
0004424
0001222
-002096
-003435
-000233
0004831
0006461
0004889
0002735
0000640
-001223
-001921
-000117
0002270
0001513
-000874
-001165
0000698
0003783
0006403
0005879
0003259
0001106
-000233
-001107
-001572
-002445
-002562
0000291
0004191
0005471
0004715
0004424
0004656
0005355
0005937
0005297
0003841
0002444
0001513
0001280
0001804
0002852
0003725
0003085
0001629
0000931
0001164
0002037
0003259
0004540
0004831
0002619
-000175
-000117
0001688
0002212
0001047
-001339
-003784
-004250
-003493
-003493
-004250
-005472
-006520
-006287
-005239
-005123
-004832
-001689
0001746
0000523
-003086
-004192
-002678
-000117
0001979
0000756
-001281
0001106
0005180
0004656
0001629
0001746
0003609
0003550
0001979
0001280
-000699
-008325
-017464
-021189
-019385
-015077
-010013
-006462
-005007
-004716
-004948
-004483
-003086
-001281
0000698
0003143
0003958
-000292
-005880
-005763
-001921
-000175
0000000
0001106
0002153
0001513
0000116
-000175
0001222
0005064
0008673
0007218
0003201
0002270
0004365
0007858
0010419
0008498
0004307
0003026
0003783
0003085
0001397
0000058
-000757
-000874
-000583
-000815
-001398
-001747
-001630
-000699
0000232
0000000
-001398
-003901
-005414
-002853
0001455
0002328
0000931
0001222
0002212
0001629
0000291
-000350
0000116
0002037
0003900
0003492
0001338
-000757
-001572
0000407
0003550
0004598
0003376
0000756
-001572
-000932
0001338
0001920
0001571
0002794
0004540
0004889
0004132
0003318
0003201
0005646
0007742
0004132
-001747
-002562
0000058
0000873
0000291
0000000
-000059
-000408
-000524
0000523
0001746
0000756
-001048
-000757
0000349
-000641
-002911
-004192
-004657
-005239
-005589
-005589
-004716
-001980
0000756
0000349
-001630
-000990
0001222
0002386
0002386
0001920
0001106
0000116
-000233
0000931
0002735
0003376
0003085
0003492
0003958
0003492
0002444
0001513
0001047
0001513
0001920
0000582
-001107
-000350
0002153
0004540
0005471
0003667
0000582
-000815
-000466
0000523
0001047
-000583
-002911
-003377
-001980
0000698
0002444
-000233
-004890
-006462
-004890
-002096
0000349
-000175
-002154
-001863
-000408
-000815
-002504
-003726
-004192
-004133
-003493
-002795
-001689
0000291
0002735
0005180
0006170
0003609
-000117
-000408
0001920
0003725
0004540
0004307
0003550
0003434
0003318
0001513
-000175
0002037
0005704
0005995
0003900
0002910
0002852
0002444
0002153
0002735
0003318
0001804
-000641
-001747
-002038
-002620
-004890
-011235
-017755
-017988
-013855
-011876
-011061
-007626
-003668
-002736
-003610
-002911
-000990
0000523
0001455
0001746
0001397
0000407
-000175
0001397
0003259
0001338
-001805
-000408
0003026
0002910
0000582
-000524
0000116
0002444
0004831
0004773
0002677
0000465
-001048
-001514
-000292
0003550
0007101
0005413
0001455
0002153
0004831
0002328
-001456
0002212
0008324
0006053
-000874
-003027
-001339
0000058
0000989
0001862
0002444
0002619
0002444
0002212
0001920
0001397
0000698
-000583
-001281
0000349
0003201
0004773
0004889
0003900
0003085
0004540
0006810
0006694
0005297
0005588
0006694
0006170
0004307
0001862
-000466
-001805
-002213
-002795
-002795
-001339
0000873
0002852
0003550
0001746
-000175
0002561
0006927
0006519
0002735
-000408
-002096
-002387
-001514
0000058
0001106
0000465
-001456
-003551
-004425
-002387
0000640
0000640
-000990
-000175
0001338
-000699
-003377
-001107
0003841
0006344
0006694
0007683
0008324
0006927
0004656
0003783
0004249
0005180
0005530
0003667
0000989
0000000
0000756
0002328
0003667
0002968
0001280
0001222
0002037
0001571
0000407
0000000
0000174
0000174
-000408
-002678
-005007
-004657
-002853
-002445
-003319
-005007
-005996
-003959
-000815
-000524
-001980
-001456
-000292
-001398
-003377
-003551
-001980
0000640
0003550
0006286
0007858
0007101
0005471
0005879
0006985
0005297
0002270
0000640
0000523
0000756
0001222
0001513
0001455
0000698
-000292
-000815
-000641
-000059
0000523
0000407
-000233
-001281
-001921
-000699
0000989
0000640
-001223
-002795
-003668
-003668
-003260
-003435
-003842
-003319
-002271
-001572
-001107
0000000
0000640
-001281
-004308
-005938
-005822
-004716
-003435
-002736
-004133
-009838
-016241
-017522
-013913
-008150
-002795
-001281
-002038
0000000
0002735
0001571
-001863
-003435
-003086
-001863
-000524
0000058
0000116
0000407
0001338
0003318
0005355
0005762
0005006
0004307
0004074
0004656
0005297
0004540
0003201
0002968
0003434
0003259
0002619
0001979
0001280
0000116
-000757
-000175
0000989
0000582
-000408
0000465
0002386
0003376
0003434
0003026
0002677
0003201
0004132
0003783
0003318
0005530
0007800
0005122
0000407
-000233
0002095
0003492
0003550
0002386
0000349
-002271
-003726
-001398
0002037
0001106
-002154
-002678
-001339
-001630
-002096
0000523
0004016
0004424
0002270
-000292
-001980
-001572
0000116
0000989
0000931
0000640
0000291
-000059
0000058
0001688
0003085
0000873
-002329
-001165
0002328
0003259
0002037
0000931
0000582
0001688
0003492
0004656
0004831
0004016
0002328
-000292
-002038
-000175
0003259
0003783
0002095
0000989
0000407
-000408
-001572
-003901
-005763
-004541
-001805
-001048
-001863
-002504
-002562
-001980
-001107
-000815
-001165
-001630
-002504
-004308
-005938
-005763
-004075
-001921
-000583
-001572
-003784
-005007
-004133
0000058
0004540
0003900
-000117
-002562
-003027
-002969
-001805
0001106
0004191
0005180
0004307
0002910
0001629
0001106
0000873
-001048
-002445
0000814
0005180
0002910
-001689
0000873
0006694
0006694
0002735
0000291
-000524
-000990
-001339
-002445
-004017
-005356
-006229
-006753
-006753
-006054
-005472
-006928
-008499
-006171
-002096
-000815
-001805
-002445
-002445
-001572
-000583
-001223
-002387
-002038
-000292
0002153
0003900
0002968
0000465
-000932
-000932
-000292
0000814
0002270
0003085
0002561
0000814
-002038
-003959
-001572
0001106
-003551
-012341
-017755
-019094
-018395
-015368
-009722
-004192
-002853
-004017
-002504
0000116
0000349
-000757
-000350
0000698
0000291
-001514
-003842
-005531
-005589
-003551
0000931
0004424
0001280
-005065
-007044
-004774
-001048
0002270
0002212
0000349
0000756
0002852
0004540
0005646
0006636
0006577
0004074
0001106
0001397
0003085
0001397
-001165
0001397
0005530
0003609
-001339
-002038
0000174
0000582
0000174
0001513
0003318
0002968
0001397
0000756
0000814
0000873
0000640
-000583
-001747
-000699
0000582
-002096
-005647
-003901
0000465
0000814
-001514
-002387
-002096
-002620
-002853
-000583
0002386
0002910
0001513
0000174
-000408
0000232
0001513
0002095
0001862
0001455
0000931
0000058
-000524
0000232
0001164
-000350
-002445
-000990
0001746
0001106
-001514
-002387
-001689
-000408
0000000
-002969
-006287
-004308
0000582
0002735
0001804
-001165
-004133
-003784
-001223
0000523
0001106
0000582
-000292
0000116
0001047
0000582
-000175
0001164
0002677
0000349
-003668
-005007
-003551
-000699
0001979
0002095
0000698
0000873
0001979
0002270
0002619
0005238
0007974
0007159
0003841
0001106
0000000
0001106
0002794
0001338
-001281
-000583
0001513
0000349
-002387
-002736
-001281
-000117
0000000
-001689
-003668
-003144
-001165
-000874
-001339
-000233
0001047
-000175
-002620
-003551
-002678
-000408
0002037
0003026
0002212
-000408
-002620
-000408
0003376
0002328
-001223
-001921
-000059
0002503
0004482
0003841
0001804
0001164
0001920
0003143
0004132
0003550
0002212
0001746
0002270
0002968
0003900
0005064
0005879
0005471
0003783
0000931
-001689
-001980
-000466
0001222
0001862
-000059
-002911
-003027
-001921
-003610
-006869
-008499
-010013
-015077
-020840
-022761
-020316
-015077
-009198
-005822
-004657
-003086
-001630
-001514
-001980
-001514
-000524
-000292
-000408
0000000
0001047
0002794
0004132
0003434
0001979
0002677
0004598
0005530
0005355
0004889
0004132
0003085
0002386
0003143
0004016
0002328
0000000
0001222
0003900
0003318
0001338
0003026
0005821
0004540
0001106
0000232
0001688
0003783
0005064
0003434
0000582
0000640
0001979
0000465
-002562
-004192
-004250
-003144
-002096
-002969
-004716
-004832
-003435
-001339
0000698
0001979
0002910
0005180
0007101
0005588
0002677
0002619
0004016
0002910
0000582
-000117
0000814
0002386
0003492
0002503
0000523
-000059
0000931
0002852
0004715
0005122
0004307
0003434
0002561
0001397
0000465
0000291
0001164
0003550
0005297
0002328
-002213
-001630
0001804
0002270
0000989
0001629
0002910
0001804
-000583
-001863
-002038
-001921
-001398
0000174
0001513
0000116
-001747
0000000
0003958
0006927
0007509
0004773
0000582
-001689
-001863
-001805
-001107
0001338
0003609
0002735
0000000
-001048
-000699
-000757
-001107
-001281
-001514
-002620
-003202
-000932
0002270
0002619
0001047
0000232
0000407
0001164
0001513
-000117
-002504
-003202
-002329
-001107
-000059
0000000
-000350
0000116
0001280
0002852
0003550
0001920
-001107
-003435
-004308
-004075
-001980
0003434
0008498
0006985
0002386
0002794
0006286
0007218
0005471
0002153
-001048
-001805
-000350
0001746
0003725
0004598
0004889
0005821
0006810
0006636
0004947
0001455
-002096
-002911
-001805
-001689
-001863
-000641
0000873
0000931
-000408
-002562
-004075
-002853
-000059
0001688
0001513
-001165
-004483
-005007
-003551
-002795
-002795
-003086
-003435
-003086
-003260
-005763
-010013
-015310
-018686
-016474
-010478
-004948
-001339
0000407
0000814
0002444
0003958
0002270
-000350
0000523
0003259
0003841
0002852
0002677
0002968
0002910
0002794
0003434
0004016
0002968
0001629
0002503
0004482
0005355
0004540
0001688
-001689
-003377
-003435
-003260
-002853
-002387
-002096
-002562
-002911
-001630
0000582
0002386
0002794
0000873
-002038
-003377
-003202
-003086
-002911
-002795
-001689
0002735
0006752
0003609
-002620
-002853
0000523
0000349
-001572
-000466
0002037
0002444
0001106
-000292
-001048
-000059
0001338
0000291
-001281
0000640
0004307
0005879
0005180
0003318
0001513
0001746
0002794
0001920
0000000
-000524
-000583
-002853
-005647
-005414
-003319
-002271
-002562
-003668
-004832
-004483
-003377
-003377
-003610
-001805
0000873
0002444
0002444
0000989
-000408
0001338
0004016
0003026
0000407
0001397
0003725
0002619
-000524
-001921
-001921
-002096
-002562
-004133
-005298
-003260
0000058
0000756
-000350
-000699
-000117
0000989
0002037
0002444
0001746
-000233
-002620
-004192
-004657
-004308
-003668
-003959
-004483
-003202
-001630
-003027
-005298
-004308
-001572
-001398
-002504
-001572
0000873
0003667
0005180
0002910
-000583
-000408
0001804
0001746
0000058
-001456
-002271
-002154
-001805
-002969
-004425
-003784
-002213
-002911
-004425
-003610
-001863
-002795
-004657
-003086
-000175
-000233
-002445
-003959
-004890
-006287
-007277
-006695
-005181
-004017
-003726
-004599
-005938
-006637
-006462
-005880
-004948
-003202
-001863
-002795
-004774
-005239
-004192
-002620
-001281
-000990
-001048
0000698
0002910
0003143
0002153
0001688
0002037
0003434
0004365
0002095
-000699
0002095
0006170
0003143
-005181
-013971
-019850
-019792
-015776
-013273
-011876
-008616
-005007
-002795
-003260
-008208
-013214
-010187
-003260
-002096
-004890
-005822
-004308
-000524
0003259
0003550
0000989
-001921
-003551
-001805
0001746
0003841
0003725
0001455
-001572
-002678
-001863
-000117
0001629
0002328
0002212
0002503
0003143
0004365
0005180
0003783
0001920
0003026
0005704
0006810
0005937
0003143
0000407
0001047
0003143
0002328
0000291
0001280
0003783
0004540
0003318
0000174
-002445
0000058
0004132
0002270
-003086
-005647
-005531
-005298
-004366
-001339
0001455
0000174
-002911
-002271
-000117
-001805
-005472
-006753
-005705
-004133
-002154
0000291
0002386
0003667
0003841
0002910
0001979
0002677
0004307
0005413
0005297
0003492
0001047
-000350
-000233
0000931
0003201
0006810
0009197
0006403
0001280
-000175
0001164
0001629
0001397
0001222
0001338
0001804
0002561
0004016
0004715
0002735
-000524
-001747
-001572
-002271
-003202
-002795
-001921
-002038
-002853
-003435
-003493
-003260
-002562
-001514
-000408
0000000
0000407
0002561
0004831
0004132
0001629
0000407
-000059
-001572
-003144
-003377
-001980
0001106
0003958
0003376
0000698
-000815
-000757
0000640
0001920
-000233
-003260
-001572
0002153
0002095
-000233
-000350
0000640
-000641
-002271
-001107
0002037
0005238
0006053
0001047
-005705
-005996
-002678
-004425
-007801
-005007
0000523
0001746
-000524
-002795
-003319
-000059
0004773
0006810
0006170
0004715
0003609
0004307
0006112
0007101
0006694
0004540
0002037
0001397
0002037
0001804
0000640
-001747
-003551
-001747
0001397
0001047
-001223
-000466
0000756
-003435
-008616
-006404
-000117
0002386
0001338
-000699
-002329
-000815
-000233
-008849
-020258
-022121
-017173
-015019
-014728
-012749
-008907
-002096
0003609
0001746
-003435
-002562
0002444
0005297
0005471
0003550
0000873
-000117
0000582
0001571
0002794
0004249
0005588
0006636
0007218
0007451
0007101
0006053
0004889
0004307
0004715
0006344
0007800
0006170
0003550
0004016
0006286
0006577
0005297
0004249
0003201
0001338
-000874
-003027
-004133
-002736
-000466
-000524
-001921
-001456
-000292
-001107
-002562
-001921
-000059
0000407
-000292
-001165
-001747
-001281
-000059
0001280
0002212
0002037
0001979
0004424
0007567
0007974
0006286
0004715
0003958
0004482
0005297
0004424
0002503
0001047
0001280
0005122
0009546
0008964
0005588
0005297
0006752
0006519
0004424
0000523
-002853
-002504
0000698
0004132
0005821
0003900
-000233
-003144
-004250
-003784
-002445
-002038
-001921
-000641
0001688
0005122
0007101
0003841
-001980
-004890
-004657
-003319
-001514
0000000
0000465
-000175
-001689
-003319
-004366
-004017
-002562
-000583
0001164
0002095
0001979
0000931
-000466
-001398
-001747
-001805
-001339
-000175
0001513
0003434
0004715
0004598
0003492
0003026
0002735
0001164
-000466
0000058
0001862
0002910
0002794
0001513
-000059
-000175
0000698
0001222
0001106
0000873
0000058
-002213
-004425
-003901
-001747
-000874
-000815
0000232
0001688
0002444
0002328
0001455
0000582
0000814
0002095
0003841
0005355
0006170
0005646
0002852
-000059
0000756
0003550
0004249
0002968
0001338
0000058
0000523
0001338
-000815
-003435
-001514
0002677
0003550
0001979
0000931
0000407
-000641
-001339
-000350
0001397
0001920
0001164
-000524
-001921
-001398
0000349
0001804
0002153
0000931
-000932
-001572
-001339
-001223
-002271
-005589
-010246
-015019
-017697
-016591
-012399
-007743
-003610
-000117
0001804
0002153
0000873
-001921
-004017
-002213
0001571
0002910
0002153
0001629
0001222
0000174
-000524
0000931
0003143
0003667
0002328
-000350
-002969
-003901
-002795
0000000
0002212
-000292
-004483
-004133
-001165
-000932
-002562
-003610
-003842
-003668
-003144
-002795
-002329
-001398
-000292
0000582
0001047
0001280
0000989
-000350
-001398
-000233
0002270
0003841
0004191
0003841
0003085
0002386
0002212
0002619
0003725
0005704
0006927
0004947
0001804
0002095
0003667
0001571
-001921
-001630
0000756
0000698
-000990
-002213
-002562
-001921
-001165
-001980
-003551
-003959
-003202
-001921
-000932
-001514
-002795
-002678
-002154
-003959
-006113
-004948
-001805
0000000
0000407
0000931
0001106
-000350
-001921
-000874
0001455
0001746
0000640
0000407
0000814
0000814
0000698
0000989
0001571
0002212
0002561
0001979
0001222
0002212
0003841
0004132
0002968
0000523
-001223
0001047
0004424
0002677
-001805
-003086
-001805
-001165
-000583
0001629
0003143
-000117
-005414
-007160
-005880
-004425
-003493
-004192
-004832
-002154
0001979
0003725
0003318
0002503
0001571
0000582
-000175
-000699
-000815
-000524
0000058
0000582
0000756
0000640
-000117
-001456
-003027
-004483
-005181
-004308
-002911
-003144
-003959
-002504
-000350
-000350
-002096
-003959
-004832
-003435
-000699
0001629
0002677
0002095
0000407
-001456
-002271
-000641
0002095
0002910
0002503
0003143
0003667
0001746
-001398
-002795
-003144
-004890
-006054
-002911
0001920
0003318
0001455
-001456
-003435
-001747
0001688
0002386
0000873
-000641
-001223
-000175
0001804
0002794
0002852
0002968
0002561
0001106
-002387
-010129
-017755
-018453
-014379
-012458
-012108
-010478
-007801
-004366
-001747
-002329
-004133
-002736
-000175
-001107
-004425
-007219
-008849
-009372
-008558
-006811
-004716
-002853
-001805
-002271
-003202
-002736
-001398
-000583
-000292
-000466
-000292
0001862
0004191
0003318
0001164
0002444
0005122
0004074
0002037
0005064
0009779
0008789
0004773
0004598
0006461
0005762
0003725
0003550
0004307
0003667
0001688
-000524
-002795
-005414
-006928
-005938
-002969
0000523
0002561
0000523
-003202
-003726
-002387
-003435
-005181
-003435
-000233
0000582
-000757
-002387
-004133
-006287
-007219
-004599
-000233
0002794
0003609
0002212
0000174
0000640
0002561
0003085
0002735
0003492
0004831
0005937
0006228
0004773
0003201
0004365
0006519
0005238
0002503
0002677
0004540
0004656
0003725
0003783
0004540
0005355
0005530
0004424
0002095
-001514
-003784
-000408
0004715
0003376
-001863
-004133
-003959
-004541
-005007
-003610
-001747
-002445
-004017
-002969
-000583
0000116
-001048
-003959
-006578
-005880
-003086
-001980
-001339
0002037
0005879
0005530
0003259
0004365
0006810
0005588
0002503
0001571
0002386
0002910
0003492
0005064
0006286
0004598
0001804
0001688
0003201
0003492
0002677
0001688
0000873
0000582
0001047
0002444
0004074
0004715
0004424
0003783
0002735
0000698
-001048
-000641
0000640
-000466
-002853
-004483
-004716
-003726
-002096
-000932
-000874
-002620
-004366
-003144
0000174
0003259
0004947
0004132
0001746
-000117
-000874
-000233
0001164
0002095
0002328
0002153
0001920
0002037
0002270
0002328
0001571
-000932
-003493
-003144
-001281
-001747
-003144
-001980
0000349
0000814
0000232
0001222
0002095
0000058
-004890
-012399
-018861
-019501
-015717
-012516
-009664
-004657
-000350
-000408
-003493
-005763
-006171
-004541
-001630
0001222
0002735
0001688
-000059
0001338
0004249
0004831
0004191
0005646
0008382
0010885
0011467
0007974
0002910
0000756
0001688
0004191
0006228
0004482
0001222
0001571
0004424
0006810
0007334
0004831
0001164
-000117
0000640
0001164
0001280
0001513
0001222
-000699
-002736
-002154
-000292
-000350
-001630
-002096
-001514
0000407
0002270
0001920
0000174
-000874
-000990
-000699
-000059
0000873
0001746
0002444
0002735
0002386
0002095
0003376
0005238
0005821
0005355
0005413
0005355
0003958
0002095
0001455
0002153
0003376
0004540
0005122
0004424
0001862
-001165
-002271
-001223
0001455
0004598
0006927
0006752
0001746
-004133
-003377
0001047
0001164
-001165
-000583
0001629
0002677
0002095
-000175
-002620
-002562
-001572
-003435
-006054
-005065
-002504
-003260
-005647
-005763
-003959
-001805
-000524
-001805
-003493
-000524
0004016
0003550
0000291
-000292
0001397
0002735
0003550
0003725
0003492
0003550
0003609
0002619
0001804
0003550
0005588
0003026
-001048
-000350
0003318
0005238
0005006
0003376
0001513
0001455
0002619
0003376
0003143
0001455
-000932
-002620
-003493
-004599
-005007
-003377
-001048
-000466
-001339
-002038
-002736
-004425
-005705
-004541
-001863
-000059
0001164
0003667
0005530
0003550
0000058
-000059
0001862
0001688
0000058
-001339
-001863
-000990
0000698
0002153
0002561
0001222
-000815
-001223
-000641
-001165
-002096
-001630
-000932
-002620
-004599
-002387
0001746
0002328
0000989
0002270
0004656
0005180
0003376
-000757
-005007
-006229
-004948
-003726
-002678
-001107
0000349
0001571
0000989
-003319
-009605
-015426
-017929
-014204
-008034
-007277
-009605
-008325
-004483
-000699
0000931
-002271
-006869
-005647
-001223
-000583
-002154
-001398
0000523
0000523
-000641
-001398
-001281
0000058
0001106
-001398
-004832
-003901
-000466
0000698
0000174
0001106
0001979
-000292
-003377
-002736
0000058
0000873
0000582
0001979
0003550
0002444
-000117
-001281
-001048
-000117
0000582
-000350
-001863
-002154
-000990
0001047
0003667
0006985
0009080
0007334
0003609
0001746
0002095
0003841
0005355
0003725
0000523
-000466
0000349
0001222
0001746
0001513
0000814
0000931
0001164
0000000
-001747
-002562
-002387
-001863
-001805
-004017
-006637
-005822
-003435
-003726
-005763
-006345
-006113
-007335
-008092
-004657
-000117
-000699
-003959
-003260
-000815
-001630
-004308
-005356
-004541
-002387
0000000
0001047
0001280
0002561
0004074
0004016
0002968
0002386
0002328
0002212
0002503
0003783
0005180
0005297
0004132
0002212
0000698
0001164
0002794
0003609
0003085
0001222
-000932
-001398
-001456
-004716
-008499
-007917
-004541
-002154
-001514
-002154
-003493
-004075
-004133
-005007
-005705
-004541
-002213
-000233
0000523
-000583
-002853
-005123
-006054
-004366
-001281
0000698
0001513
0002735
0003085
0000582
-002853
-003610
-002329
-001630
-001398
-000524
-000117
-002271
-004483
-001863
0002619
0002561
-000524
-002445
-002271
0000640
0003900
0003725
0001164
-000466
-000815
-000466
-000117
-001339
-003202
-003901
-003551
-002969
-002387
-001980
-001339
0001106
0003201
0001222
-001921
0000058
0003958
0002852
-001456
-003842
-004075
-003959
-002911
-000059
0002968
0003667
0002328
-000059
-001689
-000292
0002444
0002444
0001164
0003318
0004191
-005181
-018337
-023227
-019618
-012283
-004541
-000699
-000757
-001747
-002853
-003377
-002445
0001106
0004773
0004132
0001222
0000814
0002270
0002619
0002153
0001804
0001688
0002095
0002095
0000058
-002969
-005123
-005123
-001805
0002561
0004016
0003376
0003667
0004889
0006577
0007858
0007567
0006228
0005180
0005006
0006170
0007683
0008149
0007159
0004482
0002037
0003201
0005762
0004715
0001804
0001280
0002270
0001746
0000291
-000466
-000466
0000407
0001280
0000756
-000117
0000989
0002968
0003550
0002270
-001048
-004716
-006695
-006520
-005065
-003260
-002271
-001980
-001048
0000174
0000989
0001338
0001513
0001338
0000640
-000292
-001398
-002038
-001456
-000117
0001164
0002037
0002328
0002561
0004307
0006344
0005937
0004598
0005471
0007392
0007742
0006286
0003318
0000349
-000466
0000640
0002910
0004132
0000814
-003668
-002969
0000814
0001920
0000465
-001805
-003784
-004133
-003086
-002213
-001456
-000292
0000058
-002271
-005705
-007393
-006753
-004192
-001048
0001047
0001513
0000349
-000874
0000698
0003318
0003201
0001862
0003259
0005297
0003609
0000000
-001630
-000874
0001629
0004889
0007683
0008440
0005180
0000931
0001513
0005064
0006344
0005530
0004656
0003550
0001222
-000699
0000058
0002968
0007043
0009430
0006053
0000116
-001921
-000466
0001455
0002503
0001047
-001863
-003726
-004308
-004308
-003551
-001398
0000698
0001106
-000117
-001805
-002853
-001514
0000640
0000291
-001689
-002678
-002620
-002038
-000990
0000523
0002037
0003376
0003841
0002735
0001455
0002735
0005064
0005355
0004191
0003550
0003725
0004773
0005297
0002968
-000466
-001921
-001281
0000523
0002444
0002910
0002444
0003259
0003026
-002387
-010304
-015834
-017580
-015543
-011701
-010537
-010420
-006869
-001747
0002153
0002735
-002329
-008383
-006986
-001281
0000174
-001630
-002911
-002678
-000059
0003318
0004307
0003667
0004482
0005471
0003783
0001338
0001746
0004016
0005646
0005879
0003725
0001222
0002503
0005413
0005006
0002677
0002095
0002503
0001513
0000058
0000058
0001455
0004249
0006228
0004365
0000465
-001107
-000990
-001805
-003086
-003784
-004017
-004250
-004075
-002329
-000292
-000408
-001398
0000291
0002328
-000350
-004192
-001456
0004074
0003841
0000232
-000757
0001047
0004016
0006810
0007509
0006344
0005064
0004016
0003143
0002794
0003259
0003958
0003667
0002910
0002910
0003085
0002270
0000698
-000874
-001863
-001805
-001048
-000699
-000641
-000175
0000465
0001047
0001397
0001280
0000873
0000873
0000349
-002213
-005123
-005298
-003493
-002387
-002038
-001572
-001630
-003086
-004599
-003551
-001048
0000232
0000116
-000641
-001107
0000349
0002619
0003434
0002677
0000989
-000583
-000815
0000116
0001397
0002270
0001920
0000873
0000698
0001106
0001338
0001513
0002328
0002794
0001222
-001514
-004192
-005298
-003144
-000059
-000874
-003610
-002911
-000408
-000350
-001514
-000641
0001164
0001280
0000349
0000174
0000465
0000465
0000116
-000641
-001339
-001048
-000757
-002504
-004948
-005531
-004075
-001398
0001047
0000873
-000583
0000000
0002153
0004656
0005530
0001513
-003319
-001048
0004947
0006752
0005064
0003376
0002270
0002270
0002910
0002910
0002270
0001397
0000407
-000757
-001456
-000408
0001164
0000989
-000292
-000641
-000815
-002678
-004366
-001980
0001513
-000059
-004075
-003784
-001339
-002329
-005065
-005589
-004890
-005123
-007626
-014553
-021830
-023168
-019094
-013156
-007743
-005647
-005531
-003202
-000292
-000757
-002445
-000583
0002677
0002503
0000232
-000583
-000117
0000232
0000814
0002910
0004715
0003434
0000174
-002445
-003144
-001048
0002095
0002735
0001571
0001047
0001106
0000989
0000523
-000990
-002504
-002096
-000350
0000931
0001338
0000931
-000350
-002504
-004308
-004308
-002736
-000699
0000465
-001165
-003726
-003319
-000815
0001280
0002095
0000640
-001456
-001107
0000989
0002503
0002910
0002212
0001338
0002212
0003609
0003201
0001047
-002387
-005065
-004192
-000990
0001455
0002386
0001455
-000524
-001980
-002154
-000175
0002212
0001979
-000175
-001572
-002154
-002329
-002445
-003319
-004366
-004599
-004192
-003668
-003086
-001747
-001223
-004832
-008441
-004657
0002677
0004889
0002852
0000989
0000291
0001746
0004016
0004307
0003085
0002386
0002212
0002503
0002328
-000350
-003435
-003377
-000815
0002677
0004656
0001979
-002678
-003551
-001281
0001047
0002561
0002910
0001397
-002620
-006520
-006054
-002911
-001223
-001630
-003959
-006811
-007917
-007510
-007626
-007626
-006287
-004366
-003377
-002969
-002038
-001339
-002911
-004599
-002562
0001455
0003434
0003259
0002794
0002095
0001164
0000814
0002270
0004598
0006112
0006344
0004947
0003492
0005180
0007974
0007683
0005180
0002735
0001455
0002328
0004074
0003841
0001979
-000175
-001921
-002853
-002562
-000990
0000465
-000757
-003086
-003202
-001572
0000349
0001222
-000524
-003144
-002969
-001107
-000524
-001514
-004250
-006462
-004366
-000350
0000174
-001339
-000408
0001455
0001106
-000641
-002213
-002387
0000291
0003492
0002212
-000641
0002328
0005937
-000932
-012167
-015019
-010886
-006811
-003493
-000408
0001629
0002735
0002386
0000058
-002271
-001165
0002095
0004191
0004947
0005762
0005704
0003492
0000640
-000059
0000756
0000407
-000641
-001223
-001398
-001921
-001689
0001513
0004773
0002968
-001689
-004192
-003901
-001572
0001629
0003783
0004307
0003201
0001397
0000582
0001047
0002735
0004365
0004132
0002503
0000931
0000174
0001047
0002619
0002619
0001688
0001920
0002561
0001629
0000000
-000641
-000466
-000641
-000641
0000058
0001280
0002561
0003318
0002910
0001629
0000349
-000408
-000292
0000000
-001572
-003493
-003027
-000699
0001746
0002619
-000233
-004366
-004890
-002271
0000814
0003492
0005122
0005238
0004598
0002910
-000350
-002911
-000874
0003143
0003318
0001164
0000873
0002444
0005413
0007567
0005646
0001513
-000059
0000000
-002096
-004133
-002096
0002153
0004540
0004889
0004540
0003318
0000814
-001572
-002154
-001107
0000232
0001222
0001455
0000756
-000641
-002387
-004017
-005123
-005763
-005007
-001514
0002677
0004074
0002910
0000756
-000815
-000117
0002037
0002968
0002677
0001688
0000698
0000756
0001862
0003667
0005064
0004132
0002386
0002968
0005122
0006985
0007276
0004424
0000465
-001048
-000117
0001920
0003434
0002037
-000932
-002213
-001630
-000408
0000814
0001513
0001106
-000466
-002329
-003086
-002620
-001223
0000116
-000524
-002096
-002562
-001980
-001165
-000408
0000058
-000059
-001048
-002387
-003086
-003610
-005472
-007219
-005880
-003086
-001980
-002387
-002620
-002271
-000699
0001397
0002968
0003667
0003900
0003900
0004365
0004773
0003958
0002910
0003609
0005122
0005355
0004132
0001629
-000699
-000408
0000407
-002271
-008092
-015485
-021189
-021422
-017231
-012399
-008616
-006753
-006229
-004657
-002911
-003202
-004425
-004308
-003027
-002154
-001223
0000582
0002503
0003318
0002852
0001280
-000059
0000931
0003026
0003318
0002386
0001979
0002794
0005413
0008557
0010186
0010128
0009546
0008265
0005646
0003143
0002852
0004307
0005937
0006403
0004191
0001222
0001513
0003434
0002794
0000756
0000349
0001222
0001862
0002095
0001688
0001164
0001804
0002794
0001979
0000407
0000058
0000232
-001281
-003027
-002038
0000232
0000349
-000932
-001398
-001281
-001339
-001689
-002445
-002853
-001339
0000349
-001165
-003610
-002445
0001222
0004831
0006112
0002328
-003027
-003319
0000000
0002095
0002153
0000407
-002096
-003784
-003435
0000582
0004947
0003725
-000175
0000756
0003841
0002095
-001572
-001107
0001979
0003259
0002328
-000641
-003668
-003377
-001223
-001165
-002271
-002038
-000990
-000815
-000990
-000233
0000523
-000524
-002445
-003319
-003144
-003027
-002213
0000465
0003434
0004074
0003143
0003085
0003318
0001804
0000523
0002968
0006636
0006286
0002968
-000233
-002387
-003377
-003435
-003610
-003610
-002504
-001223
-001281
-002271
-002736
-002504
-001630
-000583
-000233
-000408
-000233
-000059
-000117
-000815
-002678
-004483
-004308
-002911
-002213
-002271
-002795
-003551
-004366
-004250
-001514
0001397
-000059
-003377
-002620
0000407
0000989
0000000
0000232
0001164
0002037
0002037
0000058
-002038
-000932
0002328
0005122
0006112
0003725
0000349
0000640
0002852
0002386
0000174
-000699
-000641
-000815
-001398
-002736
-003551
-001805
0000931
0001280
-000175
-001107
-002038
-004716
-007743
-008965
-008150
-005531
-003551
-005589
-010886
-017173
-021946
-022412
-019268
-015077
-011410
-009838
-009023
-004832
-000175
-000699
-003668
-002329
0001222
0001688
0000232
0000116
0001513
0004132
0006519
0006170
0004074
0002852
0002852
0004074
0005588
0006112
0005762
0005588
0005297
0004482
0003143
0001397
0000116
0000174
0001338
0002270
0002677
0002503
0001164
-002329
-005589
-004541
-000874
0001280
0001338
-000175
-002096
-002271
-001339
-001398
-001980
-001863
-001165
0000058
0001106
0000989
0000465
0001280
0002794
0003550
0003434
0002794
0002212
0002794
0003725
0003143
0001804
0001338
0001804
0002910
0003550
0001629
-000990
-000466
0001979
0003026
0002735
0002095
0001397
0000698
0000873
0002968
0005064
0003841
0000523
-001980
-002562
-000292
0002677
0002677
0000465
-001514
-002213
-000757
0001571
0001862
0000814
0001047
0001571
0000174
-001630
-000524
0001746
0001106
-001281
-002911
-003027
-001456
0000465
-000350
-002038
-000350
0002444
0001164
-002154
-002445
-000524
0000989
0001746
0002270
0001920
-000583
-003377
-003377
-001398
0000000
0000931
0002619
0004424
0005762
0005471
0001629
-002969
-003144
-000699
-000699
-001980
-001281
0000174
-000466
-002096
-002096
-000990
-000815
-000990
-000466
0000349
0000756
0000465
-000699
-001572
-000117
0002735
0004889
0006053
0006694
0006752
0006636
0005762
0003085
0000291
0000640
0002735
0002794
0002386
0006112
0009779
0005588
-001747
-001689
0002561
0001979
-001223
-000874
0001513
0002386
0001804
0001222
0000640
-000059
-000699
-001281
-001456
-000699
0000174
-000408
-001921
-002736
-003144
-004250
-005065
-004075
-002038
-001107
-000815
0000232
0001455
0001513
0001106
0001804
0003259
0005355
0004656
-004774
-016183
-017173
-010770
-006753
-005239
-003551
-002096
-001339
-000641
0001222
0003143
0003143
0001920
0001455
0001455
0000698
0000232
0002095
0004773
0005122
0003783
0002910
0002794
0003376
0003667
0001513
-001339
-001456
0000232
0001047
0000582
-001223
-002853
-001281
0001280
0000174
-003086
-004716
-004425
-002736
-000466
0000989
0001397
0000931
0000698
0003026
0006344
0007567
0006927
0006112
0005530
0005413
0005646
0005704
0005180
0002852
0000931
0003085
0006577
0005471
0002212
0002735
0005238
0004773
0002503
0001047
0000989
0002910
0005238
0005530
0004074
0002328
0001106
0001338
0002095
0001106
-000583
-000641
0000174
-000583
-001863
-001630
-000932
-002736
-005007
-003842
-000874
0000116
-000117
0000873
0002153
0001280
0000349
0003667
0008324
0008149
0004889
0003609
0003725
0002503
0001280
0002561
0004715
0004191
0001920
0000523
-000059
-000815
-000932
0001455
0003725
0000931
-003610
-002562
0001804
0003318
0002503
0001979
0001513
0000349
-001107
-002154
-002329
-001107
0000873
0002735
0003201
0000523
-002911
-002620
0000291
0002677
0003492
0002444
0000407
-000583
-000117
0001804
0003783
0002910
0001222
0003143
0006636
0006927
0005064
0004482
0004424
0003026
0000989
-000466
-000990
-000117
0000931
-000175
-001630
0000640
0003841
0001920
-001980
-000466
0003085
0000407
-004541
-003144
0001397
0001106
-002213
-003551
-003202
-003260
-003668
-004308
-004774
-004541
-003551
-002154
-000699
0000640
0001571
0002037
0002095
0001862
0001804
0002677
0004191
0005762
0006228
0003667
0000640
0002444
0006286
0005413
0002095
0001979
0003667
0003434
0002095
0002328
0003026
0001047
-001281
0001222
0004307
0000000
-008499
-014088
-015135
-012167
-007335
-004541
-003959
-003377
-003435
-005181
-006986
-006520
-004483
-003144
-003086
-005065
-006811
-004133
0000232
0000756
-001398
-002154
-001863
-002038
-002038
-000641
0001164
0001571
0001455
0002910
0005355
0007567
0008440
0006577
0004074
0004831
0007451
0008440
0007218
0003667
0000349
0001746
0005238
0004889
0002270
0001920
0002852
0001979
0000232
-000408
-000117
-000175
-000466
-000583
-000641
-000932
-001048
-000350
0000582
0000582
-000350
-001514
-002969
-005356
-006986
-005472
-002213
-000233
0000000
-001339
-003027
-003086
-001630
0000523
0001979
0000756
-001339
-000815
0001920
0005297
0007276
0005064
0000698
-001281
-001281
-001398
-001630
-001921
-001921
-000874
-000117
-002096
-004774
-003493
-000524
-001223
-003493
-002387
0000116
-000874
-003202
-002213
0000465
0001164
-000292
-002911
-005181
-004774
-002678
-001572
-001689
-002329
-002969
-002445
-001398
-000932
-000815
-000524
-000175
0000000
-000466
-002387
-004075
-002387
0000174
-001805
-005531
-004425
-000699
0000640
-000292
-001572
-002154
-000757
0001629
0003259
0003318
0001280
-001456
-002620
-002096
-000990
0000116
0000814
0000407
-002271
-005065
-003959
-000932
-000757
-002329
-002271
-001572
-003086
-005298
-005065
-003202
-001689
-001107
-001630
-002736
-003377
-002736
0000116
0003376
0003609
0001746
0000814
0000523
-000699
-001747
-000641
0001397
0001920
0000931
-000757
-002154
-001805
-000233
0001106
0001222
-001223
-004250
-004192
-001514
0001804
0004016
0003609
0000698
-003260
-006287
-006054
-003901
-003842
-005065
-004832
-003551
-002445
-001980
-002329
-003668
-005647
-008266
-011876
-015892
-020200
-023110
-022936
-019734
-014728
-009780
-007160
-006462
-005414
-003726
-001339
0000931
0001688
0001455
0001979
0002735
0002444
0002095
0003725
0006286
0007683
0007392
0005821
0003667
0002153
0001920
0003026
0004424
0004307
0003318
0003259
0003492
0002037
0000291
0000756
0002328
0002095
0000640
-000350
-000583
0000058
0000989
0000989
0000232
-000757
-001921
-003901
-005414
-004483
-002853
-004366
-007044
-006753
-004483
-003377
-003260
-003202
-002853
-001456
0000407
0001979
0002677
0001688
0000698
0002852
0006053
0005995
0004016
0003667
0004540
0004947
0004889
0004831
0004482
0003434
0002503
0003026
0003841
0002503
0000407
0000523
0001920
0001804
0001047
0002212
0003318
0000349
-003493
-001980
0002212
0003143
0001280
-000641
-002154
-003668
-004192
-002387
0000232
0000873
-000350
-002387
-004075
-004075
-002620
-001165
-000408
-000990
-001980
-001223
0000000
-001223
-003144
-001863
0001222
0003259
0003143
-000292
-004250
-003842
-000699
0000814
0001047
0002153
0003318
0002735
0001746
0003376
0005704
0004889
0001920
-000524
-001689
-001456
-000233
0000582
0001106
0002386
0003667
0004132
0003259
0000465
-002620
-003144
-002213
-003086
-004716
-004541
-003260
-002271
-001805
-001398
-000990
0000174
0000756
-001863
-005239
-004541
-001281
0000640
0000698
-000932
-002387
-000117
0003318
0002328
-000932
-001107
0000465
-000641
-002213
0000232
0003900
0003026
-000350
-000583
0001222
0001629
0000931
0000174
-000408
-000874
-001107
-001398
-001747
-002154
-002213
-000990
0000931
0002677
0003434
0002503
0000465
-001747
-002445
0001047
0005413
0004016
-000233
-000641
0002153
0005646
0007276
0004249
-002213
-009023
-013505
-013564
-009896
-005647
-001980
0000407
0001571
0002968
0003958
0003492
0001920
0000058
-001514
-002038
-001980
-002795
-003668
-003086
-001223
0001164
0002910
0002677
0000873
-000757
-001863
-002387
-002038
-000699
0001106
0003026
0004191
0003783
0002153
0000116
-001165
-000408
0001222
0001222
0000058
-000699
-000408
0001920
0004249
0002503
-000757
-000117
0003259
0005879
0007159
0007392
0006577
0004831
0003667
0005704
0008848
0009255
0007159
0004307
0002328
0003318
0005530
0004715
0002328
0002153
0003492
0004074
0003725
0003026
0001571
-001805
-004774
-003377
-000059
-000350
-002911
-004133
-003377
-000408
0002270
0000116
-004250
-005239
-002562
0002561
0006985
0006112
0001862
-000350
-000699
-001223
-001514
-000874
0000291
0001688
0002444
0001571
-000059
-000757
0000000
0002328
0004773
0004715
0003259
0003434
0004365
0003434
0002153
0003550
0005995
0005879
0004016
0002735
0002270
0002095
0002386
0003550
0004540
0003609
0001862
0002095
0002677
-000408
-003959
-001689
0003725
0005762
0004773
0003900
0002561
-000874
-003842
-002213
0000873
-001456
-006404
-007277
-005007
-003551
-002329
0000698
0003958
0005180
0004424
0002677
0001106
0001513
0003376
0005530
0006810
0005762
0003318
0001571
0000582
-000583
-001921
-003435
-004366
-003493
-001689
-000932
-000990
-000641
-000117
-000292
-000641
-000117
0000582
-000117
-001689
-002736
-003086
-002795
-001980
-001048
-000408
-000699
-001281
-000292
0000756
-001107
-003668
-002504
0000407
0000116
-002038
-002387
-000932
0001629
0003841
0003609
0001629
-000408
-001107
0001397
0004715
0004598
0002212
0001338
0001571
0000640
-000757
-000815
-001980
-009140
-017929
-020491
-018221
-016765
-015310
-011177
-006171
-002969
-001630
-000583
-000466
-003027
-005822
-004541
-001339
-001048
-003319
-005996
-007451
-005414
-001630
-000175
-000524
-000117
0000814
0001804
0002386
0001629
0000814
0001862
0004482
0008091
0010303
0007392
0002852
0003783
0007742
0008265
0006461
0006053
0006344
0005238
0003376
0001629
0000582
0000582
0001280
0001862
0001979
0001979
0001106
-002329
-005414
-002562
0002153
0000058
-005356
-005647
-002736
-002329
-003842
-005181
-005414
-003493
-000932
-000524
-001630
-001921
-001572
-001339
-001339
-001398
-001921
-004308
-005996
-002329
0003201
0003725
0000931
0000000
0000873
0002212
0003318
0003201
0002386
0002328
0002910
0003841
0004482
0004132
0003201
0002735
0003085
0004773
0005646
0001455
-003901
-002969
0001746
0003318
0002095
0000349
-000932
-000233
0001106
-000117
-002562
-003319
-002853
-003027
-003435
-003260
-002911
-003086
-003784
-005007
-005589
-003901
-001223
0000116
-000059
-000757
-002154
-005181
-007393
-004948
-000408
0000058
-001223
0002095
0006752
0006286
0002503
0000349
0000349
0001629
0003201
0003026
0001513
-000117
-000990
0000000
0001804
0002735
0001746
-002271
-007102
-009198
-008208
-005065
-001398
0000698
0000873
0000232
-000874
-002038
-002504
-001339
0000000
-001165
-003202
-002562
-000757
-001514
-003027
-001048
0002095
0001688
-000990
-002445
-002795
-003319
-003551
-002853
-001572
-000408
0000582
0001979
0002735
0000931
-001689
-002096
-000757
-000117
0000232
0001455
0002677
0002153
0000174
-002736
-004716
-003202
-000117
0000058
-001689
-002504
-002329
-001863
-001339
-001223
-001514
-001747
-001863
-001165
-002038
-008674
-017231
-021015
-019676
-016358
-011759
-006578
-002271
0000349
0001222
0001164
0000931
0001571
0002852
0004715
0005297
0001629
-002969
-002154
0002153
0004482
0004773
0004889
0004249
0002153
0000000
0000232
0002095
0003318
0004016
0005006
0005704
0005413
0004307
0002968
0001746
0000873
0000058
-001747
-003435
-003493
-002445
-001863
-001514
-000175
0000931
-000059
-002271
-003726
-003901
-003027
-001689
-000699
-000874
-002853
-005123
-005007
-002911
-000524
0001629
0003143
0004016
0004773
0005006
0003725
0002270
0003143
0005006
0005180
0004016
0003143
0002561
0001979
0001862
0003026
0004424
0004365
0002968
0001280
-000292
-001805
-002329
-000641
0001920
0002619
0001920
0001397
0001106
0001280
0000873
-002387
-006113
-006054
-003668
-003377
-004308
-003668
-002504
-003260
-004948
-005414
-004657
-003377
-001630
0000291
0002328
0005413
0007043
0002677
-003027
-001107
0004482
0004074
0000407
0000698
0003609
0005355
0005413
0003900
0002095
0002095
0003376
0004482
0004656
0003085
0001338
0002561
0005006
0004947
0002852
0000232
-001398
-000117
0002386
0002968
0001164
-003144
-006695
-003901
0001629
0001746
-001689
-003086
-002445
-000990
0000232
-000117
-001805
-003726
-004890
-003901
-002038
-002154
-003202
-002096
-000292
-001048
-002387
-000175
0003318
0002794
0000291
0000698
0002735
0002852
0001629
0000989
0001106
0001513
0002561
0004889
0006927
0005995
0003492
0003085
0003725
0002212
0000174
0000814
0003143
0004249
0004598
0005879
0007101
0006170
0004656
0005413
0007159
0006985
0005122
0002677
0000523
-000350
-000583
-002271
-003784
-002096
0001164
0002270
0001629
0001047
0000349
-001689
-003668
-003202
-002620
-007160
-013622
-015950
-014611
-013214
-011352
-008034
-003901
0001222
0004307
0001397
-003901
-003901
-000059
0002619
0003318
0001804
-000059
0001280
0004482
0005821
0005238
0003492
0001513
0000698
0001047
0001746
0002328
0001862
0000698
-000175
-000524
-000350
0000058
0000116
0000349
0001920
0003667
0003667
0001920
-000757
-002911
-002620
-000059
0003841
0006868
0006170
0003667
0004191
0006519
0007218
0006344
0004598
0002852
0002270
0002503
0002328
0001979
0002212
0002852
0003725
0003958
0002270
0000174
0000756
0002619
0002677
0001164
-000699
-001630
0000291
0003085
0002968
0000698
-000815
-001689
-002736
-003842
-005589
-006345
-003668
0000814
0003492
0004132
0004365
0003609
0001222
-001107
-001107
0001571
0007101
0011642
0009313
0003492
0002153
0004424
0006228
0006985
0006112
0004482
0004016
0003958
0002095
-000059
0000582
0002794
0003318
0002619
0002444
0002561
0001979
0001164
0001106
0001164
0000000
-001630
-001805
-001514
-003260
-005123
-003202
0000116
-000175
-002562
-002736
-001572
-001921
-002678
-001339
0000058
-002911
-007393
-007393
-004483
-003435
-003435
-001921
0000000
0000291
-000757
-002096
-002736
-001398
0000989
0002619
0002968
0001804
0000756
0003143
0006519
0005762
0002503
0001222
0001338
0000814
-000408
-002736
-004250
-001572
0002212
0000698
-003319
-003086
-000117
0001397
0000931
-001514
-004075
-003377
-001281
-002213
-004657
-004657
-002969
-001456
-001514
-005239
-009780
-009896
-007219
-006928
-008092
-007743
-006113
-003959
-002329
-002853
-004075
-002911
-000815
-001223
-002620
-001689
0000989
0003609
0005180
0004773
0003143
0002212
0001629
0000058
-001456
-000641
-000524
-006928
-015892
-020200
-019268
-015485
-010304
-005880
-003260
-002271
-002678
-003202
-003260
-002736
-001339
0001979
0003900
-001281
-008616
-008034
-002795
-002096
-004133
-003610
-001514
-000466
-000117
0000814
0001979
0002910
0003085
0001688
0000232
0001455
0003667
0003259
0001513
0001920
0003550
0004191
0003667
0002794
0001455
-000583
-002038
-001165
0001338
0004132
0005530
0003376
-000524
-002329
-002387
-003202
-003726
-001921
0000232
-000932
-004075
-005531
-005763
-007044
-007975
-005996
-002795
-001921
-002096
0000349
0003259
0002328
-000466
-000292
0001513
0001164
-000699
-002387
-003260
-003144
-001689
0001222
0004016
0004715
0003609
0002386
0001688
0002095
0002619
0001106
-001398
-002504
-002387
-002271
-001863
-000699
0000582
0001164
0000640
-001223
-003086
-002387
-000641
-001339
-003260
-003493
-002504
-002213
-001980
-000175
0001746
0001397
-000641
-002445
-003726
-004774
-005123
-004657
-003144
-000233
0002153
0001397
-001572
-004425
-005705
-003610
-000292
0000000
-001223
0000698
0003667
0003492
0001571
0001513
0002503
0002270
0001629
0002444
0004016
0004715
0003958
0001222
-001980
-003319
-002795
-001805
-000757
-000292
0000000
0000931
0002794
0005879
0008149
0006170
0002037
0000407
0000465
-001281
-003551
-004366
-003493
-001281
0000756
0000116
-002271
-003784
-004599
-005880
-006811
-006287
-004716
-003377
-002504
-002154
-002213
-002154
-002154
-003086
-003377
-000350
0003841
0005297
0004249
0002677
0001455
0001571
0002677
0003259
0003667
0005180
0006286
0004365
0001397
0001979
0004191
0003143
0000582
0000465
0001920
0002852
0002270
-001339
-004832
-002562
0002386
0003085
0000174
-002620
-006113
-012807
-019268
-020607
-017522
-013680
-010304
-008150
-006869
-004133
-001689
-002387
-004425
-003668
-001281
-000641
-000815
0000989
0003667
0005180
0005238
0004307
0002968
0002386
0002561
0002561
0002852
0004656
0006636
0006636
0005122
0003667
0002794
0002910
0003201
0001513
-000466
0000756
0003201
0002677
0000582
0000465
0001513
0001746
0000931
-001630
-003551
-000641
0003841
0003143
-000292
0000174
0003085
0004482
0003900
0001513
-000815
0000116
0002503
0001920
0000000
0000931
0002968
0002095
0000232
0001164
0003958
0005937
0006344
0004656
0002270
0001979
0003026
0002677
0001862
0003026
0004482
0003318
0000640
-000524
-000699
-001747
-002678
-001630
0000232
0000349
-000641
-000233
0000582
0000058
-001689
-004425
-006113
-003784
-000059
-000874
-003726
-002154
0001106
-000175
-003668
-003726
-001398
-000117
0000058
-000175
-000117
0001513
0003609
0003783
0003434
0005995
0009604
0010419
0009197
0009139
0008789
0004598
-000117
0000814
0004656
0004831
0002386
0001106
0001047
0001455
0001629
0000407
-001398
-002213
-001630
0000523
0002968
0003841
0003143
0001979
0000873
0000582
0000814
0000582
-000408
-002736
-004599
-002795
0000000
-002387
-006345
-004133
0001222
0002503
0000931
0001047
0002270
0002386
0002095
0003143
0004191
0002386
0000232
0003143
0007974
0008265
0005180
0002852
0001979
0002503
0003725
0003841
0002852
0000873
-000583
0000640
0003318
0004947
0005064
0003841
0002095
0001047
0000873
0000989
0001513
0002735
0003667
0003026
0001280
0000000
-000699
-000990
-000699
0000465
0001513
0000523
-001398
-001689
-001107
-001339
-002795
-006054
-008849
-007917
-004541
-002329
-001398
-000757
-000990
-002271
-005589
-013098
-020433
-021073
-016067
-009896
-004366
-000641
0001338
0003841
0005646
0004540
0002153
0001629
0002794
0003958
0004715
0004656
0003900
0002910
0002095
0001571
0001629
0002270
0003201
0003841
0003783
0002794
0001688
0002095
0003201
0002794
0001513
0001280
0001688
0001629
0001047
0000116
-000815
-001223
-000874
0000523
0001920
0001455
0000174
0000407
0001688
0002444
0002386
0001513
0000232
-000932
-000641
0002910
0007392
0008731
0006927
0004074
0001047
-001689
-002504
0001047
0005238
0002852
-002387
-001689
0002503
0003492
0002037
0001280
0000814
-000874
-002271
-001281
0001047
0001862
0001164
-000583
-002504
-003668
-003784
-002911
-001514
0000174
0001164
0000058
-001456
-000408
0002212
0004132
0004482
0002561
0000174
0000407
0002619
0004307
0004889
0003958
0002212
0001338
0001397
0001920
0002503
0002328
0002095
0003085
0004540
0004889
0004132
0002328
0000989
0002503
0004773
0003376
-000292
-003027
-003901
-002562
-000641
-001398
-003784
-005123
-005414
-005239
-005123
-005647
-006345
-005763
-004890
-005531
-006753
-006986
-005472
-001223
0002910
0002619
-000699
-003144
-004192
-004541
-004017
-002969
-001630
0000116
0001455
0001688
0001338
0002212
0003376
0003085
0001920
0000814
0001106
0004947
0009139
0008265
0003434
-001630
-005181
-006345
-004890
-001689
0001338
0000989
-000641
0001397
0004656
0004074
0000465
-003377
-005647
-004657
-001863
-000757
-001630
-003493
-005763
-007510
-007859
-005938
-003551
-004366
-006695
-006520
-004716
-004017
-003551
-001281
0001513
0002328
0001979
0002794
0004598
0006985
0007858
0003667
-002271
-003668
-001456
0000640
0001688
0001338
0000349
0001513
0002037
-003319
-012108
-019909
-023983
-022703
-017638
-012923
-009023
-004541
-001281
-001281
-003144
-003144
-001980
-001689
-002154
-002620
-003027
-003959
-004599
-003784
-001921
0000465
0001397
-002445
-007510
-006928
-003086
-002620
-004133
-003726
-001805
0000291
0001979
0002561
0002619
0003609
0004540
0003958
0001862
-001456
-003435
0000232
0005704
0004889
