-002795
-004425
-007219
-007743
-007393
-009722
-012341
-010187
-005705
-004250
-004366
-005007
0000814
0031957
0032752
-005647
-032752
-032752
-029688
0016939
0032752
0020373
-009664
-010304
0004773
-004541
-025089
-027127
-014611
-001630
0005879
0002677
-007510
-015485
-017056
-008965
0002328
0004889
-000233
-005996
-010595
-012923
-012982
-013273
-012458
-007684
-002911
-005007
-010420
-010478
-007044
-005531
-006345
-009140
-011701
-010653
-007102
-004599
-003551
-003435
-004075
-005065
-005589
-004425
-003202
-005472
-008499
-006811
-002271
0000931
0001571
-000350
-003668
-005356
-005938
-007510
-009198
-009547
-008732
-007626
-006578
-006113
-006113
-005705
-005531
-006462
-007743
-008092
-007510
-006520
-005763
-006287
-007219
-006113
-004308
-004425
-005705
-006054
-005589
-004716
-004366
-006404
-007801
-002736
0004132
0003725
-002038
-007219
-010187
-010711
-008499
-003784
0000931
0002735
0001222
-002736
-006811
-007743
-005705
-003027
-000874
-000175
-001048
-003435
-005531
-004599
-001980
-000757
-000932
-000990
-001398
-003260
-004774
-002504
0000814
-000583
-003901
-002387
0001746
0003434
0002212
-001863
-005356
-002562
0003550
0006170
0005530
0004889
0004249
0002968
0001804
0001979
0002561
0001629
0000116
-000117
0000814
0002095
0003085
0003550
0002968
0000640
-001921
-002213
-001165
-001630
-002736
-002911
-001223
0004074
0008615
0003841
-003493
0000873
0010361
0009546
0002561
0001222
0002852
-001107
-005938
-001921
0005821
0005762
0001804
0004656
0009954
0007101
0001746
0006927
0015600
0012631
0003143
-000059
0001920
0002503
0003259
0008149
0013446
0012922
0008382
0005064
0003492
0002212
0001746
0002328
0003143
0002561
0001513
0002037
0004074
0007334
0010012
0009663
0007451
0006752
0007159
0006868
0005995
0004831
0004424
0006752
0009663
0009080
0006752
0007276
0009546
0010361
0010012
0010128
0010536
0010594
0010769
0012049
0012981
0010885
0007334
0005995
0006403
0006344
0006053
0005995
0006636
0008906
0010827
0008964
0005238
0003900
0004831
0005879
0007159
0009139
0011351
0013446
0014378
0013446
0010769
0007218
0004307
0003725
0005180
0007392
0008848
0007451
0005006
0005879
0007800
0005064
0001455
0004424
0010361
0010769
0008033
0009080
0011875
0011118
0008906
0010012
0013039
0015193
0014610
0009197
0002153
-000815
0000640
0004598
0009430
0013330
0015251
0013446
0013563
0029338
0032752
0016881
-020491
-015426
0014610
0022760
0013795
0009139
0008557
0008789
0008848
0005879
0002619
0004598
0009022
0009604
0007101
0005122
0003958
0002852
0003609
0008964
0015309
0016881
0013854
0009721
0004889
-001572
-005763
-002271
0005006
0007974
0006752
0004365
0002735
0004831
0008091
0006868
0003841
0005297
0008964
0009721
0008265
0007101
0006636
0007392
0008091
0005879
0002968
0003841
0006228
0004598
0001746
0003667
0007567
0007043
0003900
0002735
0004191
0008207
0012282
0012282
0009080
0005762
0003725
0004191
0005821
0005588
0004307
0004482
0005355
0005064
0004132
0003783
0004016
0005122
0005064
-000059
-005822
-004192
0002503
0007567
0009371
0007742
0003841
0000407
-001281
-000699
0001397
0003434
0003667
-000059
-004774
-005181
-002096
0001164
0002386
-001689
-006928
-005531
0000232
0003958
0004656
0003085
0000116
-002678
-004075
-003435
-001572
-000757
-000641
0000407
0001222
-000117
-002504
-003668
-003668
-003842
-004133
-004425
-005007
-006811
-008266
-006753
-003435
-000699
0000465
-000524
-002445
-002445
-001863
-004075
-006928
-006054
-003377
-003784
-005938
-006113
-005007
-004890
-005181
-004774
-003901
-003144
-003435
-006345
-009955
-010886
-009489
-007743
-006054
-004541
-003377
-001980
-001572
-004192
-008208
-010828
-011002
-008208
-004425
-003319
-004425
-005298
-005472
-004483
-003551
-005065
-007451
-006695
-005239
-008383
-012574
-010478
-005356
-004774
-007044
-006869
-005763
-007568
-010828
-013040
-012225
-005356
0001804
-001107
-009489
-012283
-010537
-009722
-010129
-011934
-013273
-010478
-007277
-011934
-018744
-015485
-007801
-009489
-015543
-014088
-007510
-002096
-000583
-005938
-012283
-007044
0001455
-005239
-017697
-014670
-002678
0001280
-000874
0000349
0001047
-006520
-016765
-018861
-015485
-015950
-017056
-011177
-002504
0001222
-000059
-002678
-006171
-010246
-013447
-014437
-013913
-014204
-014262
-011992
-008150
-003959
-001572
-003901
-008383
-009372
-008266
-009780
-011992
-010711
-007451
-005531
-005705
-007859
-010711
-011934
-011526
-010711
-010013
-010246
-010653
-010129
-008383
-005356
-002504
-002096
-003959
-006869
-009722
-011293
-011468
-011352
-010653
-008208
-005880
-006113
-008383
-011177
-012399
-009256
-004483
-003144
-004716
-006578
-007684
-006811
-005589
-007743
-011177
-012108
-010013
-004599
0000000
-003086
-009722
-010537
-007044
-004657
-003551
-001630
-001747
-009431
-017289
-011352
0000582
0001106
-005880
-008383
-006753
-004948
-003377
-002329
-002445
-003901
-005705
-006113
-005298
-004425
-003959
-004599
-005239
-003377
-001281
-003435
-007219
-007044
-004250
-002969
-003144
-003435
-004192
-006054
-008034
-008616
-008325
-008849
-009722
-009838
-009256
-008558
-007219
-003784
-000350
-000757
-003319
-003842
-003493
-005531
-008034
-007684
-004948
-001281
0001164
-000292
-004483
-008849
-011352
-010013
-006404
-004308
-003959
-004483
-004948
-003959
-001630
0001106
0003434
0004889
0005122
0004132
0002735
0002386
0002270
0000174
-002329
-001980
-000117
0000349
-000583
-001921
-002911
-002271
-000932
-001339
-002213
-001048
0001513
0004424
0005471
0001338
-003842
-002271
0003259
0005530
0004424
0002328
0000058
-001805
-002445
-001398
0000291
0000349
-000233
0000989
0003376
0005879
0006636
0002910
-001921
-001689
0001688
0002619
0001746
0001629
0001920
0001804
0001106
-000699
-001747
0001338
0005821
0006403
0003958
0002270
0001397
-000175
-000583
0003143
0007451
0005530
0000465
-000583
0001862
0004307
0005995
0006868
0006344
0004132
0001688
0001338
0002852
0004715
0006053
0006112
0005064
0003492
0002619
0004249
0006461
0005355
0002735
0003318
0004540
0000116
-004890
-000466
0008265
0009837
0005995
0003259
0002153
0001513
0002212
0005122
0008149
0007509
0004831
0004482
0005821
0006344
0005821
0003841
0002328
0004482
0008440
0010012
0009488
0008731
0007858
0007218
0006112
0002619
-000815
-000059
0003201
0005006
0004656
0002328
-000466
-000932
0000349
0001164
0001513
0002212
0003085
0004074
0005588
0009080
0011642
0008324
0002968
0003900
0008091
0007858
0005180
0006112
0007916
0004074
-000466
0004132
0012806
0014785
0010769
0005762
0001571
-000350
0000291
0002619
0004598
0002794
-000466
-000524
0002328
0006344
0009721
0009895
0008440
0009721
0011060
0006461
0000582
0002968
0008848
0007392
0001338
-001456
-001165
-000350
0000756
0002037
0003259
0004598
0005821
0006985
0007451
0006344
0004249
0002328
0001106
0000232
0000640
0003376
0006636
0007101
0005355
0003609
0002095
0000523
-000117
0001397
0004016
0005588
0006577
0008964
0011060
0010128
0007218
0004947
0003958
0004307
0004947
0003900
0001746
-000408
-000990
0001979
0006228
0007392
0005821
0003492
0001862
0003201
0005122
0002095
-002329
-000932
0004074
0006694
0006927
0006344
0005646
0006344
0006927
0003900
0000465
0003318
0008673
0007974
0004249
0004889
0008091
0008789
0007916
0008615
0009895
0009197
0007742
0008091
0009080
0007800
0005588
0005413
0006519
0007101
0006577
0004482
0001688
-000175
-000524
0000873
0003434
0006403
0008440
0008557
0006868
0004540
0002444
0001513
0001746
0002561
0003143
0001862
0000232
0001047
0003085
0003609
0002735
0001688
0001280
0002386
0004598
0006577
0008091
0009721
0009779
0005006
-000292
0001338
0007101
0009837
0008906
0005704
0001862
0000232
0001222
0003783
0006577
0007392
0006694
0006868
0006810
0004191
0001338
0002328
0006053
0010128
0011060
0004365
-006229
-014670
-016416
-008208
0005413
0015251
0019617
0021712
0019442
0010769
-000524
-009372
-012050
-005472
0004307
0005180
0000873
0002153
0006403
0006403
0003492
0001629
0001164
0001688
0002677
0002852
0002735
0003609
0005064
0006403
0006636
0004598
0001513
-000524
-000641
0001164
0003783
0005646
0005471
0001338
-002795
0000116
0006228
0006636
0003434
0003085
0004191
0002386
0000116
0002095
0005355
0003492
-000874
-001689
0000291
0001862
0002619
0002735
0001862
-000466
-002445
-001223
0002095
0004656
0005413
0004132
0001338
-002213
-004366
-002562
0001222
0002910
0001979
-000466
-003260
-004890
-004133
0000174
0004598
0002561
-002271
-000990
0002619
-000524
-006404
-006171
-001805
0000931
0001979
0003492
0004365
0002386
0000000
0002212
0005180
0000407
-006695
-004541
0002444
0003201
0000232
0000931
0003725
0004656
0003725
0001920
0000000
-000815
-000524
0000873
0001571
-001921
-005822
-002620
0003783
0005006
0002212
-000059
-000990
-000292
0001280
0002270
0001920
-000408
-003435
-005239
-004716
-001107
0002968
0002503
-000292
-000059
0001979
0002328
0001513
0001280
0001280
0000640
-000292
-001048
-001281
-000874
-000059
0000698
0000698
-001107
-003260
-003144
-001339
0000407
0001280
0000873
-000175
-000175
0000698
0001222
0001979
0005122
0007392
0003026
-003610
-003610
0000873
0003201
0002561
-000292
-003901
-005996
-005298
-000699
0004540
0004773
0001688
0000174
0000349
0001164
0001979
0001629
0000931
0001455
0002794
0003841
0004016
0002794
0001338
0001629
0003085
0004307
0004365
0002386
-000059
-000175
0001397
0002735
0002561
-000874
-005007
-005123
-002620
-001514
-001747
-001863
-001456
0000407
0002153
0001338
-001223
-003901
-004425
0000582
0006927
0006577
0002386
0002444
0004540
0002910
-000466
-001107
0000232
0000814
0000698
0000349
0000523
0002619
0005471
0006694
0006228
0005180
0003958
0003434
0002794
-000059
-003202
-003027
-000466
0001920
0003783
0005588
0006519
0005238
0003667
0006228
0008789
0003318
-005123
-005705
-001223
-000175
-001048
0001338
0003783
-000233
-006462
-006520
-002213
0001164
0001862
-001689
-006171
-005472
-001514
0000756
0000465
-002387
-006229
-008266
-008499
-008441
-007801
-005705
-003260
-002038
-002271
-003435
-004716
-004541
-003551
-003086
-003260
-003959
-005065
-006695
-007859
-007510
-006637
-007568
-009431
-009896
-009256
-008499
-007859
-007510
-006869
-004774
-002445
-002096
-003319
-004716
-005822
-006462
-006637
-006520
-006171
-005647
-005123
-004366
-004075
-005356
-006986
-006753
-005414
-005123
-005938
-007568
-008499
-006113
-002154
-000117
-000233
-000815
-002271
-005181
-008558
-011992
-012923
-007859
-000874
0000349
-002620
-004075
-004192
-004948
-005531
-004366
-002736
-003493
-004948
-003202
-000524
-001689
-005647
-009489
-011293
-008441
-003959
-004133
-006462
-004599
-001165
-002504
-006345
-007451
-006637
-006928
-007393
-006404
-004075
-001107
0001047
0000640
-002329
-007684
-011701
-008383
-001514
0000465
-001398
-001863
-001980
-004483
-007917
-010246
-009896
-004774
0000873
-000408
-006345
-010828
-012458
-011352
-008499
-006520
-005763
-005763
-006113
-005822
-005123
-004425
-004657
-007277
-010071
-008499
-005589
-008208
-012632
-010828
-006113
-006811
-010537
-011701
-009780
-005356
-001572
-003260
-008441
-011876
-012516
-010828
-007568
-004250
-002329
-003086
-005123
-005181
-004483
-006520
-009198
-008441
-005472
-003435
-003202
-004948
-007626
-009372
-009489
-007626
-005996
-009023
-013156
-011002
-005356
-002911
-003260
-003784
-003377
-000059
0003026
-000292
-005880
-004425
-000641
-005065
-013913
-019152
-018803
-013040
-004716
0001338
0002619
-002678
-009664
-008732
-003784
-005123
-009547
-008208
-004541
-007393
-011410
-004599
0004889
0000582
-010420
-011293
-005065
-001805
-000932
0001513
0003026
-000874
-006578
-007102
-004075
-003027
-002911
-000641
0002153
0002561
0001222
0000349
-000059
-000757
-001572
-002271
-003202
-005647
-007626
-005822
-002387
-002213
-004017
-003901
-002562
-001630
-001456
-001980
-002562
-001921
-000524
0000407
0000873
0001746
0001920
-000292
-003260
-003842
-003027
-003959
-004948
-001805
0001920
-000990
-006404
-005472
-000699
0001164
0000640
0000756
0001047
0000698
-000524
-003202
-005589
-004890
-002736
-003027
-004075
-002154
0001164
0002270
0001688
0001746
0001397
-001921
-004774
-001107
0005355
0006519
0004191
0004773
0006344
0004307
0001106
0002212
0004947
0003376
-000117
-000175
0002619
0006228
0008091
0003958
-001339
0002153
0009197
0008207
0002444
0000349
0002037
0005762
0008440
0005064
-000874
-001747
0001280
0003201
0004307
0006403
0008149
0008033
0005530
-000233
-005472
-004541
0000756
0005122
0007159
0006461
0004365
0003958
0004889
0005238
0005122
0005006
0004656
0003958
0003259
0003143
0003900
0005646
0007451
0007334
0006577
0008265
0010419
0009080
0005879
0005064
0005530
0004132
0002386
0003143
0005471
0007043
0007218
0005879
0003550
0000989
-000699
-000699
0000989
0003667
0006636
0009430
0010245
0006927
0001804
-001339
0000116
0008789
0018278
0017754
0010070
0004482
0001688
0000058
-001281
-005123
-008732
-007044
-001689
0003318
0006810
0008557
0009197
0011234
0013213
0012981
0010186
0005530
0000000
-005589
-008907
-008325
-003435
0005413
0014145
0017637
0015600
0010943
0005821
0003259
0002968
0002328
0001280
-001107
-001398
0006636
0016357
0014960
0007334
0006694
0009895
0007858
0003259
0002212
0003318
0002503
0000698
0000291
0001746
0005413
0009255
0010710
0009080
0004715
0000523
0001222
0004947
0006403
0006344
0007916
0010128
0011118
0010361
0007625
0004540
0004307
0005413
0003841
0001047
0000349
0001513
0002968
0005122
0009430
0012864
0011234
0006403
0002852
0001804
0003725
0006519
0006170
0004016
0003841
0004773
0003783
0002270
0003085
0004831
0004307
0002677
0002794
0004307
0005879
0007101
0007567
0008033
0010885
0013155
0008673
0002270
0003783
0008848
0006461
0000582
0000873
0005238
0007916
0007858
0004482
0000523
0001106
0004307
0005180
0004016
0002444
0001746
0003958
0007276
0007858
0006519
0005995
0006053
0005646
0004947
0004598
0003900
0001222
-001165
0000989
0004598
0003085
-000699
-000233
0003318
0006868
0007916
0002910
-002853
0000989
0008789
0008324
0002153
-002038
-001921
0004831
0012631
0011060
0004074
0002503
0004074
0001688
-002795
-005007
-004832
-003668
-001339
0002386
0005937
0006694
0006577
0010536
0014378
0010477
0002095
-003319
-003842
0000756
0007101
0008964
0006868
0004715
0003259
0002852
0003958
0006927
0009197
0006286
0001280
0000814
0003318
0003725
0002968
0004132
0005995
0006636
0005297
0001164
-002853
-001863
0001804
0002095
0000116
-000292
0000116
-001048
-002504
-002096
-000292
0001862
0003376
0003550
0002037
-000874
-004133
-006229
-006462
-004541
-001689
0000116
0000756
0001455
0002095
0002735
0002910
0001862
0000698
0001629
0003783
0005530
0005995
0004132
0001338
0000465
0001047
0001338
0001106
0000873
0000291
-001048
-002620
-003668
-003784
-002620
-000757
0000814
0001455
0000873
-000524
-001980
-002387
-000466
0002153
0002444
0000232
-003901
-007044
-005472
-000292
0005238
0008848
0008149
0005064
0003958
0005006
0006694
0007683
0005995
0002153
-002329
-005647
-005938
-003319
0001106
0004889
0004598
0001571
-000757
-000874
0002328
0007218
0010769
0011351
0007567
0001920
-000990
-000815
0000931
0003376
0005238
0006112
0006810
0006286
0003085
-001107
-004075
-004017
0000989
0006868
0006636
0002328
0001047
0000931
-003493
-007743
-003610
0005238
0010885
0012224
0011234
0007625
0001688
-004308
-007917
-007626
-002562
0004074
0006985
0006228
0004598
0002735
0000989
-000117
-000583
-000583
-001107
-001514
-000815
0000174
-000408
-001339
0000174
0002153
0000116
-003435
-002969
-000175
0000582
-000175
-000466
-000466
-000757
-000932
0000000
0001047
0000407
-001456
-003377
-004716
-005065
-004250
-002678
-001281
-001630
-002562
-001689
0000232
0001338
0001280
-000117
-001630
-001048
0000232
-000641
-003202
-006054
-007568
-005822
-002853
-003086
-004832
-003784
-001223
-000815
-001339
0000116
0002561
0004307
0004016
0000174
-004657
-006113
-005065
-004890
-005472
-005822
-006113
-006695
-007219
-006578
-006054
-008616
-011410
-008732
-004250
-005938
-010828
-012050
-010187
-008849
-007917
-006229
-005065
-008499
-008441
0010070
0031899
0032752
0011001
-032752
-032752
-032752
0032598
0032752
0004307
-010653
-004192
-001165
-003086
-012690
-021771
-015601
-001048
0005937
0004307
-001572
-008441
-011410
-009431
-002911
0002794
-000990
-009838
-012690
-011526
-014146
-016300
-009198
0001164
0003318
-001165
-005065
-007626
-009605
-009722
-006287
-002504
-003726
-007975
-009955
-009431
-007393
-005880
-009431
-013331
-008208
0000407
0000814
-004599
-007684
-008383
-009314
-008266
-000583
0007043
0002561
-007801
-009605
-006229
-009081
-012982
-006345
0003259
0000349
-008849
-008732
-003551
-004948
-010362
-013564
-013156
-008907
-003027
0000756
0001455
-000466
-002795
-001689
0001629
0003492
0003259
0001688
-001980
-009081
-015194
-013680
-007277
-002445
-001980
-008558
-016940
-017406
-012225
-009023
-007568
-005123
-003202
-004308
-006637
-006869
-005007
-002096
0000116
-000874
-003377
-003784
-002678
-002620
-002795
-001107
0000989
0000698
-000932
-000757
0000174
-000874
-002387
-001107
0001164
0000582
-001863
-003377
-003435
-001805
0000000
-001048
-003260
-002911
-001339
-001456
-003086
-005414
-006811
-004890
-001456
-000757
-001747
-001048
0000058
-001339
-003959
-005007
-004774
-004541
-004425
-004192
-004716
-007626
-010304
-008208
-003202
0000000
0001164
0002386
0002270
-001689
-006113
-005181
-001165
-000292
-001048
0000989
0004191
0005297
0004016
0000989
-002562
-005007
-005589
-004657
-002736
-000757
0000116
-001630
-003842
-001689
0002212
0002270
0000174
0000756
0002561
0002037
0000174
-000874
-000466
0001862
0004365
0003841
0001455
0000640
0000698
-000466
-001921
-002096
-000641
0002677
0005995
0006286
0004889
0005821
0007392
0005879
0003026
0002503
0004074
0006170
0007683
0006868
0005355
0006636
0008673
0007451
0003492
-001747
-005414
-003493
0001455
0003376
0002852
0003201
0003725
0002735
0001280
0001047
0001979
0003318
0003958
0002212
-000524
-001456
-000059
0004074
0007625
0004773
-000408
0000582
0005588
0008207
0008149
0007043
0005006
0002212
-000233
-001456
-000641
0003143
0006868
0005238
0001397
0002212
0006228
0009663
0010943
0009313
0005413
0000349
-003027
-001514
0002968
0005879
0006577
0006053
0004307
0002095
-000757
-005705
-008849
-004017
0004947
0010594
0011583
0006810
0004773
0023400
0032752
0025612
-009838
-022936
-014902
-002096
0008557
0007159
0000058
0004715
0013621
0009663
-001339
-005822
-003842
0000232
0004016
0004132
0001862
0000873
0001688
0004191
0006519
0005297
0002794
0004482
0007451
0005762
0001280
-001514
-001456
0001862
0005821
0005588
0002852
0002910
0003841
0000291
-003901
-001630
0003783
0004889
0002444
-000292
-001456
0001455
0005704
0005937
0003725
0004016
0005530
0004482
0002619
0003609
0005879
0005704
0003609
0001455
0000058
0000756
0001862
0000116
-003086
-004774
-003842
0000640
0005821
0006810
0004482
0003259
0001047
-007451
-016882
-018919
-014262
-008790
-002445
0005821
0014319
0023400
0026253
0013155
-005763
-011177
-006404
-005356
-006811
-006287
-003784
0000989
0004656
0002037
-003610
-004541
-002096
-001281
-001514
-000350
0000814
-000583
-003435
-005589
-006753
-007451
-007510
-006404
-005123
-004948
-005822
-006811
-007859
-009314
-010071
-008383
-005181
-002445
-000641
0000640
0000931
-000292
-002213
-002911
-003493
-007160
-010420
-006986
-000932
-001107
-004657
-003726
-000699
-001223
-004192
-006287
-007277
-008034
-008092
-006986
-005589
-005589
-006287
-005996
-004541
-001863
-000117
-003144
-007917
-008266
-005647
-004599
-005007
-005414
-005531
-005123
-004425
-004075
-004308
-004948
-005647
-005123
-004716
-007219
-010071
-008674
-004075
0000349
0003259
0004307
0003026
0000232
-003027
-005356
-005938
-004192
-002562
-006054
-010886
-009140
-004366
-005472
-009081
-006928
-001921
-000466
-001980
-003086
-004425
-008558
-011817
-008092
-001107
0001164
-001281
-005938
-009955
-009023
-005531
-005880
-008208
-007219
-004716
-005181
-006869
-005880
-002678
0001397
0004307
0003376
-000059
-002736
-003610
-002154
0000407
0001164
0000814
0001397
0002619
0004191
0004132
-000815
-007102
-008208
-005414
-004075
-003610
-001107
0000931
-002038
-006462
-005123
-000990
-001398
-004774
-006229
-005647
-004075
-001689
0001397
0003492
0002852
0000058
-003493
-005239
-001514
0003841
0003143
-000757
-000350
0002677
0003376
0002386
0002153
0002503
0002619
0002677
0003085
0003492
0003667
0003201
0001338
-000524
0000058
0001688
0000698
-000932
0001397
0004773
0003434
-000990
-003842
-004716
-005065
-004075
-000757
0003667
0007509
0010303
0012631
0013970
0014145
0012748
0008731
0004365
0003550
0004016
-000175
-004890
-002038
0005122
0008324
0008382
0009954
0010827
0006752
0000465
-003086
-002911
0000582
0004831
0005006
0002968
0003550
0006694
0011933
0015309
0010536
0002794
0003376
0008091
0005588
-000233
-000233
0003434
0004482
0003900
0005180
0006403
0003725
-000233
-000175
0002503
0003783
0003667
0003318
0002852
0002212
0002444
0005297
0008440
0007159
0003609
0003026
0004424
0004365
0003434
0003434
0004016
0004365
0004365
0004249
0003609
0001862
0000407
0001629
0004540
0007276
0007916
0003783
-000466
0004424
0012573
0011118
0004715
0005238
0009721
0009663
0007043
0007334
0008789
0007101
0003958
0002735
0004074
0008091
0011933
0010885
0006810
0004482
0004132
0004656
0005355
0005238
0004074
0001920
0000349
0002037
0005180
0006286
0005297
0003492
0002153
0002328
0004656
0009895
0014319
0012224
0006461
0003841
0004074
0004424
0005006
0006694
0007334
0002619
-002096
0003667
0013272
0012922
0005937
0002386
0002270
0002968
0003725
0003143
0002037
0002037
0002852
0003492
0003900
0003900
0004249
0006868
0009255
0006694
0002153
0001920
0004424
0004889
0003841
0003318
0002852
0001455
-000583
-002795
-004366
-004366
-003202
-001339
-000583
-003668
-007510
-006287
-002096
-000815
-001456
-000990
0000407
0002444
0003201
-000699
-005298
-002853
0003667
0007159
0006636
0003085
-001630
-004366
-004832
-004425
-003551
-002853
-002213
-001048
0000058
0000174
-000408
-000990
-001048
0000407
0001629
-000757
-004657
-005996
-004832
-002678
-000990
-001747
-003610
-003319
-001398
0000465
0000931
-001921
-005938
-007335
-005531
-000408
0003667
-000233
-007801
-009140
-006695
-008092
-011119
-010537
-007743
-006287
-006520
-008441
-010129
-008034
-004425
-004017
-006462
-010187
-012108
-007684
-000466
0002386
0000873
-002096
-005123
-006811
-006928
-006578
-005822
-004192
-002795
-003959
-005531
-003319
0000116
-000466
-003901
-007102
-008441
-005996
-002504
-002911
-005763
-006520
-005589
-004716
-004133
-003842
-004774
-008499
-012690
-013622
-011293
-006869
-003086
-004133
-006986
-004599
0000116
0000349
-001747
-000408
0001746
-001747
-007160
-006811
-003260
-003027
-004890
-005123
-004483
-004657
-006171
-009896
-012982
-010246
-005123
-005065
-008150
-008790
-007393
-005589
-004832
-007335
-010420
-008616
-004366
-003610
-005239
-005531
-004657
-003610
-003086
-004308
-005938
-004599
-002736
-005472
-009664
-008849
-005065
-003493
-004017
-004832
-005647
-005763
-006171
-009256
-011934
-009256
-003027
0003026
0005413
-000233
-007975
-005822
0000873
-001165
-007393
-005822
-001572
-007684
-016125
-009664
0002444
-000292
-011002
-012225
-006811
-004483
-004425
-002911
-001630
-003901
-007801
-009431
-008674
-007102
-004716
-000292
0002735
-001223
-007393
-006229
-000466
0002037
0001222
-000466
-002620
-004774
-005647
-003610
0000174
0003725
0004831
0000756
-005065
-006113
-003551
-001689
-001281
-002562
-003610
-000350
0003958
0002910
-001456
-004017
-004192
-002736
-000524
0000582
0000523
0000174
-000874
-004133
-006928
-004832
-000699
-001747
-004599
-001572
0003667
0003085
-000815
-001165
0000523
-000524
-002387
-000292
0002386
-001921
-007510
-002736
0005937
0004365
-003260
-005880
-003842
-000815
0002037
0003026
0003143
0006228
0008498
0002270
-005531
-001165
0008557
0007974
0001280
0000523
0003492
0003376
0001338
0000931
0001804
0002910
0003318
0001455
-000815
0000116
0003026
0004424
0004598
0005821
0006344
0002968
-001339
-000524
0003143
0003667
0002619
0004132
0006694
0007334
0006228
0004598
0003434
0004598
0006053
0003841
0000174
0000116
0002735
0005064
0006868
0008848
0010128
0009721
0008382
0008207
0008324
0005937
0003667
0005762
0010361
0013272
0013330
0010303
0005879
0002677
0002037
0004307
0007742
0008848
0008615
0010594
0013563
0014727
0014785
0016066
0017055
0015309
0011583
0007742
0005413
0006344
0008731
0008557
0006752
0006461
0007334
0008382
0008906
0008265
0006927
0005704
0005471
0007043
0009604
0012107
0012631
0008731
0003783
0004598
0008382
0008091
0005355
0004365
0005413
0007916
0010419
0010536
0009371
0010536
0011875
0008731
0004132
0004424
0007451
0007683
0005995
0004889
0005180
0007974
0010594
0007800
0003492
0006053
0011758
0011467
0007451
0006694
0007101
0002910
-001747
0001455
0007800
0006927
0002037
0001979
0005122
0006344
0006461
0008673
0010361
0006403
0000698
0000465
0004132
0006170
0006461
0006228
0005588
0004482
0003958
0005588
0007916
0008207
0006519
0004482
0002444
0000756
0000116
0001106
0003143
0005471
0007218
0007509
0006810
0006112
0005588
0004831
0003900
0002794
0001688
0000756
0000407
0001338
0002561
0002444
0001338
0000698
0000873
0002270
0003492
0002037
-000524
-000990
0000814
0003900
0006694
0006985
0005413
0005064
0004307
-000815
-005763
-002271
0005180
0006403
0003434
0003143
0004715
0005588
0004831
0000931
-002795
-000466
0004715
0005413
0002444
-000466
-002678
-004308
-004716
-003901
-002271
-000583
0000698
0001338
0000873
-001747
-003959
-000932
0003259
0000291
-006113
-008150
-005705
-000990
0002561
-000641
-006287
-004366
0000698
-002154
-008150
-006520
-000990
-001456
-004948
-003493
-000117
-002154
-006113
-004075
0000931
0001571
-000757
-001747
-001689
-002445
-002853
-000233
0002735
0000989
-002911
-002853
-000874
-001980
-004483
-004890
-003144
-000524
0001746
0002153
0000291
-003610
-008092
-011002
-012283
-013796
-013505
-007568
-000233
0000640
-002853
-004192
-004425
-006928
-010420
-012574
-013680
-015252
-016300
-015543
-012865
-008266
-004192
-003784
-006404
-009605
-011061
-007917
-002387
0001047
0001571
0000523
-002329
-007219
-011992
-014262
-013796
-011584
-008849
-006811
-006869
-010944
-015019
-011759
-005531
-006345
-011410
-013098
-011934
-011293
-010362
-007044
-003726
-004599
-007801
-009023
-008383
-006578
-006578
-014437
-022062
-014553
-000350
0002153
-004716
-011235
-014495
-012108
-007160
-007044
-009955
-010013
-008965
-011643
-014029
-007568
0000640
-003260
-013505
-016591
-013389
-009896
-007102
-005298
-005472
-008266
-011468
-011468
-009431
-009198
-010129
-010071
-009372
-009023
-009081
-009372
-009314
-008441
-006462
-002620
-000641
-006928
-015834
-016707
-011352
-006578
-004133
-005298
-007801
-005822
-002504
-005123
-009955
-008849
-004425
-003493
-004832
-004832
-004075
-004890
-005822
-004366
-001980
-001747
-002911
-003551
-003086
-001223
0000640
0000116
-002213
-004308
-005589
-005996
-005414
-003784
-002154
-002620
-003435
-000641
0003085
0002386
-000874
-001980
-001630
-002853
-004541
-004366
-003144
-002504
-002562
-003086
-003726
-003551
-003086
-003319
-003668
-002445
-000932
-001572
-002853
-001281
0001513
0001920
0000291
-001747
-003435
-004192
-003260
0000349
0003783
0002386
-001921
-004425
-004541
-003202
-001165
0000407
0001164
0002037
0002037
-000292
-002795
-000932
0002386
0000407
-003435
-001107
0003783
0003318
-000583
-002795
-002795
-001514
0000640
0002677
0003841
0003841
0003143
0002794
0003085
0004540
0004947
0000174
-005705
-004599
0000232
0000756
-001456
-001689
-000350
0001047
0001746
0000989
0000000
0001629
0004307
0005122
0004074
0002212
0000349
-000524
-000350
0000291
0001164
0001629
0002677
0006461
0010419
0010012
0006461
0003318
0001688
0002037
0003841
0006344
0007509
0004307
-000292
-000233
0002794
0003667
0003550
0006344
0009197
0006577
0001746
0001688
0004016
0002153
-001398
-000524
0002794
0003725
0002735
0002037
0001571
0000349
-000583
0000232
0002270
0003725
0005180
0008673
0011176
0007159
0001280
0003492
0008789
0005297
-001980
-001805
0003725
0007858
0010186
0012689
0012864
0006519
-000874
0000640
0007683
0011700
0011118
0006286
0000000
-003027
-001805
0002852
0007974
0008265
0005762
0006461
0008498
0006985
0003958
0004249
0005762
0003318
0000058
0002444
0007159
0007159
0003900
0001688
0001338
0003259
0005530
0004249
0002328
0006461
0012631
0012107
0008615
0011583
0016590
0013679
0006927
0005937
0008557
0008207
0005995
0005122
0005238
0004656
0004074
0004424
0005355
0006286
0006344
0004016
0001280
0002037
0004249
0002852
0000465
0002968
0007334
0007276
0003259
-002678
-006578
-002271
0004947
0003609
-002271
-002038
0002095
0003609
0003143
0003259
0004365
0006927
0009604
0010303
0009371
0008033
0007276
0008964
0010245
0005180
-001165
0001338
0007974
0007451
0002677
0002095
0004598
0005995
0006636
0008091
0008964
0006519
0003550
0005355
0009371
0009663
0006694
0002503
-000699
-000117
0002503
0002328
0000814
0001920
0004074
0003725
0001804
0000756
0001047
0002852
0004656
0003492
0001106
0001338
0003085
0003201
0002386
0002561
0003376
0004016
0004540
0005530
0006344
0006170
0005471
0005879
0006344
0004424
0001862
0002852
0004656
0000931
-004017
-000990
0005762
0006868
0003143
-001281
-004017
-002096
0001688
0000174
-002911
0000698
0006694
0005937
0000989
-001398
-000874
0000873
0002561
0001164
-000990
0001513
0004540
-000524
-008674
-009023
-004774
-005298
-008325
-007743
-005123
-004250
-004599
-004657
-003784
-000466
0002212
-001048
-006462
-005472
-001398
-003027
-006462
-002271
0004307
0001979
-004890
-006113
-003027
-001165
-001165
-002969
-005123
-004832
-003319
-003493
-004948
-006520
-006753
-002969
0001338
-001048
-005181
0000058
0007974
0003550
-006054
-004192
0003143
0000931
-006520
-008034
-005938
-008325
-010653
-003435
0006053
0003725
-005589
-008790
-007277
-007743
-008208
-003901
0001222
-000350
-004948
-003726
0000174
-001281
-005356
-005705
-003901
-004774
-007160
-008208
-008208
-008790
-008499
-004774
-000233
0000698
-001281
-003086
-003551
-000874
0002153
0000000
-004541
-005181
-002736
-000117
0001513
0001571
0000174
-001630
-003027
-003027
-001980
-000874
-000292
-001048
-001863
-000117
0002503
0002212
0000582
0001571
0002968
-000757
-005472
-003086
0002503
0001979
-002213
-003319
-001980
-001165
-000466
0001397
0003318
0003783
0002794
0001164
-000524
-001514
-001398
0000058
0002037
0003201
0003085
0001106
-000874
0000465
0003259
0003026
0001106
0001222
0002270
0001688
0000116
-001048
-001514
-001339
-000699
0000232
0000349
-002387
-005531
-004541
-001339
-000874
-002154
-002504
-001398
0001804
0004482
0002735
-002154
-007102
-008732
-002504
0006053
0006577
0001571
-000699
-000524
-000524
-000699
-001456
-001805
0000174
0003318
0005704
0006403
0004889
0003026
0004715
0007858
0007683
0005122
0003026
0002328
0004074
0006519
0006636
0005238
0004773
0005180
0005762
0005704
0003725
0001571
0002153
0004656
0006868
0007567
0005762
0002444
-000350
-001805
-002096
-000641
0003259
0007451
0009080
0007742
0004540
0001047
-000524
0000058
0001862
0004132
0006461
0007451
0005530
0002444
0001455
0002212
0003026
0003550
0003841
0003609
0002735
0002386
0004831
0007974
0007683
0005588
0006112
0007509
0005762
0002328
0000291
0000640
0003841
0007567
0007392
0005355
0006985
0010070
0009779
0007451
0006577
0006985
0007509
0007800
0007974
0006810
0001629
-002795
0002386
0011176
0010245
0004482
0007218
0012981
0008789
0000698
0002386
0009022
0007858
0002735
0004074
0007742
0003492
-002911
0000756
0008964
0008731
0004132
0006344
0011525
0010361
0005704
0004715
0006519
0007159
0007159
0008265
0008906
0005646
0001979
0004598
0009721
0009022
0004831
0003958
0004656
0001571
-001980
0000407
0005588
0006112
0004307
0006985
0010536
0007159
0000989
0000873
0004540
0005646
0004249
0001688
-000117
0001862
0005471
0005530
0003783
0004889
0007334
0008265
0006577
-001863
-005181
0019326
0032752
0032752
-002678
-032752
-032752
-032752
0032752
0032752
0006519
-005589
0003201
0008207
0007276
-002445
-012050
-004657
0010652
0014203
0007218
-001456
-007684
-007160
-000932
0007043
0011816
0007159
-002445
-007044
-006753
-006113
-005007
-003377
-001048
0003550
0006985
0003667
-002736
-004250
-002096
-000932
-000757
-001048
-000932
0001222
0003667
0002561
-000350
-001048
-000292
-000524
-001107
-000408
0000116
-002620
-006054
-005181
-001747
-000408
-001339
-003551
-005647
-005239
-003319
-002445
-002853
-004075
-005938
-008208
-009955
-010537
-009314
-005531
-002154
-004483
-008907
-007451
-002969
-002620
-004657
-003435
-001165
-002504
-006054
-008266
-008732
-007975
-006811
-006986
-007451
-005239
-002795
-004948
-008849
-008208
-005065
-004774
-006171
-005531
-004308
-005647
-008499
-010653
-011235
-009664
-007044
-005356
-004890
-005239
-006054
-006520
-006869
-007975
-008907
-007801
-006113
-006520
-007975
-007626
-006287
-005472
-006171
-010362
-014320
-011817
-006229
-005531
-007975
-007743
-007277
-012225
-018744
-019967
-015601
-007102
0000931
0002095
-001747
-003784
-004541
-006753
-008965
-008790
-006869
-004774
-004308
-008092
-013331
-015368
-013156
-006287
-000175
-003959
-011876
-010653
-004716
-005472
-010420
-012399
-011992
-011876
-012108
-013273
-013273
-008150
-002329
-004483
-009955
-007684
-001980
-003377
-008441
-008499
-005938
-007277
-010362
-010537
-008325
-005356
-004133
-008441
-013738
-011177
-003842
0000989
0001164
-004250
-011701
-015135
-013913
-010129
-006345
-006753
-009081
-007219
-003260
-001805
-003260
-007335
-011293
-010944
-007626
-005414
-004948
-006404
-008383
-007917
-006404
-007393
-008732
-005822
-001747
-002678
-006637
-008790
-008558
-006287
-003901
-004425
-006986
-009081
-008849
-003493
0002561
0000989
-004483
-004948
-002038
-001107
-001980
-003435
-004657
-004716
-003551
-001514
0000000
-000932
-003610
-006171
-007102
-004832
-001048
0001338
0001106
-003027
-006986
-003668
0003085
0004307
0001338
-000757
-001456
-001689
-000408
0004191
0008091
0004947
-002969
-011061
-013680
-002969
0011234
0009604
-000932
-001689
0003259
0002328
-003784
-011759
-018279
-019850
-016358
-010246
-002562
0006985
0014319
0012573
0010477
0029105
0032752
0018278
-028757
-032752
-027534
-008208
0007392
0011292
0007800
0012398
0018452
0011351
-002213
-007975
-006811
-006287
-005356
-001281
0003550
0004947
0004889
0008440
0012981
0013563
0010361
0005704
0000349
-005763
-009664
-008499
-002736
0005297
0012515
0016066
0014378
0007392
-000757
-003377
-001572
-000583
0000000
0002037
0004540
0006053
0006810
0007742
0008906
0010594
0011467
0009546
0006170
0004074
0003026
0000931
-000233
0002444
0007683
0012981
0016066
0014960
0011001
0007451
0005413
0005821
0006344
0001804
-003086
0001047
0009604
0012049
0009837
0009139
0008848
0005180
0001455
0003725
0008033
0005355
-000815
-002445
-000757
-001223
-001107
0005530
0013330
0012573
0006694
0004889
0006112
0005530
0004656
0006810
0010012
0010245
0008848
0009488
0011351
0012224
0012049
0011001
0009837
0009895
0010594
0010128
0008906
0007916
0007567
0008265
0009430
0010070
0009895
0008673
0006636
0003492
0001862
0005995
0011525
0009604
0004424
0005704
0010594
0011525
0009139
0006461
0004074
0001862
0001455
0004947
0009430
0009488
0006810
0006694
0007742
0006577
0004074
0002153
0001629
0003026
0005297
0006228
0005704
0003958
0002153
0001920
0003201
0004715
0006112
0007858
0008498
0005704
0002095
0002677
0005937
0007509
0007451
0007043
0006810
0007742
0008615
0007218
0004656
0003783
0004016
0003026
0002153
0004482
0007392
0006112
0002212
0000000
-000466
-000408
-000059
0000291
0000349
0000116
-000350
-001223
-001805
-000757
0000407
-001514
-004250
-003144
0000698
0004132
0005937
0005006
0002677
0001804
0002386
0002910
0003492
0004191
0004889
0005704
0005762
0003259
0000523
0002037
0004947
0002794
-001398
-000524
0003259
0004598
0003725
0002852
0002328
0002386
0002619
0001920
0000814
0000174
0000232
0000873
0001629
0001629
0001047
0000465
0000000
-000292
-000524
-001223
-001630
-000292
0001222
-000466
-003551
-004366
-003202
-001805
-000408
0001280
0002095
0000349
-002387
-002969
-001805
-000641
-000059
-000524
-001339
-001223
-000233
0000873
0001455
0000756
-000641
-001223
-001107
-001281
-001805
-002969
-003842
-002853
-001223
-002271
-003901
-001281
0002095
-001048
-006695
-006287
-001980
0000116
-000292
-002329
-004075
-002213
0001338
0002328
0001455
0001397
0001746
0000989
-000117
-000583
-000233
0000931
0001804
0000349
-001107
0002910
0007509
0003376
-005531
-010478
-010653
-007684
-004075
-004366
-006753
-006171
-003726
-002504
-002387
-002271
-001747
0000058
0001688
0000814
-001863
-004192
-005705
-006986
-007219
-005472
-003144
-002387
-003959
-008732
-012516
-007859
-000815
-004308
-012108
-009896
-002154
-000292
-003144
-005298
-006578
-007451
-007801
-008092
-007684
-005531
-002736
-000874
-000874
-003260
-006229
-006811
-005472
-004716
-004133
-001747
-000292
-004599
-010944
-012632
-009955
-006229
-002795
-000292
-000175
-003377
-007684
-009605
-008383
-004425
-000583
-001107
-004483
-006054
-005996
-006404
-006229
-003144
0000465
0000523
-001514
-001514
-000233
0000058
-001107
-004308
-007277
-005822
-002562
-003435
-006345
-005472
-003319
-005705
-009431
-007510
-002271
0000291
0000814
0002619
0004365
0003725
0001455
-001398
-002271
0003085
0009313
0006112
-001863
-003319
-001165
-004425
-009372
-008092
-003610
-003668
-005880
-004366
-000292
0003492
0005355
0003841
0000465
-001223
-001281
-001398
-001165
0000640
0002095
0000116
-003493
-004774
-004250
-004483
-005123
-005239
-005065
-005356
-005531
-004716
-003610
-003784
-004308
-003260
-001339
-000117
0000523
0001455
0002270
0002037
0001047
-000350
-001223
-000233
0001571
0001280
0000232
0001629
0003434
0001397
-002154
-002271
0000116
0002561
0003143
-000932
-005647
-002795
0003143
0002503
-002329
-004483
-003027
0001746
0007334
0010245
0009080
0003143
-002795
-000874
0005821
0008964
0008440
0007218
0004656
-001689
-006404
-000757
0009022
0009895
0004016
-001223
-003260
0000465
0006112
0005937
0002153
0000814
0002212
0005180
0007392
0005238
0000582
-001921
-001921
-000815
0001222
0004889
0006985
0002503
-003435
-000350
0006868
0006403
0001629
0001862
0004016
0000582
-005472
-007743
-006578
-004483
-002969
-003901
-005822
-005414
-003027
-000350
0001688
0001804
0000698
0000756
0000523
-003319
-007859
-007743
-004599
-003027
-003319
-004366
-005763
-006520
-006637
-006928
-006229
-001630
0002619
-000990
-008208
-009314
-006229
-005472
-005880
-004250
-001223
0002561
0003958
-002504
-010886
-009780
-002969
-000815
-002329
-002795
-002620
-003086
-003959
-005298
-006113
-005123
-003144
-001514
-001165
-002853
-005531
-007219
-007160
-005239
-002853
-002504
-003668
-004774
-004541
-001398
0002095
0000931
-002911
-004832
-004541
-003027
-001863
-003959
-006986
-006113
-002736
-000292
0000756
0001106
0000349
-002038
-004948
-006520
-006462
-005239
-003319
-001514
-000757
-001572
-003610
-006345
-008092
-006695
-003668
-002504
-003086
-003610
-004425
-006462
-008092
-006287
-003842
-007102
-011876
-009256
-003086
-002387
-005356
-005938
-005007
-005007
-005298
-004425
-002620
-000175
0001106
-001747
-006054
-006578
-003959
-000583
0001455
-000815
-005065
-006637
-005589
-003319
-001747
-003668
-006637
-005356
-001572
0000582
0000523
-001107
-003144
-003086
-002329
-004308
-006986
-006054
-003726
-005356
-008266
-006520
-002271
-000757
-001165
-000408
0000582
0000000
-001863
-003842
-005414
-006404
-006345
-005356
-003726
-001863
-000350
0000349
0000465
0000931
0000873
-001514
-004250
-003842
-001921
-002678
-004192
-001747
0001862
0001397
-001980
-004483
-005298
-004192
-002213
-002154
-002271
0001804
0005937
0001979
-004948
-003260
0002503
0000931
-004425
-004133
-001281
-004366
-008499
-002911
0005588
0002561
-006054
-005822
0000000
0001280
-000117
0001688
0003725
-000408
-006404
-005414
-000350
0000931
0000232
0003318
0007334
0007043
0003492
-000641
-002213
0003376
0010885
0009954
0003609
0000640
0001397
0004424
0007159
0004889
0000814
0002153
0006112
0005937
0003085
0001688
0001629
0001338
0001455
0002910
0005006
0006170
0006577
0007800
0008149
0004307
-000932
-002678
-000990
0002095
0004947
0005297
0004074
0004307
0004715
0001688
-001107
0003841
0011060
0009371
0002677
0000814
0002852
0004715
0005646
0005238
0004482
0005646
0007509
0007276
0005471
0003143
0001746
0002794
0005530
0008091
0009721
0010536
0009604
0005238
0000582
0001164
0005064
0007334
0007683
0007276
0007043
0009139
0011176
0008615
0003667
0001280
0001979
0004947
0008324
0008906
0007800
0008033
0009197
0009779
0009721
0008731
0007916
0009139
0011176
0011583
0010245
0007683
0005588
0006344
0008673
0009255
0008382
0007858
0007683
0007567
0007683
0008091
0008498
0008324
0007974
0008149
0009313
0011991
0014785
0015542
0014494
0013795
0012457
0008033
0003667
0005122
0008906
0006694
0002212
0003900
0009080
0010769
0009779
0009371
0009779
0010943
0011875
0010128
0008033
0010128
0014145
0015542
0013970
0009895
0006403
0008207
0012515
0012515
0009837
0009197
0009895
0009604
0008324
0006228
0004715
0005879
0007916
0006985
0004365
0003841
0004249
0002270
-000059
0000814
0003841
0006461
0007683
0006810
0005006
0004831
0005238
0003492
0001280
0001804
0004249
0006112
0006519
0004656
0002270
0002735
0004540
0004307
0002328
-000466
-001747
0002619
0007916
0004482
-001805
0002328
0011060
0010885
0005297
0004773
0006112
0000989
-005705
-003901
0002153
0002153
-001572
-002154
-000699
-000815
-002096
-003493
-004192
-003260
-001281
0000407
0001280
0000873
-000059
0000465
0000465
-004366
-010013
-009489
-004192
0001629
0005355
0004773
0000989
-002445
-004250
-004017
-002678
-002620
-004017
-006287
-008499
-009780
-008907
-004250
0001164
0002503
0000523
-000990
-002154
-004541
-006287
-004716
-001165
0001746
0002095
-002445
-008383
-009372
-006811
-006113
-006404
-004890
-002969
-002504
-003959
-007743
-010886
-008616
-003668
-001863
-003435
-007335
-010711
-009198
-005007
-003668
-004133
-001689
0000232
-004716
-011876
-011934
-007160
-004716
-004599
-004541
-004483
-003668
-003144
-005298
-008034
-007393
-005123
-005414
-007568
-009314
-010071
-009431
-008150
-008499
-008965
-006171
-002678
-003377
-006054
-005298
-002504
-001456
-002795
-006345
-010246
-011293
-009955
-008907
-008150
-007044
-006229
-006578
-006928
-004774
-001863
-001398
-002969
-004657
-005705
-005181
-004192
-005414
-007160
-005938
-003202
-002504
-003319
-003726
-003726
-003842
-003959
-004308
-004192
-002562
0000058
0002794
0004365
0003783
0001513
-000932
-002504
-002213
-000757
-000175
-000408
-000757
-001223
-002445
-003086
-000699
0002677
0003085
0001513
0000698
0001164
0003085
0004947
0003783
0001338
0001280
0002794
0003201
0002677
0002212
0002153
0003085
0004191
0004016
0002386
-001398
-004075
-000408
0005704
0005704
0002561
0004656
0008731
0007567
0002852
-000641
-001689
0000174
0002735
0000640
-002620
0000582
0006053
0004540
-000757
-001980
0000407
0003783
0005588
0001455
-004250
-002504
0002677
0001106
-003086
-000175
0005995
0006286
0003085
0003376
0004656
0000116
-004832
0000931
0009954
0006403
-003260
-002678
0003492
0002212
-002213
0000989
0006636
0003143
-004017
-002678
0003376
0003783
0001164
0002794
0006112
0005879
0002968
0000349
-001048
-001339
0000407
0005937
0010419
0005588
-002911
-002969
0002444
0004482
0003434
0002444
0001280
-000757
-002271
-001048
0001862
0004016
0004947
0004831
0004191
0004540
0005238
0005006
0003783
0001280
0000058
0005297
0011642
0008964
0001280
-001398
0000000
0000756
0000814
0000465
0000174
0000232
0001455
0005588
0009197
0006927
0001397
-001339
-000757
0001920
0004598
0003492
0000931
0002212
0005821
0007800
0007800
0006344
0004365
0003434
0003318
0002444
0001920
0003376
0006461
0010710
0013213
0009895
0003841
0002212
0003376
0001688
-000583
0001280
0005238
0006985
0006228
0003725
0001455
0002561
0005238
0005355
0003667
0002910
0002561
0000756
-000757
0001047
0004307
0005297
0004307
0003259
0002619
0002561
0003085
0004307
0004889
0003026
-000233
-002562
-003784
-004832
-004425
-000466
0004307
0005238
0002677
-001456
-004657
-003610
0000058
0001862
0001397
-000757
-002678
-000932
0001920
0000116
-003784
-003901
-001863
-002213
-003959
-004192
-003435
-003551
-003668
-001747
0000698
0001164
-000583
-003610
-006578
-007975
-007102
-003784
-000350
-000990
-002853
0001222
0006403
0002677
-005298
-007044
-003726
-000466
0001164
-000292
-003202
-003784
-002329
-000350
0000873
-000233
-002271
-002213
-000990
-001165
-002154
-002213
-001980
-003202
-005007
-005822
-005298
-003027
-000466
0000116
-000583
0000058
0000523
-002038
-005822
-007743
-006869
-003202
0000989
0002270
0000640
-002678
-005123
-002678
0001455
0000174
-003726
-002329
0000232
-005414
-012865
-008616
0000640
-000583
-006986
-004774
0001571
0001106
-003842
-006345
-007044
-009314
-010711
-007044
-000874
0002270
0002444
0002212
0001280
-001165
-003610
-003784
-002678
-002853
-003551
-002387
-000757
-001165
-002795
-003551
-003144
-001398
-000233
-002969
-007277
-008383
-006578
-004308
-002504
-002271
-003377
-004716
-005298
-003377
-000583
-000117
-001398
-002387
-003086
-004308
-005763
-007743
-008558
-005531
-001456
-001456
-004483
-006986
-008092
-007335
-005239
-002445
-000932
-003610
-006928
-004075
0002503
0007625
0008324
0001455
-006986
-005007
0001920
-000059
-006345
-005472
-000524
0000931
-000932
-004133
-006345
-003842
0001106
0003550
0003958
0005762
0007101
0004540
0000058
-002853
-003202
-000874
0001979
0001455
-001456
-003377
-003901
-002853
-001456
-002096
-003726
-003668
-002853
-004192
-004832
0001164
0008265
0006228
-000874
-003144
-000990
0001629
0003725
0004132
0003376
0003434
0003900
0003667
0003318
0004016
0005122
0005297
0004598
0003550
0002212
0000116
-001572
-001048
0000174
-001630
-003842
-001339
0003434
0005064
0004074
0003492
0003550
0004365
0005471
0006053
0005937
0004831
0003376
0002444
0001688
-000175
-001863
-001863
-000117
0003201
0005530
0003026
-001223
-000641
0002677
0002561
0000640
0001455
0003492
0002677
0000931
0002910
0005704
0002794
-001281
0003318
0010769
0008498
0001571
0002677
0007916
0007509
0003492
0001746
0002212
0003841
0005238
0003725
0001629
0003783
0007742
0008149
0006053
0004482
0004132
0005064
0006810
0008731
0008848
0004656
-001048
-003086
-001514
0001862
0004889
0004365
0002561
0005297
0009488
0008382
0004656
0005530
0007567
0002386
-004483
-001805
0005588
0006112
0002212
0001397
0002677
0002852
0002794
0004482
0007451
0011525
0013272
0007276
-001223
-001921
0002561
0004773
0004132
0001164
-000815
0004540
0011409
0007509
-000757
0000931
0008557
0011642
0010128
0006519
0002852
0002037
0003376
0004016
0003550
0001571
-000524
-000466
0000873
0001047
0000698
0001688
0003783
0006112
0007625
0006577
0004773
0006519
0009139
0006868
0001804
-001165
-000874
0002968
0007276
0006577
0002794
0001164
0001979
0004307
0006403
0005122
0002444
0002968
0005122
0004656
0002735
0002212
0002735
0003026
0002444
-000292
-002736
-000292
0004132
0004307
0001397
-000757
-001630
-001456
-000350
0001338
0002503
0001513
-000175
0000407
0001804
-000175
-002795
-000408
0004016
0003667
0000349
-001165
-000583
0000989
0003085
0005006
0005821
0004598
0002270
0000349
0000116
0002968
0006519
0006461
0003667
0000873
-000059
0002677
0006927
0008731
0007334
0002503
-001863
0001455
0007451
0005238
-001165
-001747
0001513
0002212
0001106
0000814
0000640
-001223
-003086
-002154
0000465
0002153
0002386
0000931
-000641
0000989
0003201
0000756
-003726
-004250
-001980
-000990
-000874
0000291
0002037
0003900
0004773
0003725
0000698
-004774
-009372
-008208
-003726
-002213
-002620
-000524
0002328
0002910
0001920
0001513
0001629
0001688
0001222
-000641
-002969
-003842
-003377
-002678
-001689
-000233
0001979
0002619
0008382
0032752
0032752
0005238
-032752
-032752
-030503
0013504
0032752
0024041
-005007
-006113
0008848
0003609
-011468
-012050
-001165
0011292
0018278
0011467
-002620
-010246
-009431
-002445
0006170
0008964
0005995
0000698
-003610
-002562
0001862
0004482
0003725
-002038
-007510
-003144
0005413
0005646
-000233
-004832
-006753
-005996
-003551
-002096
-001689
-001689
-001398
0001222
0002677
-003551
-011468
-008790
-001223
-002562
-008325
-007219
-002271
-001281
-003668
-007451
-009081
-002329
0005821
0001804
-008907
-013040
-011061
-008034
-005298
-004425
-004832
-003726
-002329
-002795
-004774
-007102
-009023
-009896
-009489
-007743
-005822
-005880
-006229
-002969
0001164
0000873
-002038
-002562
-002038
-004425
-007160
-005123
-000874
-000233
-001921
-001863
-001165
-003086
-005705
-005181
-003551
-005647
-009140
-008616
