-000059
-001747
-004133
-005589
-005531
-003319
-001165
-003202
-006695
-005763
-002096
-000350
-000699
-002271
-003551
-001863
0000873
0000349
-001980
-002387
-001165
-000350
0000582
0002852
0004947
0004249
0001862
0000756
0000407
-001165
-002736
-001980
0000116
0000931
0001280
0003900
0006403
0004947
0001047
-001805
-002620
-001223
0001164
0002270
0002212
0002444
0002619
0002328
0001280
-000990
-002736
-000932
0002561
0003667
0002794
0001920
0001164
0000582
-000233
-002154
-004366
-005705
-005531
-003260
-000408
0000407
-000583
-001863
-002445
-000932
0001513
0002794
0002212
-000408
-003027
-002213
0000291
0000058
-001863
-002096
-001398
-001863
-002504
-000757
0001455
0000698
-001863
-003086
-002853
-002387
-001747
-001456
-001107
0000232
0001688
0002270
0001397
-001165
-004192
-006054
-005938
-003901
-000815
0002153
0003201
-000059
-004017
-001398
0004016
0003550
-000583
-002445
-002154
-001398
-000524
0000465
0000756
-000699
-002736
-003435
-002387
0000640
0003783
0004365
0002735
0001106
-000292
-001980
-002620
-000117
0003085
0002619
-000292
-001980
-002445
-003377
-004192
-003959
-003260
-003668
-003842
-001048
0002212
0000931
-002911
-004599
-004425
-004250
-004250
-004890
-004716
-000466
0004191
0002444
-002562
-003202
-000757
0000174
0000174
0001280
0002852
0003492
0003376
0003201
0003434
0005006
0006519
0005238
0002794
0002968
0004598
0004598
0003492
0003085
0003085
0002794
0002212
0001222
0000640
0001804
0003318
0002037
-000408
-000350
0001106
0001164
-000059
-001398
-002620
-003260
-003435
-003842
-004366
-005065
-005472
-005065
-004192
-003260
-003144
-005298
-007335
-004599
-000350
-001572
-005472
-005181
-002213
-000932
-001048
-000932
-000641
-000815
-000292
0003492
0007451
0006170
0002153
0001629
0003900
0005821
0006985
0007800
0007742
0006577
0004598
0002386
0000756
0000523
0001338
0002328
0002735
0001513
-000117
0000058
0001222
0001862
0001047
-002445
-006054
-005065
-001863
-002387
-005065
-005472
-003842
-001863
0000116
0002037
0003085
0002561
0000814
-001107
-002213
-001572
0000349
0002037
0003434
0005530
0006752
0004656
0001106
0000000
0000814
0001746
0002095
0000873
-000583
0000698
0002735
0001629
-001165
-002154
-001630
-001223
-000815
-000117
0000873
0002328
0003259
0002153
0000174
-000641
-000233
0000698
0001222
-000292
-002096
-000641
0002212
0002328
0000465
-001165
-001572
-000233
0002561
0006053
0008033
0005530
0000989
-000059
0001397
0002328
0001746
-001805
-005181
-002911
0002794
0006636
0007800
0007218
0005355
0003201
0001688
0001629
0001920
-000233
-002329
0001280
0006636
0005821
0001629
0001513
0003376
0001280
-002387
-002445
-000059
0001280
0001222
0000116
-000990
0000291
0001979
0000349
-002562
-002445
0000058
0003143
0004773
0002270
-001572
-000990
0002037
0002037
0000349
0000814
0002677
0003900
0003900
0002212
0000116
-000233
0001047
0002561
0003667
0004074
0003783
0003492
0003143
0002328
0001397
0000756
0000465
0000698
0001047
0000756
0000291
0000640
0001222
0000523
-000583
-000233
0001106
0002037
0002270
0001571
0000582
0000349
0000349
-001107
-002795
-002620
-001165
0000058
0000349
-000466
-001863
-002504
-002271
-001514
-000292
0000989
0002386
0004307
0005413
0003667
0000931
0000873
0002503
0002968
0001804
-001339
-004192
-002911
0000931
0002968
0003318
0003492
0003609
0004074
0004132
0002386
0000349
0000931
0002794
0002968
0001688
0000349
-000466
-000466
0000116
0000465
0000465
0000407
0000116
-000466
-001805
-005589
-008849
-006928
-002387
-001339
-003027
-004425
-004948
-004192
-002678
-001281
-000699
-001805
-003493
-003551
-002271
-001048
-000175
0000116
-000059
-000175
-000059
0000523
0001629
0003259
0004307
0003201
0001047
-000059
0000349
0001920
0003434
0002503
0000873
0002328
0005238
0005588
0004249
0004016
0004016
0001920
-000583
-000408
0001222
0000931
-000117
0000814
0002444
0002037
0000232
-001223
-002213
-003435
-004075
-002853
-000699
0000989
0001222
-001107
-003784
-002853
0000465
0002910
0003725
0002852
0001338
0002212
0003667
0001920
-000699
0000116
0003725
0007742
0009779
0007276
0002095
-001747
-002736
-000641
0002852
0004016
0002968
0001455
0000291
0000349
0001397
0002153
0002619
0003550
0004249
0003841
0002386
0000291
-001747
-003551
-003901
-000932
0002677
0001979
-001107
-001223
-000059
-002096
-005007
-003959
-000815
-000292
-001281
-000350
0001338
0001629
0001106
0001455
0002328
0002619
0002386
0002095
0001804
0001164
0000640
0000814
0001629
0002968
0003958
0003550
0002328
0001338
0000582
-000757
-001980
-001980
-001514
-002096
-003901
-006986
-008907
-005472
0000116
0001571
-000292
-000874
-001398
-004774
-008325
-007684
-004017
-000699
0001047
0000523
-000874
0000174
0002153
0000989
-001339
-000757
0001688
0002968
0003376
0004424
0005588
0005879
0005297
0003783
0002444
0003143
0004715
0004482
0003085
0002503
0002735
0003259
0003900
0004132
0004016
0003900
0003783
0003841
0003609
0001979
0000174
0000698
0002212
0001280
-000524
0000232
0002270
0002968
0001920
-000874
-003610
-002969
-000990
-002562
-005239
-003551
0000291
0001222
-000233
-001456
-001863
-001281
-000233
0000000
-000408
-000699
-000990
-001747
-001921
0000058
0002852
0003783
0003143
0002095
0001222
0000873
0001280
0002503
0003667
0003085
0001804
0002503
0003434
0001047
-002445
-002678
-000408
0001862
0003201
0002794
0001280
0000174
-000408
-001398
-001921
-000641
0001106
0001047
-000757
-003319
-005705
-007277
-007102
-004308
-000874
-000292
-001921
-003027
-003260
-002678
-001689
-000815
-000641
-001747
-003377
-004366
-004133
-002387
0000058
0001688
0001862
0000349
-001863
-002911
-002911
-002969
-002911
-002213
-001339
-001339
-001165
0001280
0003841
0002444
-001339
-003726
-003435
0000582
0005413
0005995
0003318
0000407
-001048
0000756
0003492
0002735
-000641
-003842
-005763
-006054
-004599
-001805
0000640
0000465
-001456
-002504
-002504
-002271
-001863
-001339
-000874
0000000
0000407
-000990
-002387
-000583
0002677
0003318
0001804
0000523
-000175
-000233
0000000
-000408
-001223
-001630
-001630
-000990
-000757
-002911
-005181
-003551
0000523
0003783
0004249
-000175
-005938
-006054
-002562
-001398
-002271
-003086
-003610
-003610
-003202
-002678
-002038
-001223
-000350
0000640
0001455
0002153
0002444
0002095
0001047
-000932
-002853
-003551
-003086
-002096
-001107
-000815
-001281
-002620
-003435
-001223
0002328
0003900
0003376
0002095
0000756
0000291
0000931
0003143
0004889
0002794
-001281
-003377
-003319
-001980
-000466
-000583
-001805
-002620
-002969
-002736
-002853
-004948
-007160
-006287
-003726
-003144
-003959
-004192
-004075
-004541
-005181
-005531
-005472
-005356
-005065
-004192
-003144
-002562
-002154
-000990
0000174
-000059
-000874
-000524
0000814
0002328
0003492
0003900
0003318
0001920
0000814
0001920
0003900
0004016
0002619
0001106
0000407
0001920
0003725
0001804
-002038
-004250
-003726
0000174
0004598
0004773
0001688
-000466
-001689
-003027
-004075
-004425
-004250
-003551
-003377
-005705
-008383
-007102
-003668
-002445
-003027
-003144
-002853
-002445
-002213
-003202
-004192
-002795
-000466
-000641
-001805
-000117
0002561
0002037
-000233
-000641
0000698
0002503
0004307
0005762
0006112
0004831
0002561
0000465
-000466
0000698
0002561
0002153
0000465
0000116
0000698
0000698
0000523
0000931
0001688
0002386
0002328
0000232
-002213
-001980
-001048
-004425
-009023
-008499
-004366
-001165
0001047
0004424
0005995
0001222
-005996
-008325
-005996
-002096
0001280
0001688
-000233
-002154
-003144
-002678
-000757
0002619
0005006
0002444
-002213
-002678
-000524
-000466
-001630
-001863
-000990
0000523
0001979
0002561
0002095
0001106
0000000
-000583
-000815
-001398
-001863
-000990
0000349
0000291
-000641
-000874
-000583
-000408
-000350
-000350
-000466
-000757
-000815
0000349
0001629
0001106
-000583
-001805
-002387
-002736
-002620
-001921
-001281
-002620
-003901
-001223
0002735
0002619
0000174
0000291
0001920
0002153
0001338
0000698
0000291
0000000
-000117
0000000
0000407
0001455
0001920
0000058
-002562
-002445
-000524
0000873
0001106
-000350
-001514
0001338
0005530
0005530
0002561
0000349
-000757
-001223
-001689
-004075
-006113
-003842
0000640
0002444
0001513
-000408
-002271
-002445
-001339
-000466
-000175
-000932
-001456
0000814
0003900
0003492
0001629
0003318
0006519
0006519
0004540
0003783
0004074
0004365
0003841
0001571
-001223
-001980
-001165
-000524
-000583
-001747
-003202
-003435
-002736
-002096
-001747
-001921
-002154
-001398
-000641
-001572
-003260
-003842
-003086
-000641
0001455
-000117
-003551
-005298
-004308
0000000
0004191
0002619
-002213
-003901
-002795
-001863
-001107
0000291
0001455
0000989
-000175
-000583
0000174
0002444
0004598
0003667
0001920
0004424
0008498
0008091
0004773
0002735
0002561
0003958
0005762
0005762
0004132
0002095
0000814
0001688
0003492
0003085
0001571
0001513
0002212
0001920
0001047
0000873
0000465
-002853
-006345
-004832
-001048
-001456
-004250
-004308
-002911
-003377
-005181
-007277
-008616
-008499
-006462
-001921
0002503
0003376
0000756
-003959
-007451
-005239
0000873
0006344
0008848
0006519
0001571
-001398
-001514
0000698
0003958
0006344
0006694
0003958
0000756
0002037
0005471
0005413
0002852
0001106
0000931
0002852
0005530
0006344
0005471
0004715
0003434
-000059
-003493
-003144
-000641
0000116
-000408
-000292
0000000
-000757
-001747
-001572
-000815
-001107
-001572
-000466
0001047
0000116
-001630
-000699
0001571
0001804
0000407
-001048
-001980
-001572
-000757
-001805
-003493
-003551
-002154
-000408
0000873
0000873
0000232
0000756
0001513
0000174
-001921
-002562
-000932
0004132
0008673
0006053
-000117
-001514
0000756
0001804
0001571
0000756
-000117
-000117
0000814
0002386
0003143
0000756
-002387
-001398
0002153
0004365
0004132
0000989
-003027
-004308
-002853
-000117
0001979
0000931
-001339
-000408
0002619
0004598
0005122
0004947
0003958
0002153
0000640
0001106
0002444
0002386
0001280
0000349
-000175
-000117
0000349
0000640
0001047
0002444
0003201
0000174
-003901
-003726
-000641
0001397
0001513
-000757
-003901
-004948
-004075
-002678
-001339
-000874
-001107
-001398
-001514
-001281
-001339
-002795
-003959
-001514
0002677
0004307
0004132
0005006
0005995
0005064
0003085
0001979
0001629
0000698
0000232
0002153
0004656
0004889
0003143
0000931
-000350
0001397
0004249
0004773
0003026
0000523
-001514
-001398
0000000
0000291
-000350
-000815
-000874
-000233
0000465
0000058
-001107
-001980
-002795
-004716
-005938
-002969
0000989
-000583
-005065
-006287
-004599
-002678
-001630
-002678
-004599
-004599
-003027
-001339
-000350
-001048
-002096
-000292
0002561
0002328
0000291
-000350
0000640
0003259
0005530
0004132
0000756
-000699
-000350
-000117
0000523
0002735
0004715
0003492
0000349
-001689
-001921
-000350
0001862
0002386
0001397
-000059
-000990
0000000
0001920
0002910
0002153
-000815
-004133
-004948
-003493
-001805
-000233
0001338
0001571
-001456
-005414
-005705
-003726
-003551
-004250
-002853
-000815
-000815
-001921
-002038
-000757
0002561
0005297
0003201
-001048
-001630
0000291
0000523
0000116
0001571
0003492
0002852
0000873
0000814
0001513
0000058
-002154
-002038
-000233
0001862
0002794
0000698
-002154
-000874
0002270
0001688
-001514
-004599
-005763
-002620
0002270
0004424
0003318
0000116
-003027
-002096
0000523
-000932
-004308
-004774
-002853
-001223
0000000
0001047
0001804
0002153
0002095
0001629
0001164
0001280
0001397
0000058
-001630
-001456
-000117
0000756
0001047
0001455
0001397
0000000
-001689
-001456
-000117
0000407
0000058
-000583
-001630
-004017
-005647
-003493
0000465
0002037
0000931
-002154
-004774
-003260
0000174
0000058
-002562
-004366
-004890
-004599
-003610
-002504
-001572
-001048
-000641
0000698
0002212
0002852
0002037
-000874
-003726
-003260
-000524
0001047
0001571
0002444
0003492
0005238
0005821
0002153
-002504
-001747
0001862
0001688
-000932
-001805
-001281
-001107
-001281
-001863
-002504
-002562
-002504
-003493
-004425
-003435
-000932
0001688
0002968
0001338
-002038
-004890
-005822
-003959
-000990
0000000
-000990
-002911
-004774
-005414
-005007
-004890
-004774
-003784
-002678
-002736
-003260
-002329
-000641
0000174
0000640
0002794
0004656
0002561
-001048
-001048
0001455
0002503
0002444
0002968
0003492
0002444
0001338
0003259
0006170
0005704
0002619
-000583
-002678
-002795
-001339
0000291
0001338
0001513
0000582
-001223
-003260
-004832
-005589
-005181
-004716
-006637
-008790
-006869
-003319
-003435
-005589
-005239
-003668
-003959
-005356
-006345
-005938
-002678
0001106
0000873
-001398
-001048
0001164
0002386
0003026
0004715
0005937
0004482
0001571
-000466
-000699
0001455
0004424
0005704
0005064
0003492
0002095
0002503
0003725
0003085
0001629
0001629
0002503
0002561
0001746
0000116
-001339
-001107
0000291
0001106
0000873
-000932
-002969
-003027
-001514
-000117
0000756
0001106
0000582
-000874
-002678
-003901
-003901
-002154
-000117
-000175
-001572
-001921
-001863
-003901
-005356
-001281
0004773
0005530
0002735
0001455
0001920
0003492
0005064
0004656
0003259
0003667
0004656
0003201
0001164
0002735
0005180
0002095
-002445
0000523
0006694
0006112
0001513
0000349
0001688
0002212
0001629
0000232
-000932
0000465
0002735
0002677
0000756
-001107
-002213
-001980
-000815
0000349
0000756
-000408
-001921
-001281
0000640
0001979
0001920
0000116
-002387
-003493
-003086
-001863
-000757
-000990
-001747
-001165
0000407
0001746
0002444
0002503
0001688
-000117
-001863
-002213
-001281
0000349
0001280
-000408
-002795
-001514
0001222
0000058
-003086
-003260
-002154
-004075
-006753
-005531
-001921
0000116
0000582
0000582
0000523
0001106
0002037
0002910
0002910
0000698
-001630
-000292
0002910
0003725
0002503
0000814
0000000
0002212
0005122
0004132
0001164
0001280
0002794
0001629
-000990
-001863
-001339
-001223
-001165
0000058
0001280
0000698
-001048
-002213
-002678
-002911
-002736
-001921
-001048
-000932
-001514
-002620
-002969
-000408
0002677
0001338
-002096
-002329
-000292
0001106
0001280
-000408
-002271
-001398
0001047
0001746
0001164
0001106
0001164
0000756
0000058
-000117
0000174
0000640
0001222
0001513
0001804
0002328
0003143
0004016
0004889
0005821
0005762
0002677
-000583
0000698
0004656
0006461
0005821
0003492
0001455
0003026
0006403
0007218
0005995
0005180
0004424
0002386
0000582
0001688
0003841
0002910
0000000
-002038
-002678
-002096
-001281
-002387
-003959
-002911
-000874
-001805
-003668
-002329
0000931
0002852
0003143
0002212
0000756
-000117
-000292
-000466
-000408
-000059
0000582
0001571
0002270
0001629
0000407
0000349
0001338
0002561
0003550
0004132
0003900
0002677
0001397
0001746
0002910
0002561
0001688
0002328
0003550
0002852
0001164
0000407
0000465
0000291
0000174
0000232
0000523
0001455
0001920
-000059
-002736
-002736
-001107
-000699
-001456
-002620
-003493
-002911
-001281
-000059
0000756
0001862
0002503
0001513
-000233
-001398
-001339
0000232
0002212
0002561
0001338
-000641
-002213
-001980
-000292
0001397
0002328
0001280
-000466
-000583
0000407
0000756
0000523
0000291
-000175
-001398
-001921
0000989
0004831
0004656
0001979
0001047
0001280
0000407
-001048
-002096
-002154
-000233
0001746
0000174
-003144
-004425
-003551
-001456
0000291
-000815
-002678
-000757
0002852
0003841
0002503
0000698
-000583
0000058
0001979
0003550
0003550
0000174
-003959
-003784
-001048
-000408
-001339
-001689
-001165
0000756
0002444
0001571
-000874
-002154
-002213
-002329
-002387
-001863
-001805
-003842
-006171
-005298
-002853
-002911
-004250
-003551
-001572
-000175
0000232
-000466
-001339
-001107
0000523
0003667
0006403
0005762
0002910
0001106
0000232
-001398
-002154
0000931
0004947
0004132
0001222
0002444
0006112
0007683
0007276
0006461
0005180
0003026
0000756
-000874
-001339
0000174
0001804
0000000
-003027
-002213
0000407
-000292
-002562
-002387
-000874
-001572
-002736
-000175
0003026
0000465
-004483
-004366
-001223
-000815
-002504
-004192
-004832
-003086
-000641
-000466
-002445
-005763
-008034
-005531
-001165
-001107
-003493
-003144
-000815
0000582
0001513
0003725
0005646
0004540
0001979
0001455
0002212
0001804
0000989
0001746
0003143
0003318
0002677
0002386
0002444
0002386
0001804
-000175
-002154
-001572
0000349
0000465
-000292
0000640
0002619
0004365
0004715
0002677
-000874
-003784
-005414
-005880
-005239
-004657
-003842
-001630
0000523
0000582
-000757
-001165
-000990
-001689
-002271
-000699
0001164
-000233
-003144
-003493
-001980
-001165
-000815
0000232
0001629
0003376
0004307
0002968
0001106
0002328
0004947
0005355
0004132
0003492
0003725
0005006
0006112
0004715
0001804
0000000
-000815
-002329
-003202
-001398
0001106
0000465
-002096
-003260
-003027
-002678
-002329
-002096
-002329
-003377
-004483
-004366
-003144
-001048
0000814
0001164
-000233
-003377
-005822
-003726
0000407
0000640
-001747
-003319
-003144
-001165
0001746
0003958
0004365
0002037
-000815
-000233
0002037
0001513
-000524
-000408
0000523
-000990
-003144
-001980
0001047
0002619
0002910
0003725
0004656
0005122
0004889
0004191
0002794
0000174
-002562
-003726
-003551
-003551
-003319
-002038
-000699
-001398
-003027
-003086
-002213
-002504
-002969
-001165
0001047
-000117
-002562
-001805
0000756
0000989
-000175
-000175
0000873
0002212
0003609
0004889
0004715
0000989
-003319
-002620
0000523
-000524
-003610
-003551
-001165
0000756
0001688
0001280
0000465
0001280
0002677
0002735
0001397
-000932
-002911
-002445
-000815
-000874
-001980
-002038
-001921
-004133
-006229
-003668
0000232
-001514
-005647
-004599
-000350
0001920
0002037
0001164
-000117
-000699
0000058
0002735
0005646
0006112
0004540
0002735
0001397
0000756
0000989
0001746
0002503
0002619
0002270
0002095
0002153
0002619
0003085
0003201
0003026
0002968
0003201
0003841
0004482
0004365
0003667
0002619
0001629
0000640
0000174
0000989
0001746
0000116
-002795
-004308
-004948
-007044
-009023
-008266
-005531
-002853
-001223
-001456
-002562
-002387
-000874
0001746
0003550
0001222
-002853
-003901
-001805
0002037
0005413
0004947
0002212
0001397
0002095
0002037
0002037
0003667
0005355
0003958
0001397
0002095
0004132
0002852
-000117
-000932
-000175
-000117
0000407
0004424
0008324
0005355
-000292
0000523
0004773
0004598
0000814
-003260
-005822
-004890
-001980
-001223
-001921
-001747
-001107
-001456
-002213
-002445
-002154
-001805
-001630
-002213
-002853
-002096
-000932
-001339
-002387
-001980
-000583
0000407
0001397
0004132
0006403
0004249
0000465
0000698
0003201
0002968
0000873
-000350
-000408
0000698
0001920
0000989
-000757
-000641
0000989
0002619
0003492
0003318
0002037
0000116
-001223
0000232
0002095
-000350
-004425
-004366
-001747
-001398
-002096
-000466
0001513
-000350
-003901
-004192
-002504
-002271
-002911
-002504
-001107
0000640
0002212
0003143
0003085
0001629
-000233
-001514
-001630
-000350
0001397
0002212
0002095
0001920
0001513
0000407
-000815
-001572
-001398
-000175
0001280
0001222
0000465
0001455
0002444
-000175
-003610
-001921
0002386
0003609
0002677
0003143
0003900
0001979
-000932
-001689
-000583
0000698
0001338
0000000
-001863
-001107
0001106
0001979
0001164
-001107
-003435
-003551
-001863
0000174
0001804
0002153
0001571
0001280
0001164
0000349
-000117
0001338
0003783
0005413
0005297
0002328
-000932
-000350
0002968
0005704
0006344
0003492
-000932
-002911
-002271
-000059
0002212
0002212
0000291
-001572
-002736
-002795
-001980
-001339
-001281
-002271
-003726
-004366
-004192
-003668
-003027
-002562
-002213
-001572
-000990
-000990
-001281
-000990
-000524
-000699
-000990
-000466
0000756
0002037
0002794
0002153
0000814
0000349
0001164
0003492
0005937
0005937
0004191
0002852
0002386
0002735
0003318
0002735
0001746
0002212
0002444
-001281
-005705
-004890
-000815
0001280
0000873
-001689
-004425
-003784
-001048
0000291
0000116
-000233
-000932
-002445
-003668
-003319
-002038
-001514
-001689
-001980
-002271
-002329
-002271
-002271
-002038
-000815
0000756
0001338
0001455
0002794
0004016
0002677
0000291
0000291
0001571
0000989
-000117
0001629
0004540
0005238
0004074
0002561
0001746
0003201
0005238
0004831
0003026
0003143
0004016
0003085
0001164
0000291
0000232
-000233
-001048
-002504
-003377
-001689
0000814
0000814
-000874
-001689
-001572
-000815
-000233
-000990
-002504
-003086
-003144
-003784
-004483
-004250
-003144
-001747
-000292
0000814
0001338
0001338
0000989
0000698
0000407
-000059
-000524
-000350
0000000
-000466
-000874
0001047
0003026
0001164
-002329
-002678
-000408
0001862
0003667
0005530
0005995
0003434
-000524
-002387
-002387
-002096
-002038
-002795
-003668
-003202
-001689
0000232
0001338
-000175
-002620
-002795
-000990
0001455
0002968
0001338
-001805
-002911
-002096
-000874
0000116
0000232
-000233
-000641
-000233
0002153
0004831
0004831
0003085
0002270
0002386
0002910
0003259
0002503
0001106
0000174
-000059
-000117
0000291
0002037
0003550
0002677
0000058
-002620
-003784
-002038
0001513
0004598
0005471
0002386
-002271
-004133
-003027
-000233
0001979
-000059
-004133
-005239
-003901
-003202
-002620
-000583
0001280
0000174
-002271
-002387
-000990
-001107
-001630
-000059
0002270
0002561
0001629
0001571
0002386
0003725
0004947
0005355
0004773
0003550
0002386
0002619
0003318
0002444
0000814
0000349
0000465
-000583
-002213
-003726
-004133
-002736
-000408
0001338
0001571
-000292
-002969
-004192
-004075
-003726
-003610
-004075
-004890
-005414
-005065
-002795
-000466
-001630
-004192
-003027
-000641
-002504
-006345
-006695
-004308
-001863
-000059
0000698
0000756
0001629
0002677
0002561
0001513
0000058
-000699
0001106
0003550
0002677
0000349
0000931
0003550
0005588
0006112
0004307
0001804
0002328
0004074
0002619
-000524
-001805
-001223
0000058
0001164
0000465
-001223
-001980
-002213
-003726
-005763
-007160
-007684
-007568
-007044
-006578
-006345
-006054
-005647
-005007
-004192
-003377
-002853
-002911
-003319
-003668
-003551
-002620
-000757
0002328
0004715
0003550
0000698
0000174
0001222
0001280
0000291
-001398
-002445
-000641
0001979
0001164
-001223
-000233
0002503
0002503
0001338
0002794
0005238
0005297
0003725
0002910
0002270
0000465
-001921
-003842
-004425
-003086
-000815
0000349
0000349
0000174
-000350
-001107
-002213
-004308
-005880
-004366
-001630
-001398
-003086
-004017
-004192
-003784
-003144
-003027
-003260
-003086
-002795
-002911
-003319
-003784
-003901
-002736
-001456
-002853
-004832
-003319
0000174
0001979
0001979
0001571
0000582
-001398
-002969
-001398
0001164
0000174
-002678
-003260
-002387
-002969
-004192
-004308
-003668
-003319
-003202
-002969
-002678
-002620
-002911
-003959
-005298
-007044
-007277
-003086
0002153
0001862
-001747
-002853
-001456
0001047
0002968
0001862
-001572
-005414
-007684
-006113
-002504
-000874
-001456
-002678
-004192
-005705
-005531
-001107
0004249
0005064
0001746
-003493
-007335
-005298
-000408
0000407
-001980
-003901
-005007
-005705
-005822
-005472
-004716
-003959
-003144
-001747
-000408
-000059
-000583
-001572
-002445
-002154
-001165
-000583
-000699
-001339
-002329
-003144
-003260
-001921
-000292
-000292
-001630
-003202
-003726
-001281
0002212
0002794
0001571
0001688
0002794
0003609
0003783
0002910
0001629
0001164
0001513
0002386
0002968
0001979
0000291
-000059
0000523
0000291
-000350
0000000
0000058
-002969
-006229
-004017
0000698
0001455
-000990
-003260
-004657
-004948
-004425
-004017
-003959
-004541
-004832
-002853
-000757
-002969
-006345
-004483
-000350
-001339
-004774
-004250
-001165
0000174
0000407
0001688
0003318
0004191
0004132
0003026
0002037
0003143
0005122
0005471
0004482
0003667
0002735
0000349
-002213
-003377
-002562
0000465
0003550
0002794
-000408
-002504
-003144
-003144
-002213
0000465
0002968
0002270
-000175
-000699
-000117
-001223
-002911
-002620
-001572
-002329
-003784
-003027
-001223
-000990
-001980
-002969
-003319
-002329
-000524
0001047
0001629
0000349
-001456
-001339
0000232
0001513
0002386
0003085
0003725
0004831
0005355
0003318
0000698
0001571
0004191
0004424
0002794
0001047
-000175
-000757
0000174
0003609
0007392
0008033
0005995
0003376
0001280
0000989
0001862
0001804
0001455
0002619
0004074
0004016
0002095
-001689
-004948
-004017
-000524
0001688
0002270
0002328
0001338
-001630
-004716
-005239
-003610
-001980
-000699
-000175
0000058
0001222
0002270
0001397
-000350
-000757
-000175
0000291
0000058
-001630
-003551
-003435
-002213
-002562
-003668
-003377
-002271
-001747
-001630
-001107
-000757
-001398
-002096
-000524
0001746
0001455
-000117
0000465
0001920
0001629
0000291
-000292
-000175
0000232
0000232
-001223
-003027
-002678
-001048
0000000
0000174
-000175
-000699
-000815
0000116
0002735
0005238
0004889
0002095
-002038
-004890
-003027
0001106
0002212
0000989
0000931
0001862
0003143
0004016
0003434
0001862
0000582
-000117
-000233
0000116
0000174
0000465
0002095
0003434
0001571
-001980
-003842
-003842
-002678
-001165
-000292
-000408
-000990
-001863
-002911
-003319
-001456
0000640
-000990
-003726
-002213
0001804
0003841
0003667
0002212
0000465
0000000
0000873
0002037
0003492
0005821
0007392
0005937
0003143
0003201
0004249
0001862
-001398
0000116
0004074
0005297
0003725
0001047
-001456
-002154
-001281
-000524
-000233
-000757
-001456
-000874
0000000
-000699
-002271
-002969
-003086
-003784
-004483
-004366
-003435
-001689
-000408
-001339
-003086
-001921
-000117
-002271
-006113
-006578
-004308
-002038
-000233
0001397
0002212
0001804
0000989
0001746
0003143
0003434
0002619
0001338
0000291
0000407
0001629
0003609
0005588
0006636
0006344
0005180
0003318
0001280
0000000
0000989
0002852
0002677
0001804
0003667
0005821
0003434
-001165
-002620
-001689
-001747
-002038
-000408
0001222
-000815
-004541
-005705
-004716
-004133
-003493
-001805
0000174
0001804
0001571
-002911
-007859
-006404
-001572
-001339
-003260
-000757
0003783
0005471
0004773
0004191
0003841
0003201
0002794
0003667
0004307
0001979
-001165
-000641
0002095
0002503
0002153
0005122
0008615
0007392
0003201
0000291
-000292
0001629
0004249
0004482
0002619
0000582
-001223
-003319
-003959
-000233
0004482
0003550
-000699
-002387
-001747
-000815
-000466
-001572
-003493
-004774
-004948
-004308
-002911
-001281
0000582
0002852
0004889
0005995
0005937
0004598
0002794
0001804
0001164
-000641
-002853
-003784
-003551
-002911
-002096
-000757
0000058
-001165
-002853
-001805
0000349
-000059
-001398
0000465
0003085
0001397
-002853
-005822
-006811
-006171
-004075
-000990
0001746
0002677
0001979
0000756
-000408
-000815
-000583
-000583
-000932
-001863
-002445
-001398
0000523
0001222
0001455
0003143
0005180
0005413
0004715
0005238
0006053
0005122
0003143
0002037
0001804
0001688
0001862
0002561
0003085
0002095
0000873
0002095
0004016
0002794
-000117
-000932
-000408
-000815
-001863
-002620
-002387
0000000
0002619
0001629
-001165
-001107
0000291
-000990
-003027
-001805
0000698
0000000
-002445
-002736
-001514
-000641
-000466
-000990
-001689
-001339
-000583
-001048
-001921
-001572
-000583
-000757
-000874
0001862
0005297
0004598
0002444
0005238
0009430
0007509
0002037
-000524
0000000
0002153
0004307
0004074
0002095
0000465
-000292
-000117
0000116
-001514
-003726
-003959
-003027
-003202
-004017
-004017
-003668
-004366
-005472
-005880
-005531
-004599
-003610
-003435
-003784
-003610
-003144
-003319
-003551
-002795
-001456
-000583
-000292
-000408
-000408
0000640
0002328
0003841
0004540
0004307
0002677
-001339
-004948
-003610
0000407
0001746
0000989
0000989
0001338
0000931
0000174
-000466
-000292
0001688
0003783
0003143
0000523
-001630
-002329
-000641
0001979
0002852
0001920
0000000
-002096
-003493
-003610
-002445
-000874
-000466
-000699
0000291
0001746
0002095
0001222
-000757
-002620
-002504
-001456
-001921
-003610
-005589
-006520
-004890
-001805
-000059
0000407
0001106
0001397
-000117
-002096
-002445
-001223
0000873
0002503
0001571
-000524
-000583
0000465
0000232
-000990
-002736
-003551
-001689
0001455
0003143
0002852
0000698
-002213
-004133
-004832
-004716
-004425
-005472
-006637
-005996
-003435
0000873
0004016
0001280
-004192
-005763
-003959
-002387
-001223
0000232
0001047
-000466
-002271
-000874
0002444
0003958
0003958
0004424
0004365
0001746
-001456
-001165
0000756
-000233
-002562
-002736
-001223
0000000
0000291
-000932
-002911
-003668
-003784
-005065
-006520
-006462
-004948
-002504
-000350
0000174
-001165
-004308
-006928
-005356
-001572
-000233
-000990
-001630
-002154
-002911
-003668
-003842
-003610
-002969
-002387
-002445
-002620
-002271
-001048
0001455
0003609
0002735
0000349
-000292
0000756
0002503
0004016
0004074
0003201
0003259
0003667
0002910
0001920
0002619
0003550
0001513
-001980
-003435
-002969
-002213
-000874
0002212
0005006
0004540
0001629
-000932
-002387
-002271
-001980
-004483
-007626
-006986
-003901
-001921
-001747
-003726
-006054
-005414
-003027
-002329
-002795
-002678
-001863
-000059
0001455
0000465
-001980
-003260
-003319
-002911
-002038
-000524
0001106
0002095
0002968
0005238
0007101
0005821
0002852
0001455
0002153
0005122
0007800
0005995
0002153
0002037
0003550
0001280
-002620
-003668
-001747
0001920
0004889
0003259
-000990
-002969
-002678
-001630
-000932
-002795
-005239
-004192
-001805
-003610
-006986
-005822
-003027
-005531
-009955
-009081
-004890
-002504
-002329
-003551
-005007
-004774
-003377
-002678
-002562
-002736
-002736
-001747
-000641
-000990
-002096
-002504
-001456
0002095
0006053
0006810
0005180
0003958
0003492
0003492
0003841
0004424
0004132
0000931
-002853
-003260
-000932
0001979
0003667
0002095
-000990
-001107
0000349
-000350
-001805
-000990
0001222
0002852
0002968
0000989
-001805
-002562
-002096
-002911
-003959
-003144
-001107
0000465
0001222
0001338
0001280
0001804
0002328
0001338
0000174
0001746
0004249
0003667
0001222
0000000
0000291
0001455
0002561
0001920
0000582
0000814
0001688
0001222
-000583
-003435
-005065
-001980
0003085
0004424
0002735
0001338
0000640
0000873
0001047
-001107
-003901
-004250
-002620
-000699
0000873
0001571
0001513
0001047
0000756
0001513
0002503
0002270
0001280
0000814
0001164
0002561
0004540
0006286
0007334
0007858
0007392
0005704
0003609
0002212
0002503
0005879
0009255
0007101
0001455
-002795
-004366
-003086
-000466
-000059
-000932
0000116
0001688
0000756
-001572
-002795
-002678
-001689
-000466
-000175
-000408
0000640
0001571
0000058
-002387
-002387
-001048
-001107
-001980
-002213
-001456
0000407
0002270
0002153
0000931
0000814
0001222
0000000
-001107
0000989
0004307
0004482
0003201
0005238
0008091
0006519
0002968
0003143
0005762
0007276
0006927
0004307
0001397
0001862
0004540
0006170
0006461
0005530
0004191
0003841
0003783
0001862
-000757
-002038
-001747
-000466
0000640
-001048
-003202
-000990
0002386
0000582
-004308
-007160
-007160
-004948
-001805
0000582
0000931
-001630
-005239
-006811
-005589
-001689
0002794
0004656
0004132
0003609
0003143
0002444
0002095
0002328
0003434
0005762
0007334
0004773
0001047
0002328
0006344
0007567
0006228
0004773
0003434
0001920
0001455
0003725
0006286
0003841
-000059
0002095
0006810
0005995
0001979
0000873
0001804
0001746
0000814
0000058
-000932
-003202
-005239
-004308
-001863
-000641
-001398
-004599
-007568
-005822
-001339
0000698
0000814
0002153
0003376
0001804
-000524
0000523
0003085
0002328
0000058
0000873
0003026
0002153
-000059
0000058
0002153
0005122
0007218
0006519
0003783
0001571
0000116
-001572
-002504
-001980
-000117
0002735
0004715
0003492
0000523
-001048
-001339
-001921
-002678
-003319
-004250
-006287
-007917
-006462
-003377
-002271
-002504
-001339
-000292
-002736
-005880
-004075
-000175
-000990
-004192
-004075
-001805
-000815
-000699
0000232
0001513
0002328
0002735
0003434
0003958
0003725
0002852
0001804
0000989
0000931
0001338
0001629
0001455
0000465
-000990
-002387
-003086
-002562
-001107
0000698
0001979
0001688
0000873
0001571
0002852
0002095
0000640
0001338
0002619
0000756
-002213
-002213
-000641
-001398
-002853
-000990
0001979
0001280
-001339
-001514
0000174
0001455
0002037
0001571
0000698
0000873
0001629
0001688
0001571
0002328
0003550
0004132
0004249
0004715
0005064
0004656
0003609
0002270
0001222
0001047
0000989
-000757
-003144
-003959
-003435
-002387
-001398
-000990
-001514
-003260
-005007
-004657
-002969
-001863
-002329
-005647
-008849
-006869
-002096
-000874
-002038
-001339
-000233
-001630
-004075
-004425
-003144
-001747
-000757
-000175
-000117
-000524
-000466
0001862
0004715
0004889
0003143
0001920
0001629
0002852
0003900
0001571
-001456
0000582
0004773
0004773
0002212
0001571
0002212
0001629
0000640
0001338
0002095
-000583
-004250
-004075
-001456
-000175
-000175
-000408
-000583
-000292
0000349
0000873
0000756
-000990
-003027
-002853
-001572
-001747
-002736
-002387
-001572
-002096
-003260
-003435
-002271
0000756
0003550
0002794
0000174
-000350
0000989
0002677
0003376
0001629
-001689
-004716
-005763
-003202
0000931
0002212
0001629
0002794
0003841
0000698
-003377
-002387
0001804
0004656
0005297
0003841
0001338
-000175
-000175
0001164
0003085
0004307
0003958
0001047
-002562
-003668
-003144
-003668
-004890
-005996
-006054
-003901
-001048
-000059
-001107
-003144
-005239
-006229
-005472
-002387
0000465
-001339
-004541
-001921
0003434
0004482
0001862
-001572
-003901
-002562
0000523
0001222
-000233
-001921
-003086
-002969
-001747
-000350
0000698
0001164
0000465
-002213
-004832
-003668
-000699
-000292
-001747
-002504
-002387
-001980
-001398
-000815
-000699
-001805
-003027
-002329
-000292
0001688
0002270
-000175
-003493
-003144
-000874
-001339
-002620
0000232
0003841
0001862
-003086
-004774
-003202
-000466
0002212
0002910
0002037
0001688
0001513
0000582
-000350
-000408
0000407
0001746
0002677
0002095
0000756
0000523
0000814
-000059
-001281
-000874
-000059
-001107
-003260
-004250
-004308
-004366
-004192
-002795
-001572
-003319
-005880
-004890
-001689
0000523
0000698
-001747
-004599
-003610
-000641
-000466
-001747
-000583
0001338
0000582
-001630
-002795
-002213
0000465
0003725
0004947
0004482
0004656
0004540
0002037
-000699
0000000
0002852
0004540
0004540
0003201
0001222
-000233
-000874
-001048
-001281
-002969
-004774
-003959
-002154
-002795
-004541
-003668
-001689
-002038
-003668
-004017
-003668
-004192
-005356
-006928
-007859
-006462
-003901
-002620
-002562
-002736
-003027
-003260
-002853
-000815
0001106
-000990
-003842
-000757
0004831
0005355
0002153
-000641
-001339
0002095
0006112
0003434
-002271
-002969
0000291
0002968
0004656
0005762
0005530
0003318
-000059
-003377
-004541
-000466
0004540
0002153
-003610
-003726
0000058
0001746
0001397
0001047
-000059
-003435
-006811
-006637
-004017
-002213
-001572
-001107
-000932
-001107
-001572
-002329
-002853
-002329
-001339
-001223
-001747
-001630
-001398
-001980
-002271
-000292
0002677
0004598
0004249
0000232
-003842
-001572
0003783
0004191
0001397
0000291
0001397
0004831
0007916
0006170
0002095
0001455
0002619
0000407
-002853
-002387
0000291
0001513
0001280
0000873
0000814
0002212
0003667
0002328
-000117
0000000
0001164
-000466
-003144
-003260
-001398
0000465
0001920
0002735
0002619
0001397
-000233
-001398
-001980
-002620
-002736
-000990
0001047
0000232
-001921
-001747
-000117
0000873
0000873
-000233
-001398
-000233
0001397
-000524
-003260
-000874
0003841
0004947
0003026
0001222
0000116
-000059
0000291
-000350
-001165
-000641
0000814
0001804
0002095
0002503
0001688
-002795
-007219
-004948
0000989
0003492
0002735
0001862
0000640
-001921
-003726
-001630
0002037
0002386
0000349
-000524
-000175
0000756
0002037
0003026
0003609
0003958
0004016
0004132
0003667
0000989
-001805
-001281
0001397
0003143
0003609
0003376
0002561
0001164
0000232
0001455
0003201
0002386
-000059
-001514
-001805
-001456
-000815
-000524
-000699
-001339
-002038
-002096
-001747
-002038
-002096
-000466
0001979
0003900
0004365
0002037
-000815
-000233
0002386
0003085
0001979
0000640
-000408
-000408
0000407
0001280
0001746
0000814
-000175
0001746
0004831
0005646
0004365
0002386
0000756
0000349
0001455
0003550
0005762
0006636
0006286
0005937
0005180
0003492
0001571
0000174
0000116
0002503
0004540
0000873
-004425
-002969
0002328
0004307
0003026
0000814
-001514
-003086
-003668
-004250
-004308
-002911
-001689
-003610
-006695
-006869
-004948
-003493
-002736
-002620
-002504
-000874
0001455
0003259
0004132
0004016
0003725
0004947
0006636
0006461
0004715
0002677
0001164
0001397
0002328
0001280
0000000
0002386
0005937
0005355
0002444
0001629
0002153
0001688
0000465
-000641
-001223
-000815
-000233
-000990
-002329
-002562
-001863
-001048
-000233
0000814
0001571
0001513
0000640
-001165
-002387
-000815
0001862
0002095
-000059
-004017
-006928
-004366
0000523
0000465
-001980
0000232
0004307
0004307
0001513
-000175
-000408
0000291
0001280
0001338
0001047
0002037
0003492
0003609
0002794
0002212
0001862
0001455
0000814
-000175
-000932
-000350
0000873
0001222
0001047
0001455
0002270
0003667
0004016
0000232
-004133
-002387
0002328
0002386
-000059
0001047
0004016
0005238
0004191
0001280
-001863
-002329
-000932
-000292
-000641
-001689
-002620
-001805
-000408
-001107
-002911
-003610
-002911
-000641
0001397
0000465
-002271
-003610
-003260
-001630
0000291
0000931
0000232
-001223
-002329
-001281
0000407
-000583
-002562
-001747
0000465
0000931
-000059
-001107
-001689
-000990
0000232
-000117
-001107
-000524
0000349
-001514
-004133
-003610
-000874
0001397
0002735
0003492
0003434
0002852
0001862
0000232
-001107
-000757
0000349
0000058
-000117
0003667
0007974
0006694
0002328
0001338
0002794
0002910
0001979
0000931
0000000
-000583
-000932
-001630
-002445
-002969
-002620
-000175
0002153
0000407
-002795
-001456
0002561
0004773
0004482
0001571
-001514
-000059
0003201
0001688
-002213
-002736
-001048
-000757
-001805
-003726
-005123
-003726
-001223
-002038
-003842
-001747
0002328
0004249
0004191
0004540
0004656
0003318
0001571
0001047
0001688
0002619
0003434
0003259
0002561
0002153
0002386
0003492
0004540
0004016
0002444
0001047
0000291
0000873
0001571
-000117
-002445
-001630
0000814
0001455
0000232
-001980
-004075
-004250
-003319
-003377
-004250
-005356
-005763
-003901
-001805
-003319
-006520
-006695
-005239
-006054
-007510
-005938
-003086
-002562
-003610
-003319
-002271
-002213
-002213
0000232
0002619
0000523
-003144
-001921
0002270
0004598
0004540
0002677
0000582
0001047
0002852
0003026
0001629
-000466
-001863
-000233
0002095
-000059
-004133
-004483
-001863
0000989
0002561
0000873
-002213
-002562
-000990
0000116
-000233
-002853
-006171
-007568
-006520
-003435
-000233
0000116
-001572
-002562
-002736
-002795
-003027
-004017
-004716
-002795
-000350
-001456
-003901
-002213
0001513
0001920
0000698
0002212
0004598
0004191
0001688
-000932
-002445
-001514
0000640
0001455
0000989
0000291
-000059
0000814
0002037
0001920
0000989
0000756
0001222
0002328
0002677
-000175
-003726
-003202
-000292
0000873
0000058
-002038
-004017
-003726
-002329
-003027
-004541
-003784
-001572
-000292
0000465
0002386
0004424
0005238
0004598
0003376
0001280
-002096
-005298
-006287
-004948
-002096
0000582
0000698
-000699
-000350
0000523
-001572
-004017
-001630
0002444
0001397
-002504
-003551
-002445
-001921
-002213
-003784
-005239
-003959
-001514
-001281
-002736
-003726
-004308
-005589
-006054
-003027
0000465
-001689
-006113
-005181
-001048
0000174
-000874
-001281
-001398
-002096
-002795
-002504
-001456
-000350
0000582
0000873
0001164
0003201
0005238
0004307
0001571
0000058
0000058
0001164
0002212
0000582
-001456
0000756
0004365
0003026
-001165
-003202
-003027
-002329
-001630
-001747
-002387
-002271
-002271
-004192
-006520
-006520
-004890
-003726
-003086
-002271
-002096
-003668
-005880
-006520
-005763
-004599
-003551
-003260
-003493
-003260
-003144
-004890
-006171
-002678
0002735
0004540
0003201
0001688
0000931
0001920
0003667
0004715
0003958
0000407
-003202
-001863
0002270
0004132
0003318
0000756
-001805
-001572
0000523
0001979
0001979
0000291
-001921
-002562
-001630
0000174
0001571
0000640
-001398
-001805
-001165
-001456
-002678
-004890
-006578
-005414
-002853
-002620
-003668
-002795
-001398
-002620
-004890
-004657
-003202
-003842
-005181
-004192
-001514
0001222
0002619
0000756
-001689
0000582
0004889
0005122
0002677
0001629
0001804
0002037
0002095
0001455
0001222
0003259
0005879
0005646
0003376
0001222
0000174
0001397
0002968
0000931
-002038
0000116
0004191
0002794
-001630
-003144
-002387
-001980
-002445
-004599
-006753
-005472
-002329
-001107
-001107
0000291
0001513
-000466
-003551
-003726
-001456
0001047
0002852
0003026
0002037
0001222
0000873
0000698
0000465
-000466
-001630
-002154
-002038
-001689
-000757
0001862
0004540
0004249
0002619
0003667
0005530
0004249
0001280
0000232
0000407
-000641
-001980
-001630
-000466
-000466
-001048
-000175
0000989
0000232
-001689
-003086
-003377
-001980
-000175
-000233
-001165
-000117
0001280
-000699
-003784
-003435
-001048
-000524
-001107
-000350
0000640
-000408
-001863
-000292
0002794
0004191
0003376
0000523
-002329
-002213
0000523
0003725
0005821
0005006
0002386
0000523
-000583
-002329
-003668
-003202
-001921
-001747
-002387
-002562
-002096
-000757
0000058
-002213
-005414
-005531
-003610
-002504
-002620
-003377
-004483
-005822
-006054
-003260
0000582
0002386
0000989
-004716
-009722
-005123
0003609
0004307
-000350
-002038
-001223
-001107
-000815
0001222
0003609
0003783
0002095
0000116
-001281
-001048
0000814
0004016
0006519
0004831
0001746
0003667
0007159
0004365
-001572
-003726
-002504
-000408
0000814
-001805
-005181
-002795
0002270
0003143
0001106
0000407
0000407
-000815
-002562
-003319
-003377
-003610
-003959
-003959
-003726
-003493
-002736
-000117
0002153
0000000
-003959
-004541
-002154
0000873
0003259
0003550
0002328
0001397
0001571
0003841
0006461
0006112
0004307
0005006
0006694
0005762
0003376
0002153
0002386
0003550
0004831
0004889
0003609
0001338
-000699
-000583
0001106
0003026
0004016
0002561
0000465
0001862
0004307
0002386
-001980
-004250
-004192
-003027
-001630
-001572
-002096
-000699
0000698
-002038
-005822
-004366
-000524
-000699
-003610
-005298
-004890
-001630
0002037
0001804
-000815
-001514
-000466
0000465
0001280
0002037
0002677
0003492
0003492
0000698
-002213
-000408
0003376
0002561
-000874
-001980
-000524
0002735
0005588
0004482
0001513
0001571
0003143
0002037
-000233
-000292
0001455
0004074
0005238
0001455
-004133
-005123
-002678
-000815
-000233
-000874
-001747
-000408
0001397
0000116
-002504
-002271
-000524
-000990
-002329
-001281
0000756
-000175
-001398
0003026
0008673
0006985
0000873
-002271
-002096
-000292
0001920
0002328
0001455
0001280
0001455
0001106
0000582
0000407
0000814
0002270
0003609
0003143
0001338
-000292
-001281
-001398
-000990
-000874
-000932
-000292
0000756
0001746
0002503
0003201
0003318
0002212
0001106
0002561
0004715
0003958
0001455
0000407
0000756
0001397
0002270
0003667
0004715
0004482
0003492
0003318
0003841
0004773
0005006
0002619
-000641
-001456
-000059
0002037
0003492
0002910
0000931
-000583
-001048
0000116
0001513
0000873
-001048
-001921
-001805
-001747
-001747
-001630
-001689
-001980
-002853
-004890
-006287
-003726
0000291
0000814
-001514
-003726
-005414
-006811
-007044
-005472
-002969
-001514
-001048
-000641
-000466
-000990
-001689
-002038
-001572
0000174
0002153
0002677
0002270
0002561
0003667
0005297
0006636
0006403
0004831
0002503
0000465
-000117
0000174
-000292
-000874
-000117
0001513
0002852
0002910
0000349
-002795
-002678
-000175
0002212
0003026
0000698
-002853
-003668
-002445
-002445
-002795
-001456
0000523
0001222
0000523
-001281
-003144
-003493
-002445
-001107
0000058
0000814
0001047
0000931
0000465
-000815
-001630
0000174
0002852
0002968
0001164
-000932
-001456
0002328
0007159
0007043
0003667
0002386
0002910
0003609
0003667
0001688
-000466
0000698
0003550
0004482
0003609
0002561
0001746
0001688
0001629
-000175
-002387
-002329
-001223
-002096
-004017
-004366
-003319
-001572
-000233
-001165
-003027
-002678
-001339
-001805
-003086
-003027
-001630
0000931
0002619
0000058
-003668
-001863
0002677
0003201
0001397
0002328
0004132
0002153
-000815
0000989
0004715
0003900
0000523
-000350
0000232
-001514
-003959
-004075
-002562
-001980
-002038
-001689
-001339
-002038
-002853
-002271
-000757
0000523
0001280
0001804
0001804
0001106
-000059
-001281
-002329
-003144
-003493
-003377
-002736
-001805
-001048
-000757
-001339
-003435
-005123
-003551
0000174
0003085
0004307
0003376
0001746
0002212
0003725
0003492
0002386
0002619
0003318
0002561
0001047
0000349
0000698
0002444
0004307
0004249
0002735
0001106
0000116
0000349
0001280
0001629
0000698
-002387
-005472
-004541
-001572
-001339
-002736
-002387
-001514
-003260
-005531
-004425
-001048
0001804
0002910
0001629
-001107
-003260
-004075
-002969
-001339
-002038
-003842
-003842
-002387
-001223
-000408
-000233
-000059
0001397
0003201
0003492
0002968
0003609
0004424
0003318
0001280
0000291
0000232
0000000
0000058
0001455
0002735
0001338
-001398
-002271
-001921
-002504
-003377
-003144
-002562
-003610
-005356
-005822
-005239
-004483
-004133
-005298
-006695
-006171
-004308
-003202
-002445
-000408
0001047
-001572
-005647
-006520
-004075
0000174
0003725
0002619
-000699
-000757
0001222
0001222
0000465
0001746
0004191
0005937
0005995
0003609
0000465
-000466
0000465
0001455
0002153
0002270
0001688
0000523
-000466
-000175
0000931
0001280
0001222
0002212
0002968
0001280
-001514
-002795
-002387
-000932
0000291
-001165
-003260
-001223
0001979
0000698
-003493
-006287
-006753
-004716
-001689
-000408
-001048
-002853
-004657
-005007
-003959
-002853
-001339
0001862
0004831
0004715
0002444
0000698
0000116
0000698
0001688
0001280
0000291
0000640
0001920
0003085
0003667
0003492
0002852
0002503
0002735
0003609
0004249
0003085
0001164
0000582
0001222
0001746
0001862
0001106
-000059
-000932
-001107
-000175
0000698
-000350
-002445
-003726
-003551
-001689
0000465
0000814
-000466
-001980
-003202
-003959
-003610
-001514
0000698
0000291
-001747
-002562
-002213
-001980
-001456
0000291
0002270
0003085
0002444
0000116
-002213
-001398
0000698
-000757
-003027
-000292
0004365
0004249
0000582
-002853
-004250
-001281
0002852
0001746
-002213
-002853
-000583
0002386
0004889
0005530
0004598
0003783
0003085
0001746
0000756
0001862
0003201
0000873
-002678
-002271
0000232
-000175
-001689
0000814
0004074
0001513
-003610
-004657
-001863
0002095
0005471
0006461
0005413
0004074
0003143
0003550
0004191
0002794
0000582
0000349
0001397
0002095
0001862
0000349
-001514
-001805
-001514
-003202
-005181
-004483
-001921
0000407
0001280
-000466
-002969
-002562
-000292
0000814
0000698
0000232
-000699
-002387
-003726
-003319
-001805
-000641
0000291
0001920
0003609
0004540
0004482
0003550
0002852
0004773
0006985
0004773
0000989
0001688
0004715
0004191
0001920
0002503
0004540
0004598
0003609
0004307
0005413
0004365
0002095
0000989
0000873
0000640
0000931
0003143
0005704
0006053
0004656
0002968
0001629
0001455
0001629
0000407
-001689
-003668
-004890
-005239
-005239
-006462
-007510
-005589
-002504
-001689
-002969
-004716
-005647
-004075
-001456
-001048
-001689
0000000
0002386
0002095
0000291
-000233
0000582
0001979
0003492
0004831
0005530
0005297
0004424
0003667
0002852
0001338
0000058
0000523
0001979
0002677
0002386
0001629
0000523
-000466
-000874
-000524
0000814
0003958
0006403
0003841
-000699
-000233
0002910
0003085
0001047
-000408
-001339
-002853
-003901
-003260
-001572
-000175
0000058
-001223
-003319
-004890
-005472
-005065
-003551
-000699
0002212
0003667
0003841
0004132
0004191
0002910
0001397
0001862
0003026
0002444
0001047
0001222
0002153
0002153
0000873
-001921
-004075
-002154
0002328
0005995
0007101
0004365
-000059
-001630
-000583
0000582
0002037
0004424
0006170
0004831
0001862
0000523
0000523
0000174
-000408
-000874
-000641
0001164
0003201
0003318
0001455
-001747
-004425
-003959
-000990
0002619
0005238
0005471
0003783
0001979
0000698
0000291
0000349
0000116
-001223
-005123
-008849
-007801
-003784
-001398
-001048
-001805
-002620
-001689
0000174
0001047
0000640
-000932
-002445
-002387
-000699
0002095
0003900
0001629
-002795
-005356
-005589
-004250
-003027
-005007
-007917
-006637
-002969
-001630
-001863
-000990
0000349
0000640
0000000
-001223
-002038
-001223
0000407
0001513
0001338
-000408
-002096
-000932
0001920
0003143
0003026
0003318
0003725
0003725
0003783
0004947
0005879
0004249
0001513
0000756
0001397
0001397
0000873
0000698
0000640
-000117
-000699
0000407
0002386
0003783
0003783
0001571
-000932
0000116
0002153
-000990
-005996
-005647
-002271
-002154
-003901
-003086
-001165
-001281
-002562
-002853
-002096
-000292
0000989
-000699
-002911
-000524
0003900
0004889
0003085
0001397
0000931
0002852
0005413
0005122
0003259
0003725
0005180
0004831
0003201
0001804
0001164
0001397
0002386
0003725
0004249
0002444
-000117
0000000
0001746
0002386
0001397
-001339
-004017
-004017
-002271
-001689
-002096
-001921
-002154
-005007
-008034
-007102
-003668
-001514
-001514
-004133
-007160
-006462
-003435
-001921
-002154
-004075
-005356
-001281
0004074
0002561
-002504
-003202
-000874
-000757
-001165
0001862
0005588
0004773
0001222
-000583
