-001863
-001398
-000815
0000582
0001397
-000641
-004075
-006229
-006171
-003784
-000757
-000350
-001339
0000000
0001746
0000058
-002969
-003086
-000874
0001222
0002037
0000349
-002329
-002445
-000874
-000175
0000058
0001571
0003026
0002037
0000232
0001804
0004074
0001338
-002678
-000408
0005762
0010012
0010303
0005180
-001048
-000699
0003783
0005180
0003667
0001571
-000292
-000641
0000000
-000292
-001107
-001514
-001689
-001980
-002387
-003027
-003260
-002329
-000641
0000989
0002037
0002153
0002037
0003434
0004831
0003143
0000407
0001164
0003783
0004074
0003026
0003783
0005122
0003958
0001920
0002386
0003434
0000465
-003784
-003784
-000583
0002561
0003667
-000175
-004366
-000292
0008440
0013737
0013970
0010070
0003492
-004017
-007626
-000699
0009255
0007101
-001805
-003027
0000465
-000583
-003551
-001980
0001397
0000640
-002620
-003726
-003202
-003493
-003377
-000466
0003492
0005413
0004773
0001629
-001339
0000582
0004947
0006461
0005122
0002561
0000232
0000116
0001513
0002212
0001804
0000174
-001339
-000583
0001571
0003259
0003492
0001280
-001223
-000175
0002968
0004424
0004074
0003026
0001688
0000640
0000349
0001106
0001629
-000466
-002969
-001572
0001746
0002444
0000931
-000815
-001805
-000583
0001106
-000117
-002736
-003319
-001980
-000117
0001629
0002212
0001862
0001688
0001513
0000640
-000175
0000814
0002212
0001688
-000292
-002387
-003377
-001572
0000989
-000059
-002620
-001747
0000873
0000814
-000583
0000349
0001746
-000350
-003377
-001980
0002153
0004947
0005413
0003376
0000291
-001281
-000874
0001164
0002852
0000814
-002504
-001572
0001397
0000814
-001689
-001572
-000059
-000466
-001805
-002154
-001048
0002386
0005064
0001746
-003726
-003260
0000873
0002444
0002037
0002619
0003434
0003143
0001920
-000292
-001456
0001571
0005995
0006112
0002794
-000641
-002562
-001107
0002153
0003841
0003085
-000583
-004075
-001805
0002852
0002503
-001339
-004250
-004948
-002445
0001222
0002153
0000931
0000000
-000350
-000117
0000931
0003376
0005646
0005297
0003201
0001804
0001164
0000873
0000640
-000408
-001048
0001047
0004249
0005879
0005355
0002386
-000292
0001688
0005879
0006927
0004947
0002153
0000174
0001280
0004307
0006810
0007101
0002968
-002038
-001281
0002735
0003318
0001397
0000407
0000349
0001106
0000582
-005472
-011701
-008674
-000350
0004132
0002968
-003842
-010886
-008965
-000874
0005180
0007625
0007858
0004482
-004774
-013156
-009780
-000175
0002270
-000699
-001398
-000815
-002329
-003202
0001746
0007974
0006228
0000349
-000699
0001746
0002619
0002212
0002212
0002968
0005646
0007916
0005588
0001338
0000989
0003143
0003492
0002444
0001804
0001804
0002503
0003085
0001920
0000000
-000175
0000582
0000116
-000874
-000699
-000117
-000583
-001514
-001630
-001281
-001223
-001514
-002154
-002620
-002154
-001165
-000583
-000466
-000583
-000757
-001048
-000990
-000350
0000756
0001688
0002212
0002153
0001513
0000000
-000699
0002328
0005937
0004540
-000350
-004425
-006054
-004716
-001048
0003318
0005704
0003026
-001980
-003493
-001689
0001455
0003958
0003376
0000640
-001456
-002387
-002678
-002096
-000699
0000873
0001164
0001106
0003026
0005006
0003201
-000292
-000874
0000232
-000524
-002038
-001456
0000000
-000815
-002329
-001048
0001513
0002037
0001222
0001222
0001338
-000233
-001805
-000641
0002328
0004715
0005413
0003434
0000232
-001456
-001456
-000932
-000175
0000465
0000582
-000059
-000990
-001339
-000990
-000233
0000640
0000989
0000814
0000232
-000583
-001339
-002329
-004890
-006869
-004890
-000815
0001338
0001222
-000059
-001281
-000059
0002444
0003318
0002910
0002910
0002794
0000989
-000175
0003958
0009430
0008789
0004598
0004074
0005588
0004191
0001688
0001979
0003841
0003783
0002735
0003376
0004307
0002968
0000232
-002329
-003202
-000524
0003376
0004249
0002968
0002794
0003376
0003376
0002503
0000174
-002271
-002329
-001398
-002911
-005065
-003959
-001514
-002504
-004774
-003319
0000058
0001164
0000465
-000117
-000815
-002736
-004716
-005589
-004425
-000699
0003667
0005879
0004889
-000466
-004832
0000523
0010536
0014319
0011176
0003492
-003959
-004075
0000989
0004656
0005762
0004947
0002503
-000524
-002445
-001398
0001629
0004540
0005821
0003609
0000349
0000873
0003376
0003259
0001629
0001746
0002561
0001164
-000874
0000058
0001979
0000814
-002213
-004133
-004483
-003726
-002271
-000641
0000756
0002212
0003143
0003376
0002735
0001513
0000116
-000990
-000932
0001629
0004598
0003900
0000989
-000408
0000058
0002328
0004656
0004016
0001629
0000523
0000698
0001222
0001746
0001338
0000756
0001222
0002328
0003201
0003259
0001862
0000291
0000698
0002153
0002095
0000698
-000874
-002387
-003668
-004192
-003377
-002154
-001805
-002329
-003493
-004017
-001863
0001164
0001629
0000174
-001107
-001165
0001164
0004132
0004365
0002968
0003318
0004482
0004191
0002503
-000233
-002038
-000350
0003318
0005297
0005006
0003085
0000873
0000756
0002212
0003609
0004016
0002095
-000175
0000756
0003376
0003434
0001979
0001920
0002153
0000407
-002504
-005065
-005822
-002853
0001222
0001746
-000524
-002387
-003493
-004308
-004192
-003027
-000990
0002212
0004307
0002212
-002271
-005181
-005007
-000874
0004540
0006519
0005238
0003318
0001455
-000117
-000524
0001397
0003783
0003026
0000582
0000174
0001047
0000523
-000175
0001455
0004191
0005413
0005006
0003783
0001804
-001281
-003842
-003610
-001281
0001338
0002561
0000000
-003784
-003959
-001630
-000757
-000932
0000000
0000931
-000292
-002096
-001107
0001571
0003434
0003841
0002735
0001222
0001222
0001920
0001280
-000408
-002329
-003144
-000990
0002444
0004307
0003958
0001688
-000874
-000932
0000407
0000582
-001107
-005472
-008674
-004192
0004074
0008382
0006985
-000233
-007975
-008092
-001921
0005180
0009022
0005122
-003726
-011701
-014262
-006520
0004540
0005064
-001456
-003435
-002445
-004075
-006462
-005705
-003551
-004017
-005531
-004017
-001514
-002969
-005647
-003668
0000349
0000291
-002213
-003027
-001863
0000523
0002910
0003609
0002735
0001397
0000349
0000058
0001106
0003958
0006927
0007334
0005238
0001688
-001747
-003202
-002213
0000698
0003492
0002794
-000059
-001630
-001456
0000116
0001804
0001047
-000815
-000350
0001164
0000291
-001863
-002911
-003027
-003493
-003901
-003668
-002969
-002213
-001572
-001223
-001281
-002096
-002445
0000000
0003376
0004132
0003026
0002619
0002503
0001222
-000350
-000466
0000058
-001339
-002620
0000291
0004773
0005180
0002852
0001746
0001920
0002503
0002503
-000466
-003726
-002038
0002095
0003318
0001571
-001456
-003901
-003202
-000583
0000931
0000756
-001107
-003377
-004075
-003377
-002504
-001339
0000814
0002444
0001455
-001339
-004075
-005007
-002038
0002153
0002794
0000058
-004075
-007219
-006578
-002853
0001513
0004307
0003143
-000350
-002387
-002387
-000874
0000698
-000059
-001863
-001223
0000407
-000641
-002678
-002096
-000117
0000291
-000641
-001398
-001921
-002445
-002795
-003377
-003901
-003784
-003784
-005298
-006811
-005414
-002736
-002038
-003319
-005356
-006404
-003610
0000174
-000641
-004075
-005123
-003726
-001107
0001513
0002735
0002095
-000408
-002504
-000874
0003026
0005704
0006112
0003550
0000000
-000699
0000407
0000232
-000641
-000292
0000698
0000931
0000640
0000582
0000582
0000000
-000408
0000465
0001688
0001455
-000117
-002329
-003959
-003202
-001689
-003027
-005938
-007393
-007568
-008208
-008383
-005763
-003726
-008674
-014553
-009256
0001862
0007101
0005588
0000291
-006054
-009605
-008849
-003260
0002677
0001397
-003377
-002387
0002561
0006577
0007392
0002444
-004017
-004308
0000582
0006170
0009546
0007509
0002561
0000174
0000698
0002561
0004482
0004482
0003201
0003143
0003376
0001804
-000117
0000349
0001920
0001455
-000292
-000699
-000699
-002620
-004599
-002678
0001047
0002212
0001280
0001047
0000698
-001456
-003959
-004192
-002911
-002329
-002213
-001630
-000466
0001455
0003085
0003085
0001979
0001338
0001280
0001629
0002095
0002386
0002037
0000407
-000990
0000756
0003550
0002852
0000582
0001455
0004307
0005879
0005704
0004132
0001397
-002154
-004425
-002271
0001746
0001862
-000117
0000873
0002852
0001047
-002213
-001456
0001106
0000407
-002038
-002329
-001107
-000583
-000466
0000407
0000989
-000699
-003319
-004541
-004017
-002038
0000523
0002794
0003609
0001513
-000932
0001280
0005180
0003667
-000524
-001281
0000989
0004132
0005588
0001455
-004250
-003435
0001222
0002270
0000465
-001048
-001572
-000350
0001513
0001862
0001047
0000407
-000059
-000641
-000932
-000233
0000873
0001688
0001920
0001920
0001571
0000989
0000291
-000932
-001805
-000815
0000232
-002678
-006287
-004075
0000989
0002037
-000466
-003726
-005822
-003842
-000233
-000175
-002678
-004425
-005065
-005181
-004250
-002038
0000698
0002794
0003900
0003900
0003376
0003609
0003900
0002677
0000698
-000583
-000408
0001746
0004191
0004074
0002212
0000989
0000523
0000465
0000174
-001107
-002678
-002969
-001921
0000465
0002270
0000465
-003086
-004308
-003435
-002445
-001689
-001165
-000990
-000117
-000292
-005239
-010595
-008499
-002154
0001338
0000640
-004541
-009081
-003959
0006519
0012922
0013446
0009430
0002735
-003784
-006520
-001630
0005879
0006112
0001280
-001107
-001107
-000990
-000059
0002794
0005530
0004889
0002328
0001513
0001571
-000233
-002911
-004948
-005239
-002562
0001338
0003259
0002852
0000989
-000990
-000583
0000931
0000349
-001572
-003260
-003260
0000000
0004482
0006286
0005297
0003201
0001164
0000931
0001513
0000174
-001689
-000932
0001106
0001338
0000407
0000523
0001106
0000873
0000465
0001047
0001804
0001164
-000350
-001398
-001398
0000465
0002910
0003783
0003085
0001862
0000640
0000291
0000407
-000757
-001514
0001688
0005180
0001979
-004308
-006054
-003842
-001165
0000349
-001630
-004716
-003842
-000757
0000000
-000757
-000292
0000931
0001804
0001746
0000000
-001805
-000641
0002095
0002677
0001862
0001979
0002561
0002444
0001804
0001047
0000523
0000465
0000931
0001280
0001862
0003026
0004132
0003550
0002503
0003900
0005937
0004831
0001920
0000814
0001047
0000465
-000175
0000873
0001862
-000408
-003377
-001630
0002677
0004365
0003259
0001222
-001223
-003610
-005007
-004425
-002620
-000874
0000000
-000757
-002271
-002795
-002271
-001281
-000117
0000756
0000756
-000757
-002154
-000524
0002212
0002095
-000757
-004599
-007801
-008790
-007044
-002795
0001338
0001164
-001223
-000466
0001920
0001688
0000291
0001338
0003725
0004889
0004540
0003143
0001164
-000874
-002038
-001514
-000233
0000174
-000583
-002271
-003959
-004250
-003551
-003319
-003319
-002504
-001281
0000058
0000640
-000990
-003260
-003144
-001630
-001689
-002329
-000524
0001804
0000698
-001921
-001980
-000292
0001280
0000698
-005239
-011584
-009722
-002329
0003783
0005413
-000117
-008499
-011992
-009256
-001165
0007392
0009139
0004074
-005181
-012749
-010013
-001630
0000407
-002271
-003144
-002969
-003959
-005589
-006986
-007102
-004250
-000350
0001222
0000931
0000698
0000989
0002212
0003201
0001280
-001514
-001339
0000640
0000582
-000175
0001513
0004365
0005238
0004831
0005588
0006053
0003143
-000990
-002213
-001048
-000292
0000407
0002444
0004191
0003376
0000582
-002736
-004832
-003784
-000757
0001571
0002444
0002212
0000756
-002154
-004308
-002329
0001164
0001222
-001747
-005356
-007859
-007626
-004774
-000233
0003376
0002386
-001165
-002154
-001048
-000233
0000174
0000698
0001106
0001571
0001862
0001222
0001047
0003900
0007159
0005762
0001629
-000466
-000641
-000815
-000757
-000175
0000349
-000292
-001223
-000583
0000931
0001164
0000814
0001804
0002677
0000407
-002969
-003493
-001805
-000350
0000349
-000233
-001456
-001921
-002213
-003784
-005239
-004017
-001339
-000350
-000466
0000349
0001164
0000000
-002154
-003435
-003493
-002387
-001223
-001921
-003493
-003435
-002213
-001689
-001398
-000524
0000931
0002968
0004540
0004307
0002735
0001280
0000232
-000874
-001281
0000174
0002095
0002037
0000465
-000990
-002096
-003202
-003493
-001398
0000931
-000292
-003493
-004716
-004425
-004716
-005123
-004308
-003493
-005065
-006986
-005589
-001980
0001804
0002735
-003435
-011468
-012108
-006404
0000640
0005180
0002852
-002911
-004366
-001630
0002503
0005646
0004598
0001164
0000174
0001280
0002735
0003492
0001920
-000175
0001106
0004191
0005180
0004540
0004598
0004132
0000698
-002969
-001863
0001571
0001164
-000932
0001164
0003609
-002038
-010071
-009198
-002620
0001397
0001106
-003610
-009198
-009780
-005181
0002619
0009488
0010827
0005588
-006229
-015950
-010187
0003667
0008382
0005122
0002270
0000407
-001223
-001281
0001862
0005704
0005762
0003143
0001397
0000989
0001455
0002503
0003318
0003259
0001571
-000583
-001107
-000466
-000466
-000815
-000815
0000058
0003085
0005530
0002503
-003202
-005938
-004890
-001398
0002968
0006112
0005995
0000640
-005647
-004716
0000174
0000407
-002329
-002911
-001921
-001805
-001921
-000874
0000698
0001629
0001746
0001222
0000174
-001572
-002795
-001572
0000989
0002037
0002270
0004249
0006170
0004715
0001513
0000000
0000291
0001222
0002328
0003143
0003376
0003318
0002735
0001280
-000117
-000175
0000698
0000931
0000989
0002328
0004074
0004540
0004191
0004831
0004831
0000523
-004832
-005822
-003435
-001514
-000641
-000350
-000932
-002504
-004192
-005007
-004192
-001048
0002503
0003492
0002270
0001047
0000407
0000873
0002153
0003958
0004889
0003026
0000407
0001222
0003609
0002561
-000233
-001107
0000349
0004191
0007334
0004482
-001165
-002445
0000232
0003609
0006461
0007392
0006577
0005355
0003783
0001455
-000233
0001047
0003376
0003201
0001164
-000757
-001747
-001281
-000292
-000874
-002096
-002038
-001107
-000408
-000757
-003784
-006753
-004890
-000583
0001047
-000350
-003260
-006404
-008499
-008150
-004133
0000698
0001164
-000990
-000815
0000873
0001280
0000407
-001514
-002678
0000116
0004132
0003958
0000989
-000932
-000583
0003259
0007334
0005588
0001047
0000698
0003376
0004598
0004365
0003434
0002270
0001804
0001862
0001862
0001629
0000873
0000174
0000582
0001338
0000814
-000815
-003260
-004657
-001747
0000931
-005763
-014961
-012865
-003435
0003026
0003667
-003610
-012108
-009838
0000174
0008848
0013155
0011991
0006344
-001107
-005938
-002154
0004889
0003143
-002678
-000524
0005704
0006519
0003318
0000582
-000815
-000932
0000698
0004656
0007858
0005297
-000408
-003202
-003027
-001747
-000350
-000408
-000815
0001397
0003900
0002153
-001514
-001863
0000291
0001513
0001920
0002503
0002677
0001397
-000233
-000641
0000174
0001571
0002968
0003900
0004016
0003085
0001979
0002095
0002968
0003318
0003026
0002270
0001629
0002037
0002794
0002270
0000582
-001980
-003668
-002271
0000931
0002968
0003026
0000814
-002213
-002795
-002271
-004366
-006811
-004716
-000990
-002445
-005647
-002736
0002386
0001164
-003610
-004716
-002853
-001107
-000175
-000990
-002445
-002504
-001572
-001281
-001630
-002678
-003377
-001980
0000756
0003259
0004482
0003550
0001164
-001165
-002678
-002562
-001863
-002969
-004541
-004075
-001980
0000174
0001862
0002910
0003085
0002386
0001513
0001979
0002794
0001920
0000291
-000059
0000116
-001281
-003260
-003551
-003027
-004366
-005647
-003144
0000814
0002095
0000465
-002969
-005647
-003377
0000931
0000756
-002154
-002562
-001514
-002504
-003726
-001456
0002270
0003085
0002037
0002386
0003259
0002735
0001222
-000408
-001514
-001980
-001572
-000466
0000640
0000698
0000174
0000756
0001222
-000815
-002969
-000059
0004016
0000814
-005007
-003319
0002561
0004540
0002444
-001281
-005007
-006637
-005822
-003668
-001281
-000350
-000815
-001980
-002620
-001048
0001222
0000989
-000932
-002213
-002562
-001863
-001223
-002853
-005298
-005647
-003959
-001572
0000989
0003492
0004831
0003900
0001513
0000116
-000932
-003959
-006404
-004192
0000931
0005530
0006810
0001688
-005705
-007859
-004425
0001746
0007916
0011351
0009430
-000408
-010770
-008674
0000756
0004307
0002677
0001164
0000232
-000350
-000233
0000640
0001629
0001862
0001222
0000232
-001165
-002853
-004192
-004250
-003551
-003319
-003086
-001398
0000640
0000931
0000291
0000582
0001920
0004424
0006344
0005413
0002270
-001514
-003610
-001456
0002735
0003900
0002677
0002153
0002212
0002037
0001629
0001106
0000407
-000874
-001456
0000873
0004016
0003841
0001688
0001222
0002037
0002910
0002735
-000292
-003784
-003377
-001107
-002096
-004425
-003435
-001398
-003610
-007451
-007393
-004425
-002096
-000524
0001338
0002212
0000465
-002504
-003959
-003726
-002795
-001456
0000174
0001513
0001571
0001397
0003085
0004715
0002444
-001747
-003493
-002445
0000640
0003841
0003900
0002037
0001920
0002561
0001047
-001281
-001921
-000641
0002386
0004947
0003725
-000175
-003610
-005239
-003784
-001281
-001980
-004133
-002969
-000350
-000350
-002213
-003668
-003901
-002445
-000175
0001106
0000873
-000757
-003086
-005123
-005589
-002911
0000873
0001804
0000814
0001222
0001920
0000116
-002096
-001165
0001688
0003492
0003492
0001513
-001048
-001921
-000932
0000989
0002735
0003026
0001571
-001572
-004425
-003959
-001747
-001630
-002620
-001689
-000175
-000932
-002853
-002969
-002154
-002678
-003901
-004017
-003144
-001689
-000583
-000932
-002504
-004366
-005356
-003668
-001398
-003435
-006054
-001572
0005995
0008440
0006228
0002910
0000523
0001688
0005122
0007683
0008498
0007742
0006053
0004598
0004482
0006810
0009022
0006461
0001280
-001747
-001980
-000641
0001513
0003667
0003259
-003668
-011526
-009896
-002387
0002270
0001920
-004599
-011352
-007801
0001920
0007159
0007742
0008207
0006053
-004017
-013680
-008849
0003318
0005762
0001746
0002968
0006577
0005413
0001979
0002095
0003376
0000116
-004948
-006345
-004483
-001805
0000989
0003609
0004889
0003667
0001629
0002212
0004249
0004889
0004016
0001920
0000058
0000523
0002153
0002037
0000640
-000757
-001048
0001047
0003841
0003958
0002153
0000465
-000292
0000756
0002328
0001746
0000000
-000408
-000117
-001339
-002562
-000466
0002735
0002735
0000465
-000699
-001339
-003144
-004832
-004308
-002271
0000058
0001455
0000465
-001223
0000000
0002503
0002619
0001047
0000465
0000698
0000814
0000989
0001222
0001920
0003492
0005355
0006636
0006344
0003259
-000757
-002562
-002154
-000699
0000465
-000233
-002678
-006054
-008266
-006229
-002329
-001805
-003377
-003086
-001630
-000932
-000815
-000583
-000583
-001398
-002329
-001805
-000874
-001863
-003610
-003610
-002271
-001514
-000932
0000523
0001688
0000582
-001223
-000175
0002037
0001338
-000641
-000117
0001920
0002735
0002619
0002794
0002852
0001688
0000349
0000582
0001746
0002212
0001804
0000814
0000000
0000814
0002095
0001571
-000117
-001339
-001456
0000058
0001571
-000350
-003260
-002038
0001513
0003085
0002037
-001281
-004657
-004483
-002038
-001572
-002038
-000175
0002212
0001629
-000641
-001572
-000990
0000582
0001804
0000349
-002620
-004541
-004599
-002329
0000931
0003201
0003550
0001920
-000117
0000523
0002910
0004598
0005238
0005064
0004424
0003725
0003259
0003201
0002735
0000116
-002562
-001107
0001920
0001222
-001863
-003493
-003377
-002154
-000583
-000059
-000175
0001222
0001513
-004017
-010770
-010187
-004075
0001804
0004773
0002677
-002620
-007160
-007335
0001047
0012049
0015542
0010943
0001047
-007684
-005589
0003085
0007218
0006636
0004715
0002328
0000465
0000000
0001804
0003783
0002153
-001398
-003377
-003027
-000815
0002037
0003259
0002444
-000175
-003086
-003784
-002736
-002096
-002504
-005007
-007277
-005065
-000583
0001571
0001164
-000815
-002853
-002678
-001281
-001456
-002096
-000408
0001688
0000291
-002795
-003319
-002038
-001689
-002329
-003959
-005123
-003086
0000232
0000814
-000466
-000059
0000698
-001456
-003726
-000699
0004540
0005704
0003259
0000291
-001980
-002271
-001048
-000583
-000175
0002095
0004191
0002619
-001048
-002795
-002853
-003086
-003377
-003435
-003260
-002853
-002387
-002096
-001630
-000350
0000989
0001106
0000407
0000000
0000174
0000989
0001571
0000116
-002213
-003260
-002853
-001398
-000059
-000990
-002445
-000292
0002910
0001688
-001514
-000990
0002153
0004482
0004831
0002386
-000757
-000350
0002037
0001979
0000058
-002038
-003027
-000990
0001979
0001629
-000932
-001805
-001805
-003959
-005647
-002096
0003085
0002561
-001630
-003784
-003668
-002795
-001805
-001921
-002678
-002736
-002504
-003027
-003551
-002562
-000874
-000408
-000466
0001106
0002561
0000349
-002969
-002096
0001338
0002503
0002153
0003026
0004249
0003841
0002968
0004249
0006053
0005064
0002153
-000408
-001747
-001281
0000174
0000931
0000407
-002096
-004075
-000874
0003550
0000931
-005007
-005239
-001980
-001456
-003202
-005181
-006462
-006520
-004774
-000466
0003085
0000523
-005123
-007102
-005472
-002795
0000000
0001804
0002095
0000640
-001107
-000466
0001862
0003958
0005180
0005530
0003783
-002620
-008732
-006345
0000582
0003085
0000931
-003086
-006578
-006462
-002154
0005995
0013155
0013272
0006112
-007044
-017115
-010013
0004889
0006286
-000874
-000641
0003143
-000233
-005996
-003610
0002444
0001746
-002329
-000874
0003318
0003609
0001164
-000292
-000932
-002096
-002853
-001630
0000174
-000175
-001805
-002678
-001921
0001862
0005588
0003609
-001281
-002736
-000990
0001455
0003550
0004365
0003376
0000698
-002562
-005531
-006054
-001398
0004831
0006170
0003201
-000699
-003260
-001921
0001397
0001979
0000582
0000058
0000349
0001222
0001571
-000350
-003086
-003842
-002853
-001572
-000815
-001514
-002736
-002678
-001630
-000932
-001165
-003144
-005472
-005472
-004017
-003551
-003726
-003377
-002387
-000641
0000582
-000699
-002678
-001514
0001047
0001047
-000815
-001863
-002271
-003144
-003901
-003842
-002678
-000524
0001804
0003318
0003376
0001862
-000350
-002620
-003086
0000523
0005006
0004424
0000000
-003784
-005996
-006637
-005472
-002678
-000059
-000583
-002969
-003842
-003377
-002562
-002154
-003551
-004250
0001164
0007334
0003900
-004250
-006171
-002271
0003609
0008265
0007101
0002386
-000233
-000466
0000465
0001397
0000116
-001398
0001280
0005588
0005995
0004307
0005995
0008207
0005064
-000641
-002795
-001980
-001398
-001223
-001281
-001048
0001513
0003725
0000989
-003901
-004716
-002678
-001805
-002387
-004308
-005880
-004192
-001339
-001921
-004308
-004192
-002329
-001281
-000815
0000523
0001455
-000117
-003027
-005414
-005239
0000523
0006636
0003143
-004250
-002911
0004016
0007858
0007858
0005297
0002212
0001804
0003550
0005064
0005530
0004598
0002444
-000874
-002795
0001455
0006170
0000232
-009547
-008790
-000874
0004656
0005355
-000059
-006928
-006928
-001398
0004307
0007509
0006344
0001222
-006404
-011061
-004599
0006112
0006403
0000232
-000641
0001746
0000523
-001921
-000350
0002677
0001338
-002154
-002678
-000524
0002270
0004132
0003201
0000640
-000757
-000466
0001688
0003667
0001979
-001165
-000757
0001746
0002037
0000873
0000174
0000349
0001280
0002503
0003434
0003026
-000175
-003784
-003842
-001223
0000814
0001513
0000873
-000699
-001980
-002562
-002271
-001863
-003202
-004948
-004483
-002504
-000932
-000292
-000815
-001514
-000408
0001106
0000116
-001630
-000583
0002212
0004191
0004540
0002677
0000000
-000583
0000407
0000873
0000756
0000640
0000174
-001805
-003260
-000990
0002968
0004482
0003376
0000291
-001980
0001688
0007043
0005180
-000641
-002096
-000524
-000874
-002213
-002213
-001514
-001630
-002038
-001514
-000466
-000117
0000291
0002794
0005297
0003841
0000291
-001339
-000641
0001688
0004424
0005937
0005355
0001862
-001572
0000407
0005006
0005588
0003318
0002095
0001920
0002037
0002095
0001688
0001222
0002212
0003318
0001571
-000699
0001629
0005297
0003259
-001456
-001572
0001222
0002212
0001222
-000641
-002504
-002795
-002154
-002387
-003435
-005065
-005763
-003260
0000349
0000873
-001107
-003260
-004890
-005472
-005123
-004716
-003959
-002445
-000350
0002386
0004191
0002968
0000407
0000058
0001280
0001571
0001280
0001047
0001629
0004191
0006519
0004307
0000232
-000059
0001629
0000349
-002387
-003377
-002504
-000874
0000814
0001688
0001688
0001804
0001629
0000058
-001456
-000466
0001455
0001164
-000874
-002678
-003668
-003551
-002853
-002795
-003260
-003610
-004017
-004366
-005356
-008965
-011584
-007044
0001047
0006053
0005588
-002678
-011119
-006462
0005297
0009779
0006694
0000407
-006345
-010420
-009664
-002853
0005122
0005821
0001338
-001514
-001863
-000466
0001979
0003900
0004307
0002095
-001107
-002271
-001281
0000989
0003318
0004074
0003085
0001164
-000583
-000466
0000407
-001165
-003493
-002853
-000583
0000000
-000524
0000000
0000291
-001921
-005065
-006229
-005647
-005181
-004599
-003435
-002096
-000990
-000583
-001456
-002736
-002736
-001630
0000000
0001222
0000814
-000292
0000116
0001746
0003434
0004132
0002503
0000000
-000524
0000523
0001280
0001629
0001804
0001513
0000291
-000874
-000233
0001164
0000989
-000117
0000000
0000349
-001398
-003610
-002620
-000292
-000815
-002562
-001398
0000582
-001165
-004425
-004483
-002445
-001398
-001281
-000874
-000524
-000990
-001339
0000349
0002444
0001862
-000117
-000059
0001106
0000814
0000000
0000873
0002561
0003143
0002328
0000000
-002329
-002329
-000641
0000174
0000407
0001280
0001513
-001339
-004657
-003144
0000407
-000408
-003901
-005414
-005181
-005065
-004832
-003959
-002853
-002504
-002096
0000640
0003376
0001571
-002504
-003551
-002445
-002736
-003493
-002795
-001456
-000874
-001223
-002271
-003377
-003319
-002445
-001863
-001339
0000058
0001280
0000407
-000932
0001164
0004249
0003434
0000349
-000874
-000059
0001688
0003434
0003492
0002619
0002794
0003376
0002386
0000756
0000523
0000756
-000757
-002620
-002096
-000641
-001339
-003726
-006287
-007801
-006637
-004133
-003086
-003377
-004250
-004192
-000466
0003318
0000291
-006229
-009372
-007975
-002504
0003201
0002328
-002213
-002620
-000292
-000233
-001107
0001397
0003318
-003377
-011876
-009140
0000349
0005646
0005471
0001338
-003493
-003610
0000582
0006228
0010943
0013272
0010245
-002853
-015426
-009140
0006228
0007742
0000291
0000058
0003609
0001222
-002969
-000175
0005762
0006228
0002212
-002038
-004890
-005181
-002736
0001979
0005762
0003900
-001107
-003086
-002271
-001805
-000699
0003434
0007276
0005122
-000233
-002620
-001689
0001222
0003841
0002212
-001223
-001165
0001338
0002095
0002444
0005995
0009488
0007218
0001862
-000990
-000408
0003085
0006927
0006868
0004191
0003026
0003085
0002619
0001571
-000350
-001630
0000989
0004365
0002503
-002271
-004599
-003435
0001629
0006694
0005355
-000117
-003377
-004017
-003668
-002213
0000989
0003550
0002153
-001572
-003377
-003319
-002969
-002271
-001048
0000582
0002619
0004132
0003958
0002561
0001280
0000814
0001688
0002794
0001688
-000350
-000466
0000640
0000931
-000059
-002969
-005589
-004192
-000815
-000350
-001805
-001572
-000466
-000757
-001805
-001980
-001281
-000350
0000640
0001629
0002095
0001455
0000232
-000466
-000524
-000408
-000466
-000990
-001630
-001747
-000990
0001280
0003434
0002968
0000873
-000059
0000000
-000233
-000408
0000174
0000989
0001164
0000698
0000349
-000233
-001921
-003551
-003144
-001514
-000932
-001107
-000874
0000174
0003026
0005646
0004365
0001280
0000873
0002270
0002444
0001920
0002561
0003201
0001979
-000233
-001281
-001048
-000350
0000582
0001280
0001280
0000058
-001805
-003377
-003959
-002736
-000408
0001688
0002444
0000232
-002271
-000059
0004132
0004540
0001513
-002562
-005181
-002853
0001571
0002444
0000174
-002387
-003784
-002678
0000407
0004365
0006694
0004074
-000524
-000466
0001280
-002853
-008441
-006928
-000524
0005064
0006868
0001862
-005647
-007626
-003668
0004016
0010885
0011234
0004947
-006229
-014728
-009081
0003143
0004307
-001456
-001630
0001513
0000756
-001747
-000990
0001280
0000814
-001107
-001398
-000408
0000291
0000873
0001629
0002386
0002852
0003376
0004773
0005762
0004074
0001280
0000349
0001338
0003085
0004831
0005646
0005064
0003085
0000349
-002096
-003260
-002213
0000000
0001222
0001338
0001047
0000582
0000523
0000756
0000640
0000465
0001047
0001862
0002095
0001920
0001979
0001920
0000640
-000583
0000640
0002503
0000931
-002271
-003202
-001863
0000407
0002561
0003201
0002561
0001513
0001397
0004016
0007218
0007101
0004715
0002852
0003026
0007451
0011525
0006985
-001514
-003551
-000350
0002852
0004482
0003201
0000232
-001339
-001456
-001980
-001980
-000059
0002095
0001106
-001572
-002387
-001747
-001747
-001980
-001514
-000815
-000990
-001980
-003435
-004483
-003784
-002271
-002329
-002678
-000233
0002794
0001920
-001281
-003086
-003260
-002853
-002096
-000932
-000408
-001921
-003959
-003435
-001514
-001223
-002096
-002678
-002969
-003493
-003435
-001456
0001222
0002328
0001920
0001047
-000175
-002154
-003668
-002969
-000408
0003434
0005762
0002735
-002969
-005414
-004716
-003319
-002096
-002620
-003726
-003027
-000932
0001164
0002328
0001455
-000699
-002562
-003144
-001398
0000989
0000465
-001398
-000757
0001280
0001804
0001338
0001629
0002212
0002270
0001979
0001979
0002386
0003434
0004482
0004365
0003259
0001804
-000117
-003202
-005763
-004948
-002271
-001223
-001514
-001048
-000408
-000757
-001805
-002969
-004017
-005123
-005239
-003086
0000058
0002153
0001804
-002445
-007859
-009955
-008266
-003901
0000349
0000349
-003086
-007626
-009081
-001630
0009604
0015367
0013504
0004773
-005531
-009664
-006404
0002910
0011176
0006810
-003784
-005531
-000408
0002968
0004249
0005297
0004656
-000059
-004716
-001863
0004540
0005355
0002444
0002095
0003143
0002386
0000931
0001280
0003259
0006286
0007974
0004540
-001107
-003086
-001863
-000466
0000174
-001223
-003610
-004890
-004948
-004832
-004133
-002213
-000233
-000175
-001165
-000699
0000407
0000116
-000990
-001398
-001048
-000292
0000756
0002270
0002968
0000989
-001863
-002038
-000408
-000233
-000815
-000524
0000291
0000582
0000698
0001629
0002794
0003085
0002619
0002153
0001455
-000292
-001630
0000232
0002735
0000582
-003086
-001048
0003318
0002328
-001398
-001165
0001047
-000059
-002562
-002213
-000292
-000059
-001165
-002387
-003260
-003202
-002445
-001747
-000990
0000523
0001804
0001455
0000407
0000698
0001688
0001513
0000756
0001047
0002153
0003376
0004365
0005006
0004889
0003550
0001688
0000756
-000059
-003551
-006404
-002271
0004191
0003259
-001863
-002620
-000699
-001107
-002795
-003144
-002213
-000292
0001106
0000465
-002329
-006287
-009605
-010013
-007510
-003551
0000000
0000698
-000350
0000349
0001571
0000000
-002387
-001921
0000291
0001338
0000873
-000757
-002271
-001398
0000989
0003026
0004132
0004424
0003725
0001804
-000059
0000116
0001397
0001047
-000350
-001048
-000699
0001164
0003201
0002794
0000756
-000641
-001165
-000815
0000000
0000873
0000989
-000990
-003260
-002387
-000059
-000466
-002504
-003435
-003319
-003086
-003086
-003842
-004541
-003610
-002154
-002911
-004366
-003435
-000815
0001164
0002386
0004191
0003783
-004541
-013273
-009081
0001920
0005413
0001746
-004366
-007975
-002038
0008848
0014785
0014610
0011583
0005762
-004017
-011002
-005181
0006286
0007800
0002677
0002852
0005413
0002735
-001339
0001397
0006927
0005995
0001513
0000756
0002677
0003143
0002735
0003085
0003318
0001746
-000815
-002504
-003027
-002911
-002271
-001456
-000408
0001571
0003318
0003725
0002386
-000641
-003435
-003144
-000641
0001455
0002677
0002968
0002444
0001804
0001222
0000640
0000582
0001979
0003609
0003376
0001804
0000640
0000000
-000233
-000408
-001456
-002213
-000466
0002561
0004365
0004482
0003085
0001106
0000465
0001047
0002270
0002910
0001280
-001048
-000350
0001222
-001514
-005589
-004890
-001805
-002562
-005356
-005298
-003842
-004657
-005705
-002271
0002561
0002794
0000000
-000990
-000408
-000117
0000465
0002561
0004598
0004074
0001513
-001689
-003551
-001921
0001862
0004598
0005471
0004365
0002153
0000989
0000698
0000116
-000292
0000465
0001688
0002212
0001920
0001164
0000232
-000524
-000233
0002503
0004889
0002037
-003202
-004657
-002620
0000116
0002153
0001455
-000932
-002445
-002620
-001747
-000059
0001979
0003201
0001804
-000583
-000524
0001280
0002794
0003318
0002153
0000291
-000699
-000233
0001979
0004132
0002794
-000175
-000117
0001513
0000756
-000874
0000232
0002561
0003085
0001688
-001107
-003086
-000466
0003550
0001920
-002445
-002329
0000523
0000814
0000000
0001746
0003841
0002328
-001630
-005065
-006229
-003260
0001164
0001397
-000583
0000523
0003201
0003550
0002386
0001979
0002386
0003143
0003725
0002910
0001513
0001222
0001804
0002677
0002968
0001106
-000466
0003259
0007916
0004773
-002096
-003260
-000757
-001630
-003610
-001165
0003085
0004307
0002444
-001456
-004308
-001630
0004365
0008557
0009663
0008557
0004540
-004599
-011119
-001980
0012981
0013504
0004365
0000756
0001571
0001106
-000233
-001398
-002154
-002096
-001572
-001281
-001398
-001921
-002096
-000292
0002212
0002910
0002153
0001338
0001164
0002561
0004598
0005704
0005471
0003783
0001979
0002037
0003376
0004249
0004249
0003667
0001862
-002096
-005589
-004366
-000233
0002328
0002619
0001047
-000874
0000058
0002095
0000931
-001863
-002853
-001863
0000174
0001804
0000989
-001398
-002620
-002795
-002736
-002562
-002387
-002154
-001863
-001689
-001689
-001747
-001514
-000990
-000233
0000756
0002270
0003259
0001746
-000815
-001514
-000874
-000990
-000757
0002444
0006344
0006985
0004889
0002444
0000698
0000640
0001746
0002677
0002270
-000932
-004425
-003260
-000117
-001514
-005007
-004599
-001980
-001281
-002387
-004192
-004948
-001514
0002444
-000466
-006054
-004832
-000524
-002736
-007801
-007335
-002678
0002037
0004482
0001571
-003319
-003377
-000466
-000466
-001980
-000990
0001164
0001629
0000873
0000582
0000698
0000698
0000931
0002328
0003550
0002619
0000291
-001398
-002271
-003493
-004075
-002562
-000408
-001048
-002504
-000175
0003201
0001920
-002038
-003726
-003435
-003144
-003144
-003784
-004133
-002445
0000291
0002212
0002328
-000350
-003435
-002678
0000232
0001047
0000058
-001165
-001863
-000932
0000349
-000815
-002969
-003260
-001398
0002619
0005937
0003841
-000583
-000874
0002503
0006868
0009721
0008091
0003259
-001165
-003726
-003726
-002213
-001689
-002445
-004308
-005763
-004133
-001398
-001689
-003551
-003901
-002271
0002095
0004191
-004948
-017231
-017173
-007335
0003318
0008964
0002735
-008499
-011061
-005007
0004656
0012864
0013854
0007509
-004133
-012865
-006171
0007625
0009721
0003783
0002561
0004307
0002910
0000523
0001920
0004424
0001804
-002562
-001165
0002735
0001222
-002620
-001048
0002968
0002561
-000233
-000059
0001513
0000582
-001514
-001514
-000524
-001281
-002736
-002154
-000583
-000466
-001398
-002213
-002562
-002504
-002096
-001514
-001572
-003901
-006287
-004948
-001805
-001281
-002562
-003202
-002445
0000291
0003143
0002735
0000407
-000408
0000407
0002153
0003725
0003376
0002270
0003492
0005297
0003958
0000698
-001921
-002678
-000233
0002735
0001047
-002736
-002620
-000408
-000990
-002795
-001630
0000291
-002038
-006229
-007626
-006287
-003493
-001107
-001980
-004832
-006462
-006404
-005181
-003319
-002038
-001689
-002504
-003377
-002329
-000117
0001688
0002270
0001338
-000059
-000117
0000814
0001280
0001688
0003201
0004598
0004074
0001979
-000466
-002562
-003726
-003377
-000932
0001979
0003026
0001746
-001456
-004308
-003319
-000175
0000000
-001107
0001047
0004191
0003434
0000814
0001455
0003143
0000931
-003144
-004483
-003610
-003027
-002620
-001863
-001223
-001223
-002213
-004948
-007044
-004774
-000175
0002735
0002561
-001339
-005880
-005298
-001223
0001397
0002386
0003783
0004191
0001222
-002329
-001398
0002328
0004249
0004016
0002619
0000640
-001107
-001863
-000990
0000232
-001165
-002853
0000174
0004598
0003958
0000407
-000059
0001513
0001862
0000989
-000233
-001339
-001514
-001165
-001630
-002329
-001921
-000757
0000000
0000523
0002153
0002910
-000292
-005181
-007219
-006229
-003668
-000874
0000931
0000349
-004657
-009314
-005065
0003376
0005995
0002794
-003202
-008150
-006637
-000233
0005762
0009604
0011351
0009080
0000058
-008849
-006345
0003143
0007858
0007800
0007043
0005180
0000873
-002795
-000990
0003143
0002735
-000641
-001921
-001572
-001747
-001689
0000116
0001979
0001047
-001048
-000757
0001513
0004132
0005355
0002503
-001572
-001048
0002037
0002444
0000989
0000407
0000873
0001920
0003143
0003841
0003492
0001746
-000874
-003901
-005647
-004425
-001223
0001106
0002444
0003841
0004191
0001629
-001805
-002445
-001165
-001048
-001689
-001747
-001398
-001339
-001514
-001747
-001689
-000699
0000232
-001048
-003435
-004308
-003959
-003901
-003842
-003319
-002038
0000989
0003318
0000523
-003726
-001630
0003434
0003259
0000232
0001397
0004016
0001397
-002795
-000408
0004598
0003201
-001456
-001398
0001513
0001979
0000814
0001106
0001688
-000350
-002736
-001107
0002328
0002561
0000407
-000874
-001689
-003377
-004716
-003551
-001398
-001747
-003144
-002154
-000292
-001048
-003319
-004832
-004948
-003377
-001572
-002329
-004308
-004657
-003319
-000641
0001571
0000058
-002678
-001048
0002619
0002968
0001164
0000756
0001280
0001222
0000232
-002387
-004483
-002387
0002153
0005122
0005355
0002212
-001980
-003319
-001980
-000175
0001397
0002328
0002328
0001804
0001222
0001571
0002212
0001629
0000465
0000000
0000116
0000174
0000116
-000350
-000815
-000524
-000408
-002329
-005181
-006986
-007335
-006928
-005298
-001980
0001222
0001629
-000117
-001398
-001747
-001223
-000117
0000756
0000814
-000408
-002562
-005356
-007277
-006637
-004133
-001514
0000174
-000117
-001165
-000466
0001455
0002794
0002910
0001688
-001048
-006113
-009547
-005647
0001920
0005646
0003609
-005181
-013389
-008965
0003085
0010477
0011060
0005937
-002096
-008208
-009605
-005007
0002153
0005064
0003725
0001164
-001339
-002038
-001339
-001281
-001921
-003319
-004425
-003610
-001281
0002095
0004249
0002153
-001863
-002736
-001165
-000408
-000292
0000291
0001047
0001629
0001629
0000407
-000990
-000583
0000698
0000640
-000583
-002096
-002620
0000116
0003609
0003085
-000233
-003086
-004192
-002736
-000408
-001107
-003377
-003610
-002562
-002678
-003668
-004890
-005356
-003319
-000815
-001747
-004308
-004133
-002562
-003144
-005356
-007801
-008907
-006404
-002213
-000524
-000874
-000932
-000757
-000990
-000815
0000931
0002735
0001920
-000350
-001281
-001048
-001456
-001281
0001920
0005704
0005646
0002561
-000699
-002911
-002853
-001281
0000000
0000349
-000466
-001980
-002969
-003086
-002038
-000874
-001630
-003493
-004366
-003901
-001747
0000465
-000408
-002445
-001281
0001280
0000698
-001514
-002038
-000874
0001688
0003143
-000524
-005763
-005298
-001165
0000698
0000698
0001629
0002212
-000059
-003086
-002562
0000116
0001338
0001397
0001862
0002561
0003318
0003783
0003318
0002561
0002968
0003783
0003609
0002386
0000349
-001339
-000815
0000349
-001398
-004075
-003202
-001281
-004017
-007975
-005647
-000292
0000582
-001805
-003086
-003144
-002911
-002911
-004483
-006404
-006229
-005239
-006695
-008674
-006986
-003260
-001630
-001398
0000058
0001629
0000756
-000757
0000873
0003783
0004307
0002561
0000116
-001630
-000466
0001920
0001222
-000699
0000349
0002910
0003667
0003026
0002794
0002444
0000291
-002213
-002562
-001514
-001456
-002213
-002562
-003551
-007801
-011468
-007801
-000990
0000465
-003202
-009489
-013505
-007975
0002095
0006228
0003900
-001514
-007219
-009780
-007626
0000058
0007276
0003841
-004483
-003959
0001746
0002328
-000292
0000116
0001920
0001106
-000641
0000465
0003376
0005297
0005762
0004831
0003143
0001979
0001106
-000466
-001805
-001630
0000465
0004947
0008673
0006577
0001222
-001281
-001456
-002795
-003784
-001980
0001397
0004365
0005006
0001222
-003959
-004599
-002736
-004425
-007277
-005938
-001980
0000873
0002095
0002037
0000931
-000932
-002445
-002329
-001165
-000350
-000233
-000815
-001398
-000757
0000523
0001106
0001280
0002212
0002794
0000814
-001689
-000466
0002444
0002503
0000407
-001339
-001921
-000524
0001629
0002095
0001106
0000000
-001107
-002853
-003377
0000640
0005413
0003900
-001165
-002795
-001339
0000349
0001688
0002212
0001862
0000989
0000116
0000232
0000523
-000990
-002620
-001048
0001688
0000931
-001630
-002329
-001048
0001047
0002852
0002852
0001455
0000291
-000117
0000698
0002153
0002910
0003026
0003085
0002619
0000873
-001107
-001514
-000583
0000640
0001688
0002386
0002386
0001688
0000349
-001572
-002911
-001921
-000117
-000757
-003027
-004599
-005007
-004192
-002620
-001223
-000524
-000815
-002038
-004133
-005181
-002213
0002037
0001746
-001048
-000932
0001338
0003026
0003841
0004365
0004016
0001746
-000350
0001513
0004773
0003841
0000523
-000292
0000873
0001862
0002444
0002677
0002735
0003085
0003259
0002444
0001280
0001513
0002153
0000756
-001048
0000116
0002386
0001862
-000233
-000699
0000232
0001338
0001280
-002213
-006287
-005880
-002678
-000815
-001048
-003610
-006229
-005007
-001398
0001164
0001047
-003551
-009081
-009081
-004774
0000116
0002677
-000641
-005763
-005065
0000756
0008324
0013563
0011816
0004132
-006462
-012690
-003959
0010710
0012981
0005530
-000466
-002853
-000990
0003259
0005297
0004598
0001746
-000641
0001513
0006053
0007800
0007101
0006461
0005471
0003201
0000523
-001572
-001747
0001920
0006112
0005122
0000873
-001339
-001048
0000931
0003026
0003085
0001280
-001048
-002504
-001165
0000931
-001165
-004308
-002096
0002968
0004947
0004191
0003259
0002444
0002037
0001979
0002095
0002212
0002153
0001979
0001746
0001455
0000931
0000640
0001746
0002852
0001338
-001281
-001980
-000699
0001164
0002794
0003143
0001862
-001398
-004541
-004832
-001980
0003318
0008033
0008207
0004715
0000931
-001398
-001398
0001047
0005762
0009080
0005355
-001339
-002387
0000756
0002619
0003026
0003143
0002735
0001688
0000989
0002153
0003958
0004191
0003085
0001746
0000989
0002095
0003318
0000814
-002678
-001456
0002270
0003318
0001979
0000465
-000641
-000990
-000699
-000524
-000350
0000291
0000582
-001456
-003551
-001572
0001920
0000873
-002329
-001514
0001280
0001106
-001048
-002271
-002096
-000292
0001862
0002212
0000931
-000757
-001980
-001747
-000524
0000640
0001280
0001047
0000582
0000989
0001862
0001571
0001106
0002212
0004132
0004831
0004482
0004016
0003085
0000582
-001805
-001398
0000756
0001629
0001164
0000465
-000757
-003260
-005298
-004075
-000932
0001047
0001804
0002968
0003318
0000989
-002154
-002969
-001689
0000000
0000698
-001572
-005007
-005822
-004250
-001572
0000116
-002562
-006695
-006404
-002853
-000350
0000989
0002386
0003201
0003085
0001862
-000699
-002853
-001863
0000640
0001047
-000117
-000466
-000583
-002038
-003202
-000524
0003085
0002561
-001863
-009314
-013971
-007335
0004831
0010419
0008731
0003492
-002736
-006462
-006520
-003144
0001280
0002852
0001746
0000116
-001630
-003260
-004017
-003027
-001456
-001339
-002329
-003027
-003027
-002038
-000641
0000000
-000059
-000175
-000524
-001339
-001805
-000292
0001746
0001455
0000058
0000465
0002095
0003026
0003434
0004132
0004947
0005646
0005588
0003725
0001106
-000641
-001048
-000350
0001164
0003026
0004249
0003841
0002153
0000582
-000815
-002795
-003610
-000059
0004424
0002910
-001339
-001165
0002153
0004249
0004365
0002328
-000583
-002038
-001863
-001398
-000175
0002910
0005530
0004132
0000814
0000291
0001513
0000931
-000233
0000873
0002852
0002852
0001455
0000465
0000174
0000291
0000814
0001571
0002444
0003900
0004132
-000408
-005589
-003842
0001397
0001746
-001107
-002329
-001980
-001339
-001281
-003784
-006637
-006171
-003202
-000641
0000756
0000465
-000815
-001747
-002038
-001747
-001456
-002213
-003784
-005763
-006578
-003901
0000116
0001106
-000408
-001863
-002445
-001398
0000291
0000523
-000641
-002620
-003901
-001689
0001106
-001165
-005647
-006404
-003842
-000641
0001804
0001862
0000349
-000815
-000815
0001222
0003143
0001280
-002387
-003202
-002096
-002154
-002911
-002562
-002154
-003551
-005472
-005472
-003668
-000990
0001047
0000232
-002038
-002387
-001572
-001863
-002445
-001339
0000232
-000641
-002736
-003610
-003260
-002911
-002504
-001921
-001223
-000059
0001280
0002677
0003958
0005646
0006170
0002735
-001630
-001689
0001804
0005937
0008324
0005762
0000814
-000932
0000523
0002968
0004947
0004540
0002444
0000523
-000408
0000931
0001397
-005938
-014262
-011002
-000990
0004773
0004074
-003027
-010944
-009780
-002213
0003725
0005937
0004656
-000175
-008965
-014670
-005880
0007800
0006228
-003784
-003842
0002037
0001862
-001339
0000756
0004482
0001746
-003493
-002329
0002794
0005238
0005413
0006403
0006752
0003609
0000058
0002095
0006636
0006985
0004424
0003318
0003085
0001397
-000350
0000000
0002328
0006170
0008382
0004249
-002620
-004599
-002271
0000698
0002735
0002212
-000059
-001863
-002445
-001398
0000465
0001222
0001047
0000989
0001164
0001397
0001746
0001862
0001746
0001164
0000873
0002444
0004307
0003201
0000814
0000640
0001804
0001513
0000465
0000174
0000698
0001746
0002677
0002212
0001106
0001280
0002153
0002503
0002386
0002037
0001920
0002852
0004132
0004656
0004249
0002852
0001164
-000117
-000292
0001222
0002677
0000931
-002445
-003901
-003610
-003144
-002213
0000000
0002153
0002153
0000640
-000408
-001223
-003493
-005007
-001805
0002735
0001862
-001921
-002736
-000815
0001571
0003609
0005006
0004889
0002561
-000408
-001747
-000815
0002328
0005180
0003725
-000059
-001747
-001165
0000349
0001571
0000814
-001048
-001689
-001339
-000874
-000990
-002620
-004483
-004075
-002620
-003086
-004133
-002736
-000292
0000058
-001223
-002445
-003086
-002678
-001630
-000932
-000699
-000641
-000757
-001107
-001514
-002038
-002096
-001048
0001106
0004132
0006112
0003725
-000233
0000291
0003259
0003667
0001979
0000232
-000641
0000232
0001688
0000873
-001107
-001805
-000874
0001862
0004598
0004889
0003201
0001746
0000582
-001048
-002504
-003493
-003610
-002329
-000932
-001630
-003260
-003610
-002504
-000175
0001629
0000174
-002736
-001980
-000757
-006229
-013622
-014262
-009081
-002562
0002270
0002444
-000990
-004716
-005589
0000232
0008673
0011875
0009022
0001629
-005414
-004250
0001979
0004831
0004424
0004016
0003085
0000174
-002445
-001456
0001804
0004132
0004831
0003725
0001629
-000292
-000641
0001979
0005355
0005413
0003085
0001106
0000116
0000232
0001222
0002270
0003376
0004831
0005704
0004249
0001804
0001222
0001688
0000931
-000408
-000815
-000641
-001107
-001456
0000058
0002212
0002852
0002328
0002270
0001979
-000408
-002853
-001281
0001979
0001688
-000408
0000232
0002095
0001513
-000350
-000583
0000582
0001862
0002444
0000756
-001572
-001456
0000116
-000117
-000932
0000407
0002735
0003550
0003085
0002328
0001222
-001048
-003144
-003668
-002096
0002095
0006170
0005995
0002735
0000407
-000641
-000932
-000641
-000350
-000233
-000699
-000932
0000232
0002153
0003434
0003725
0003085
0001746
0000232
-000583
0000465
0002386
0002968
0002619
0002910
0003085
0001222
-001456
-002736
-002445
-001572
0000058
0003318
0005704
0003085
-002096
-004774
-004890
-004890
-004366
-002387
-000350
-000175
-001689
-003551
-004599
-003202
-000874
-000699
-002154
-003144
-003668
-004541
-004948
-003551
-002096
-004250
-007626
-006928
-003842
-002329
-002678
-004192
-004890
-000874
0004191
0002910
-001572
-001689
0000931
0001397
0000465
0000058
0000407
0001338
0002037
0001164
-000699
-001805
-002504
-004541
-006229
-004890
-001980
-000292
-000292
-001456
-002911
-003202
-002736
-003319
-003842
-001980
0000407
-000757
-003551
-003668
-002213
-002620
-003610
-001980
0000756
0001222
0000349
0000582
0001629
0002503
0002677
0001338
-000583
-001281
-001107
-001572
-001572
0001629
0004482
0000349
-006287
-006404
-001165
0005471
0009197
0004365
-004250
-006928
-003668
0001397
0006053
0008207
0005821
-002911
-011817
-011002
-003668
0000465
0001338
0002794
0002910
-001689
-006637
-003784
0002794
0003550
0000232
-001689
-001339
0001513
0004656
0003667
0000989
0002444
0005646
0005180
0002503
0001629
0002212
0002386
0002503
0003201
0004424
0006344
0007683
0006577
0004132
0002852
0002619
0002328
0002328
0003376
0004482
0003783
0002212
0001979
0002503
0002212
0001455
0001106
0000814
-000524
-001747
-000350
0001862
0001047
-001223
-001048
0000058
-001863
-004832
-004483
-002038
-000408
-000233
-001339
-003086
-004366
-004774
-003726
-002795
-005123
-008208
-007451
-003668
0000523
0003026
0001397
-001921
-001689
0000756
0001338
0000116
-002154
-003784
-002271
0001164
0003609
0004307
0002968
0001047
0001164
0002386
0001920
0000814
0001280
0002619
0003201
0002735
0001164
-000815
-001921
-002271
-002736
-002387
0000931
0003958
0001280
-004308
-006578
-005531
-003435
-001572
-001456
-002795
-004192
-005007
-005239
-004308
-001514
0001397
0001804
0000465
-000117
0000116
0000465
0001047
0002328
0002852
0000465
-003144
-004948
-004308
-001398
0001862
0002968
0001804
-000583
-002038
0000931
0005297
0004715
0000873
-000932
-001048
-001339
-001863
-002445
-002911
-002911
-002620
-002620
-002620
-001863
-001107
-001514
-002795
-003959
-004541
-004075
-003377
-003784
-004716
-004599
-003842
-003493
-003784
-004948
-006171
-006171
-004308
-000117
0004540
0007101
0007043
0005238
0002212
-001456
-003610
-001630
0002561
0005064
