-004192
-002096
0001338
0003026
0002735
0001338
0000116
0001106
0002910
0002503
0000756
0000349
-000117
-003610
-007568
-007044
-003610
-001514
-000583
0000756
0001804
0001746
0000756
0000058
-000990
-003842
-006345
-004832
-000583
0003376
0005355
0003550
0000232
0000582
0002386
0000291
-003260
-003027
-000699
-001048
-003086
-003901
-003842
-004541
-004599
-001398
0002212
0000931
-003202
-005181
-004832
-003319
-001165
0000756
0002095
0003667
0003725
-000583
-005414
-003959
0001629
0006170
0007159
0002619
-003959
-006345
-003435
0003841
0011351
0013504
0009371
-000292
-008441
-003842
0007043
0008731
0004249
0004074
0005355
0000349
-006345
-006054
-001281
0000814
0000465
0000640
0000756
-000641
-001921
-000350
0002677
0004249
0003550
0000756
-002445
-003144
-001514
0000640
0002619
0004307
0004424
0000873
-003027
-001339
0003434
0005122
0003725
0000989
-001223
-000466
0001979
0002852
0002386
0002270
0002444
0002561
0002852
0003958
0004773
0003550
0001571
0001571
0002444
0001397
-000524
-000990
-000466
-000524
-000699
0000174
0001164
0000232
-001223
0000000
0001979
0000698
-002445
-004483
-004192
-000233
0004598
0005762
0003900
0002037
0000931
0000873
0001804
0002794
0003434
0003318
0002561
0001397
0000756
0002270
0004365
0004016
0002270
0001979
0002735
0003085
0003026
0003143
0003609
0005238
0006927
0006985
0005413
0002910
0000756
0000873
0001862
0000349
-002096
-001630
0000465
0000698
-000117
0000000
0000931
0001920
0002503
0001862
0000814
0001338
0002153
0000582
-001747
-001630
-000350
-001165
-003144
-004133
-003551
-000874
0002037
0001629
-000175
0001106
0003492
0002619
-000117
-001456
-001281
-000524
0000523
0001106
0001571
0003318
0004656
0002561
-000932
-001339
0000465
0001629
0001688
0000232
-001281
0000058
0002561
0002444
0000640
-000233
-000408
-001048
-001747
-001921
-001398
-000292
0000931
0001513
0001338
0000582
-000059
0000640
0001629
0000931
-000583
-000815
0000465
0003085
0005238
0003900
0000814
-000117
0000640
0000931
0000989
0001979
0002270
-001107
-004832
-002620
0002794
0004947
0004365
0004132
0003958
0002619
0001920
0005238
0008615
0003958
-003319
-001980
0004424
0006344
0004016
-000117
-003027
-000233
0005588
0008789
0008149
0004191
-000990
-004599
-005007
-000874
0003900
0002212
-002445
-000990
0003085
0001047
-003493
-002038
0001979
0000407
-003493
-001456
0003085
0002095
-001689
-001630
0001106
0003143
0003609
0001688
-000583
0000989
0004249
0003958
0001862
0002037
0003667
0004424
0004307
0003725
0003318
0004191
0005471
0005413
0004482
0004365
0004307
0002677
0000640
0000174
0001047
0002328
0003259
0002794
0001688
0001979
0002910
0002735
0001629
0000640
-000117
-000583
-000815
-001223
-001630
-001921
-001863
-001281
-000699
-001107
-001514
0000523
0002968
0001862
-001048
-002038
-001048
0000814
0002735
0004249
0004307
0001513
-001514
0000000
0003376
0002153
-001048
0000116
0003609
0004540
0003550
0003318
0003259
0002386
0000756
-001921
-003901
-002678
0000116
0001047
0000407
0000116
0000116
0000465
0000291
-002038
-004716
-005007
-003202
-001048
0000523
0000814
0000000
-000874
-001747
-002853
-003610
-003668
-002795
-000583
0001280
-000466
-003202
-001339
0002794
0003958
0002852
0002852
0003026
0001397
-000524
0000000
0001920
0002444
0001746
0001338
0001047
0000232
-000466
-000175
0000873
0002153
0002852
0001862
-000233
-002387
-003144
-000466
0002852
0001280
-002445
-002329
0000640
0002852
0003550
0002212
-000059
-001107
-001281
-002154
-003027
-002736
-001456
-000233
0001047
0003026
0004773
0004773
0003783
0003725
0004016
0002794
0001164
0001397
0002328
0001455
-000175
-000175
0001106
0002328
0003143
0003550
0003085
0001222
-000583
0000232
0002444
0003259
0002619
0001164
-000117
0000407
0001804
0001629
0000523
0000989
0000640
-005938
-012632
-008150
0001455
0003085
-001921
-007626
-010362
-005589
0003201
0008731
0009139
0004773
-001689
-005822
-005822
-001107
0004715
0004831
0001397
0000640
0002037
0003259
0003376
0001397
-001456
-002911
-002736
-001921
-000350
0002503
0004715
0003492
0000523
-000699
0000116
0001979
0003550
0002503
0000698
0002212
0005355
0006403
0005413
0004074
0002444
0000407
-001572
-003144
-003842
-003144
-002038
-002853
-003610
0000174
0004773
0003434
-001921
-006229
-007335
-003726
0001979
0004598
0003783
0001804
-000932
-004541
-006345
-002445
0003609
0004656
0001862
-000175
-001223
-002213
-002271
-000757
0001920
0005180
0007159
0005122
0001571
0001688
0004016
0004424
0003026
0000465
-001398
0000756
0004074
0002968
-000932
-003260
-003086
-000292
0003026
0003259
0000931
-001223
-002911
-005007
-005472
-001456
0004074
0005821
0004191
0001920
0000058
-000466
0000116
0000465
0000698
0001280
0001862
0002270
0001979
0000232
-001398
-000350
0001804
0001338
-000233
0000989
0003085
0001688
-001107
-000583
0001688
0001629
0000291
0000523
0001047
-001165
-004075
-003726
-001398
-000350
-000874
-002562
-004017
-002969
-000990
-001747
-004017
-004599
-004075
-004832
-005763
-004366
-002038
-002329
-003319
-000699
0003085
0003434
0000698
-002969
-005938
-006462
-004308
0000291
0004540
0004656
0001804
-000059
-000408
0000523
0001862
0002270
0000931
-002969
-006520
-004599
0000582
0003609
0004191
0004307
0003201
-000757
-004774
-004308
-000641
0002444
0003376
0000814
-002853
-002678
-000408
-000292
-001921
-003493
-004192
-002795
-000699
-000990
-002271
-001281
0000523
-000466
-002678
-002504
-000874
0000232
-000059
-002853
-006287
-007568
-005763
0000058
0004715
-001281
-010711
-008558
0001164
0006810
0007742
0007043
0004191
-002562
-008034
-003959
0004424
0005413
0001455
0000814
0002328
0002328
0001280
0000465
-000117
-000408
-000874
-002387
-003377
-000757
0002619
0000756
-003493
-003726
-001107
0000640
0000756
-000874
-003551
-006054
-007335
-006928
-005065
-002736
-001223
-002387
-004366
-003027
-000117
0000116
-001107
-000408
0001688
0004191
0005297
0002619
-001339
-001398
0001106
0001571
0001164
0003492
0005879
0003318
-001863
-004716
-004425
-001398
0001804
0000407
-003610
-005239
-004483
-002736
-001223
-001747
-003086
-002504
-000874
-000466
-001048
-001921
-002271
-000583
0001455
0000756
-001456
-001863
-000874
0000000
0000523
0000931
0000931
-000408
-001223
0001455
0005762
0007858
0006810
0002503
-002445
-003901
-002329
-000408
0001164
0001920
0001979
0002444
0002735
0002153
0001047
0000523
0000291
-000233
-001048
-002562
-003202
-000524
0002968
0002328
-000932
-002387
-002096
-001630
-001048
-000175
0000465
0000523
-000233
-001572
-002969
-003319
-003027
-003435
-003726
-001805
0000116
-002213
-005763
-004366
0000116
0002910
0003667
0003259
0002270
0001862
0002037
0001629
0001804
0005006
0008149
0005530
0000465
0000116
0002735
0002677
0000698
-000815
-002096
-004250
-005647
-003493
0000349
0002153
0002212
0002794
0003783
0005413
0006170
0004074
0000465
-001689
-002213
-002038
-001689
-002154
-002736
-001572
0000291
0000931
0000116
-001747
-003610
-004133
-003435
-002620
-001689
-000059
0001280
0000582
-000524
0001455
0004424
0004016
0001338
-000699
-001514
-001107
0000349
0002037
0002735
0001164
-002096
-006287
-008325
-004075
0002444
0003783
0000174
-005705
-010013
-007859
-001165
0005238
0008207
0005588
-000815
-006986
-009256
-003260
0005238
0004598
-001107
-000524
0002794
-000524
-006171
-004425
0000465
-001398
-006520
-006171
-002096
0000349
0001222
0001862
0002212
0002561
0002503
0000873
-000641
0000989
0004365
0006577
0006927
0005588
0003376
0001862
0001455
0001862
0003026
0004889
0006053
0004889
0002153
-000233
-001747
-002213
-001747
-000874
0000232
0001862
0002677
0000523
-002620
-003086
-001514
-000292
0000232
-000175
-001223
-002562
-003668
-003784
-003610
-005123
-006462
-003784
-000059
-000932
-004599
-006287
-005705
-004599
-002445
0002153
0006228
0005646
0001746
-001863
-002969
0000873
0005704
0004132
-001048
-003144
-001863
0001455
0004191
0002095
-002329
-003027
-001165
-000699
-000524
0002386
0005821
0005471
0003143
0003026
0004016
0003026
0000582
-001980
-003959
-005007
-004366
-001339
0002037
0002561
0000756
-001048
-002329
-002678
-002213
-001456
-001398
-003901
-006753
-006054
-003086
-000757
0000174
-000233
-000815
0000814
0003026
0002153
0000116
0001862
0004715
0002968
-001048
-002271
-000641
0002153
0004365
0003201
0000349
0000000
0001397
0002270
0002153
0001164
0000000
0000407
0001164
-000524
-003086
-003144
-001107
0001338
0003201
0003667
0002910
0002095
0001513
0001746
0001746
-000990
-004017
-002387
0001047
0000232
-002620
-001747
0001164
0001862
0000989
0000640
0000640
0000582
0000116
-001863
-003377
-000932
0003434
0005355
0004598
0002677
0000291
-001398
-001689
0000058
0002270
0002037
0000349
0000291
0000873
-000408
-001863
-000117
0002735
0002037
-000874
-001747
-002329
-007568
-013040
-010944
-003784
0002794
0004715
-003319
-012690
-006637
0006868
0009546
0003550
-001223
-004308
-007743
-008616
-002504
0005180
0004482
-000699
0000000
0004424
0005762
0005064
0005995
0007043
0004889
0001455
0000174
0000989
0002212
0003492
0005122
0005530
0002561
-001048
0000582
0004424
0003841
0000465
-001223
-001048
-000233
0000814
0001455
0001397
0000174
-000757
0001455
0004191
0001979
-002678
-004017
-002504
-000757
0000116
-001456
-003610
-002736
-000408
-000292
-001747
-002271
-002038
-002096
-002038
-001339
-000350
0000000
0000116
0001338
0002619
0002153
0000873
0001397
0002095
-001223
-005239
-003784
0000407
0000931
-000990
-001107
-000233
-000699
-001572
-000757
0001047
0002677
0003143
0001106
-001572
-000990
0000698
-001339
-004657
-003901
-000350
0002794
0003900
0001397
-002736
-004366
-003551
-001572
-000117
-002038
-004890
-003726
-000233
0000873
0000465
0000873
0001862
0003085
0003609
0002270
0000582
0001047
0003201
0005297
0005762
0002444
-002154
-003493
-001514
0002270
0005471
0004540
0001338
0000814
0002037
0001979
0001164
0000989
0001629
0003434
0004773
0003201
-000059
-002329
-002736
-000990
0001804
0003783
0003958
0001688
-001980
-005181
-006695
-005531
-003377
-003493
-005007
-004774
-003493
-002911
-002562
-001048
0000465
-000524
-002096
-000524
0002270
0002037
-000466
-002504
-003377
-003202
-001863
0000465
0002503
0002735
0001513
0000058
-000524
0001164
0003841
0004831
0004249
0002968
0002095
0003318
0005122
0004482
0002503
0002328
0002619
0000174
-003493
-005414
-005123
-003202
-001165
-001514
-003202
-003435
-002678
-003086
-003726
-002678
-001398
-002795
-005705
-007684
-007568
-003901
0000814
0002910
0001455
-003842
-008208
-004133
0004656
0009895
0009779
0005122
-001747
-007568
-008907
-001747
0007218
0005355
-002678
-005007
-002445
0000349
0002270
0002561
0001338
-000350
-001921
-003202
-003377
-001921
0000465
0002794
0003841
0001920
-000874
-000408
0001571
0000814
-001281
-000699
0000756
-000757
-003377
-003086
-001107
-000524
-001223
-002038
-002562
-002620
-001980
-000350
0001222
0001164
0000232
0000174
0001047
0002852
0003667
0000407
-003842
-003027
0000931
0002910
0002619
0001047
-001048
-002795
-003377
-002096
0000174
0001455
0001629
0001164
0000465
0000640
0000814
-001048
-003260
-002504
-000408
-000874
-002736
-002736
-001921
-003027
-004774
-005065
-003668
-001281
0000814
0000873
-000466
-000990
-000233
0002212
0004132
0001571
-002795
-003027
-000350
0001106
0001164
0000640
-000059
-000350
-000059
0000465
0001222
0002328
0003318
0003550
0003318
0003550
0004191
0005355
0006053
0004889
0002794
0002153
0002386
0001513
0000523
0001629
0003318
0002619
0000291
-001339
-002387
-004425
-005705
-003086
0000582
-000233
-003551
-004541
-003144
-000292
0001804
-000641
-005007
-006054
-004133
-001689
-000059
-000990
-002795
-001281
0001280
-000117
-003144
-002853
0000000
0003201
0004715
0001979
-002096
-001863
0001047
0001746
0000523
-000990
-001805
-000466
0001164
-000757
-004133
-004425
-002853
-002911
-003668
-002736
-001107
-000641
-001456
-003493
-004948
-002271
0001571
0000640
-002969
-003842
-002736
-003027
-003493
-001339
0000931
-001456
-005298
-003668
0000465
0000000
-003202
-003610
-002271
-002445
-003086
-001805
0000116
0000174
-001339
-003319
-004483
-002096
-000059
-006404
-014611
-011876
-002096
0005471
0007159
0000174
-008907
-007568
0000931
0006694
0008265
0006927
0002270
-006462
-012749
-005996
0005762
0005238
-002445
-002562
0001688
0001280
-001863
-002504
-001514
-001980
-002853
-001980
0000058
0002153
0003318
0002619
0000756
-000699
-001107
0000174
0001746
0000523
-001630
-000583
0001862
0001979
0000349
-000874
-000990
0000523
0002735
0004016
0003958
0002910
0001280
-000757
-001805
-000175
0002619
0003376
0002444
0001571
0001106
0001222
0000873
-001863
-005181
-005705
-003959
-002096
-000932
-000815
-001980
-004366
-006695
-007393
-005647
-000699
0004074
0003143
-001398
-003901
-003551
-000641
0003201
0005413
0004947
0002037
-001863
-004192
-004483
-003086
-001048
-000059
0000174
0001164
0002386
0002503
0002270
0003725
0005471
0004831
0003026
0002735
0003667
0004598
0004191
0000465
-004192
-005531
-003668
-000583
0001979
0002153
0000349
-001223
-002329
-003144
-003377
-003319
-002795
-001805
-000524
0001222
0002212
0000698
-001863
-002736
-002038
-001048
-000059
0000698
0001280
0002212
0003143
0003492
0003492
0003492
0003376
0003026
0002619
0002561
0002270
0000582
-001281
-001223
0000465
0002677
0003958
0002386
-000408
-000990
0000058
0000116
-000175
0000989
0002153
0000640
-001921
-002096
-000117
0002735
0004132
-000059
-005531
-003959
0001164
0001688
-001339
-003551
-004774
-006113
-006171
-002911
0001338
0002561
0001106
-000815
-002271
-002911
-002038
0000698
0003376
0002852
0000116
-002504
-003784
-002911
-001107
-001456
-002445
-000408
0002619
0002619
0000989
0001746
0003026
0000640
-002387
0000116
0005355
0007218
0006053
0004307
0002852
0003085
0003609
0001513
-002154
-005705
-006869
-002678
0002561
0001397
-004541
-010187
-011817
-004832
0005704
0010012
0007392
0000291
-006578
-006287
-000699
0003667
0005355
0003958
0001047
0000523
0001280
-000292
-002213
-000932
0002561
0005821
0007159
0004656
0000931
0000989
0003376
0003609
0002386
0002095
0002503
0002561
0002619
0003841
0004598
0002153
-001223
-000524
0002561
0003900
0003318
0001746
0000116
-000059
0000465
-000233
-001398
-001572
-000233
0003667
0006985
0004074
-001514
-002329
0000058
0000523
-000466
-000757
-000466
0000116
0000407
-000641
-001805
-001048
0000756
0001688
0001804
0002328
0002677
0001746
0000698
0002037
0004132
0003609
0001455
0000291
0000407
0001629
0002794
0001571
-000466
0000407
0002386
0001280
-001514
-002213
-001747
-002911
-004250
-002853
-000292
-000175
-001456
-000699
0000465
-002096
-004890
-001048
0005355
0005937
0002095
-001107
-002387
-000932
0001338
0000291
-002387
-002853
-001398
0000407
0001804
0001746
0001106
0002037
0003434
0003318
0001688
-000990
-002911
-001398
0001746
0002212
0001222
0002677
0004889
0004191
0002037
0001862
0002444
0000232
-002504
-001107
0002037
0001397
-000932
0000000
0002503
0002503
0000698
-000408
-000990
-001921
-002562
-001863
-000524
0000174
0000000
-000583
-001165
-000583
0000407
0000291
-000641
-001921
-002620
-001398
0000291
-000757
-003144
-003435
-002038
-000874
0000465
0003783
0006577
0004773
0000756
-000175
0001455
0003143
0003667
0000989
-002445
-002038
0000582
0001338
0000465
-000233
-000524
-000117
0000814
0001920
0002386
0000814
-001456
-002096
-001572
-001805
-002445
-003086
-003027
-001398
0000931
0002677
0003201
0002386
0000756
-000117
-001456
-006171
-010828
-009605
-003901
0002561
0005821
0000873
-007335
-009023
-004483
0002212
0007683
0008557
0003783
-007102
-015601
-007335
0008033
0009546
0001920
0000523
0002677
-000059
-004657
-005472
-002911
0000756
0003492
0002444
-000641
-001630
-000757
0000116
0000931
0002037
0002852
0003085
0002386
0000407
-001863
-002736
-002329
-001281
-000641
-002213
-003901
-001107
0003085
0001920
-001514
-000292
0003609
0005180
0004191
0002095
-000059
-000466
0000174
-000466
-001281
-000059
0001746
0001338
-000292
-000699
0000291
0002444
0004074
0002561
-000641
-001921
-001339
-000292
0000931
0002444
0003492
0003609
0002735
0001629
0000000
-003027
-005414
-004075
-000583
0001397
0001455
0000465
-001165
-003086
-003901
-002038
0000640
0000465
-001281
-001165
0000232
0001222
0001455
0000756
-000175
-000408
0000465
0002444
0004482
0004715
0003492
0002153
0001688
0003725
0005821
0003026
-001107
0001106
0006053
0005646
0001513
-001514
-002445
-001165
0001047
0001397
0000523
0000756
0001571
0001280
0000523
0000640
0001280
0001280
0000989
0001513
0002037
0000989
-000990
-002213
-002678
-002795
-003260
-005472
-007626
-006520
-003144
0000116
0001629
-000292
-003726
-004832
-003726
-002154
-000466
0001571
0002794
0001571
-000117
0002095
0005588
0005006
0001804
0000174
0000174
0000640
0000989
0000174
-001281
-002038
-001747
0000000
0002153
0003201
0002910
0001222
-000466
0000291
0001979
0000931
-001107
0000174
0002503
0001047
-001980
-001572
0000640
0000465
-001630
-004075
-005472
-004133
-001805
-002678
-004541
-002096
0001979
0002386
0000000
-001805
-002213
-000815
0001455
0002794
0002619
0000756
-001630
-002853
-002271
0000989
0003492
-001281
-008150
-006986
-000583
0003783
0003783
-002562
-009140
-005356
0004715
0010885
0011700
0008964
0003201
-004774
-010071
-005531
0003085
0002503
-002678
-000233
0005646
0005122
0000523
-001456
-001165
-001107
-000815
0000814
0002619
0002561
0001338
0000814
0000582
-000874
-002271
-001165
0001106
0001629
0000640
-000757
-001572
-000641
0001164
0001571
0000756
-000350
-000932
0000523
0002270
0000640
-002329
-002213
-000117
0000756
0000756
0001688
0002561
0001338
-000524
-000059
0001338
0000698
-001456
-003435
-004250
-002795
-000874
-002329
-005123
-004250
-001863
-002969
-005181
-003144
0001164
0003376
0003318
0001920
0000349
0000407
0001280
0001397
0000407
-001456
-003086
-002736
-000990
0000291
0001106
0001920
0002444
0002677
0002153
0000058
-001921
-000990
0001164
0000582
-001921
-004483
-005589
-003202
0000291
-000059
-002504
-002445
-000583
0001280
0001513
-002678
-007510
-006287
-000699
0004191
0006344
0004424
0000349
-001456
-001223
-001107
-000932
0000000
0000523
-001223
-003842
-004599
-003551
-001805
-000466
-001514
-003144
-001805
0001047
0002444
0002095
0000291
-001339
-000175
0002386
0003143
0002386
0001920
0001979
0002619
0003026
0001688
-000641
-002213
-002620
-002154
-001456
-001805
-003086
-004948
-006462
-006695
-005763
-004483
-002736
0000640
0003376
0002037
-001805
-004541
-005472
-004890
-003377
-002329
-002329
-003901
-005822
-005938
-004483
-002969
-001689
-000466
0000116
-000874
-001747
0000931
0004365
0002503
-001165
0001280
0006344
0006694
0002735
-003086
-006928
-003551
0003259
0005238
0002794
-000292
-002795
-003842
-002736
0000814
0004540
0004831
0003201
0004424
0005297
-000757
-009256
-011643
-008208
-002445
0001804
-000757
-007219
-011061
-010071
-002911
0005530
0007101
0002619
-003377
-007568
-006054
-000990
0001862
0002503
0002968
0002852
0001106
-000641
0000756
0003376
0003376
0001513
0000349
-000117
-000466
-000699
-001048
-001165
-000524
0000756
0002619
0003725
0002328
0000058
0000232
0002270
0004598
0005413
0002561
-001398
-000990
0001920
0002270
0000640
-000641
-001398
-001863
-001689
-000350
0001106
0001222
-000117
-002678
-004890
-004192
-002213
-002853
-004541
-003493
-000699
0001222
0002153
0002619
0002561
0002270
0001688
0000698
-000233
0000000
0000232
-002096
-004774
-003726
-000117
0003318
0004889
0002910
-000641
-001398
-000059
0000523
0000291
-000292
-001514
-004192
-006404
-005531
-002795
-001921
-001980
-000350
0001513
0000582
-001630
-001339
0000232
0000174
-001107
-001980
-002271
-001863
-001048
-000641
-000641
-000932
-000641
0002095
0004773
0002503
-001805
-001630
0001571
0003259
0003550
0004540
0004889
0002328
-000757
0000465
0003783
0004424
0002619
0000058
-001514
0000349
0003318
0002037
-001456
-002271
-001107
-000466
-000583
-000990
-001572
-002096
-002038
-000350
0001222
-000524
-003959
-005472
-005356
-005356
-005123
-004075
-002329
0000291
0002677
0003783
0003201
0001106
-001223
-001398
-000117
0000640
0000814
0000640
0000698
0002095
0003900
0004191
0003259
0002619
0002328
0002153
0002270
0003376
0004132
0002852
0000291
-001689
-002154
-000350
0002503
0004016
0004249
0004365
0004365
0004132
0004074
0004773
0005238
0003550
0000989
0000174
0000523
-000408
-001398
-000292
0001688
0002270
0001047
-001980
-004541
-002911
0000814
0001688
0000873
0002735
0004191
-000699
-007859
-009547
-006171
-000815
0003201
0001629
-003202
-006113
-004890
0002270
0010594
0012398
0007858
0000058
-005647
-001281
0007334
0006927
0001047
0000232
0002503
0001746
0000174
0003143
0006810
0003434
-002795
-002678
0000931
-000233
-003610
-003086
-000583
-000815
-002504
-002154
-000583
0000116
0000640
0002968
0005297
0004540
0001629
-001165
-002620
-001514
0000465
-000059
-001747
-001107
0000873
0002095
0001629
-001339
-004890
-005298
-003202
-001165
0000349
0001688
0002212
0001106
-000117
0001164
0003609
0003667
0002328
0001862
0002444
0003958
0005122
0003900
0001164
-001398
-002620
-001456
0000756
0001455
0000407
-002096
-004133
-002562
0000873
0002037
0001106
-000233
-001630
-002736
-002853
-001107
0000931
0000582
-001339
-002154
-001863
-001165
-000641
-001339
-002445
-001805
-000524
-001165
-002504
-002445
-000699
0002503
0005297
0005006
0002735
0001688
0001920
0002153
0002561
0003725
0003958
0000349
-003784
-001921
0003143
0004424
0002794
0001804
0001338
0000523
-000175
0000174
0000756
0000291
-001398
-004192
-006462
-005938
-003610
-002213
-001689
-000815
-000059
-000292
-000641
0000349
0001629
0000465
-001339
0000000
0002444
0001629
-001107
-002678
-002096
0001397
0005238
0005122
0002037
-000932
-002213
-000641
0002328
0003550
0003318
0003783
0003958
0001688
-000990
-000292
0002677
0004831
0005588
0004947
0003085
0000465
-002271
-004890
-006171
-004599
-002038
-002387
-004133
-003202
-001281
-002271
-004308
-003260
-000175
0001979
0002328
-000117
-003435
-004192
-002678
-000990
0000116
-000175
-000932
0000349
0002328
0002386
0000873
-000699
-001456
-000408
0000989
-000175
-002096
-000175
0002444
-001223
-006869
-005822
-000175
0004424
0005588
0001222
-004133
-001747
0005471
0010012
0010245
0006694
0000058
-008907
-013680
-004250
0009546
0008207
-002387
-005181
-002504
-003319
-005647
-004657
-001980
-000990
-001456
-001339
-000932
-000874
-000699
0000582
0002037
0002153
0001280
0000989
0000931
0000232
-000292
0000873
0002153
0000000
-002969
-001339
0002444
0002968
0000814
-001456
-002911
-002795
-001398
0000232
0001513
0002037
0002037
0002212
0002444
0002212
0001571
0000698
-000117
-000583
-000524
0000349
0000931
-000757
-003668
-006345
-006637
-001747
0004307
0004540
0000232
-004075
-006287
-004774
-000815
0002328
0003958
0004656
0004249
0002852
0001280
0000989
0001280
0000523
-000874
-002213
-002911
-002445
-001165
0000407
0001280
-000175
-001980
-000408
0002619
0003026
0001455
0000873
0000523
-001223
-003668
-005472
-006229
-005996
-004774
-002795
-000757
0000465
0000523
-000757
-002271
-002445
-001747
-002038
-002736
-002795
-002271
-001107
-000117
-000641
-001398
0000291
0002561
0001746
-000990
-002562
-002795
-002445
-001630
-000699
0000232
0001746
0002619
0000756
-001921
-001863
0000640
0003609
0005704
0005238
0002910
0000465
-001048
-001048
0000000
0000814
0000873
0000291
-001165
-003959
-006171
-004832
-001630
-000350
-000292
0001280
0002852
0001455
-001281
-001572
-000583
-001805
-003493
-001747
0001164
0000756
-001921
-004133
-004657
-002271
0001164
0002386
0001571
0000814
0000000
-001863
-003027
-000990
0002794
0005355
0005821
0004365
0001222
-003610
-006869
-003260
0002794
0001862
-002678
-002271
0000931
0001164
-000408
-000699
0000174
0001222
0001746
0000989
-000524
-001398
-002154
-003959
-006345
-008616
-009547
-007801
-004774
-002504
-002445
-007044
-011061
-005181
0005413
0010186
0007858
-000059
-008325
-008907
-003726
0000349
0001920
0000756
-001921
-003319
-003202
-002795
-001863
0000232
0001746
0000000
-002736
-001863
0000814
0000523
-001281
-000815
0000989
0001979
0001746
0000116
-001689
-000990
0000523
-000699
-002795
-001456
0001513
0002270
0001222
0000756
0000116
-002620
-005414
-004716
-002329
-002678
-004483
-004017
-002445
-002562
-003784
-004425
-004366
-004192
-003202
0000058
0003259
0002328
-000524
-000350
0001338
0000756
-001339
-002736
-003086
-002562
-001456
-000292
0000756
0002212
0003259
0002677
0001513
0002095
0003609
0004074
0003550
0002735
0001746
0000000
-000874
0001629
0004889
0003434
-000874
-003260
-003726
-004017
-004075
-004075
-003668
-001630
0000174
-002038
-005239
-003435
0000756
0001513
-000815
-003901
-005996
-004483
-001048
0000756
0000465
-001339
-003086
-002329
0000174
0002212
0003026
0002328
0000931
0001047
0001688
0000523
-000874
0000523
0003201
0003667
0002619
0002735
0002677
-000641
-004308
-002911
0001280
0002561
0001688
0001338
0001397
0001397
0000931
-000699
-002562
-003260
-002795
-002038
-001572
-002795
-003784
-000757
0003201
0001862
-002038
-001863
0000582
0000640
-001048
-002329
-002911
-002562
-001689
-001339
-001107
-000175
0001106
0002328
0002910
0002270
0001571
0003143
0005413
0005064
0003085
0002503
0002561
0000814
-001281
-000874
0000698
0000291
-001223
-001107
0000058
0000873
0001280
0001862
0002270
0002270
0001804
0000698
-000757
-001805
-002678
-004483
-005938
-005123
-002969
-001398
-000699
0000000
0000058
-001747
-003726
-002213
-000408
-005007
-011526
-011061
-005589
-000874
0001164
-000757
-004541
-005996
-003784
0002561
0009371
0011525
0008207
0000116
-007859
-008965
-004192
0001280
0005471
0007218
0006170
0003667
0001164
0000931
0001746
0000058
-002678
-003493
-002562
-001456
-000292
0001164
0001920
0000465
-001805
-001921
-000524
0000232
0000000
-001281
-002620
-001921
0000000
0001338
0001338
-000815
-003319
-002504
0000116
0000698
0000116
0001106
0002386
0001862
-000059
-002154
-003086
-001514
0001746
0004715
0005995
0004074
0001106
0001397
0003550
0003318
0001629
0001280
0001513
0000291
-000990
0000407
0002619
0001397
-001048
0000407
0003667
0003667
0001862
0002095
0002968
0001280
-001689
-003377
-003086
-000233
0002619
0001222
-002096
-001223
0001455
0000116
-002969
-002038
0000989
0001571
0000407
-000233
0000232
0002328
0004715
0005821
0004249
-001921
-007743
-004890
0002444
0004365
0001862
-000524
-001689
-000699
0001688
0003783
0004540
0003376
0001338
0000698
0001106
0001338
0001338
0001455
0001688
0002095
0002328
0002153
0001338
-001107
-002736
0000232
0005297
0007742
0006403
0000640
-005356
-004890
-000350
0001455
0000465
-001514
-003086
-002213
0000291
0002444
0003143
0001047
-001863
-002038
0000116
0002735
0004307
0003026
0000407
-000641
0000116
0001979
0003609
0003026
0001106
0000349
0000349
-000059
-000524
-000175
0000931
0002677
0003841
0002444
0000000
-000117
0001047
0000873
-000524
-002154
-003260
-003377
-002213
0000523
0003143
0003376
0001280
-002038
-004483
-003202
0000058
0001106
0000349
-000408
-000233
0002503
0005122
0002619
-002038
-002504
-000350
-000524
-001980
-001863
-000757
-000350
-000059
0001629
0003550
0004074
0002677
-001165
-004832
-004599
-001107
0003609
0006228
0001862
-004599
-003377
0002968
0006985
0007800
0007043
0003841
-003319
-009605
-006928
0000058
0000000
-003668
-001223
0003550
0002037
-002445
-002096
0000931
0001106
-000583
-000466
-000117
-003086
-006695
-005414
-001572
-000524
-001630
-002096
-001689
-000466
0001280
0002968
0003958
0003434
0002270
0002095
0002735
0003085
0003492
0004947
0006228
0005064
0002677
0002095
0002561
0001746
0000523
0000873
0001862
0001571
0000698
0000873
0001571
0001629
0000931
-000583
-001572
0000407
0002677
0000174
-004541
-005472
-003551
-001980
-001048
-000641
-000641
-000583
-000699
-001107
-001747
-002853
-003202
-000641
0002212
-000292
-004308
-001747
0004249
0006403
0005064
0003201
0001338
-000524
-000932
0001688
0005471
0007043
0005995
0003318
0000349
-001223
-000699
0002270
0004947
0002444
-002213
-002271
0000407
0000989
-000757
-004017
-006578
-005298
-001398
0002386
0004132
0001688
-001863
-000524
0003492
0004831
0003201
-000350
-003551
-002911
0000465
0003259
0004482
0003900
0002270
0001513
0001338
0000058
-001281
-000699
0000756
0000349
-000815
-000408
0001106
0002386
0002968
0002794
0002095
0001688
0001164
-000466
-002329
-002969
-002736
-003027
-003435
-003377
-002853
-001747
-000583
-000059
-000175
-000583
-000699
0000291
0001513
0001280
-000117
-001689
-002329
-000466
0002153
0001804
0000000
0001047
0002735
-000233
-004657
-004425
-000874
0001629
0002328
0001164
-000874
-001630
-001281
-000990
-001048
-001980
-003202
-003784
-003202
-000757
0001629
0000698
-001689
-000874
0001455
0001164
-000466
0000174
0001688
0000698
-001281
-001107
0000582
0002503
0002328
-003260
-010013
-009955
-004832
-000175
0001862
-000350
-005123
-009081
-009314
-002620
0006053
0008207
0003958
-003493
-009547
-007917
-001048
0004191
0006228
0005471
0002619
-000117
-001514
-000466
0001222
-000466
-003377
-002911
-000059
0001920
0003085
0004656
0005879
0006053
0004947
0002386
-000059
0000349
0002153
0001746
0000000
-000641
-000292
-000117
0000407
0002852
0004773
0001920
-003086
-004832
-003842
-003551
-003027
0000116
0003201
0001571
-002795
-005647
-005996
-004425
-001398
0002037
0004132
0002910
0000000
-001281
-001048
-000815
-000815
-001398
-002213
-002271
-001805
-001572
-000815
0002212
0005006
0003492
-000408
-002154
-001863
-001689
-001398
-000233
0000989
0000756
-000175
-000292
0000349
0000873
0001164
0001106
0000523
-000583
-001863
-002736
-003144
-003144
-003435
-005647
-007393
-004425
0000407
0001222
-000757
-001339
-001223
-002562
-004017
-002795
-000524
-000466
-002620
-006345
-008616
-004657
0001804
0002910
0000174
-000990
-000350
0001688
0003201
0000814
-003260
-004541
-003377
-001630
-000292
-000583
-001456
-000466
0001106
0000465
-001223
-001223
-000175
-000175
-000641
0000349
0001455
0000232
-001689
-000408
0001862
0000465
-003202
-005414
-005996
-006287
-005880
-004366
-002736
-002329
-003202
-004716
-005647
-004075
-001689
-001980
-003551
-002736
-000757
-000932
-002329
-002678
-002387
-002620
-002911
-001863
-000583
-001048
-002387
-002620
-001398
0001106
0003085
0001455
-001689
-001630
-000350
-003551
-007510
-004948
0000756
0001688
-000874
-002038
-002213
-003202
-004832
-007277
-008616
-005647
-000815
0000640
-000233
0000814
0001629
-002736
-007801
-004948
0001338
0000931
-004366
-009256
-011002
-006695
-000059
0001979
-000466
-004948
-007219
-000815
0009313
0013563
0010769
0002735
-005996
-008965
-006287
-001339
0002677
0000989
-003260
-002795
0000931
0003259
0003725
0002794
0000931
-000699
-001630
-001805
-001805
-003027
-004133
-002154
0000582
-000524
-003842
-005647
-005239
-002969
0000058
0002386
0002852
0000814
-002504
-004948
-005065
-001747
0002794
0004889
0003958
0000814
-002445
-002445
-000350
0000174
-000059
0001571
0003550
0003259
0001455
0000174
0000058
0001338
0003550
0006053
0006636
0002153
-003842
-004599
-001514
0000698
0001280
0000291
-001107
-000524
0000873
0000000
-001863
-001980
-001398
-003086
-005298
-004483
-002154
-002038
-002969
-001630
0000582
0000814
-000466
-001747
-002504
-002678
-001980
-000292
0001397
0001571
0000523
-000874
-001630
-000583
0001397
0002153
0001688
0000407
-000583
0000349
0002328
0003492
0003026
0000116
-003086
-002853
-000408
0001222
0001513
0000523
-000408
0001222
0003725
0003550
0001455
0000058
-000524
-000583
-000932
-003551
-006578
-006753
-004366
-000874
0001920
0001862
-000059
-000757
-000524
-000874
-001048
0000407
0002153
0001804
-000350
-003668
-005938
-004192
-000117
0002968
0003550
0000814
-003086
-003901
-002504
-002562
-002795
-000292
0003143
0004191
0003085
0001397
0000000
0000291
0001164
-000292
-001980
0000640
0004307
0002503
-002387
-004948
-004133
0000291
0005297
0005879
0002677
-001107
-003551
-002445
0000814
0002677
0002619
0000698
-001107
0000582
0003434
0002153
-001456
-002736
-002038
-001339
-001339
-003319
-005589
-005123
-002795
-000990
-000233
-000466
-000990
-000175
0001047
0000407
-000466
0002677
0005821
0000931
-006462
-005298
0001164
0004598
0003783
-000641
-005531
-005472
-001339
0002910
0005937
0007451
0005762
-001630
-008849
-005647
0003085
0005646
0003376
0002910
0003143
0001222
-001223
-001048
0000640
0000756
0000232
0000989
0002735
0005006
0005937
0003085
-001630
-004366
-004192
-001456
0002328
0004482
0004540
0003026
0000931
-000175
0000291
0002968
0005646
0004249
0001164
0001920
0004773
0005006
0003783
0004656
0006170
0005122
0002503
0000756
0000291
0000873
0001513
0000349
-001689
-002911
-002445
0000465
0003667
0003376
0000640
-001514
-002620
-003086
-002620
-000990
0000814
0001222
0000582
0000174
0000000
-000350
-000932
-002213
-003202
-002038
0000174
0001397
0001571
0001571
0001047
-000466
-002038
-002271
-001223
0000116
0001222
0001397
0000814
-000059
-000583
0000116
0001222
0001222
0000349
-000350
-000583
0000058
0000814
0000174
-000874
-000292
0001397
0002735
0002794
0000116
-002911
-001805
0001338
0001397
-000757
-002271
-002678
-001689
-000233
0000465
-000292
-003086
-005763
-004890
-001689
0000465
0001338
0002444
0002852
0000989
-000932
0000756
0004191
0005238
0004074
0002503
0001280
0001513
0002561
0003026
0002852
0002619
0002328
0001629
0001047
0001280
0001571
0000582
-001048
-001863
-001630
-000466
0000931
0001629
0001397
0000232
-001165
-001572
-001398
-001980
-002271
-000233
0002503
0002794
0001397
0000756
0000756
0000582
0000000
-001514
-002911
-002678
-001165
-000059
0000873
0002328
0003550
0003201
0002095
0002386
0002852
0000523
-002504
-002271
0000232
0002328
0003318
0003026
0002270
0003026
0004191
0003376
0001280
-000233
-001107
-002271
-002504
0000349
0003550
0001571
-002562
-001456
0001164
-003493
-010420
-009547
-003435
0001397
0002212
-003551
-010537
-009081
-001747
0003318
0005297
0005937
0004191
-001805
-006986
-002329
0006170
0005530
-000815
-002969
-001921
-002504
-002678
0001746
0006868
0005355
0000174
-001048
0000407
-000292
-001572
0000465
0003143
0001280
-002504
-002329
0000756
0003259
0004132
0001979
-000699
0000814
0004132
0003958
0001397
0000232
0000058
-000524
-001456
-002329
-002678
-001630
-000466
-001630
-003668
-003027
-001107
-001048
-002154
-002213
-001339
-000117
0000756
-000117
-001398
-000292
0001571
0000640
-001689
-002154
-000757
0001862
0003841
0001862
-001689
-001805
0000058
-000466
-002271
-002795
-001805
0000291
0002212
0001979
0000756
0001629
0003434
0003201
0001455
-000233
-001048
0000465
0002328
0000465
-003027
-003144
-001630
-003144
-005472
-003551
0000232
0000582
-001339
-001805
-001339
-001805
-002911
-004017
-004483
-003202
-001747
-003144
-005239
-003027
0000931
0000873
-001689
-002329
-001223
0000174
0001164
0000465
-000815
-000117
0001164
-000583
-002504
0001513
0007101
0005762
0000058
-003377
-003784
-001747
0001222
0002677
0002386
0001164
-000059
0000523
0001688
0000873
-001223
-002795
-003086
-001281
0000931
0000582
-001107
-000874
0000116
-000641
-002678
-004948
-005763
-002678
0001629
0002095
-000408
-002620
-003493
-002329
0000174
0002444
0003434
0001920
-000408
0000000
0001629
0000814
-000990
-000292
0001280
0000116
-002154
-001689
0000814
0003026
0004365
0004424
0003550
0002910
0002794
0003550
0004132
0002037
-000641
0000058
0002619
0003376
0002037
-000932
-003319
-001048
0002735
0001571
-002562
-004716
-004366
-002562
0000000
0001920
0002852
0003667
0002677
-003377
-009955
-009605
-003901
0002619
0005762
-000292
-009081
-008092
-000117
0005937
0008324
0007800
0003667
-004774
-011177
-005414
0005471
0005937
-000350
-002038
0000000
0001629
0002503
0002212
0001455
0001862
0002270
0000174
-002795
-004017
-003027
-000175
0002619
0002212
-000292
-001921
-002562
-002911
-002969
-002678
-002154
-001514
-000932
-000815
-000757
-000117
0000698
0000814
-000059
-002620
-004948
-003959
-001398
-001805
-003144
-000466
0003550
0003376
0000582
-000233
0000756
0002386
0003434
0001920
-000874
-002329
-002038
-000175
0002153
0002910
0002677
0003376
0004191
0003434
0001280
-001572
-004192
-005472
-005763
-006578
-007160
-006113
-003784
-001048
0000698
-000117
-002213
-002911
-002387
-002329
-002445
-002445
-001863
0000058
0001688
0000582
-001863
-002795
-001863
0000582
0003143
0003318
0002212
0002852
0003783
0001746
-001630
-003027
-002504
-001747
-000641
0001397
0002852
0001222
-001456
-000699
0001571
0000349
-002213
-001223
0001338
0000931
-001048
-000932
0000116
-000583
-002329
-003202
-003086
-002271
-001165
-000524
-000524
-001165
-001630
-000059
0001513
-000699
-004425
-004948
-003144
-002038
-001689
-001863
-001805
0000058
0002037
0000756
-001747
-001048
0001397
0001688
0000058
-002562
-004133
-001980
0002037
0004016
0003492
0001280
-000932
-000874
0000931
0002619
0003259
0001688
-000583
-000466
0000873
-000233
-001805
-000408
0003201
0007509
0009371
0004540
-002911
-005123
-002562
0000989
0003609
0003609
0000756
-004308
-008558
-007568
-003551
-002387
-002620
0000232
0003958
0004365
0002677
0002677
0003609
0003201
0001920
0001164
0000407
-002271
-004599
-002445
0001338
0001338
-001572
-004192
-004774
-001048
0004016
0004831
0001746
-003435
-006811
-002969
0004482
0007683
0006636
0005064
0002153
-004832
-010013
-003610
0007159
0007218
0000174
-003144
-002969
-003086
-003027
-001980
-001398
-003668
-006637
-005822
-002853
-002096
-002387
-000175
0002386
0001280
-001630
-002154
-000350
0002386
0004773
0005238
0003900
0001746
0000000
0000582
0002328
0002561
0001571
0001222
0001106
0000000
-001281
-001921
-001339
0000931
0003201
0002852
0000931
0000000
0000174
0000349
0000523
0000523
0000291
-000233
-000757
-000583
-000233
-000874
-001572
-000233
0001920
0002444
0001397
-000292
-002096
-003377
-003435
-001805
0000582
0002503
0002910
0000698
-002387
-003610
-002562
0000058
0002503
0002619
0000873
-000641
-001398
-001223
0000174
0003201
0005704
0004074
0000291
-000874
-000059
0000407
0000407
0000407
0000756
0002328
0003725
0002561
-000175
-001921
-002678
-003901
-004308
-001630
0001513
0000174
-003610
-005356
-004308
-000874
0002677
0002910
0000232
-003493
-005589
-002562
0002444
0002852
-000175
-002678
-002911
0001106
0006519
0008149
0005530
-000233
-005472
-004483
0000640
0004191
0005530
0005937
0005413
0004365
0003434
0003085
0003550
0005238
0006810
0006286
0004074
0001338
-000175
0001746
0005122
0005879
0004249
0001746
-000583
-001980
-001980
-000990
0000349
0000756
0000523
0000931
0001571
0001920
0001804
0001280
0000465
-000059
-000408
-000699
-001165
-002329
-003086
-001514
0000814
0000640
-000699
0000000
0001804
0002095
0001397
0001688
0002095
0000756
-001223
-001398
-000350
-000117
0000000
0001455
0003492
0004773
0004947
0004365
0003376
0002212
0001397
0001280
0001571
0002037
0000931
-004948
-011061
-009198
-002504
0001629
0001571
-002620
-008208
-010653
-008499
-001456
0006170
0008033
0004074
-003027
-008965
-007510
-001630
0000698
0000058
0000174
0000698
0000756
0000291
-000408
-000932
-000350
0000814
0001571
0001746
0001629
0001397
0001571
0001513
-000524
-002678
-001630
0001106
0002270
0001571
-000292
-002213
-002795
-001747
0001047
0003143
0000523
-003726
-002678
0000465
-002154
-006986
-006695
-002387
0002328
0005064
0003550
-000408
-002387
-002445
-002969
-003260
-002154
-000059
0002444
0004365
0004307
0003318
0004191
0005588
0004656
0002270
0000756
0000523
0001338
0002619
0003318
0003318
0003026
0002444
0001862
0001280
0000349
-000466
-000292
0000000
-001514
-003377
-002678
0000058
0003376
0005471
0004540
0001164
-002911
-005414
-003842
0000582
0004715
0006461
0003609
-001456
-004133
-003901
-001805
0000640
0000640
-000699
-000117
0001164
0000058
-002154
-003260
-002504
0000582
0003841
0003725
0001280
-000292
-000699
-000874
-000524
0000582
0001746
0001804
0000814
-000641
-001572
-000350
0001397
0000058
-002445
-002038
0000931
0005064
0007509
0004016
-002096
-004192
-002038
0002503
0006344
0005122
0000756
-001456
-001747
-002445
-003027
-002620
-001572
-000874
-000583
-000583
-000466
0000873
0002212
0001629
-000233
-001689
-002096
-001048
0000407
-000059
-001048
0000523
0003026
0003085
0001280
-000059
-000641
-001107
-000874
0000873
0002677
0002212
0000349
-000699
-000699
0000407
0001397
0000465
-001514
-002795
-002795
-001398
0000407
0000349
-000583
0000407
0001571
-000815
-004250
-003493
0000174
0003318
0004598
0003201
0000174
-002329
-003260
-001398
0000931
-001107
-004133
-000350
0004715
-000524
-009605
-009198
-001689
0005064
0008033
0004889
-001514
-005531
-005298
0000058
0006403
0007101
0002677
-003377
-007684
-006287
-001048
0002968
0004482
0003492
0000756
-002445
-003959
-001107
0003376
0004191
0001746
-001689
-003901
-001921
0002095
0003434
0002386
0000989
-000292
-001514
-001921
-000641
0000989
0000640
-001281
-003086
-003959
-003086
-001165
0000465
0001280
0001047
0000174
-000524
-000932
-001630
-001747
-000117
0002037
0001920
0000698
0000873
0002270
0004365
0005762
0004307
0002037
0003143
0005879
0006112
0004831
0005355
0006053
0003085
-001107
-001747
0000407
0002735
0003783
0001688
-001863
-003202
-002620
-002154
-002096
-002969
-004133
-004308
-003610
-002678
-002038
-002271
-003144
-004250
-004657
-002736
-000292
-000932
-002911
-002154
-000059
-000292
-001689
-001572
-000583
-000233
-000292
0000349
0000698
-001048
-002795
-000117
0004132
0003609
0000698
0001280
0004074
0006053
0006053
0002968
-001281
-003493
-003668
-003959
-003435
-000175
0003143
0001979
-001689
-002795
-001980
-001921
-002329
-001980
-001398
-001048
-001223
-001921
-002562
-002562
-001747
0000116
0001688
0000989
-000932
-001223
-000350
0000058
-000233
-001805
-002562
0001338
0006694
0007509
0004715
0001862
0000407
0001746
0004540
0005821
0005180
0002735
0000232
0000814
0002910
0002619
0000989
0000698
0001338
0001571
0001106
-000583
-002038
-001048
0001629
0004191
0004831
0000873
-003901
-002329
0002677
0003900
0001571
-001805
-004657
-005239
-003377
0000291
0003318
0001920
-001572
-001281
0000931
0000000
-002445
-001980
-000350
-001339
-003784
-004890
-004308
-002562
-000175
0001920
0002968
0002503
0000873
-000466
-002213
-006869
-010478
-006637
0000931
0005238
0004249
-002736
-009664
-005880
0004132
0009663
0009721
0007916
0003143
-007102
-015426
-009605
0002270
0002677
-004483
-006869
-005298
-004366
-003610
-001514
0000058
-001863
-005123
-005239
-003260
-002213
-002504
-004192
-005996
-006171
-004425
-000874
0002328
0001571
-000990
0000000
0002910
0003550
0002386
0000873
0000116
0001338
0003376
0003900
0002968
0001338
0000000
0000291
0001164
0000291
-001398
-001980
-001398
0000058
0001513
0001513
0000523
-000175
-000466
-000757
-000757
-000233
0000291
-000175
-001398
-003260
-004425
-002445
0000000
-002038
-006345
-008092
-006404
-001223
0004191
0004482
0001397
0000349
0000814
0000232
-000699
-000466
0000232
0000000
-001048
-003027
-003668
0000756
0006344
0005879
0001629
-000117
0000582
0001979
0003201
0003143
0002153
0001513
0001222
0000873
0000756
0001164
0001571
0000640
-000874
-001572
-001398
-000641
-000059
-000815
-002271
-002795
-002329
-001398
-000874
-002038
-004017
-004948
-004716
-004250
-003726
-003901
-004017
-002562
-001048
-002271
-004890
-006345
-005298
-000874
0004482
0006810
0005879
0003318
0000174
-002620
-003319
0000058
0004540
0004831
0002095
0000349
0000116
0001455
0003259
0003318
0002328
0002561
0002735
-000117
-003842
-004599
-002795
-000874
0000174
-000350
-002387
-005705
-007859
-004657
0000407
0000349
-002620
-002096
0000174
-000524
-002795
-003668
-002678
0000232
0003259
0003609
0001688
-001048
-002329
0001222
0006112
0005530
0001106
-001805
-002853
-002911
-001980
-000466
0001280
0002852
0003609
0003143
0001862
0001106
0000756
0000000
-000641
-000233
0000465
-000292
-001980
-003144
-004366
-007393
-009489
-005705
0000465
0002503
-000175
-006811
-012399
-009314
-000641
0005995
0007800
0003318
-004541
-010711
-011934
-005705
0003085
0005238
0002503
0001979
0002503
-000059
-002853
-000583
0003550
0002968
-000699
-002911
-002736
0000000
0003550
0004947
0004016
0001862
0000000
0000814
0003318
0005297
0005821
0004656
0002444
0000523
-000524
-000524
-000292
-001689
-003377
-002620
-000757
-000699
-001339
0000756
0003434
0002968
0000232
-002329
-003842
-004192
-003260
-001107
0000873
0000989
-000583
-002504
-003668
-002736
-000699
0000058
0000000
0001047
0001862
-000408
-003493
-003377
-000874
0001513
0002619
0001106
-001456
-002038
-000583
0002095
0004715
0005530
0004540
0002735
0001047
0000873
0001920
0002910
0003026
0001280
-001281
-002969
-003319
-002329
-001048
-001223
-002387
-002853
-002678
-002271
-001514
-000292
0000931
0001629
0001222
-000699
-002678
-002213
-000408
-000524
-001165
0001222
0004191
0003026
-000292
-001223
-000059
0000814
0001397
0002212
0002444
0001106
-001398
-004425
-006462
-005298
-002329
-000699
-000233
0000931
0001746
0000407
-001630
-001572
0000349
0002677
0004365
0004365
0003026
0001920
0000931
-000990
-002504
-001107
0001280
0000698
-001630
-002213
-001630
-002154
-003086
-003202
-002329
-000524
0001164
0000989
-000757
-003202
-004948
-004541
-001921
0002270
0005937
0006636
0004307
0000058
-003435
-002213
0001455
0001629
-000292
-000175
0001106
0001688
0001513
0001047
0000873
0001979
0003085
0001920
-000233
-000757
0000232
0001746
0002503
0000523
-002329
-002271
-000350
0000582
0000407
0000000
-000408
0000000
0000523
-000350
-001630
-001339
-000292
-000583
-001281
0000232
0001571
-002387
-007219
-004075
0002852
0004307
0000873
-004017
-007160
-004541
0001804
0007392
0009313
0005006
-002445
-007451
-007393
-000117
0008382
0007159
0000349
-000815
0002212
0004016
0004482
0004598
0004365
0003667
0002794
0002153
0001455
-000175
-001572
-000524
0001338
0000582
-001805
-002969
-002911
-002853
-002038
0000756
0003550
0002503
-000233
0000174
0002095
0001746
-000408
-002620
-003668
-001805
0000640
-001630
-004832
-000699
0006519
0007858
0004365
0000814
-001281
-000466
0002503
0005995
0007800
0005238
0000640
-001223
-000874
-001398
-002329
-002504
-001863
-000874
0000407
0001979
0003143
0003259
0002328
0000814
-000350
0000232
0001688
0001862
0000989
0000349
-000292
-001398
-002445
-002387
-001805
-001921
-002795
-004541
-005298
-002213
0002735
0005238
0005530
0006053
0006053
0004132
0001222
-001339
-002387
-000699
0002212
0003259
0002561
0001571
0001222
0002852
0005238
0006170
0005122
0002270
-000699
-001223
-000175
-000466
-001398
-001165
-000292
-000292
-000815
-000932
-000583
0000291
0000698
-000932
-003726
-005822
-006637
-006345
-004890
-002096
0000523
0000931
-000757
-003784
-005938
-004133
-000641
-000583
-002387
-001572
0000349
-000466
-001805
0001338
0005646
0004598
0000116
-003260
-003842
-000524
0004365
0005995
0005122
0005646
0005879
0002270
-002096
-001572
0001688
0001629
-000408
-000233
0001047
0000582
-000699
-000583
0000582
0001455
0001513
0000116
-002096
-003784
-004133
-002504
0000291
0002794
0004016
0003434
0001222
-002329
-005181
-004483
-001921
-001514
-002154
-000350
0002212
0002444
0000640
-002154
-003901
-001921
0002037
0004132
0003900
0002270
0000640
0002328
0004424
0001047
-004250
-004192
0000116
0005297
0007451
0001164
-007335
-005647
0002328
0006403
0005879
0003085
-000815
-004541
-005763
-000990
0004424
0000291
-007393
-005007
0002677
0003667
0000116
-001223
-000815
-001107
-002154
-004133
-005298
-002969
0000814
0001862
0000465
-001805
-002445
0002619
0009139
0008731
0003609
0000116
-000874
-000059
0002037
0003783
0004715
0004947
0004307
0002735
0001047
0000756
0001222
0000698
-000233
-000350
0000349
0001571
0002444
0001688
-000408
-003377
-005239
-002620
0001513
0000931
-002329
-002795
-001514
-001747
-002562
-001689
0000116
0001280
0001164
-000466
-002853
-004716
-005472
-004832
-003551
-003086
-003027
-002213
-001107
-000233
-000233
-002562
-004657
-001514
0003376
0003201
-000292
-001572
-000990
-000699
0000058
0003201
0006228
0004715
0000698
-001281
-001048
-000059
0000931
0000698
-000175
0000349
0000814
-001747
-004832
-003144
0000640
0000756
-001572
-002620
-002271
-001456
-000932
-002678
-004541
-001805
0002095
-000059
-004948
-004599
-001572
-002795
-005705
-004133
-000757
-001689
-004774
-004366
-002387
-003842
-006345
-005181
-001630
0000698
0001397
0001164
0000756
0001920
0003667
0003900
0003085
0002561
0002328
0001629
0000756
0000058
-000117
0000582
0001513
0001804
0001164
-000408
-002038
-002387
-001805
-001747
-001689
-000466
0001047
0001629
0001222
0000523
-000233
-000757
-001223
-001921
-002736
-003551
-004017
-003726
-002504
0000116
0002503
0002270
0001047
0002852
0005530
0003958
0000523
0000989
0003085
0001629
-001747
-003726
-003377
-000117
0003667
0004249
0002328
0001047
0000291
-001514
-002853
-001572
0001338
0004016
0004715
0001397
