-005531
-002387
0003550
0005355
0003085
-000757
-003551
-001281
0003376
0003841
0002037
0003609
0006403
0005646
0002968
0001979
0002270
0001688
0000931
0001397
0002794
0004016
0004889
0005413
0005704
0006461
0007043
0006577
0005180
0003259
0002095
0003667
0006519
0007509
0006636
0005297
0004307
0004831
0005937
0005297
0003550
0002328
0001746
0001804
0001804
0000349
-001514
-001514
-000757
-001689
-003086
-001805
0000291
-000466
-002969
-004192
-003842
-002154
-000408
-000815
-002678
-004308
-004890
-003901
-001980
-000699
0000582
0003841
0007043
0006927
0004191
0001106
-000524
0001629
0005704
0007567
0007567
0008091
0008498
0006927
0004947
0005530
0007043
0005588
0002794
0002386
0003841
0005355
0006228
0006112
0004656
0001688
-000990
-000350
0001513
-000117
-003144
-002678
-000059
0001164
0000931
0000465
-000292
-001398
-002096
-001630
-000699
-001048
-001980
-001689
-000757
-000874
-001456
-001398
-000408
0001629
0003609
0004132
0003550
0003550
0003667
0002735
0001862
0003492
0005297
0002444
-001747
-000059
0004249
0003609
-000175
-001980
-002038
-002620
-002853
-001339
0000814
0001222
0001106
0003492
0006228
0004889
0001397
0000116
0000814
0001513
0001804
0001164
-000117
-001048
-001630
-002038
-002213
-002271
-001980
-001281
0000058
0002794
0005355
0005122
0003143
0002328
0002677
0002968
0003085
0002852
0001979
0000000
-001689
-000874
0001338
0002386
0001746
-000641
-003144
-003319
-001398
0000873
0002735
0003841
0003318
0000232
-002969
-002562
0000174
0001979
0000640
-006287
-015776
-022470
-024100
-019967
-012574
-006811
-004075
-003842
-004832
-004483
-002329
0001222
0004540
0005646
0004249
0001047
-001805
-001572
0001513
0005995
0009255
0007625
0003783
0003667
0005937
0005937
0004715
0004715
0005704
0006985
0007509
0005471
0002619
0002212
0003492
0003958
0003609
0002968
0002212
0001746
0001688
0001979
0001804
-000757
-003668
-003435
-000990
0001106
0001629
-000815
-003842
-003027
0000000
0001513
0000931
-001689
-004657
-005298
-004017
-002795
-001921
-001398
-001165
-000874
0000000
0002503
0005180
0005762
0004540
0003026
0002212
0003550
0005995
0007043
0007276
0009139
0010652
0008149
0004016
0003434
0005180
0005238
0004191
0003841
0004132
0004540
0004715
0004424
0003550
0001746
0000232
0001106
0002910
0002735
0001164
0000523
0000407
-000408
-001281
-001107
-000815
-002736
-004890
-003435
-000699
-002271
-005298
-003144
0000989
-000233
-004133
-003901
-001165
-001107
-001921
0000349
0003550
0003026
0000989
0003318
0006752
0004482
-000466
-000874
0001571
0001571
0000000
-000117
0000698
0000931
0000931
0001571
0002619
0003434
0003725
0003609
0002735
0000582
-001630
-002154
-001165
0000291
0001397
0001280
0000000
-002271
-004133
-003784
-002271
-002213
-003027
-002736
-001805
-001630
-001281
0001280
0004191
0004249
0002037
-000292
-001805
-001863
-000990
-000757
-000815
0000174
0001629
0002503
0003143
0004773
0006112
0005180
0002852
0001164
0000814
0002270
0004307
0005064
0004540
0003783
0002503
-000175
-002969
-003784
-003027
-002329
-001689
-000524
0000058
-001980
-004483
-003726
-001339
-001630
-003260
-002620
-000699
0000232
0000116
-000233
-000524
-000932
-000583
0002852
0004715
-003726
-015426
-017115
-011119
-006229
-003377
-001456
-001165
-002678
-004483
-003842
-001514
0000291
0001397
0002444
0002910
0001804
0000407
0000989
0002619
0002910
0001862
0000174
-001630
-002853
-003377
-003901
-003959
-002969
-001689
-001747
-002445
-001980
-001165
-001689
-002911
-003260
-002445
-000408
0001979
0003550
0003783
0002328
0000291
-000641
-000350
0000349
0000698
-000524
-002154
-002038
-000932
-001339
-001980
0000291
0003143
0002037
-000990
-000990
0000698
0000174
-001281
-000641
0001280
0002444
0002095
-000641
-003377
-001514
0002444
0002852
0000407
-001863
-003260
-003726
-003144
-001689
-000175
0000814
0000523
-001514
-004133
-005123
-005007
-005472
-006054
-005822
-004832
-003726
-002620
-001747
-001107
-000292
0000232
-000292
-001048
0000000
0001338
-000524
-002969
-000466
0003841
0002794
-000990
-001223
0001106
0002910
0003201
0000873
-001398
0001280
0006112
0007159
0004191
-001398
-006287
-005822
-001572
0001804
0003026
0001979
-000233
-000757
0000174
0001455
0001920
-000059
-003144
-004425
-004250
-004948
-005356
-002911
-000117
-001514
-005123
-006054
-005065
-005065
-005356
-004017
-002329
-003086
-004890
-004425
-002445
-001398
-001107
-000990
-000874
-000815
-000583
0000000
0000465
-000233
-001398
-001514
-000932
-000524
-000408
-000350
-000292
0000116
0000873
0002095
0002910
0001571
-000117
0001397
0004365
0004889
0002968
-000350
-002969
-001921
0000989
0001513
0000116
-001223
-002096
-002736
-002853
-002853
-002678
-002329
-002213
-003144
-004192
-003959
-002562
-000757
0000873
0001688
0001338
0000291
-001339
-004133
-005589
-001921
0003550
0004074
0001280
-000059
0000582
0002968
0004656
0002270
-003784
-011992
-017988
-015950
-008849
-004250
-002445
-000524
0000407
-001398
-003493
-001048
0002968
0002153
-001165
-001107
0001164
0002095
0001862
0001338
0001164
0002328
0003667
0002619
0000873
0001629
0003900
0005006
0004831
0004016
0002794
0001513
0001047
0002968
0005413
0005006
0002910
0002212
0002852
0003783
0004249
0003143
0001920
0003783
0006461
0005413
0002444
0001979
0003026
0002444
0000698
-000874
-001805
-001921
-001747
-002620
-003726
-003086
-001572
-001223
-001805
-002620
-002795
-001223
0000698
0000058
-001689
-000815
0001455
0002386
0001862
0001222
0000116
-002445
-004308
-002154
0001862
0002910
0001862
0001746
0002212
0002328
0002153
0001862
0001688
0001688
0002095
0003376
0004598
0004132
0003259
0005238
0007916
0007218
0004656
0004482
0005297
0003725
0000989
-000292
-000233
0000058
-000175
-002504
-004541
-001339
0003550
0003143
-000641
-002620
-002620
-002213
-001398
-000175
0000465
-000874
-003202
-004541
-004250
-001805
0000698
-000350
-003260
-003610
-001921
-000117
0000989
0000582
-000466
-000408
0000698
0002153
0003259
0003201
0002386
0001746
0002153
0004773
0007451
0006344
0003085
0001920
0002619
0003376
0004249
0005646
0006519
0005937
0003958
0001280
-000699
0000058
0001804
0000291
-002329
-001398
0001571
0002677
0002270
0002386
0002270
0000582
-001863
-003435
-003668
-002504
-000524
0001397
0002153
0000349
-002445
-003260
-002387
-001339
-000350
0000873
0001629
0001164
0000000
-001107
-001223
0000640
0002910
0002444
0000814
0001862
0003841
0002852
0000174
-000757
-000292
0000000
0000407
0001513
0002735
0002968
0002328
0001222
0000116
-000466
-000350
0000349
0001047
0001455
-000233
-006695
-014728
-019152
-019443
-018512
-015426
-008325
-001339
-000350
-003784
-006520
-006869
-003319
0001804
0004074
0003259
0000756
-001398
0000291
0003667
0004191
0002386
0001047
0000349
-000292
-000059
0002153
0005180
0007625
0008207
0005530
0002037
0002386
0004656
0003085
0000640
0003667
0008498
0007218
0002968
0003201
0006286
0007567
0006694
0004191
0001047
-001223
-001863
-000815
0001164
0002968
0003434
0001164
-001630
-000757
0002095
0002619
0001338
0000640
0000349
-000117
-000583
-000757
-000408
0000582
0002037
0003550
0004773
0005762
0005879
0003841
0001688
0002735
0005646
0007451
0007567
0006053
0004132
0003783
0004715
0005762
0005879
0003958
0001164
0000232
0001106
0002619
0003900
0003609
0001804
-000757
-002969
-003842
-003202
-001572
-000117
-000699
-002504
-003435
-003551
-004192
-004483
-002853
-000757
-001107
-002678
-002504
-000874
0001455
0003026
0001629
-000932
-000583
0001455
0001629
0001106
0002852
0005530
0006403
0005413
0003376
0001222
0000232
0000756
0002968
0005064
0004132
0001571
0000814
0001571
0002328
0002735
0002561
0001804
0000873
0000407
0001338
0002561
0001804
-000117
-001339
-001689
-001398
-001107
-001630
-002795
-004133
-004716
-003202
-001223
-002445
-004890
-004075
-001689
-001456
-002736
-003144
-002736
-001747
-000874
-001514
-002329
-000408
0002677
0003376
0002910
0004715
0006985
0005995
0003085
0001338
0001222
0002794
0004482
0003783
0001746
0000931
0001106
0000931
0000814
0001397
0002619
0004656
0006170
0005006
0002677
0002212
0002677
0001164
-000524
0001746
0004773
0002270
-002911
-004425
-002969
-001514
-001048
-002562
-004716
-005123
-003842
-001921
-000524
-000233
-002969
-011934
-020898
-019385
-011643
-008907
-009605
-007684
-004308
-002504
-001572
0000465
0002503
0002619
0001397
0000582
0000349
0000407
0000989
0002095
0003143
0003085
0002619
0004074
0005064
0000291
-005181
-001281
0006810
0007858
0003841
0002270
0002212
0000000
-001805
0001920
0007159
0006403
0001746
-000524
-000524
-000641
-000059
0002852
0005762
0004831
0001629
0000465
0000814
0000582
0000349
0001629
0003318
0003725
0002561
-000117
-002795
-003610
-002504
-000524
0001397
0002095
0001746
0001746
0001455
-000408
-002736
-004133
-003784
-001281
0001920
0003609
0003143
0000582
-002445
-003027
-001689
-000932
-000408
0000698
0001688
0001513
0000349
-001339
-002620
-001921
-000641
-001689
-003435
-002154
0000349
-000059
-002038
-002038
-000757
-000699
-001048
-000117
0001571
0002794
0003259
0003143
0002910
0003958
0005122
0004424
0002270
0000116
-001165
-000408
0001222
0001222
0000116
-000350
-000175
0000174
0000349
-000350
-001339
-001514
-001223
-001398
-002271
-004250
-006113
-006054
-004716
-004366
-004774
-005356
-005647
-005298
-004541
-004075
-004017
-004308
-004890
-005472
-005356
-003610
-001281
-000408
-000641
-000699
-000583
-000583
-000699
-001165
-001398
-000292
0001338
0002095
0001862
0001106
0000523
0000873
0002095
0003783
0004889
0003725
0001455
0000407
0000640
0001338
0001513
-001048
-003784
-001572
0002444
0001455
-001805
-000466
0002619
0000640
-003959
-005298
-004192
-003842
-004425
-005822
-006695
-004133
-001165
-003610
-008499
-009256
-006753
-004425
-002678
-001339
-000699
-000757
-001048
-000408
0000407
0000232
-000583
-000699
-000524
-001107
-001805
-002213
-001689
0001106
0002503
-003610
-013913
-022179
-024915
-019618
-010129
-004541
-002853
-000583
0000640
-002387
-005763
-002154
0004482
0005413
0002153
0000349
0000000
-000233
0000291
0002677
0005180
0004889
0003026
0003492
0004482
0002212
-001223
-001281
0000640
0000640
-000466
0000000
0001280
0001280
0000523
0000582
0000756
-000466
-002271
-003377
-002911
-000292
0003026
0004249
0003725
0003492
0003143
0001688
-000117
-001398
-001572
-000350
0001280
0001106
0000058
0000291
0001047
0000873
-000292
-002038
-003668
-004250
-003959
-003493
-002562
-000350
0001920
0002095
0000640
-000815
-001863
-002678
-002387
-000175
0002852
0004715
0004889
0003609
0001804
0000989
0001513
0002968
0004598
0005297
0005064
0004598
0004598
0006170
0007683
0005995
0002619
0001222
0001047
-000932
-003144
-002678
-000466
0000698
0000873
0001047
0000989
0000465
-000233
-000699
-001048
-002096
-002445
0000582
0004132
0003376
-000350
-002853
-003668
-003551
-002736
-001630
-000757
-000641
-000815
-000350
0000640
0001571
0002153
0002212
0001688
0000814
0000232
0000873
0001804
0000931
-000350
0001106
0004132
0006286
0007159
0007334
0006286
0003434
0000523
0000291
0002212
0004307
0005530
0005122
0003550
0002270
0001688
0001979
0001920
-001398
-005181
-003784
0000174
0000756
-001223
-002562
-002620
-000583
0001338
-001165
-005065
-003784
-000117
-000641
-003610
-004133
-002911
-002271
-002620
-004017
-005414
-005589
-003726
0000873
0005238
0004715
0000523
-003319
-005356
-004890
-002562
-000466
0001106
0002619
0003841
0005122
0005064
0001338
-002504
0000407
0006344
0006927
0004074
0003958
0005413
0005122
0003667
0002735
0002212
0001164
0000116
0000000
0000232
0000465
-001805
-010770
-020782
-022353
-016474
-008790
-002853
-002038
-005181
-008092
-008907
-006462
-001980
0001862
0003609
0002328
-000524
-001805
-001339
-000292
0001222
0003085
0004424
0004016
0002852
0003201
0004656
0005879
0005879
0003026
-000117
0001338
0005297
0006752
0005995
0005122
0004132
0002095
0000989
0004074
0008324
0007683
0004307
0004074
0005762
0005821
0004715
0004249
0004074
0003318
0002444
0002037
0002212
0002794
0003434
0003841
0003434
0001629
-000292
-000117
0001106
0000698
-000757
-002038
-002445
-001456
-000117
-000757
-001689
0000931
0004656
0004540
0001920
0000989
0001397
0001571
0001571
0002037
0002386
0002270
0001280
-001281
-003144
-000233
0004540
0005646
0003085
-001572
-005356
-004192
-000117
0001397
0000873
0001280
0001571
-000292
-002911
-004133
-003086
0000756
0004889
0005122
0002619
0001164
0001047
0001571
0002386
0002794
0002619
0001979
0001164
0000640
0000989
0002968
0005122
0004889
0003259
0002852
0003143
0002270
0001280
0002386
0004482
0005006
0004424
0004540
0004540
0002212
-000641
-000757
0001222
0003434
0004540
0003143
0000291
-001339
-001398
-000292
0001106
0001513
0000698
-001165
-002795
-002562
-000699
0002270
0003783
0000058
-005531
-006287
-003260
-001223
-000117
0001629
0002735
0001629
-000524
-001398
-001165
-000932
-001107
-001980
-002853
-002562
-001107
0000873
0002735
0003667
0003900
0004365
0004947
0005471
0005879
0006461
0006985
0007742
0007276
0002910
-002038
-001514
0002037
0002270
0000349
-000117
0000814
0002444
0003492
0002037
-000815
-002678
-003202
-002736
-002096
-002562
-003493
-002911
-001747
-002213
-003435
-003202
-002213
-002387
-003027
-002853
-002271
-001630
-003144
-010304
-018686
-020956
-017697
-013622
-008849
-002445
0002910
0004540
0002444
-002329
-005414
0000407
0009371
0009371
0003667
0001338
0002153
0002444
0003026
0005297
0007334
0005762
0002386
0001106
0001455
0000873
0000698
0003958
0007567
0005879
0001222
-001048
-000990
-000990
-000408
0001979
0004249
0003085
0000291
0000291
0001688
0001047
-000757
-001281
-001107
-002271
-003202
-000757
0002561
0001979
-000932
-001921
-000990
0000756
0002735
0003958
0004016
0003026
0001688
0001513
0002037
0001513
0000873
0002561
0004191
0001164
-003435
-003144
0000058
0000291
-000874
0001455
0004307
0001571
-003202
-002271
0001629
0001338
-001514
-002154
-001281
-001281
-001107
0001746
0004715
0003085
-000815
-001456
0000174
0000523
-000059
-000408
-000175
0000698
0001629
0001804
0000989
-000874
-002038
0000349
0004016
0004191
0002212
0002328
0003085
0001164
-001805
-003086
-002213
0000523
0002852
0000756
-003202
-003435
-001048
0000000
0000116
0001047
0001746
0000582
-001456
-002445
-002620
-002969
-003435
-003726
-004133
-005065
-005589
-003493
-001107
-002795
-005996
-004890
-000990
0001746
0002852
0003085
0002503
0001280
0000407
0001338
0002794
0001862
0000058
0000814
0003143
0004831
0005064
0003318
0000931
0000000
0000873
0003201
0005064
0003259
-000059
0000407
0002328
0000000
-004075
-004250
-001863
-001107
-001514
-001281
-000757
-000757
-000757
0000756
0001746
-001572
-006345
-006578
-003726
-002096
-001921
-002154
-002562
-002445
-002154
-002387
-002853
-002445
-001921
-002969
-004308
-003086
-000757
-000233
-000990
-001223
-000524
0001106
0002968
0004074
0004074
0003085
0002212
0003376
0005413
0005879
0003783
-001107
-007743
-015019
-019268
-016241
-009256
-005938
-005007
-000059
0004249
-001281
-009896
-007743
0000582
0003085
0000640
-001630
-003144
-003610
-003086
-002271
-001980
-003319
-005298
-005705
-005007
-005065
-004948
-002736
0000291
0001862
0002153
0002910
0003492
0002910
0001862
0001513
0001804
0001513
0001629
0004191
0006810
0005355
0001746
0000698
0001571
0001979
0001571
0000116
-001223
-000292
0001513
0000931
-000932
-001223
-000117
0001513
0003026
0003725
0003259
0001164
-000699
0000756
0003201
0001746
-002213
-005298
-005880
-002154
0002386
0000989
-003551
-004250
-002038
-000350
0000000
-001747
-003901
-003202
-000583
0001338
0002503
0004132
0005006
0003201
0000523
0000407
0002095
0003492
0003958
0003434
0002212
0001047
0000523
0000989
0001920
0002328
0001629
-001165
-003784
-002096
0001862
0003318
0002328
0000698
-000932
-001281
-001281
-003202
-005356
-004308
-001398
0000349
0000931
0001629
0001862
0000582
-001223
-001747
-001339
-000815
-000932
-002969
-005123
-003901
-001165
-001630
-003319
-001514
0002328
0004656
0005297
0005413
0004889
0003259
0002095
0003609
0005937
0004889
0001513
-001223
-002562
-002271
-000815
0000232
0000523
0000058
-001223
-003551
-005007
-002504
0001164
0000349
-003260
-004948
-004948
-005007
-005298
-005996
-006462
-005356
-004017
-005065
-006811
-005472
-002445
-000874
-001048
-002271
-003901
-004890
-004425
-001630
0001280
0000640
-002387
-004832
-005298
-002562
0001164
0001397
-000292
0000582
0002503
0002212
0000349
-001223
-001921
-000990
0000174
-001107
-002911
-000583
0002910
0001222
-003377
-005531
-005298
-004308
-003377
-003959
-005181
-004774
-003260
-001107
-001223
-008034
-017115
-020141
-017638
-013855
-010362
-008907
-008965
-007917
-005938
-003493
-001048
0000873
0001746
0001397
0000116
-001980
-003202
-001281
0002153
0003434
0003026
0003609
0003783
0000523
-003319
-002620
0001455
0005355
0008033
0009255
0008498
0005704
0002444
0000523
0000756
0003201
0005995
0005995
0003958
0002270
0001629
0002503
0003783
0003318
0001513
0000000
-000874
-001456
-001398
-000233
0000931
0000523
-000815
-001398
-001281
-001223
-001339
-002096
-002911
-002678
-001747
-000699
-000350
-001514
-003610
-005414
-005996
-004250
-001514
-000932
-001223
0001047
0004074
0004773
0003085
0000116
-002795
-004308
-003668
-000757
0002910
0005006
0005180
0004016
0002386
0001571
0001746
0002852
0003550
0001513
-001048
0000582
0003492
0000873
-003377
-000757
0005064
0005937
0002968
0000931
-000466
-003435
-005356
-002445
0002503
0003900
0001862
-001572
-004483
-004599
-002329
0000931
0003143
0001688
-001747
-003144
-002387
-000757
0001397
0003900
0005530
0004889
0002561
0000174
-001281
-000874
0000407
-000292
-001398
0000465
0003318
0002794
0000582
0000756
0002328
0002735
0001746
-000466
-002387
-001514
0001106
0002619
0002968
0003085
0003026
0002910
0002561
0001688
0000698
0000523
0000873
0000756
0000465
0000873
0001047
-000874
-003027
-001689
0001047
0000931
-000874
-000815
0000931
0003434
0005588
0005995
0005238
0005471
0006170
0005646
0004424
0003841
0003725
0003259
0002794
0003026
0003143
0001397
-001048
-002038
-001689
-001281
-000699
0000873
0001979
0000407
-002213
-002329
-001281
-002620
-005007
-005298
-004425
-004890
-005531
-004133
-001572
0000523
0001164
-000990
-003610
-002154
0000349
-002038
-008150
-014670
-018221
-015426
-008558
-003435
-000292
0003725
0006228
0003201
-001630
-001165
0002677
0004307
0003958
0003783
0003550
0002386
0001397
0002677
0004482
0003318
0000873
0001106
0002735
0002386
0001397
0003026
0004947
0002386
-001805
-001572
0001571
0003434
0003026
-000292
-003726
-002271
0001164
-000815
-004774
-002329
0002619
0001455
-003202
-004832
-003260
0000291
0003783
0004016
0001862
0000174
0000291
0003958
0007916
0005704
0000465
-000699
0001397
0003318
0004482
0004831
0004074
0002386
0000291
-001805
-002678
-001281
0001513
0003841
0004773
0003841
0002212
0002503
0003725
0003143
0001455
0000058
-000233
0001804
0003609
0000349
-004483
-003551
0001047
0003609
0003492
0001397
-001572
-003202
-003668
-004483
-004832
-003610
-001281
0001338
0002503
-000175
-003842
-002562
0001629
0003667
0003376
0002328
0000931
-000350
-000874
-000583
0000873
0003725
0006461
0007043
0005879
0004715
0003725
0002794
0001629
-000524
-002678
-003435
-003144
-003610
-003784
-001398
0001979
0003492
0003026
0001513
-000233
-001223
-001048
0000523
0002328
0002794
0001513
-001572
-004192
-002504
0000814
-000292
-003202
-001863
0001804
0003259
0002677
0002095
0001862
0002968
0004074
0002037
-000524
0001688
0005762
0005355
0002386
0002095
0003376
0002794
0001455
0002386
0003667
0001047
-002736
-002387
0000582
0001804
0001397
0001106
0000058
-003493
-007044
-006637
-003493
-001048
-000292
-001456
-003610
-004541
-003668
-000757
0002561
0003492
0002328
0001106
-000350
-002736
-004366
-002387
0000931
0001164
-000815
-002038
-001921
-000583
0001222
0002386
0002095
-000292
-002736
-001805
0000931
0001804
0000523
-001747
-005356
-011410
-016940
-018046
-014495
-007975
-001514
0001280
0000232
-002504
-005181
-005356
-003435
-001630
-000292
0000582
0000349
-002213
-005007
-004366
-001805
-000990
-001630
-001980
-002154
-002620
-002853
-001456
0000000
-001281
-003202
-001572
0002095
0004132
0004424
0003841
0003201
0003609
0004947
0006461
0007683
0008324
0008324
0007974
0007276
0006344
0005588
0005937
0006636
0005995
0004889
0005646
0006694
0004773
0001629
0000523
0001979
0005995
0009313
0006694
0001164
-000233
0001164
0000873
-000350
-000524
-000117
-000233
-001107
-002678
-004366
-005298
-004890
-002969
-000524
0000582
0000640
0001164
0001397
-000408
-002504
-001572
0001047
0002503
0002735
0003026
0002852
0001280
-000699
-001514
-000874
0000814
0002735
0003492
0002910
0001397
-000059
0000116
0001338
0002212
0002328
0001629
0000814
0001455
0002561
0002503
0001222
-000699
-002213
-001630
-000175
-000408
-001747
-002329
-002271
-002795
-003202
-002504
-001165
-000059
0000291
-000583
-002329
-004250
-005531
-005822
-004890
-003027
-001107
-000350
-000699
-001165
-001747
-003260
-004075
-001514
0002503
0004947
0004307
-000699
-006287
-005705
-001281
0000523
-000641
-003784
-006462
-004541
-000408
0000232
-001805
-003319
-003842
-003377
-002504
-002213
-002445
-003144
-003202
-000583
0002503
0001513
-001514
-001339
0000349
-000466
-002853
-004250
-004250
-002911
-000815
0000640
0001047
0000465
-000583
-001048
-000583
0000698
0002153
0002735
0002561
0002270
0002212
0002735
0003318
0002794
0001571
0000232
-000699
-001165
-000699
0001804
0004074
0002153
-002096
-004075
-004017
-004250
-004716
-005414
-005822
-004890
-003377
-002678
-003202
-004483
-007626
-014844
-022004
-022470
-017929
-013855
-010886
-007917
-006637
-009722
-012749
-007568
0001047
0002794
-000583
-002795
-003435
-003610
-002504
0001164
0004947
0004598
0002037
0002095
0004074
0005413
0005937
0005995
0005530
0004307
0003259
0003667
0004773
0004540
0003667
0003900
0004540
0004132
0002561
0000116
-002154
-002562
-002038
-003144
-004541
-003610
-001630
-001514
-002969
-004774
-005589
-003435
-000524
-001398
-004308
-005065
-004657
-006229
-008034
-006345
-002911
-001630
-002271
-003144
-003319
-001456
0000989
0001222
0000000
-000408
-000233
-000408
-000466
0000582
0001920
0001979
0001571
0002910
0004773
0004715
0003492
0003434
0003725
0002503
0000873
0001106
0002386
0002503
0002212
0002968
0004307
0005704
0005471
0001222
-004133
-005239
-003435
-003319
-004133
-003027
-001456
-002038
-003959
-005065
-004948
-003493
-001281
0001106
0002328
0001164
-001398
-003027
-003610
-004192
-003842
-001048
0002619
0004656
0004598
0003085
0001455
0001746
0003434
0005006
0005238
0002444
-001281
-002154
-000641
0000814
0002095
0004132
0005471
0003900
0001106
0001047
0002444
0001571
-000350
-000350
0000698
0000814
0000232
0000000
-000117
-000524
-001048
-001339
-001863
-003435
-004483
-002154
0001222
0000465
-002271
-001630
0000989
0001862
0001106
-000350
-001921
-003027
-002969
-000990
0001222
0001047
-000641
-001107
-000815
-000932
-001514
-002329
-002795
-002271
-000699
0001571
0003492
0003550
0002328
0001338
0000523
-000932
-002678
-004425
-004890
-002271
0001106
0000873
-001456
-001514
-000350
-001165
-002562
-001863
0000058
0000873
0000523
0000116
-000583
-001980
-002969
-001805
0000407
0001455
0001338
0001571
-000233
-008266
-017406
-019152
-014320
-007975
-002620
-000874
-001980
-002620
-002678
-003202
-003144
-001339
0001513
0003958
0004889
0003143
0000349
-000175
0001047
0002386
0002619
-000233
-003086
0000407
0006286
0005995
0001688
-000699
-000583
0001338
0003376
0002561
-000583
-004133
-006520
-006462
-004366
-001689
0000349
0000465
-000350
0000640
0002386
0002095
0001047
0002153
0004249
0004540
0003841
0004132
0004947
0005122
0005122
0006752
0008498
0007800
0005588
0004132
0003725
0003900
0004424
0004715
0004773
0005238
0005122
0002561
-000059
0002270
0005879
0002910
-002795
-002678
0001106
0002561
0001804
0000349
-000524
0001455
0003667
0001106
-003493
-003901
-001921
-002736
-005123
-005647
-004890
-005065
-005472
-004483
-002678
-001630
-000932
0000814
0002910
0004307
0004424
0002735
0000873
0001979
0004482
0004773
0003318
0001746
0001164
0003026
0005704
0005704
0003841
0002968
0002619
0000756
-000757
0001280
0004947
0006577
0005704
0002735
-000059
0001164
0004540
0005413
0004132
0002677
0001746
0002095
0002852
0002153
0000407
-001398
-003027
-004832
-005996
-005472
-003901
-002504
-001630
-001223
-001165
-000932
-000815
-001863
-002911
-001980
0000232
0001979
0002503
0001571
-000175
-001630
-000990
0004424
0010477
0009954
0004947
0001862
0001164
0001746
0002735
0002561
0001455
0000232
-000641
-000233
0000232
-001921
-004133
-001223
0003841
0004482
0002270
0001804
0002444
0002037
0001222
0001688
0002619
0002328
0001280
0000756
0000465
-000641
-001689
-001107
0000349
0000698
0000407
0001106
0001862
0000814
-001048
-001863
-001398
0000058
0001862
0003026
0002852
0001106
-001107
-001689
-001048
-000233
-000524
-003319
-008150
-014088
-018337
-017638
-013971
-013098
-013040
-007975
-002329
-004599
-010304
-008849
-003435
-002154
-003726
-003784
-002620
-001747
-000757
0001338
0003201
0003085
0001688
0001106
0001106
0000756
0000756
0002444
0005122
0008149
0009721
0007509
0003550
0001862
0002328
0003376
0003841
0001688
-000815
0000698
0004307
0005355
0004249
0002968
0002677
0005064
0008207
0008440
0006461
0004773
0003550
0002037
0000873
0000989
0001804
0002037
0001920
0002677
0002910
0000000
-003901
-005181
-003784
-001165
0001513
0002968
0002503
-000175
-003435
-004250
-003610
-004832
-005938
-002795
0001629
0001164
-001921
-001921
-000059
0000000
-000932
-000292
0001106
0001280
0001455
0004656
0008557
0008906
0006868
0006170
0006344
0005821
0004656
0002852
0001629
0002794
0004889
0004831
0003026
0001629
0000523
-001048
-002620
-004308
-004366
0000291
0005762
0005064
0000523
-001805
-001747
-000757
0000000
-001281
-003260
-002504
-000874
-002504
-005414
-005065
-002736
-001689
-002038
-002969
-003959
-004192
-003610
-002620
-001339
0000116
0001222
0001804
0001571
0000116
-001165
0000523
0002619
-000292
-004657
-003027
0002095
0004307
0003900
0003492
0003259
0003492
0003550
0001862
-000292
-000757
0000116
0000698
0001106
0002037
0003259
0004831
0005413
0002619
-001281
-001921
-000408
-000641
-001747
-001514
-000408
0000116
0000291
0000989
0001629
0001397
0000291
-001398
-002969
-003435
-003086
-003260
-003260
-001805
0000116
0000756
0000116
-000815
-001456
-000990
-000175
-000990
-001980
0000174
0003201
0002735
0000000
-001630
-001456
0000756
0003201
0002968
0000931
0000000
0000523
0002386
0004482
0005355
0004249
0001106
-004308
-013214
-020782
-020200
-014320
-010828
-009780
-008208
-007160
-008383
-009489
-005938
-000641
-000175
-002213
-000815
0002270
0002677
0001629
0002386
0004598
0006810
0007974
0006344
0003783
0004307
0006170
0005180
0002561
0001455
0001804
0002619
0003143
0002386
0000756
-001048
-001747
0000698
0003958
0003376
0000523
-000757
-000583
-000641
-001107
-001805
-002853
-004425
-005589
-005007
-003260
-001921
-000932
0000582
0001513
-000117
-002445
-001456
0001222
0002037
0000931
-001398
-003551
-003842
-001980
0001920
0005530
0004947
0002444
0003550
0006286
0005588
0003492
0004656
0007101
0006344
0003376
0000640
-000641
0000232
0002153
0002444
0001688
0001746
0002270
0002153
0001397
-000175
-001456
-000932
0000349
-000059
-001630
-002620
-003202
-004192
-004948
-004308
-002911
-002038
-001863
-001863
-002271
-003319
-004075
-003202
-001456
-000583
-000874
-002329
-003726
-003377
-001339
0001629
0003667
0001688
-001689
-001223
0001804
0004074
0004540
0002386
-000466
-000466
0001688
0003550
0004598
0005238
0004715
0001920
-001339
-002096
-001048
-000350
-000466
-001339
-002213
-001747
-000350
0000698
0001222
0001338
0001164
0001397
0001397
0000058
-001572
-001456
-000466
-000757
-001514
-000932
0000523
0001222
0001164
0001338
0000640
-003260
-007510
-007451
-004599
-003726
-004192
-003842
-002795
-001398
-000583
-001921
-003842
-003144
-000932
-000408
-000932
-000757
0000232
0002037
0003492
0002910
0000873
-001107
-002038
-001165
0000931
0002794
0003318
0001106
-001747
-000990
0001455
0000989
-001165
-001398
-000757
-001921
-003842
-004133
-003202
-002213
-001921
-003668
-005356
-002969
0000989
0001047
-001689
-003144
-005181
-012632
-020141
-018919
-011526
-005531
-002678
-003319
-005065
-002620
0001455
0001047
-001630
-000466
0002153
0001047
-002038
-003435
-002329
0000931
0004773
0006927
0006810
0005006
0002444
0000000
-000874
0001280
0004016
0002037
-001514
0000058
0004598
0006519
0005704
0003783
0001571
0000116
-000466
-000874
-000990
-000583
-000233
-000874
-001921
-001863
-001165
-001165
-001339
-000233
0001106
0000523
-000059
0003783
0008324
0006170
0000873
0000989
0004656
0006286
0005995
0005646
0005006
0003783
0002328
0000931
0000349
0001629
0002968
0000931
-002271
-001339
0001338
0000116
-002911
-002620
-000641
-001339
-003435
-003784
-002969
-003319
-003901
-002678
-000815
-000641
-001456
-001107
0000116
0001571
0002619
0002735
0001920
0000465
-000699
-000641
0000873
0003492
0006112
0007101
0006694
0006461
0006170
0005006
0003609
0002968
0003201
0004249
0005297
0005297
0004715
0005064
0005471
0004074
0002270
0003376
0005530
0004889
0002503
0001106
0000814
0000989
0001164
0000582
-000641
-001980
-003086
-003377
-002795
-001747
-000466
0000407
0001455
0004132
0006170
0003667
-000932
-002562
-001630
-000699
0000058
0000698
0001106
0001455
0001629
0001513
0001397
0002153
0002735
0001164
-001165
-000874
0000873
0000989
0000407
0001455
0002968
0002386
0000814
0000349
0001455
0004307
0007043
0006985
0004424
0000931
-001747
-002154
-000350
0002619
0004598
0002153
-001747
-000466
0002968
0001397
-002504
-002154
0000174
-001572
-005065
-004832
-002562
-002504
-004308
-006171
-007510
-007684
-006637
-004483
-002213
-001398
-001863
-002678
-002969
-001281
0000698
-000233
-002504
-002504
-000408
0002619
0004540
0002968
-002620
-012690
-021480
-020840
-013855
-009896
-008499
-005938
-003493
-003435
-004366
-003784
-001514
0002153
0004947
0003434
-000233
-000932
0000756
0001804
0002677
0005122
0006636
0002852
-002620
-002562
0001338
0004074
0005064
0004773
0003667
0002619
0001920
0001280
0000873
0000291
0000465
0002619
0005413
0006519
0005762
0003725
0001629
0000931
0001629
0003201
0004482
0003550
0001571
0001280
0002095
0002270
0001455
-000175
-001980
-002736
-002620
-002736
-002562
-000932
0001222
0002619
0002444
0000000
-002736
-002038
0000465
0000756
-000815
-002504
-003435
-002154
0000000
0000291
-000233
0001338
0003609
0003725
0002212
0001164
0000640
0000174
0000174
0001047
0002212
0002910
0003085
0003492
0003609
0002561
0001047
0000465
0001106
0002503
0004365
0006461
0007334
0005006
0001338
0000232
0000814
-000233
-001805
-001747
-000757
-000874
-001281
-000117
0001338
0000465
-001514
-001689
-000932
-001747
-003319
-004133
-004425
-004890
-005705
-007219
-007859
-004599
-000233
0000116
-002213
-003086
-002620
-002271
-001572
0000232
0002212
0002794
0002270
0002444
0002619
0001280
-000059
0001513
0004249
0004889
0003725
0002328
0001688
0002852
0004889
0005762
0004947
0002212
-000466
0000349
0002794
0002503
0000465
0000232
0000931
0000174
-000699
0001280
0003550
0001222
-003027
-003027
-000990
-003202
-006753
-005531
-002096
-002445
-005181
-005996
-005239
-004774
-004250
-002853
-001281
-000408
-000117
0000640
0001571
0001862
0002153
0003725
0005355
0004656
0003201
0004365
0006286
0004889
0001862
0001222
0002503
0003609
0004249
0004482
0004307
0003900
0002968
0000640
-001747
-002271
-000757
0002328
0004947
0004831
0001338
-005181
-012341
-017289
-018337
-014844
-009547
-007568
-008383
-009081
-009314
-009722
-008616
-002853
0003318
0002677
-001921
-002387
-000408
-001398
-002911
0000058
0004365
0003783
0000116
-000990
-000408
-001514
-002096
0002503
0007916
0005937
0000000
-001398
0000698
0001979
0002677
0004365
0005297
0002561
-001339
-001514
0000582
0000000
-001339
0000873
0004307
0004307
0001688
-001281
-003027
-002038
0000232
0000814
-000641
-003610
-006171
-004948
-001747
-000699
-001107
-000408
0000814
0001280
0001222
0001222
0000989
-000233
-001223
0000058
0002794
0005180
0006228
0005064
0002619
0000407
-000292
0002095
0005180
0004365
0001513
0001571
0002968
0001338
-001456
-001747
0000000
0001688
0002328
0000814
-001281
-000641
0001397
0001513
0000116
-001165
-001689
-001107
-000117
-000175
-001281
-003260
-004948
-005007
-003668
-002038
-000524
0000698
0001338
0001455
0001397
0001746
0002910
0005471
0007742
0006752
0003783
0002095
0001571
0000931
0000349
0000116
0000349
0001164
0001979
0001688
0001047
0001804
0003201
0003434
0003143
0004482
0005762
0003434
0000349
0002444
0006694
0006228
0002619
0000814
-000175
-003610
-007102
-006520
-003202
-000932
-000117
-000059
-000990
-002969
-005065
-006171
-006054
-004599
-003493
-005472
-008266
-006695
-003086
-002795
-004133
-002387
0000814
0001746
0000814
-000175
-000932
-001456
-001048
0001338
0003841
0002910
0000698
0002037
0004831
0004307
0001862
0001106
0001920
0003259
0004074
0003201
0000873
-002038
-003959
-002562
0000174
0000407
-001165
-001689
-001514
-002038
-002620
-001747
-000699
-002038
-004366
-004483
-003435
-003959
-005763
-008092
-009489
-008208
-005065
-000932
0000291
-006811
-017347
-021946
-020258
-015776
-010129
-005589
-002620
0000523
0002328
0000814
-002445
-004192
-003610
-000524
0002794
0002735
0000349
-001281
-000874
0002794
0006810
0005937
0002270
0001280
0002386
0002794
0002619
0002386
0001862
0000465
-000583
0000873
0002852
0000931
-002736
-003726
-002271
-000350
0001513
0003085
0003550
0002037
-000524
-002562
-003377
-002911
-001921
-002213
-002504
0000291
0003900
0004132
0001455
-002387
-004599
-000990
0004773
0005413
0002328
0000756
0000523
-000059
-000583
-000466
0000058
0000232
0000291
0001164
0001513
-000932
-003901
-002911
0000407
0002037
0001804
0001106
0000058
-001572
-002911
-002969
-002387
-002736
-003610
-003668
-002911
-001165
0000407
0000582
-000757
-003202
-004832
-002329
0001455
0000756
-002562
-004133
-003377
-000990
0001746
0002910
0002328
0000756
-000757
-000524
0000523
-000117
-001572
-002096
-000990
0002794
0006461
0005588
0001979
0000465
0000465
-000641
-002096
-002445
-001805
-000699
0000582
0002328
0003318
0002444
0000058
-002795
-004890
-004774
-003377
-003493
-004017
-002213
0000116
-000350
-002736
-004716
-005822
-006811
-006578
-003435
0000349
0000349
-001747
-001689
-000175
0000582
0000698
0001106
0001222
-000175
-001514
0000291
0003259
0003026
0001222
0002328
0004773
0005064
0003550
0001746
0000523
0000931
0002328
0002910
0002619
0002328
0001804
0000698
-000466
-000699
0000000
0001513
0003143
0004132
0003376
-000233
-004774
-007160
-006753
-003901
-000990
-002504
-005996
-005763
-003435
-003726
-005123
-003610
-000815
-000233
-001165
-001107
-000350
0000116
0000291
-000233
-000466
0000989
0003259
0004656
0004889
0004132
0002910
0002561
0000814
-007277
-016765
-019268
-015077
-008034
-001339
0001338
0000000
-002562
-004890
-005065
-003377
-001281
0000291
0000523
-000641
-003144
-004716
-001456
0003318
0002735
-000932
-001689
-000059
0001222
0002153
0003085
0003376
0002852
0000814
-004366
-008499
-004599
0003259
0006577
0005297
0002503
0000407
0002386
0005821
0004598
0001106
0000698
0002910
0005530
0006519
0002677
-002445
-001921
0002328
0004715
0004598
0002619
0000058
-000292
0000931
0001571
0001629
0001513
0001280
0000989
0000814
0000756
0000814
0000698
0000698
0000931
0001688
0003783
0004656
-000583
-007160
-005531
0000640
0002386
0000640
-000117
0000116
0001106
0001920
0001222
-000641
-003086
-004366
-002504
0000989
0002968
0003026
0001979
0000640
0000640
0001047
-000524
-002213
-000059
0003609
0004307
0002735
0002153
0002270
0002270
0001746
0000232
-001339
-000932
0000349
-000059
-001456
-002213
-002154
-001048
-000117
-001514
-003784
-003901
-002387
-001107
-000583
-000815
-001630
-002387
-002213
0000116
0002852
0002968
0001571
0001571
0002503
0002444
0001920
0002328
0003085
0002794
0002328
0003434
0005471
0007101
0007509
0006286
0004191
0002735
0002444
0003143
0004598
0006403
0007159
0005064
0001746
0000232
0000407
0000756
0001106
0001571
0001397
-000466
-002795
-003260
-002213
-000583
0000291
-001339
-003842
-003377
-001398
-001339
-002387
-002096
-000641
0001164
0002328
0001397
-000641
-002038
-001689
0001862
0005704
0004424
0000756
0001629
0004889
0005180
0003434
0002794
0003376
0004889
0006344
0006286
0004889
0003143
0001688
0000989
0001222
0002386
0003725
0003900
0002910
0001106
-000408
-000117
0000989
0000756
-000583
-001863
-003260
-004948
-007743
-013564
-018861
-018221
-013738
-011526
-010420
-005763
-001630
-005647
-012516
-011002
-004657
-002911
-004483
-004541
-003260
-001689
0000174
0002677
0005238
0007683
0008906
0007451
0005064
0005180
0006636
0006286
0005122
0006228
0007858
0006810
0004191
0002968
0002910
0002270
0002153
0004773
0007800
0006927
0003667
0001862
0001979
0003259
0004715
0004598
0003201
0001455
0000174
0000756
0001629
-000699
-003959
-003493
-000815
0000058
-000524
-000815
-001107
-001980
-003027
-003319
-002969
-002678
-002096
-000233
0001571
0001106
-000583
-000699
0000698
0003026
0004715
0003259
0000523
0000465
0002270
0003143
0002910
0001629
0000523
0001804
0004132
0004947
0003958
0001455
-000932
-000699
0001455
0003492
0004016
0000814
-003086
-001747
0001979
0000814
-002445
-001048
0002735
0003783
0002153
-000757
-002911
-001281
0002328
0004074
0003550
0001164
-000815
0001571
0005588
0005471
0002910
0002270
0003026
0003143
0002794
0002735
0002677
0001979
0001338
0002095
0003201
0002153
0000232
0000174
0000698
-001514
-004366
-003901
-001223
0000582
0000989
0000174
-001223
-002271
-002213
0000058
0002328
0000989
-002271
-003086
-002504
-003610
-005065
-004483
-002387
-000292
0000814
-000408
-002445
-002038
-000757
-002678
-005298
-003377
0000523
0000931
-001572
-004366
-005996
-004774
-001863
0000174
0001338
0003318
0005006
0004715
0003026
0001513
0000174
-002096
-003901
-003551
-001339
0002037
0004656
0003958
0001455
0001222
0002386
0002153
0000873
-000466
-001223
-000466
0000756
0000000
-001514
-000466
0001047
-001630
-004890
-001048
0005064
0003550
-002620
-005472
-005239
-005414
-005123
-002795
0000174
0002270
0001047
-006578
-016358
-021539
-020782
-015950
-009256
-004192
-001514
0000582
0001455
0000291
-001048
0000756
0003958
0005122
0003958
0001047
-001281
0000698
0004773
0005704
0004424
0004482
0005064
0004598
0003376
0002095
0001397
0002095
0003259
0002910
0002153
0003550
0005471
0004889
0002037
-001689
-004366
-003668
-000524
0001979
0003026
0002735
0001222
-000815
-002329
-002329
-001398
-001048
-001281
-001863
-002445
-002911
-002387
0000232
0003725
0005937
0005995
0003492
0000174
-001048
0000058
0002444
0004831
0005180
0004016
0003026
0002328
0001222
0000291
0000000
0000582
0002270
0003667
0002212
-000524
-001398
-000757
-000292
-000233
-000699
-001165
-000350
0000756
0000232
-001223
-002038
-002387
-003377
-003959
-002387
-000059
-000117
-001456
-001048
0000232
0000465
-000408
-002096
-003086
-000757
0002968
0004191
0003318
0002561
0001862
0000465
-000641
0000116
0001746
0001862
0001164
0001746
0002677
0002619
0001047
-003144
-007044
-005938
-001863
-000175
-000641
-001339
-001747
-001223
-000408
-000815
-001980
-003086
-003377
-002096
-000815
-002562
-005239
-004192
-001107
-000175
-000932
-001281
-001165
-000874
-000466
0000116
0000291
-000932
-002445
-002213
-000641
0000873
0002095
0003318
0003958
0003434
0002561
0002910
0004191
0005821
0006228
0003318
-001107
-003726
-003842
-001572
0000931
-000233
-003551
-005472
-005647
-004366
-002853
-003551
-004890
-003202
-000641
-001805
-005007
-005880
-004832
-004017
-003610
-003319
-003493
-004716
-005763
-004774
-002504
-000932
-000699
-002445
-004948
-005996
-005414
-003842
-001689
0000640
0002037
0001047
-000874
-001281
0000000
0002386
0004656
0005180
0004074
0002794
0000349
-005472
-012167
-015950
-015892
-012807
-007917
-003027
0000174
0000640
-000583
-000757
-000117
-000175
-000233
0001280
0002619
0000640
-002911
-004832
-004192
-000524
0003376
0002619
-000990
-002736
-003144
-004948
-006229
-003260
0001106
0001164
-001281
-001630
-000524
-000175
-000233
0000174
0001455
0003900
0006228
0006403
0004424
0000523
-002504
-000641
0003550
0004191
0002328
0001804
0002037
0000873
-000175
0001920
0004773
0003783
0000465
-000699
-000641
-002329
-004366
-004483
-002736
0000291
0002968
0003259
0001571
-000350
-001805
-002096
-001572
-001223
-001107
-000932
-000641
-000175
-000175
-002213
-004599
-004133
-002387
-002853
-004541
-005181
-004133
-000874
0002270
0001222
-001805
-001456
0000582
-000117
-001980
-001514
0000465
0001629
0002095
0003143
0003725
0002212
-000175
-000699
-000233
-001398
-002678
-000990
0002095
0002794
0001862
0001746
0002153
0001979
0001222
0000291
-000641
-001339
-001747
-002154
-002154
-001048
0000174
-000641
-001863
0000058
0002852
0001804
-001281
-002329
-000932
0002386
0005646
0005413
0003085
0002386
0002735
0002037
0001047
0001571
0002212
0000116
-002504
-001514
0001804
0004191
0004889
0003841
0001979
0001571
0001338
-001805
-005181
-003726
0000582
0003085
0003085
0000989
-001630
-001863
-000583
-000408
-000641
0001222
0002910
0000232
-004017
-004250
-001805
-001165
-001630
-000641
0000523
-000699
-002853
-002911
-001107
0000931
0002328
0002212
0001222
0001106
0001746
0002503
0003667
0006170
0008557
0008615
0006810
0004947
0003609
0002910
0002852
0003085
0002852
0000989
-001281
-002096
-001398
0000116
0001222
0000116
-001630
-000699
0001397
0001455
-000874
-004541
-009896
-018337
-025439
-024391
-018337
-015485
-014262
-008732
-002853
-003610
-008325
-010362
-009081
-005356
-001107
0000465
0000174
0000873
0002444
0004249
0005588
0005704
0004947
0003958
0003841
0006403
0009663
0010128
0008324
0006461
0005471
0006810
0008615
0007159
0004307
0004424
0006577
0008265
0008382
0005471
0001629
0001106
0002386
0001455
-000757
-001863
-001689
-000874
-000233
-000990
-002504
-003202
-002853
-001398
-000059
-000932
-002678
-001805
-000059
-001456
-003784
-001689
0001804
0000291
-003551
-003027
0000174
0001513
0001513
0002386
0003550
0003667
0003201
0003492
0003841
0002328
0001222
0004831
0009779
0009430
0005704
0004016
0004482
0005879
0006810
0004424
0001222
0002328
0005413
0004889
0001688
-001339
-002620
-000641
0002794
0003550
0002270
0001862
0001746
0000756
-000699
-001514
-001747
-001747
-001921
-002795
-004017
-004890
-004774
-002562
-000059
-000175
-002271
-004599
-005705
-004250
-001281
0000814
0001688
0001688
0001397
0002328
0003318
0001629
-000874
-000292
0001920
0002153
0001047
0000814
0001338
0002037
0002328
0001164
-000292
0000698
0002328
0000523
-002329
-001107
0001746
0000523
-002911
-004308
-003493
-001339
0000814
0000814
-000233
0000523
0001979
0001164
-000524
0000058
0001688
0001862
0000698
-000932
-001921
-000175
0002153
0000640
-002445
-002038
0000756
0002852
0003783
0004132
0003958
0003609
0003143
0002386
0001513
0000756
0000291
0000291
0000523
0000582
0000349
-000175
-000757
-000641
-000059
0000873
0001106
-001048
-003435
-002154
0001164
0002619
0001746
-001048
-004541
-006986
-007277
-004948
-001165
0001920
0003026
0001222
-001398
-000350
0002503
0002503
0000756
0000873
0000523
-005007
-012399
-015776
-014088
-008383
-001689
0001106
0000582
0000349
0000931
0002794
0004947
0005646
0004947
0003143
0001629
0002852
0004947
0003958
0001338
0000582
0001280
0001455
0000931
-000815
-002096
0000465
0004016
0003318
-000175
-002271
-002445
-001048
0000232
-001514
-004366
-003610
-000815
0000000
-000524
-000059
0000698
0000582
-000583
-003027
-005065
-004250
-001456
0000873
0002328
0003725
0004132
0002619
0000465
0000000
0001280
0003376
0004947
0003259
0000931
0004074
0008440
0005471
-000524
0000349
0005530
0008149
0007742
0005530
0002619
0000582
0000582
0003783
0007567
0007451
0004715
0003667
0003143
-000408
-004308
-003551
-000583
-001048
-003551
-004075
-003435
-004366
-005531
-004017
-001514
-001456
-003144
-004366
-004366
-002329
0000407
0001571
0001397
0001455
0001629
0001455
0001629
0003318
0005530
0006519
0005995
0004016
0001629
0000116
0000116
0002153
0004482
0004132
0002386
0002561
0003900
0003958
0003085
0002153
0001629
0001920
0002444
0001629
0000407
0000931
0001513
-001107
-005531
-008907
-009489
-005298
0000291
0000989
-001339
-000815
0001222
0001047
-000583
-001689
-002154
-002736
-002504
0000058
0003143
0003550
0002212
0002037
0002270
0000756
-001107
-000699
0000873
0001222
0000465
-000583
-001456
-001514
-000815
0000407
0001164
-000117
-001747
0000174
0002619
-000757
-006054
-005123
-000524
0000465
-000757
0000291
0001688
-000757
-004774
-005531
-003610
-001572
-000350
-000466
-001747
-003144
-004308
-005531
-005414
-001747
0002561
0002444
-000524
-001689
-000990
0000465
0001804
0001513
0001106
0003667
0006868
0005762
0002444
0002095
0003550
0003143
0001920
0002968
0003783
0000058
-007277
-016125
-021946
-019210
-011817
-009198
-009314
-004541
0000698
-002329
-008732
-008034
-002795
-000350
-000815
-002271
-003260
-001863
0001222
0004365
0005471
0001804
-003668
-005181
-003842
-004075
-004890
-003959
-001921
0000000
0000931
0000000
-001398
-000757
0001688
0004656
0006344
0004424
0001164
0001513
0003783
0003085
0001455
0003201
0006286
0005762
0003376
0003492
0005180
0005588
0004947
0004249
0003434
0002153
0000465
-001689
-003842
-005589
-006578
-007219
-007102
-005647
-004483
-006113
-008616
-007917
-005356
-004657
-005123
-004133
-003144
-005181
-007917
-006869
-003319
-000757
0000407
0000582
0000116
-000059
0000116
0000291
0000291
-000292
-000583
0001047
0003609
0005471
0005704
0003492
0000814
0001222
0003201
0002968
0001455
0001047
0002037
0004424
0006286
0004482
0001280
0001338
0003259
0003143
0001629
0000756
0000349
-000059
-000757
-002678
-004366
-003202
-000874
-001048
-002445
-001514
0000058
-001398
-004075
-004133
-002853
-003959
-005996
-006345
-005007
-002969
-000990
0000349
0000640
0000174
-000583
-000350
0000232
-000583
-001398
0001047
0004074
0002328
-001572
-001689
0000640
0001397
0000873
0000291
0000116
0001047
0002386
0002444
0001862
0002386
0003143
0002386
0000698
-000524
-000932
-000466
0000407
0000640
0000000
-001747
-003202
-002154
-000117
-000990
-003377
-003901
-003319
-004017
-005007
-003901
-001805
-000932
-001281
-002213
-003202
-003842
-003901
-003435
-003086
-003726
-004716
-004716
-003784
-002678
-001689
-001281
-001689
-003144
-004133
-002329
0000814
0002153
0001688
0000698
-000524
-001863
-002504
-001747
-000350
0000232
-000466
-003144
-005472
-002969
0000407
-003086
-010886
-016940
-019559
-018570
-015252
-012690
-010770
-007277
-004133
-004308
-005763
-003959
0000000
0003609
0005006
0001979
-002445
-002271
0001047
0003201
0003725
0003201
0002677
0004482
0007276
0008207
0007567
0006636
0005821
0005646
0005762
0005530
0004656
0002561
0000523
0000407
0001397
0000873
-000466
-000815
-000466
-000350
-000466
-000583
-000524
0000232
0000640
-000815
-003086
-003959
-003260
-001339
0000640
0000698
-000932
-003260
-005123
-005239
-003959
-002271
-000583
0001338
0002735
0003376
0002968
0001629
0000232
-000233
0000931
0004424
0008091
0008557
0006636
0005006
0004365
0005238
0006694
0006927
0005879
0004540
0003143
0001804
0001222
0002503
0004074
0002735
0000174
0000291
0001862
0002037
0000873
-000757
-002096
-002329
-001980
-002620
-003551
-003260
-002329
-001921
-002096
-002154
-002271
-002562
-003027
-003901
-004366
-003319
-001398
0000116
0000640
0000058
-001281
-002678
-003435
-002736
-001339
-001281
-001281
0001397
0004773
0005297
0003900
0003958
0004191
0001164
-002038
0000000
0004424
0004540
0001862
0001280
0002212
0002095
0001979
0004016
0006577
0006927
0004947
0001280
-002213
-002504
-001398
-003377
-006462
-006462
-004133
-002038
-000932
-000874
-001398
-000990
0000000
0000873
0000873
-001165
-003319
-002154
0000814
0001746
0000989
0000349
0000523
0002503
0004365
0002095
-000932
0002153
0007625
0007334
0003376
0002037
0002095
-000350
-003027
-001747
0001746
0003609
0003259
0000756
-001572
0000291
0004191
0004947
0003259
0001979
0001280
0000873
0000523
-000874
-002213
-001398
0000523
0001047
0000582
0000698
0000814
-000524
-002096
-001921
-000524
0000523
0001397
0002561
0003318
0003026
0000349
-007393
-015543
-016940
-012865
-008616
-005414
-003493
-002969
-002969
-002911
-002329
-000990
0000873
0002677
0003841
0003550
0001222
-001456
-001747
0000291
0004191
0006752
0003143
-003027
-004366
-001863
0000000
0001222
0002910
0004016
0003259
0001571
0000989
0001688
0003376
0004773
0003376
0000698
-000408
0000232
0001862
0003026
0001106
-001339
0001338
0005937
0005995
0002444
-001165
-002795
0000349
0005238
0006112
0003958
0002561
0002270
0002328
0002677
0002794
