0005704
0004191
0003026
0002095
0001513
0001106
0001397
0002677
0004365
0005530
0005297
0002386
-000990
-000815
0000931
-000874
-004075
-003435
-000815
-000874
-002096
-000408
0001571
-001572
-006695
-007160
-004599
-004308
-004716
-001630
0002386
0002095
-000466
0000116
0002270
0002270
0000640
-001165
-002154
-000932
0000989
0000698
-000699
-000408
0001280
0002852
0003609
0002910
0000873
-001980
-004017
-003086
-000117
0002095
0003259
0004482
0004831
0003026
0000523
0000116
0000640
-001281
-003551
-002213
0001106
0002444
0002037
0001862
0001455
-000059
-001805
-001921
-001339
-002504
-003551
-000524
0003550
0002852
-000466
-000815
0000931
0001862
0001979
0002153
0001862
0000291
-001456
-001630
-000059
0003085
0005413
0003434
-000757
-002387
-001048
0002386
0005471
0004307
0000523
-002329
-002795
0000174
0003958
0003725
0000814
-000874
-000699
0001164
0003434
0003725
0002619
0002095
0002328
0003550
0004074
0001047
-002969
-002736
0000174
0001571
0000931
-001456
-004192
-005239
-004425
-002853
-001165
0000000
0000349
0000582
0000291
-001398
-003144
-003202
-001572
0001164
0003900
0005471
0005122
0002037
-001165
-000117
0003667
0005879
0006461
0007159
0006810
0003667
-000059
-000117
0001804
0001397
0000000
0000989
0003201
0003958
0002968
0000465
-002213
-002678
-001630
-001456
-001572
-000524
0000640
-000350
-001805
0000058
0002328
-001048
-006986
-008965
-006928
-002911
0000931
0001804
0000000
-002911
-003842
0001862
0010128
0013795
0011060
0001047
-008965
-007684
0001571
0008440
0010652
0007974
0002794
0000116
0000756
0003900
0006868
0005006
0000582
-001398
-000583
0001862
0004307
0004132
0002095
0000756
0000291
0000407
0000291
-001747
-003959
-003027
0000116
0003492
0005413
0003900
0000698
-000408
-000292
-002038
-003784
-001805
0001629
0001222
-001048
-000524
0001397
0001164
-000699
-002795
-003668
-001572
0001746
0002386
0001106
0000698
0001106
0001397
0001804
0002561
0003318
0003318
0002735
0002270
0001629
-000117
-001921
-001921
-000524
0001164
0002270
0002212
0001397
0001688
0001804
-001165
-004716
-004308
-001281
0000582
0000931
0000582
-000466
-002387
-003668
-001921
0001047
0001455
0000174
-000059
0000640
0001222
0001455
0000465
-000408
0001106
0003609
0003958
0002735
0001920
0001629
0001513
0001688
0002270
0002735
0002095
0000814
0000349
0000523
0000989
0001106
-000292
-002154
-002096
-001514
-003726
-006404
-005065
-001107
0001920
0002735
0000232
-003610
-005239
-003668
0001688
0006752
0004947
-000990
-003551
-003202
-003493
-003668
-002504
-000350
0002328
0004191
0003492
0001338
0000291
0000465
0000814
0001629
0003725
0005588
0004482
0002037
0001455
0002852
0005413
0007509
0006577
0003550
0001280
0000291
0001047
0002037
0000523
-001805
-001398
0001047
0003550
0004715
0003026
0000232
-000408
0000640
0001222
0000756
-001630
-004250
-004250
-002329
-001165
-000641
0000058
0000873
0001688
0002037
0001106
-000059
0000989
0002270
-000699
-004774
-004017
0000058
0003026
0003783
0002270
-000408
-001921
-001689
-000292
0001804
0004773
0005180
-002678
-011468
-007743
0003376
0009604
0008615
0000058
-009314
-007859
0001164
0008265
0010710
0007858
0001397
-005065
-007684
-002213
0005937
0005762
0000174
-002096
-001572
-001572
-001456
0000232
0001571
-001107
-005239
-005531
-002678
0000582
0002677
0002095
-000117
-000874
-000757
-001980
-003202
-001689
0000989
0001746
0000756
-000583
-001689
-001572
-000699
-000408
-000466
0000116
0001222
0003143
0004540
0003667
0001688
0001513
0002386
0002561
0001338
-002387
-005472
-002620
0002852
0003492
0001222
0002095
0004191
0003026
-000117
-002445
-003202
-001980
0000174
0001338
0001164
0000291
-001514
-004832
-007451
-006287
-002795
-000641
0000000
0000523
0000523
-000117
-000932
-001165
-000466
0001455
0003550
0004656
0003958
0000582
-002853
-001921
0001455
0002153
0000814
-000233
-000524
0000523
0001862
0001629
0000582
0000465
0001571
0004016
0005879
0004249
0000873
-000466
0000523
0003259
0005530
0004016
0000407
-001223
-000932
-000350
0000291
0000756
0000756
-000059
-001107
-001165
-000932
-002387
-003551
-000233
0003841
0001571
-004075
-006287
-004599
-000641
0003550
0005006
0003550
0000232
-002504
-000990
0002735
0003609
0002153
0000640
0000873
0006170
0011467
0007392
-001165
-003435
-000641
0001222
0001862
0002386
0001571
-002329
-006345
-005123
-000641
0001862
0002212
0002095
0001862
0002561
0003201
0001862
-000466
-001921
-001921
-000117
0001513
-000932
-005007
-005356
-003027
-001514
-001048
-001630
-002038
0000174
0002910
0002153
-000815
-002445
-002445
-001689
-000583
0000291
0000698
0000640
0000698
0001979
0003550
0003783
0002677
0000349
-001514
-000350
0002212
0002328
0000349
-002213
-004308
-004541
-004192
-006753
-009372
-006171
-000874
-000699
-004541
-008790
-010304
-005298
0002735
0007101
0006112
0000291
-006811
-009605
-007451
-002096
0003143
0003143
-000292
-001281
-000408
-000408
-000583
0000873
0002212
0000291
-002562
-001514
0001862
0003667
0003609
0002735
0001629
0001571
0002037
0001455
0000814
0002561
0005006
0004889
0003085
0002095
0001979
0001571
0001397
0001862
0002444
0002037
0000873
-000175
-001223
-002271
-003842
-007451
-010304
-008092
-003027
0000000
0000232
-001398
-003784
-005181
-005181
-004483
-003086
-000466
0001629
0000349
-002678
-003842
-003493
-003901
-004192
-003202
-001281
0000523
0001571
0001629
0000989
0000582
0000349
-000117
-000466
-000233
-000117
-001921
-004017
-003726
-001572
0000814
0002270
0001164
-001223
-001689
-001165
-002096
-003551
-004075
-002853
0001397
0005588
0004656
0000349
-002620
-003551
-002795
-001514
-001747
-003144
-004250
-004599
-003842
-002271
-000583
0000582
0000698
-000350
-002504
-003901
-001630
0001804
0000814
-001747
0000873
0005122
0003434
-001805
-004657
-004716
-003435
-001747
-001223
-001456
-001223
-000350
0000873
0002037
0002735
0002794
0002503
0001862
0001280
0000582
-000874
-002504
-003610
-003610
-001281
0001222
0000058
-002969
-004133
-003086
-000292
0002153
0000407
-002504
-000233
0004424
0005238
0002619
-000874
-003610
-003551
-001921
-002271
-003202
-001398
0001513
0002153
0001338
0001920
0002852
0001746
-000175
0000058
0001280
0000756
-000408
0000582
0002910
0004715
0005064
0002910
-000292
-002213
-002154
0000058
0002503
0002270
0000116
-001281
-001689
-001805
-001456
-000292
0000407
-001747
-004832
-005239
-003610
-001689
-001281
-005065
-009314
-007160
-001048
0003143
0003201
-003144
-009664
-005065
0005588
0010594
0008673
0001862
-005647
-007451
-003610
0002503
0007218
0005180
0000174
0001280
0005471
0005006
0001513
-000233
-000641
-001630
-002504
-002329
-001223
0000465
0001688
0001222
-000524
-002096
-002911
-002213
-000990
-001223
-001863
-000233
0001688
-000466
-004192
-004425
-002096
-000175
0000407
-000932
-003086
-003784
-003086
-002213
-001456
-001514
-001398
0000931
0003667
0003259
0001455
0002794
0005530
0005471
0003434
0002095
0001164
-000815
-002445
-001689
0000582
0002095
0002561
0001920
0001106
0001979
0003318
0002677
0000756
-000990
-001048
0002735
0006868
0005006
-000524
-003726
-003493
0000232
0004424
0003783
0000232
-001048
-000292
0000523
0001338
0001862
0002153
0002910
0003318
0001862
-000117
0000640
0002270
0000931
-002038
-003842
-003726
-001339
0001047
-001048
-004657
-003435
0000640
0002270
0001862
0001746
0002328
0004598
0006403
0003841
-000815
-002911
-002329
-000408
0001338
0000232
-001689
0000174
0003550
0003085
0000232
-001456
-001572
-000524
0000814
0001164
0000174
-002387
-004250
-001398
0003026
0002503
-000932
-001980
-000932
-000117
0000814
0002735
0004307
0003434
0001047
-000990
-001747
-000583
0001688
0003201
0003667
0003434
0002619
0000873
0000232
0004191
0008848
0007276
0001804
-001572
-002271
-001805
-000350
0001688
0003026
0001979
-000059
-000059
0001280
0002270
0001920
-000815
-003784
-002969
0000000
0000931
-000233
-002213
-004250
-005065
-004599
-003610
-002504
-001572
-001281
-002213
-003377
-003144
-001630
0000523
0002037
0000698
-001514
-000117
0003085
0003725
0002561
0002677
0002444
-001747
-007044
-008907
-006811
-001863
0002852
0003201
-000292
-005181
-007510
-001281
0008091
0010769
0006403
-002213
-009081
-004832
0004598
0005297
0000174
-000932
0000465
-000408
-002678
-004599
-005181
-003202
-000350
0000523
-000175
-000175
0000000
-000874
-001805
-000641
0000873
-001223
-004075
-001630
0003026
0003376
0000756
-000583
-000175
0001688
0003550
0002561
0000174
-000524
0000756
0003550
0006344
0006868
0005471
0003841
0002735
0002735
0003026
0000989
-000815
0002794
0007683
0005355
-000757
-002504
-000292
0003259
0005471
0002677
-002620
-005181
-004657
-002969
-000641
0001397
0002386
0001746
0000058
-001107
-001630
-002504
-002562
-000233
0002852
0003550
0002212
0000349
-000524
0001979
0005471
0005297
0002444
0000349
-000583
-000757
0000291
0003550
0006461
0004715
0000523
-001689
-000815
0003434
0008149
0008382
0005122
0002444
0000523
-001456
-002620
-001747
0000116
0000931
0000698
0000174
-000175
0000000
0000989
0002735
0004132
0003609
0001106
-002969
-006287
-005705
-002678
-000932
-000990
-002213
-003901
-004774
-004425
-002736
-000990
-001281
-002562
-002213
-000699
0000931
0001804
0000640
-001165
-001107
0000291
0001397
0001629
0000058
-001747
-000815
0001106
0000000
-002795
-004250
-003668
-000699
0002968
0004307
0003900
0004249
0004540
0002619
0000349
0001164
0003143
0001746
-001165
-001048
0000873
0001338
0000698
0000640
0000640
-000466
-002096
-003260
-003493
-002387
-000815
-000583
-000990
-000117
0001397
0002037
0001804
0000698
-000233
0000640
0002095
0001571
-000350
-001747
-002213
-001921
-000815
0000465
0001862
0003841
0004715
0001513
-002562
-001339
0002386
0001455
-001630
-000117
0002328
-002504
-009547
-008732
-003144
-000466
-001747
-007219
-011817
-007044
0002677
0007509
0007043
0004889
0001280
-004250
-008325
-006171
-001223
-001165
-003959
-003726
-001223
0000756
0002735
0007043
0009895
0004656
-003493
-004250
0000349
0003318
0003725
0001629
-001048
-000932
0001047
0001688
0001979
0004656
0007683
0007625
0005471
0004249
0003609
0002153
0001106
0003143
0005821
0004482
0000698
-001398
-001456
0000116
0001746
0000465
-002154
-002911
-001921
-000175
0000582
-002736
-006928
-006054
-001747
0001222
0002270
0001979
0000989
0001106
0001513
0000349
-001223
-001107
0000349
0002153
0003434
0002794
0001280
0001164
0001862
0001629
0000873
0000523
0000407
-000117
-000524
0000116
0000989
0000465
-000408
0001047
0003667
0005064
0005006
0003841
0002037
-000175
-001398
0000232
0002503
0001222
-002271
-004133
-004366
-004192
-003784
-003435
-003027
-002329
-001572
-001223
-001048
0000058
0000873
-000466
-002562
-002213
-000641
-001048
-002620
-003144
-002795
-002329
-001747
-000524
0000523
0000116
-001339
-003086
-004133
-003319
-001048
0001804
0003958
0004016
0002561
0001862
0001979
0002561
0003259
0003492
0003085
0002153
0000931
-000583
-001514
-000815
0000174
-001514
-003842
-002445
0000523
-000408
-002969
-001572
0001455
0001047
-001572
-002795
-002445
-001398
-000524
-001689
-003726
-004017
-003202
-003319
-003784
-003260
-001630
0000873
0003259
0004424
0004132
0002852
0001688
0002212
0003783
0004424
0004424
0005122
0005646
0004540
0002444
0000814
-000233
-001223
-001630
-000699
0000349
-000815
-002911
-002969
-002038
-003086
-004774
-004017
-001863
-000583
-000641
-002387
-003610
0000407
0004773
0000232
-008558
-011817
-008616
-000059
0007276
0002677
-007859
-011177
-006404
0003259
0012922
0016357
0012107
0001047
-009081
-005589
0005006
0006461
0002037
0002270
0004947
0004132
0001280
-000292
-000175
0001164
0002677
0002794
0001222
-002038
-004250
-001107
0004191
0005122
0002503
0000640
-000815
-003435
-005763
-005705
-003668
-001165
0001222
0003259
0003900
0001979
-001048
-002213
-001805
-001223
-001107
-002329
-003842
-003435
-002387
-004075
-005880
-002736
0002852
0005471
0005122
0003550
0001746
0001280
0001455
0000232
-001456
-001456
-000641
-000874
-001980
-003377
-003726
-000815
0002619
0001571
-002213
-003959
-003726
-003435
-002795
-001281
0000116
-000233
-001398
-000990
-000059
-001048
-002795
-002445
-001456
-002911
-005356
-005239
-003784
-004133
-004716
-001456
0002444
0000523
-003842
-002911
0001047
0002037
0000814
0000407
0000640
0000989
0000814
-001165
-003027
-001223
0002095
0002735
0000873
-001805
-004075
-004599
-003493
-001572
-000117
-000990
-002678
-001805
0000582
0001571
0001280
0000349
-000233
0001338
0002852
0000058
-004657
-006695
-006113
-004716
-003610
-004599
-006229
-005647
-003493
-001456
-000641
-002795
-005531
-004192
-000524
0001222
0000756
-001572
-003842
-002969
0000058
0002852
0003725
0000640
-003668
-004133
-001630
0000640
0001862
0001629
0000523
-000117
-000175
-000292
0000291
0002794
0005530
0005821
0004132
0002852
0001920
0000640
-000233
0000523
0001804
0001455
-000350
-002620
-004366
-004483
-003027
-000408
0001455
-000583
-003959
-003377
-000466
0000058
-000990
-000699
0000291
0000873
0000465
-001456
-003435
-002678
-000524
-000292
-000932
0000698
0002444
0000116
-003842
-004483
-002504
-000466
0000814
0000756
-000117
-000990
-000233
0004424
0009954
0011467
0008091
0000000
-007277
-005065
0002444
0004831
0002677
0000523
-001339
-003027
-004017
-003959
-002969
-001456
-000466
-001805
-003493
-001689
0001979
0003958
0003143
-001572
-006345
-004832
0000931
0005355
0006927
0005471
0002561
0001397
0001688
0001222
0000989
0002735
0005238
0006344
0005879
0004365
0002910
0003085
0004249
0004773
0004132
0001862
-000233
0001164
0003958
0003376
0001164
0002270
0004016
0000989
-004425
-007277
-006695
-003144
0001106
0002153
0000873
0001047
0001629
-000350
-002911
-002213
-000117
-000874
-003260
-003959
-002911
-000990
0000873
0001280
0000814
0001106
0001688
0001338
0000291
-001165
-001747
0000698
0003725
0002794
-000059
0000116
0002037
0001920
0000814
0001455
0002968
0003783
0003201
0000523
-002445
-002795
-001281
-000350
0000407
0002735
0004947
0004016
0001979
0003609
0005879
0001804
-004366
-003959
0000174
0000407
-002096
-003435
-003726
-003842
-003959
-004774
-005414
-004483
-002795
-001863
-001689
-001921
-001921
-000815
0000582
0000523
-000175
0000349
0001338
0000756
-000815
-002213
-002562
-000466
0002037
0001164
-001572
-002271
-001107
0000756
0002270
0002212
0001047
0000058
-000757
-002271
-003086
-000757
0002794
0003667
0002561
0002794
0003143
0000756
-002096
-001281
0001513
0002095
0000640
-001281
-003086
-004192
-004541
-005239
-005239
-002969
0000232
0001513
0001280
0001688
0001862
-000059
-002736
-003784
-002678
0000465
0004132
0006112
0006112
0004715
0003376
0004773
0007043
0006519
0003841
0000931
-000641
0000756
0003550
0003841
0002910
0004656
0006053
0001571
-005589
-008907
-007743
-002969
0001513
-000350
-006345
-011177
-011526
-003668
0006868
0010419
0006636
-000874
-007801
-008208
-003493
0000931
0002794
0000349
-004192
-006404
-005705
-002736
0000407
0000232
-001921
-002387
-001165
0000989
0002794
0002037
0000698
0002910
0006577
0006752
0004656
0004074
0004482
0004715
0003958
0000931
-002096
-000815
0002561
0003143
0001571
0000349
-000059
0000582
0001746
0002503
0002444
0001513
0000058
-001572
-002387
-001165
0000698
0000465
-001223
-002154
-002154
-001165
-000350
-002329
-004657
-002213
0001746
0000291
-003551
-002911
0000698
0003026
0003026
-000175
-003668
-001689
0002735
0002852
0000058
-001572
-001398
0000465
0002561
0002037
0000116
0000174
0000989
-000466
-002795
-003551
-002387
0000640
0003783
0004132
0002503
0001106
0000756
0002503
0004482
0003609
0000814
-001514
-002736
-003202
-002445
0000174
0002153
-000932
-005705
-005589
-002096
-000175
-000117
-001107
-002154
-001048
0000523
-001281
-003842
-001572
0003085
0004715
0003725
0002677
0001746
0000756
0000116
-000175
0000058
0000640
0001804
0004365
0006286
0004016
-000466
-002911
-002911
-001980
-000233
0002270
0003492
0000349
-004133
-003668
-000350
0000465
-000466
0000116
0000989
-000292
-002504
-002853
-002271
-003377
-004832
-004425
-001980
0002794
0006228
0002328
-004716
-005705
-002213
-000059
0000989
0003026
0004715
0003900
0001920
0001513
0002386
0002910
0003026
0002852
0002386
0001862
0001280
0000465
0000174
0001513
0003434
0003725
0002794
0001862
0001513
0002561
0004074
0004482
0003783
0002910
0001571
-000815
-002911
-002620
-000874
-000059
-000175
-000233
-000757
-002969
-005123
-003784
-002038
-006345
-012167
-010537
-003959
0001397
0002561
-003842
-011410
-008441
0001047
0006461
0007218
0006577
0003609
-003726
-009664
-004890
0004424
0004016
-001921
-001805
0001804
0001338
-000990
0000000
0002677
0003376
0002037
-000408
-002271
-000932
0002037
0002968
0002561
0003376
0004132
0002095
-000641
0000174
0002444
0001455
-001107
-000815
0001106
0001513
0000873
0000931
0001338
0001397
0000349
-003027
-006520
-006404
-004192
-003668
-004425
-004366
-003668
-002795
-002096
-002096
-002213
-001398
0000000
0000756
0000931
0001280
0001338
0000407
-000757
-001048
-000815
-001514
-002445
-002562
-001980
-001107
-000583
-001223
-001980
-000466
0001862
0002095
0000349
-002271
-004832
-006520
-006578
-004483
-002038
-002271
-003784
-002911
-000874
-000466
-001398
-002795
-003260
-000233
0003259
0001629
-002853
-004948
-004425
-002620
-000292
0001804
0003026
0003783
0003026
-000583
-004541
-004192
-001165
0000058
-000292
-000117
-000117
-001572
-003551
-003959
-003435
-003377
-003842
-004541
-004599
-002445
0000349
0000814
-000524
-001689
-002096
-001165
-000059
-001107
-003144
-003377
-002154
-000466
0000407
-001339
-004017
-003784
-001921
-001921
-002795
-001863
-000466
-001689
-004017
-004657
-003260
-000175
0002910
0003143
0001571
0001397
0002095
0002328
0001629
-000815
-003027
-001456
0001688
0001280
-001107
-001165
0000407
0001571
0001513
-000524
-002795
-001805
0000640
0000465
-001281
-001689
-001223
-001165
-001514
-002154
-002271
-000408
0002037
0002677
0001338
-001165
-003959
-006229
-006811
-004716
-001689
-001048
-002445
-004075
-005356
-006113
-006113
-005414
-004192
-002329
-000815
-000815
-002736
-007219
-010537
-006229
0001280
0003318
0000058
-005822
-009431
-002969
0007800
0010943
0007043
0001688
-003377
-007277
-007393
-000699
0007567
0007742
0002444
-000233
-000641
-001630
-002795
-003086
-002853
-002853
-002911
-002736
-002504
-002853
-003260
-002678
-002154
-003842
-006054
-005705
-003377
-001107
0000116
-001223
-003086
-001630
0001164
0000873
-001281
-001921
-001339
-001048
-000757
0000756
0001862
-000117
-002969
-002038
0000523
-000350
-003027
-003086
-001572
-001456
-001863
-000583
0001629
0003434
0003841
0002037
-000874
-002911
-003319
-001863
0000349
0001280
0000931
0000232
-000699
-001863
-002562
-002096
-001223
-001514
-002329
-001980
-001107
-000990
-001398
-001165
-000815
-001630
-002271
-000175
0002619
0002212
-000583
-003435
-004774
-003260
-000233
0001164
0001338
0001979
0002968
0003783
0003725
0001571
-001048
-001281
0000000
-000117
-000466
0002153
0005355
0005006
0001979
-000874
-002620
-002969
-002271
-001980
-002096
-002038
-001980
-002271
-002620
-002213
-001339
-000524
0000465
0003259
0005180
0001397
-004308
-004716
-001281
0001047
0001688
0000989
-000466
-001630
-001339
0002095
0005646
0004132
-000466
-002853
-002853
-001747
-000233
0000523
0000349
-000583
-001514
-000932
0000407
0000582
0000407
0002095
0004191
0003550
0001280
0000058
-000059
-000059
0000582
0003609
0006112
0003259
-002038
-003435
-001805
-000874
-000874
-001456
-002154
-002096
-001514
-001223
-001456
-002620
-003260
-000583
0002968
0002212
-000583
0000174
0002735
0002619
0000523
-001456
-002620
-002795
-001805
0000174
0002153
0003201
0002677
0000523
-002038
-003144
-002562
-000466
0001804
0002968
0001571
-004017
-010246
-011876
-008208
-000175
0006868
0004831
-002969
-008325
-008092
0000116
0010245
0011933
0005646
-003901
-011002
-007859
0000814
0003201
0000582
-001048
-001456
-001456
-000815
0000465
0001629
0001164
0000058
0000232
0001455
0002561
0003783
0005937
0007451
0005530
0002153
0001280
0002037
0001338
-000175
-001456
-001165
0002794
0007334
0006985
0003434
0002212
0002153
-000583
-003726
-003086
0000058
0002270
0003026
0002503
0001338
0000873
0000407
-001805
-004250
-004483
-002911
-001223
0000000
0000814
0000407
-002154
-004890
-004250
-001456
0000116
0000000
-001980
-003784
-001689
0001746
0000931
-002154
-002620
-000990
0000756
0002386
0004598
0005762
0003492
-000466
-002562
-002504
-001107
0000873
0002270
0003085
0004482
0005355
0004249
0001804
-000815
-002038
0000523
0004191
0003318
0000058
0000000
0002037
0002910
0002561
0001280
0000407
0002095
0004656
0004715
0002270
-001921
-005007
-002911
0001979
0003841
0002794
0001164
-000408
-000815
-000524
-001281
-001747
0000814
0004482
0005762
0004540
0001979
-000117
0000640
0003201
0004656
0004424
0002328
-000175
-000815
0000174
0001688
0002910
0002968
0001979
0000931
-000350
-002329
-004075
-004541
-003842
-002911
-001863
-000292
0000814
0000349
-001165
-002562
-003144
-002504
-001339
-001572
-002445
-002387
-001281
0000931
0002153
-001281
-005996
-004890
-000757
-000757
-002911
-001921
0001280
0003725
0005238
0006577
0006752
0004424
0001513
0001746
0004016
0005355
0005297
0003900
0002153
0001804
0002328
0002328
0001804
0001222
0000640
0000116
0000232
0001804
0003434
0002910
0001222
0001513
0002095
-000815
-004425
-003377
0000349
0002619
0001338
-006287
-013796
-009838
0000407
0004831
0002794
-002736
-008383
-009722
-006113
0001164
0007858
0008557
0003085
-007044
-014088
-006229
0007683
0008207
0000465
0000232
0003958
0001047
-003842
-000641
0005646
0003900
-001921
-001921
0001688
0002037
0000756
0002503
0005180
0004424
0001688
0000756
0001338
0001571
0001920
0003841
0005355
0003026
-001223
-003551
-003086
0000465
0004074
0002270
-001863
-001281
0001920
0001920
0000058
-000059
0000465
-001689
-003842
-001398
0003376
0005471
0004656
0002153
-000292
0000058
0001746
0001280
-000641
-002038
-002504
-002096
-000524
0002619
0005413
0005297
0003085
0001455
0000523
-000874
-001456
0000640
0003376
0002852
0000523
0000349
0001222
-000117
-001863
-000117
0003085
0004132
0002677
-000874
-003901
-002562
0001688
0005122
0005471
0000465
-005822
-005996
-001689
0001920
0003143
0000407
-003551
-003260
-000524
-000641
-002445
-003027
-002038
0000698
0003026
0001629
-001805
-003610
-003202
-001048
0001513
0002037
0001164
0001222
0002153
0003783
0004715
0003143
0000116
-002620
-003668
-001398
0001513
0000407
-002969
-004017
-003027
-001572
-000117
0000698
0000989
0001106
0001106
0000873
0000465
-000524
-000874
0001222
0003667
0002270
-001165
-002213
-001398
-001107
-001165
-000699
-000233
-000350
-000990
-002154
-002504
0000232
0003550
0002444
-000815
-001048
0000582
0000640
-000641
-002504
-003260
-000524
0003492
0003900
0001804
0000873
0000814
0000232
-000175
0000814
0001804
-000059
-002853
-002504
-000874
-002562
-005531
-005589
-003086
0000174
0002561
0002095
-000292
-001630
-002387
-004599
-006811
-006287
-004425
-004483
-005472
-004599
-002911
-002387
-003377
-006462
-009314
-008849
-005298
0000000
0003492
-000466
-006345
-002736
0006170
0010419
0009139
0004831
-000990
-006637
-008092
0000465
0010943
0007742
-002445
-003319
0002328
0005006
0004307
0002095
-000990
-003901
-005065
-002969
0000640
0002619
0002503
0001222
-000466
-001281
-001223
-001456
-001281
0000814
0003085
0002677
0000116
-002795
-004890
-004948
-003435
-002154
-001165
0000058
0001047
0000931
0000407
0001047
0002444
0003492
0003783
0002677
0001455
0002503
0004482
0004540
0003318
0003143
0003492
0002910
0001979
0002212
0003026
0002910
0002444
0003550
0004773
0003550
0000698
-001805
-002969
-001980
0000000
0000640
0000058
-000990
-001863
-001805
-001107
-000466
-000117
-000117
-000583
-001747
-002795
-002562
-001281
0000174
0000698
-001339
-003842
-002795
0000232
0000931
0000407
0001979
0003841
0002503
-000524
-001863
-001398
0000116
0001746
0002386
0001746
0000116
-001747
-002736
-002620
-001980
-000932
0000698
0001688
0000349
-002154
-003435
-002853
-000699
0001688
0001920
0000465
-000524
-000874
-000815
-000292
0000640
0001571
0002037
0001979
0001862
0001455
0000058
-001165
0000000
0002037
0001804
0000407
0000873
0002037
0001047
-001107
-002096
-001805
-000408
0000989
0000523
-001339
-003144
-004250
-004133
-002795
-000408
0001688
0001513
-000175
-001339
-001747
-001747
-001630
-002096
-002853
-003086
-002911
-002736
-002911
-004541
-005647
-002562
0002095
0003026
0000756
-002154
-004599
-005996
-005763
-003901
-001281
0000814
0001571
0000640
-001398
-003784
-004599
-001456
0002910
0002852
0000407
0000756
0002968
0004482
0004540
0002328
0000000
0001571
0004889
0005238
0002794
-000990
-004366
-005414
-003842
-000292
0003026
0003318
0000582
-004366
-007393
-002387
0006694
0012107
0011583
0005006
-003551
-007393
-005822
-000990
0003609
0002677
-002154
-006171
-007743
-005938
-002504
-001281
-001921
-002562
-002504
-001048
0000698
0000465
-000583
0000116
0002037
0003900
0004656
0002852
-000233
-002562
-002853
-000466
0002794
0003550
0002444
0001862
0002270
0003783
0005588
0006170
0005238
0002910
0000989
0003259
0006636
0004598
0000174
0000582
0003900
0005238
0004191
0001688
-001165
-002620
-002562
-001980
-001107
-000117
0000465
0000291
-000059
0000931
0001804
-000408
-003668
-003726
-001747
-001048
-001107
0000000
0001280
0000640
-000932
-001456
-000990
-000059
0001047
0001979
0002677
0003609
0004016
0002735
0000582
-000408
-000466
-000583
-000583
-000466
0000232
0002386
0004307
0002794
-000175
-000641
0000814
0001513
0001571
0001804
0001688
0000291
-001165
0000000
0001746
-000233
-003319
-001805
0001862
0001804
-000350
0000116
0001338
-001281
-005181
-005123
-002271
-000350
0000407
0000523
0000232
0000116
0000232
0000756
0000756
-001456
-003726
-002096
0001862
0004307
0004540
0002852
0000523
0000174
0000814
-000408
-002038
-001165
0000756
-000059
-001863
-000874
0001280
0000465
-001572
-000815
0001397
0001979
0000698
-001980
-004250
-003319
-000757
0000000
-000990
-002853
-003959
-001747
0001571
0001804
-000466
-003027
-004308
-002154
0001397
0002619
0001688
0000058
-000699
0001804
0005238
0005471
0002910
-000815
-002911
0000698
0006403
0006577
0002677
-000583
-002271
-002736
-001689
0000407
0002503
0003201
0002968
0003550
0004132
0002444
0000174
0000407
0002212
0002910
0002444
0001688
-000408
-006520
-011817
-008325
0000232
0005588
0005122
-003202
-012399
-010071
-000524
0004656
0004773
0003259
0000058
-005647
-008907
-001921
0008382
0007858
0000873
-000408
0002561
0004074
0004249
0004831
0004947
0003201
0000931
0000698
0001688
0001164
0000582
0003143
0006112
0004016
0000058
0001455
0005995
0008382
0007974
0005879
0002794
-000117
-002038
-002562
-001863
-000466
0000989
0002328
0002270
-000815
-004599
-004774
-002562
-001514
-001398
-000466
-000175
-003319
-006986
-005531
-001281
0000174
-000641
-000932
-000932
-001223
-001805
-002853
-003668
-002911
-001223
0000000
0000465
0000291
0000291
0002503
0004598
0002386
-001747
-002213
-000175
0000232
0000174
0002735
0005646
0004947
0002212
0001106
0001688
0002794
0003900
0004191
0003725
0003550
0002503
-001630
-005880
-005181
-001689
-001107
-002504
-002504
-002096
-003551
-005763
-006229
-005356
-004716
-003668
-000524
0002444
0001862
-001107
-002969
-003493
-003144
-002562
-003319
-003842
-000757
0003376
0003550
0001280
0000407
0001047
0002095
0002968
0002677
0001455
0000000
-001165
-001630
-001281
-000175
0001106
0001629
0001571
0001804
0001688
-000059
-002271
-002853
-002038
-001165
-000350
0000873
0001513
-000059
-001863
0000174
0003492
0002386
-001165
-002096
-001398
-002096
-003319
-003260
-001980
0000174
0002212
0003143
0002968
0002677
0002270
0001280
0000465
0001047
0001979
0000582
-001456
-000524
0001862
0002153
0000640
-001223
-002620
-002678
-001805
-000874
-000932
-003551
-006520
-006287
-003260
0000407
0003026
0002852
0000931
0000058
0000174
0000174
0000407
0001280
0002270
0002503
0001746
-000117
-001980
-002445
-001281
0001804
0003259
-003202
-011468
-009838
-001514
0005355
0007509
0002910
-004890
-009314
-007684
0001513
0012689
0017288
0013737
0003259
-007510
-008849
-002795
0002386
0005238
0006053
0004773
0002444
0000465
0000640
0002386
0003550
0003725
0002735
0001047
-000757
-001630
-000408
0001629
0001979
0000756
-001107
-002387
-001339
0000582
0000291
-001747
-003842
-004832
-003260
-000583
-000175
-000874
0000349
0002153
0001571
-000641
-002504
-003493
-003726
-002678
0000116
0003318
0005006
0004947
0004132
0003026
0002503
0002503
0002503
0002153
0001222
0000000
-001107
-001514
-000408
0001397
0002386
0002153
0000640
-001514
-003260
-004599
-006520
-007684
-006171
-003377
-002387
-003027
-003493
-003551
-003319
-002795
-002154
-001572
-001281
-001689
-003319
-005181
-005589
-004716
-003435
-002736
-003959
-005705
-005065
-002736
-000583
0000640
0000582
-000466
-001747
-002271
-000815
0001455
0002444
0001804
0000232
-001630
-002445
-002795
-004425
-005705
-003319
0000407
0000756
-001223
-001805
-001281
-000815
-000874
-002271
-004075
-004366
-003784
-004192
-004890
-004133
-002678
-001747
-001863
-003668
-005123
-002504
0001513
0001164
-001921
-003202
-002620
-001223
-000059
-001048
-002562
-001048
0001629
0001106
-001223
-001689
-000641
0000349
0000640
-000990
-002969
-002271
-000350
-000932
-002504
-001398
0001222
0002561
0003026
0003958
0004598
0003376
0001513
0001629
0002444
0000873
-001572
-001456
-000233
-001223
-003319
-003901
-003144
-002329
-001630
-001107
-000990
-001630
-002620
-003551
-003668
-002504
-000408
0001920
0003376
0003026
0001222
-000815
-001863
-000350
0002619
0004715
0005180
0004132
0002444
0002270
0002386
-000641
-003610
-000524
0005297
0007276
0005064
0000291
-003901
-003202
0001222
0005588
0007742
0006286
0001047
-008441
-015077
-007451
0005588
0005122
-003260
-003377
0000989
-000757
-005298
-004890
-001456
-000233
-000990
-001980
-002504
-002038
-000583
0001746
0003026
0000058
-003842
-001863
0003026
0003609
0001455
0001338
0002270
0001164
0000174
0003667
0008149
0006403
0001397
0000291
0001979
0002328
0001571
0000873
0000465
0000465
0000873
0001862
0002328
0000174
-002678
-002445
-000524
-000583
-002096
-003319
-003901
-003551
-003202
-004657
-006695
-006637
-004890
-002795
-001165
-000408
-000641
-001398
-002329
-002853
-002853
-002911
-002445
-000292
0001862
0001280
-000757
-001165
-000233
0000465
0000756
0000814
0000523
0000000
-000292
0000640
0001571
-000175
-002445
-001107
0002212
0003725
0003143
0001106
-001107
-001514
-000757
-000932
-001863
-002620
-002562
-000815
0001047
-000233
-003086
-003435
-002504
-003842
-005239
-002096
0002212
0001280
-003027
-005996
-006229
-002562
0001862
0001455
-001980
-003260
-002445
-001048
-000117
-001572
-003377
-001630
0001920
0003085
0002095
0000814
-000641
-002620
-004308
-004483
-003842
-004308
-004716
-002213
0000989
0000465
-001630
0000000
0003085
0002619
0000174
0000232
0001804
0002212
0001280
-001107
-003377
-003435
-001921
-000699
-000292
-000932
-002329
-004192
-005007
-002387
0001397
0002153
0000640
-000292
-000583
-000815
-001107
-001980
-002620
-001863
0000000
0002386
0003550
0000931
-002969
-003027
-000233
0002328
0003609
0002735
0000582
-001281
-001921
-000990
0000931
0002852
0003841
0002735
0000989
0001338
0003026
0004191
0004132
0002212
0000058
0001222
0002561
-002795
-009605
-007393
-000117
0002735
0000523
-005239
-010304
-008092
-000874
0005006
0007625
0006636
0002677
-002969
-006695
-003493
0002503
0002037
-001572
0000640
0005238
0004249
0000291
-000699
0001222
0004249
0006461
0005006
0001862
0001280
0002910
0004482
0005530
0005821
0005413
0004715
0003841
0002677
0001979
0002968
0004249
0002735
0000407
0001338
0003725
0003085
0000698
0000058
0000698
0000814
0000407
-000408
-000990
0000174
0001688
0000291
-002213
-001339
0000756
-000641
-003784
-004657
-003610
-002620
-001805
-001339
-001107
-000990
-000757
0000000
0000640
-000059
-001514
-002620
-002911
-002213
-000757
0000989
0002561
0003434
0003550
0002910
0002561
0004715
0006985
0004715
0000523
0000116
0001862
0001280
-000583
-000466
0000349
-001223
-003551
-003202
-001514
-001863
-002620
-000175
0003259
0003318
0000814
-001572
-002795
-001980
-000059
0000640
0000291
0000000
0000058
0000756
0001979
0003900
0004831
0002153
-001805
-002504
-000524
0001513
0003201
0004773
0005297
0004016
0001513
-001048
-002154
0000116
0003725
0004831
0003841
0003143
0002852
0002212
0001804
0002619
0004016
0004540
0004307
0004074
0003725
0002910
0002212
0002619
0003259
0002095
0000291
0000698
0001862
0000349
-002387
-003435
-002736
-001456
0000116
0001746
0002735
0002270
0000931
0000000
-000874
-003668
-005239
0000000
0007334
0007392
0002270
-001572
-003144
-002795
-000932
0000640
0002037
0004598
0006461
0004889
0001688
0000931
0001804
0001862
0001047
-000059
-000874
-000466
0000291
-000932
-002271
0000465
0004074
0002444
-002096
-004250
-003144
0001164
0005762
0005937
0003026
0001397
0001280
0002153
0002910
0001338
-000815
0000465
0001920
-003901
-011526
-010653
-003726
0002619
0004598
-002387
-011002
-007277
0003900
0010070
0010128
0007567
0002270
-006753
-012749
-005356
0007334
0008324
0001746
0000582
0002852
0001804
-000583
0000000
0001920
0001280
-000699
-000641
0000640
0001222
0001106
0000756
0000232
-000757
-001572
-001398
-000641
-000583
-000699
0000174
0000756
-001514
-004541
-004133
-001572
-000466
-000175
0001920
0003841
0001920
-001456
-001514
0000756
0002503
0002910
0001397
-000350
0000814
0003318
0003725
0002503
0002095
0002095
0001164
0000232
0000873
0002270
0002212
0001338
0001688
0002561
0002794
0002386
0001804
0000873
-000874
-002445
-002678
-001630
0000000
0001047
0000058
-002096
-003027
-003260
-004774
-006054
-004483
-001339
0000873
0001455
0000582
-000990
-002096
-002154
-001223
0000523
0003026
0004656
0003026
0000174
-000175
0001804
0004598
0006170
0003376
-001281
-002736
-001223
0001106
0002735
0001397
-001223
-001281
0000232
0000523
0000291
0002037
0003609
0000698
-003784
-003726
-000699
0000814
0000582
-000292
-001048
0000291
0001979
0000582
-002271
-003319
-002620
-001165
0000116
0000174
-000641
-001107
-000815
0000814
0002212
0000291
-002620
-001514
0001920
0003783
0003609
0001979
0000116
0000582
0002444
0002735
0002503
0004656
0006810
0004482
0000058
-000757
0001047
0002386
0002619
0001862
0000407
-000874
-001398
-000757
0000349
0000174
-000932
-002213
-002795
-001281
0000523
-001339
-004716
-005356
-003784
-002154
-001747
-004250
-007102
-005356
-000932
0001629
0001862
0000698
-000408
0001455
0003725
0000931
-004308
-006345
-004890
-001165
0002561
0003318
0001455
-000874
-002445
-002271
-000524
0001688
0002968
0002212
-000699
-005589
-008965
-005763
0000582
0003026
0000873
-004716
-009722
-008034
-001514
0004540
0007567
0006112
0000698
-007219
-012807
-009198
-001514
-001805
-006171
-003726
0001629
0000873
-003202
-003086
-000815
-002329
-005531
-006229
-004774
-003260
-002096
-001165
-000815
-001630
-002038
0000756
0004598
0005122
0002910
-000059
-001747
0000873
0004947
0004656
0001804
0001397
0002677
0002677
0001979
0002212
0003143
0004482
0004889
0002503
-000932
-001805
-000874
-001223
-001863
-000408
0001629
0001222
-000641
-001281
-000932
-001048
-000932
0000756
0002328
0000640
-002445
-003144
-001747
0000349
0001397
-001398
-005822
-007859
-007219
-005298
-002853
-000932
-000059
-000233
-000641
0000523
0002095
0001513
-000175
-000292
0000523
0000465
-000408
-001630
-002154
0000174
0003085
0002561
-000059
-001165
-000757
-000233
0000698
0003026
0004889
0003085
-000524
-001980
-001630
-001048
-001165
-003435
-005822
-003901
-000699
-002969
-007219
-005763
-001572
-001921
-004774
-004716
-002387
0000465
0002270
0001106
-001339
-000932
0000698
-000175
-002271
-002736
-001572
0000407
0001979
0001397
-000292
-000641
0000291
0001629
0002677
0002328
0000756
-001630
-003319
-002387
-000059
0000698
0000291
0000523
0000989
0001106
0000174
-003435
-006753
-004716
-000233
-000117
-002795
-003086
-002154
-003784
-005763
-003784
0000000
0001047
-000408
-002562
-004133
-003610
-001514
0000814
0001571
-001514
-005763
-005822
-003086
-002096
-002271
-001689
-000699
-000466
-000583
0000058
0000989
0001455
0001513
0000640
0000523
0004191
0008091
0005413
-000524
-002387
-000583
0001862
0003725
0003376
0001746
0001397
0001920
0002037
0001397
-000524
-002795
-004133
-004308
-004017
-002969
-000408
0001164
-002969
-007975
-004716
0003376
0007858
0007509
0003259
-002154
-004308
-003260
-001456
0000116
0000116
-000757
-000874
-000350
-000059
0000000
-000524
-001107
-001165
-000932
-001339
-001805
-001048
0000232
0000465
0000349
0001979
0003958
0003783
0001746
-001107
-003260
-002969
-000699
0002212
0004074
0003085
0000873
0001513
0002794
0000000
-004774
-007044
-006869
-005996
-004890
-004250
-003901
-002853
-001456
0000000
0001106
0001804
0001629
-000350
-001980
0000582
0004773
0005180
0002968
0001979
0002212
0002503
0002561
0001862
0000756
0000174
-000350
-002096
-003668
-002620
0000291
0003259
0005238
0005937
0004715
0000989
-002620
-002096
0000873
0001455
0000523
0000814
0001629
0001047
0000465
0002910
0005646
0003201
-001339
-000932
0001804
0000116
-003435
-002911
0000291
0002503
0003259
0003318
0002270
-000583
-003435
-003726
-002154
-001398
-000932
0001397
0003492
0001746
-001747
-002329
-000292
0002328
0004132
0003376
0001280
0000465
0001513
0004947
0007916
0005704
0000814
-001223
-000524
0000640
0001455
0000523
-000757
0001047
0003725
0003026
-000292
-003842
-005356
-001398
0003900
0002270
-002969
-003610
-000815
0000873
0001106
0000814
-000524
-004192
-006986
-003551
0002212
0001862
-001921
-001805
0000756
0001338
0000465
0000000
0000000
-000059
0000232
0001397
0002735
0003376
0003201
0002677
0002037
0001862
0001862
0001455
0000232
-002853
-005065
-001980
0003376
0004598
0002212
-000815
-002678
-001107
0001862
0001629
-000932
-003027
-003842
-002736
-000350
0002270
0003609
0001746
-001165
-000757
0001513
0002153
0001222
-000117
-001398
-001456
-001863
-006287
-010595
-007626
-000233
0005413
0006694
0001746
-005589
-008499
-005822
0001571
0009313
0011467
0007509
-000408
-007219
-005007
0002037
0003201
0000349
0000174
0001804
0002794
0003085
0003434
0003026
0000291
-002329
0000000
0004191
0003492
0000116
-000175
0001397
0001629
0000756
0000116
-000350
-001339
-001689
0000640
0003609
0003667
0001804
0000873
0001106
0002212
0003143
0002153
-000059
-001747
-002329
-001398
0000349
0001746
0002503
0003434
0003318
-000117
-004133
-004366
-001398
0001804
0004249
0005355
0004831
0002677
0000989
0003609
0007451
0006053
0001688
0000000
0000814
0002270
0003318
0002677
0000931
-000175
-000175
0000931
0002095
0000873
-000990
0000582
0003492
0003085
0000873
0000814
0001862
0001455
0000523
0001280
0002852
0003667
0003201
0001222
-001339
-003435
-003842
-001107
0002561
0003026
0001047
-000350
-000466
0001280
0003434
0003201
0001455
0000989
0001338
0001047
0000814
0002386
0003958
0002037
-001339
-001863
-000059
0001688
0002735
0002677
0001397
-000757
-002911
-004192
-004075
-002213
0000174
0001280
0000814
-000524
-002387
-004366
-005239
-003493
-000408
0001455
0001629
0000291
-001514
-001689
-000466
0001106
0002037
0000989
-000874
-000757
0000407
-000117
-001747
-003027
-003319
-001630
0000232
-001107
-003610
-002562
0000582
0002212
0001979
0000523
-001223
-001630
-001281
-002445
-003901
-003726
-002213
-000583
0000523
0000349
-000583
-000583
-000233
-000757
-001689
-002038
-001747
-000757
-000117
-001689
-004075
-004133
-002911
-003086
-004192
-004657
-004250
-003086
-001805
-002096
-002445
0000116
0003376
0002619
-000292
-001107
0000116
0001571
0002910
0003841
0003434
0000814
-002853
-005938
-006578
-002678
0002328
0002095
-001863
-005531
-005705
0001513
0011118
0014261
0010419
0002735
-005414
-009838
-009081
-003260
0003143
0002444
-001921
-000932
0003259
0004482
0003085
0000931
-001281
-002853
-003668
-005123
-005414
-001107
0003900
0002153
-002620
-001747
0002677
0005064
0005006
0003259
0001106
0000814
0001629
0001397
0000465
0000232
0000291
-000350
-001165
-001863
-000990
0003725
0008498
0006577
0001047
-000466
0000814
0000232
-001048
-000175
0001746
0002212
0001280
-000815
-001980
0001047
0005646
0006752
0004074
-001630
-006578
-005298
-000466
0000989
-000641
-002678
-004017
-003435
-001398
0000465
0001571
0001513
0000931
0001222
0002095
0002735
0002561
0000698
-001165
0000349
0002968
0001920
-000874
-000524
0001513
0001455
0000349
0001047
0002444
0001746
-000059
-000583
0000058
0001047
0001688
0000756
-000524
0000116
0001455
0000116
-001689
0000989
0005122
0004831
0001047
-003086
-005589
-004366
-001339
-000874
-002562
-004425
-005705
-005414
-004366
-004774
-005356
-003144
0000116
0000698
-000408
-000233
0000407
-000641
-002271
-002329
-000757
0001688
0003900
0004715
0004016
0002503
0000931
0000523
0001164
0002095
0002503
0000873
-001281
-000932
0000407
-001456
-004366
-003842
-001339
-000699
-001398
-001281
-000874
-001630
-002213
0000000
0002968
0002619
0000407
0000465
0001280
-000815
-004017
-004890
-003668
-001863
-000815
-002620
-005065
-003260
0000232
-000641
-003493
-002562
0000698
0002328
0002095
0000873
-000641
-000990
-000524
-000583
-000874
-000699
-000466
-001514
-002504
-000583
0002095
0001222
-001398
-001223
0000523
0000756
-000466
-002504
-003377
0000698
0005355
0001979
-005239
-006637
-003726
-002213
-002445
-003435
-005007
-007160
-007335
-001805
0005588
0008324
0005180
-003959
-012399
-009256
0000058
0001804
-001805
-002504
-001398
-002038
-003086
-002096
0000000
0001164
0001164
0000523
-000350
-000641
-000059
0001338
0002852
0003783
0003492
0001338
-000757
0000291
0002794
0003143
0001455
-001107
-003144
-003144
-001398
0000931
0002794
0003550
0002503
-001281
-004948
-003668
0000349
0001920
0001164
0000174
-000932
-002213
-003086
-003086
-002504
-002038
-001630
-000815
0000116
0000582
0000873
0001979
0002852
0001804
-000233
-000932
-000932
-002271
-003668
-002445
-000292
-000699
-002562
-003144
-002445
-001514
-000641
-000466
-000583
0000291
0001164
-000175
-002213
-002213
-000408
0001862
0003143
0001397
-002038
-004192
-004948
-005705
-005531
-003086
0000407
0002619
0003143
0002968
0001513
-002154
-005589
-005298
-002271
0000698
0002270
0001571
-000815
-003668
-005239
-003493
-000466
-000524
-001747
0000989
0004715
0003550
-000466
-002038
-001514
-001339
-001572
-002096
-002562
-002154
-001572
-002562
-003551
-001514
0001629
0002270
0000640
-001921
-003959
-003610
-001514
0000465
0001629
0001862
0000873
-001514
-003668
-002562
-000699
-003493
-008092
-008325
-005531
-003784
-003260
-002678
-002445
-002911
-003144
-001223
0001338
0001746
0000465
-000583
-001107
-001048
-000583
-000350
0000058
0001571
0003143
0003318
0002328
0000989
0000582
0003609
0006752
0004074
-001281
-002213
-000233
-000117
-001630
-003493
-004366
-002154
0001280
0002037
0000814
0000116
0000465
0002153
0003841
0003492
0001513
-000932
-002329
-000815
0002037
0002852
0001338
-002271
-005123
-002445
0002444
0002444
-001048
-003726
-003784
0001804
0007276
0001629
-008150
-007451
0001164
0009488
0013621
0010652
0002619
-005356
-008965
-003435
0005937
0008440
0005238
0002910
0001513
-000466
-002038
-002271
-000641
0003434
0006985
0004889
0000116
-000350
0002095
0002677
0002037
0002153
0002503
0001688
0000174
-001456
-002504
-002620
-002096
-001689
-001339
-000583
0000000
-000815
-001747
0000174
0002735
0001746
-001456
-003319
-003668
-003610
-003260
-003260
-002678
0000523
0004191
0005006
0003318
0000873
-001165
-001747
-000874
0000640
0001920
0001746
0000698
0000756
0000931
-001339
-003668
-001689
0002794
0005762
0006053
0003026
-000990
-001572
0000116
0000058
-000990
-000990
-000350
-000233
-000874
-002154
-003842
-005705
-006287
-003551
0000582
0002968
0002735
-000059
-003377
-003784
-002038
-001223
-001165
-000932
-000874
-001572
-002154
-000990
0000873
0001164
0000116
-001107
-001630
-000466
0001338
0001979
0001280
-000466
-002387
-003319
-003086
-002445
-001223
0000931
0002852
0002503
0000931
0000698
0001280
0000931
-000059
-000699
-001107
-001689
-002213
-002504
-002213
-000874
0000640
0001047
0000465
-000292
-001107
-002387
-003202
-002387
-000408
0002037
0003434
0001571
-000932
0001280
0005297
0004482
0001164
0001280
0003550
0004482
0004074
0003434
0002619
0001746
0001455
0002677
0004016
0002561
0000058
0000174
0001746
0001455
0000116
0000116
0000465
-001223
-003144
-001572
0001746
0003434
0003085
0001629
-000408
-001921
-002329
-001398
0000232
0001164
0000873
-000757
-002562
-001921
-000641
-002504
-005938
-007451
-006520
-003435
0000349
0002794
0003085
0000756
-001514
0001106
0006228
0008906
0007742
0002037
-003959
-003726
0001688
0007916
0011700
0009721
0003492
-003319
-006171
0000931
0011409
0012748
0006461
-000233
-004192
-002096
0003201
0004773
0002910
0000232
-002154
-003610
-003493
-001863
-000175
-000641
-002445
-003319
-002911
-001223
0000465
-000292
-001980
-001048
0001455
0002561
0002619
0003085
0003841
0005297
0005937
0003318
-000350
-000524
0001106
-000466
-002562
0000989
0006403
0006286
0002153
-001514
-003319
-002911
-000757
0001338
0002852
0003550
0003609
0004424
0004773
0002619
-000292
-000699
0000873
0002444
0003318
0003201
0002328
0001455
0000756
-000350
-001223
-000932
-000233
-000641
-001572
-002096
-001223
0002561
0006170
0003900
-000815
0000174
0003841
0002852
-000699
-001281
0000698
0003143
0004656
0003725
0001106
-001398
-002562
-001223
0001106
0001688
0000640
-000466
-001281
-001572
-001281
-000583
0000058
0000058
-000408
-000408
-000292
-001630
-002445
0001164
0005471
0003259
-002620
-005647
-005298
-002853
0000291
0001688
0001106
-000408
-002154
-003319
-003202
-001514
0000698
0001222
0000640
0000640
0000698
-000583
-002329
-003086
-002445
-000292
0002503
0004656
0005122
0002735
-000699
-001921
-001165
0000465
0001455
-000350
-003144
-002969
-000699
0000814
0001338
0001164
0000582
0000174
-000059
-000699
-001514
-002562
-002853
-000874
0001571
0000873
-001398
-001165
0000291
-000757
-002853
-003027
-001630
0000116
0001222
0000116
-001572
0000174
0002910
0001338
-001980
-001456
0001222
0001688
0000465
-000583
-000757
0000407
0002561
0004598
0005704
0005180
0003143
0000058
-002387
-002213
-000059
0001979
0002852
0001746
-000524
-001805
-001921
-001048
0000174
0000698
0000640
0001397
0001106
-003959
-009780
-009256
-003842
0002386
0005238
-000466
-010013
-014088
-011352
-003377
0005762
0010769
0009604
0002095
-006404
-006986
-001747
0001920
0003026
0002503
0000756
-000932
-001805
-001223
0000000
-000059
-000524
0000931
0002968
0002386
0000814
0002153
0004540
0003900
0000989
-002213
-003842
-001980
0001571
0003085
0002386
0000756
-000757
0000058
0001280
-001339
-005414
-005705
-003842
-004425
-006229
-005822
-004308
-004308
-004832
-003144
-001165
-002329
-004948
-004599
-002911
-004541
-006578
-002736
0003085
0002444
-001398
-000059
0003958
0004191
0002153
0002037
0002852
0002328
0000814
-001223
-002096
0000873
0004715
0003609
-000175
-001107
0000000
-000233
-001048
-000524
0000291
-001048
-002969
-002387
-000583
-000641
-002154
-003784
-004716
-004075
-002504
-001223
-000990
-002853
-004948
-004017
-001514
-000815
-001630
-002329
-002795
-003144
-003086
-002329
-001398
-000757
-000932
-002154
-003784
-004657
-004192
-001805
0000873
0001106
-000175
0000116
0000814
-000350
-002562
-004017
-004366
-003668
-002329
-001339
-000408
0001804
0003492
0001455
-002387
-004366
-003901
-001398
0001397
0001338
-001048
-003668
-005763
-007335
-007160
-003668
0000407
0000000
-002853
-001980
-000059
-003435
-008616
-008383
-004774
-003959
-004075
-000117
0004889
0005530
0002852
0000931
0000058
-000350
0000291
0002794
0005006
0003434
-000059
-001339
-000292
0002095
0003958
0002153
-001456
-002678
-001747
-000292
0001106
0002153
0002270
0000931
-000932
-001398
-000932
-000583
-000583
-001107
-001805
-002329
-002329
-001165
0000174
-000117
-001630
-003319
-004250
-002853
-000874
-001805
-004250
-005356
-004075
0001280
0005821
0001047
-007684
-008965
-003842
0002561
0006519
0003259
-002911
-003144
0001338
0005122
0007101
0007858
0005821
-001630
-008616
-004832
0003783
0003609
-001456
-000350
0003609
0002153
-002096
-003086
-001514
-000233
0000058
-001863
-003668
-000815
0003376
0001862
-002620
-003202
-001456
-002620
-004192
-001048
0003550
0002561
-001572
-002678
-001572
-001339
-002154
-004075
-005589
-004017
-001223
-000990
-002096
-001165
0000989
0002270
0002561
0002561
0001804
-000874
-003144
-000990
0002910
0002735
0000349
0001047
0003143
0002328
0000291
0000989
0003434
0005238
0005588
0003667
0000989
0000582
0001397
0000582
-000990
-001107
-000117
0001164
0001979
0001513
0000349
0000174
0000465
0000116
-000815
-002096
-003027
-002678
-001456
-000408
0000232
0000465
