0001920
0003900
0008149
0009663
0008324
0005471
0003026
0003783
0006461
0007974
0007858
0006403
0004947
0005704
0007683
0008091
0007974
0010012
0012631
0012806
0011351
0010710
0011234
0013155
0014494
0011525
0006577
0004482
0005297
0006927
0008906
0010419
0011409
0012573
0012981
0011292
0009022
0009430
0011409
0011758
0011176
0011642
0011991
0009837
0006636
0004773
0005355
0009139
0013097
0011816
0007800
0007567
0009663
0009488
0007858
0007334
0007451
0007043
0006461
0006752
0007509
0007625
0007683
0008906
0009895
0007742
0004598
0004831
0007451
0009779
0010827
0009954
0007683
0005704
0004424
0004249
0004540
0004132
0003434
0003143
0003550
0005297
0007101
0007101
0006228
0006577
0008324
0010885
0013155
0013272
0011875
0011351
0010885
0008498
0005413
0003434
0003201
0004307
0006461
0009255
0010710
0007974
0003900
0004249
0007916
0010943
0013155
0015367
0017114
0018569
0018045
0012224
0006868
0012457
0022003
0020664
0012166
0007509
0006344
0004249
0003143
0006228
0011234
0014145
0014494
0013563
0011467
0008382
0005297
0002794
0002561
0006694
0011758
0011875
0008265
0005180
0003900
0005762
0007858
0004424
-001398
-002678
0000116
0004540
0007451
0004249
-001281
-001281
0002852
0006694
0007916
0004074
-001805
-004425
-002562
0003434
0009895
0010710
0007451
0005471
0004598
0002561
0000873
0002212
0004715
0004482
0002735
0002561
0003725
0005122
0005413
0002270
-000932
0002619
0008731
0007858
0003725
0005413
0010128
0011234
0008557
0003318
-001165
0000000
0004132
0004598
0002386
0001571
0001513
0000174
-001165
-000175
0002095
0002910
0002852
0003900
0005006
0004191
0002503
0002444
0002735
0000174
-003027
-002736
0000000
0002444
0003609
0003085
0001397
-000466
-001514
-000699
0000931
0001106
0000582
0001804
0002968
0000349
-003551
-003668
-001980
-003784
-006869
-006229
-003551
-002911
-003842
-004425
-004366
-002271
-002445
-013680
-025497
-017289
-000874
-003610
-014844
-006404
0008091
-002387
-022179
-016358
0002444
0002735
-008150
-008790
-003493
-004250
-008907
-011876
-012982
-013389
-013214
-012865
-012225
-010770
-009140
-007975
-007102
-005705
-004192
-002795
-003202
-008325
-014320
-014670
-010595
-006462
-004075
-005239
-007626
-006054
-003027
-004541
-008266
-008558
-006637
-006462
-007160
-006462
-005356
-006171
-007510
-006229
-004017
-004541
-006637
-006869
-006637
-009140
-012167
-011526
-008732
-007975
-008092
-005414
-002853
-005589
-010944
-012982
-011934
-010013
-009314
-013971
-018744
-012923
-003784
-006753
-015717
-015194
-009256
-009081
-012516
-012341
-011992
-019443
-027127
-020491
-007393
-005123
-010770
-013331
-013796
-016882
-019327
-015077
-008907
-010246
-016067
-017988
-016416
-014495
-012167
-008499
-005531
-005822
-008208
-009431
-009547
-009664
-009664
-009431
-008965
-008732
-008441
-007277
-006578
-009140
-012690
-013156
-011002
-007684
-006113
-010886
-016998
-014088
-007277
-008674
-013971
-012574
-006869
-003260
-001980
-001339
-001514
-002562
-003435
-003260
-001747
0001397
0003550
0000931
-005298
-012632
-016765
-012458
-004366
-001921
-005123
-010828
-014961
-011061
-003435
-001630
-003842
-003726
-001921
-000874
-000583
-000699
-001048
-000990
-000932
-002038
-003435
-003668
-002911
-002504
-002038
-000583
0000291
-002620
-006345
-005007
-000990
-000117
-001689
-002911
-003319
-002736
-001107
0001862
0003725
-000117
-005414
-003668
0001629
0001688
-001048
0000756
0003492
-000874
-007277
-004890
0001513
0000814
-003784
-003959
-001165
-000175
-000583
-000641
-000466
-000990
-001048
0001862
0004656
0001222
-003959
-001630
0004482
0005704
0002503
-002271
-005472
-002969
0002328
0003841
0001688
-001921
-004308
-000874
0004191
0001920
-003726
-003610
0000582
0003143
0004074
0005180
0005704
0004889
0003259
0001862
0000931
0000523
0000698
0001338
0002212
0003201
0003841
0003725
0003085
0002386
0002503
0004598
0007392
0008848
0008440
0005995
0003492
0004424
0006403
0003900
-000583
-001980
-000524
0001047
0003318
0008207
0012457
0010536
0005646
0005588
0008149
0007043
0003841
0002619
0003143
0003900
0004540
0005064
0005122
0004656
0003783
0002968
0002386
0002503
0002677
0000814
-000175
0005355
0012398
0010885
0005238
0006519
0011409
0010827
0007567
0009430
0011875
0004540
-004774
-000292
0010477
0010012
0002619
0000523
0002503
0003143
0002968
0003841
0005122
0005355
0004831
0004249
0004016
0004424
0005413
0006752
0007683
0007392
0006112
0004191
0002852
0003841
0005704
0005297
0003609
0003550
0004540
0004773
0004307
0003609
0002619
0001106
0000058
0001280
0003318
0003318
0002328
0003667
0005471
0003667
0000523
0000407
0002794
0005122
0006927
0008498
0008964
0007451
0005006
0003259
0003143
0005413
0008033
0007276
0005238
0007451
0010943
0009313
0004831
0002968
0003318
0003434
0003201
0002735
0002095
0001571
0001571
0002212
0003550
0005588
0006577
0003725
-000408
-000757
0001397
0002095
0001338
-000059
-000990
0000407
0003085
0005064
0005122
0002153
-001456
-001339
0001688
0005006
0006577
0003783
-000641
-000699
0001979
0002677
0001688
0000407
-000233
0001047
0003026
0003259
0002328
0002037
0002153
0002328
0001862
-000757
-003027
-000524
0004482
0006286
0005995
0007683
0009255
0007043
0002852
0000291
0000000
0001455
0003434
0003783
0003026
0003318
0003725
0002328
-000117
-001863
-002911
-003668
-004483
-006171
-007219
-004774
-001048
-000524
-002329
-003551
-003610
-002620
-000932
0000756
0001862
0002153
0001455
-000408
-002620
-004250
-004308
-002038
0000931
0001222
-000233
-000117
-000175
-004657
-009314
-006287
0000232
0000523
-003319
-004890
-004133
-002329
-000524
-000466
-001223
-000408
0000698
-000699
-003435
-005298
-005763
-005181
-004425
-004948
-006287
-007044
-006287
-002795
0000989
0000407
-002678
-003842
-003027
-001339
0000232
0000523
-000699
-003144
-005763
-007044
-007102
-007510
-006462
0000232
0007218
0005064
-001281
0000349
0005646
0003958
-001630
-003260
-002736
-006462
-009605
-002271
0007974
0005995
-003435
-007626
-006986
-006637
-005996
-003319
-000932
-002795
-006462
-006811
-004774
-003842
-003842
-003784
-003726
-003842
-004075
-004774
-005007
-003435
-001048
0000232
0000291
0000174
-000350
-001980
-003493
-003377
-002096
-000815
-000874
-004425
-008499
-007859
-004716
-004599
-006578
-007219
-007393
-009489
-011352
-008674
-004599
-005763
-008965
-005822
-001980
-009780
-021015
-018512
-009431
-011177
-019035
-020374
-016649
-013564
-011526
-009838
-008441
-005822
-004483
-009256
-015077
-012225
-003959
0002386
0003667
-003086
-011701
-009955
-003784
-007859
-016765
-017813
-012982
-009489
-007160
-003260
-000350
-002504
-006462
-005589
-001630
0000465
0000756
0001047
0001047
-000408
-001398
0002095
0006344
0004016
-001514
-002271
0000174
0000931
0000174
-000815
-001398
-000815
0000989
0004307
0006927
0005821
0002677
0001979
0002619
0001280
-000874
-000932
0000116
-000117
-001223
-001805
-001630
-000117
0001746
0001862
0001629
0004715
0008149
0006228
0001862
0001455
0003783
0005413
0005122
0001688
-002213
-001048
0002386
0001629
-000815
0001513
0005937
0006810
0004773
0002677
0001513
0002037
0003900
0006461
0008033
0005704
0003026
0007101
0013854
0014902
0011060
0006344
0003026
0003376
0006228
0007858
0008207
0007974
0007974
0009895
0011875
0010128
0006577
0005588
0006577
0006810
0007159
0010186
0013388
0012748
0010186
0010128
0012573
0016531
0019442
0016706
0012515
0016124
0021887
0017288
0008091
0006752
0012340
0020315
0024739
0016008
0003259
0005122
0014902
0015076
0008964
0006519
0008207
0013097
0017521
0015134
0010012
0011060
0016182
0019617
0020082
0017987
0013912
0008673
0005937
0011234
0018743
0016357
0009546
0011875
0017870
0014552
0006927
0006403
0011118
0014610
0015891
0014610
0012515
0013446
0015775
0015309
0013446
0014028
0015891
0016182
0015251
0014669
0014669
0015309
0016066
0016240
0015658
0014145
0012515
0011758
0011875
0012398
0012573
0011351
0010245
0012515
0015716
0014727
0011875
0012864
0015484
0014319
0011700
0013272
0016240
0014319
0010186
0009837
0011933
0012457
0011758
0011409
0011001
0009371
0007974
0009139
0011467
0011875
0010885
0010594
0010769
0010128
0009546
0010594
0012049
0011875
0010536
0009546
0009604
0011583
0013446
0011875
0008382
0006577
0006636
0007509
0008615
0009080
0009546
0011991
0014203
0012166
0007683
0005122
0004249
0002735
0001513
0002153
0003958
0005937
0006694
0004715
0001746
0001455
0002910
0003434
0003026
0002270
0001629
0001862
0002619
0002968
0003667
0006752
0009255
0006286
0000931
0000058
0002095
0001338
0000407
0005646
0012049
0010012
0003958
0004598
0008324
0005122
-000466
0001688
0007509
0007567
0003725
0001979
0002095
0001862
0001338
0000698
-000117
-001165
-001980
-001921
-001689
-003086
-004366
-001630
0001571
-002038
-008325
-008208
-004308
-004192
-005996
-004366
-001630
-002620
-005414
-005705
-004075
-002678
-002387
-004250
-006462
-005705
-003784
-004890
-007393
-007160
-005239
-004599
-004832
-004425
-004192
-005531
-007684
-009314
-010071
-010187
-009896
-009896
-010187
-010537
-011119
-012225
-013331
-013564
-012632
-010478
-008558
-009314
-011410
-011759
-010304
-007219
-005181
-008732
-014262
-014029
-010711
-011701
-015310
-017347
-016532
-011177
-006287
-011584
-020258
-017464
-009314
-011002
-017231
-014495
-008208
-011468
-018162
-013855
-005239
-007393
-016067
-019967
-018977
-016416
-013389
-011410
-011061
-011876
-013389
-014611
-015776
-017871
-019385
-017406
-014902
-018046
-022936
-021247
-016125
-015426
-017464
-017464
-015892
-014437
-013796
-015194
-017115
-016940
-015543
-015950
-016591
-013796
-011061
-015426
-021946
-020665
-014611
-011817
-012341
-013680
-014961
-014553
-013564
-014029
-015834
-018570
-020316
-017755
-014204
-016882
-021247
-016940
-009489
-010711
-016823
-017929
-015310
-013564
-013564
-016067
-018803
-017813
-014495
-012399
-012399
-014611
-017115
-016416
-013738
-012283
-012749
-015019
-018104
-020141
-020200
-017755
-014844
-015310
-017580
-017755
-016125
-013913
-013040
-016707
-021422
-020665
-015601
-010362
-007044
-007102
-009198
-009489
-008325
-007219
-006869
-008441
-010362
-009896
-007801
-006578
-006113
-005414
-005472
-007801
-010944
-012225
-011992
-012341
-012982
-013447
-012865
-009489
-005938
-007684
-009081
0000232
0014843
0030327
0025496
-032752
-032752
-032752
0027300
0032752
-001921
-014961
-005239
0001571
-000699
-022645
-032752
-029397
0003318
0007916
-005123
-001630
0007858
-003668
-019618
-005356
0020781
0019034
-000583
-009547
-007801
-003202
0001047
-000408
-004366
-002504
0001455
-001514
-007160
-006404
-001107
0002968
0005180
0006694
0006636
0004656
0000989
-004657
-008441
-004541
0003026
0004773
0002968
0005122
0007800
0003201
-003493
-001281
0004889
0003318
-001921
-001339
0004016
0010769
0014902
0011118
0003550
0001222
0002735
0002212
0001164
0003492
0006927
0006927
0004773
0003667
0004831
0010128
0014785
0009663
0001164
0003201
0010710
0010710
0006403
0007451
0010594
0007509
0003026
0007683
0015076
0010827
0001920
0004132
0012224
0012573
0008557
0010128
0013912
0012166
0007625
0006577
0008324
0010070
0010885
0010012
0008557
0008964
0010361
0010361
0009663
0009895
0010943
0011816
0012573
0013388
0014378
0015949
0017696
0019326
0019675
0017230
0013388
0010361
0009255
0010303
0013272
0017230
0020897
0023167
0022818
0019209
0014203
0010769
0010419
0014960
0019733
0016240
0009430
0010710
0016473
0017346
0014552
0012224
0011758
0014669
0018336
0017637
0014669
0015542
0017055
0011875
0005064
0006694
0013097
0015600
0013563
0008324
0004016
0007159
0014436
0017870
0017288
0015658
0013213
0010012
0007509
0006985
0008382
0010652
0012864
0014378
0014261
0011583
0008615
0009837
0013097
0013679
0012166
0011351
0010652
0008382
0006286
0007043
0009371
0010419
0009954
0008382
0006752
0006694
0007392
0006286
0005413
0009197
0014203
0013388
0009488
0009779
0012107
0010943
0007742
0006228
0006344
0006810
0007334
0007334
0007625
0010128
0012748
0011409
0008789
0011351
0015018
0010885
0003841
0004482
0009139
0008265
0004598
0005180
0008731
0011118
0012340
0013737
0014087
0011583
0007392
0003318
0001455
0004598
0009080
0007742
0003085
0001688
0003201
0005122
0005995
0003376
0000058
0001804
0005704
0005006
0001455
-000408
0000174
0003783
0006752
0002212
-004599
-002620
0004074
0005413
0002153
-002154
-004599
-001281
0004016
0002677
-001747
0000000
0004598
0004307
0000232
-003784
-006054
-004425
-001165
-001514
-003319
-000932
0002910
0002619
0000174
0000931
0002852
0000989
-002504
-002387
-001281
-004890
-011177
-017115
-017988
-006753
0007276
0004715
-003144
0011001
0031433
0027417
0004715
-019734
-032752
-019909
0004074
0004831
-008499
-007917
0000174
-001514
-008965
-012399
-011235
-006345
-002329
-007160
-015717
-017231
-012865
-008907
-005880
-002504
-000874
-003784
-008150
-007626
-005007
-007743
-012399
-011352
-007044
-005763
-006811
-006811
-006811
-009664
-012399
-009431
-004425
-005298
-009372
-009372
-007160
-007859
-009722
-008208
-005763
-007859
-011584
-010944
-007684
-006578
-007219
-007568
-008208
-010478
-012283
-010071
-006054
-004948
-006404
-008092
-009140
-008674
-007684
-008616
-010653
-012399
-012807
-010537
-007393
-007102
-008441
-007859
-006753
-008616
-011526
-011817
-010304
-009722
-009780
-009431
-008907
-008674
-008616
-008732
-008150
-005298
-002271
-002504
-005414
-008849
-010711
-008266
-004308
-004250
-006986
-008674
-009372
-010362
-010828
-009838
-007219
-002387
0001222
-001921
-007859
-008499
-004774
-001048
0001862
0003958
0004132
0001222
-002736
-003959
-003435
-004192
-005705
-006345
-006113
-005065
-003842
-003493
-003726
-003319
-002387
-001048
0000291
0001164
0001920
0003434
0004715
0004249
0002386
0000582
-000990
-002620
-003784
-004192
-003842
-003202
-002445
-001630
-001514
-003144
-004716
-002853
0000291
-000059
-002387
-003027
-001689
0001164
0003900
0004074
0002153
0000000
-001630
-001921
-001339
-001107
-001456
-002911
-004133
-002969
-000641
-000292
-000815
0000698
0002677
0001746
0000116
0002444
0006286
0006694
0004365
0001862
0000698
0002619
0005297
0003783
0000698
0002328
0005821
0004191
0000640
0001979
0006868
0011875
0014028
0009488
0002503
0001804
0005122
0005646
0003841
0001804
0001338
0005413
0010070
0007218
0001047
0001164
0004424
0002095
-002504
-001048
0002270
-002504
-009081
-003842
0006053
0004715
-002969
-004017
-000699
-000350
-001456
0000174
0003085
0004074
0003492
0003085
0002910
0002386
0002444
0005238
0007974
0005762
0001280
0000523
0002794
0004947
0006403
0007567
0007334
0003900
0000000
0000582
0003259
0002212
-001339
-003959
-004948
-004017
-002562
-004075
-005996
-003144
0002095
0004773
0004132
0000349
-003551
-002271
0001455
0000582
-002154
0000174
0004482
0003841
0000756
0001106
0003841
0005879
0005646
0000698
-004599
-002271
0004191
0006170
0004482
0003143
0002735
0003841
0005821
0007043
0007683
0008731
0009488
0009080
0007334
0003958
0001338
0003026
0006286
0005471
0001397
-003144
-005589
-003319
0001804
0005762
0006810
0003841
-001048
-003784
-003726
-002096
0000465
0002968
0004016
0002619
-000233
-002445
-002795
-000466
0002503
0002677
0000349
-002445
-003901
-001339
0002328
0000698
-003086
-001223
0003026
0002444
-001107
-002620
-002038
-000932
0000349
0001222
0001862
0003318
0004307
0003085
-000175
-004890
-008441
-007219
-002911
0000640
0001222
-003319
-009431
-010595
-007160
-002038
0002095
0002153
-001456
-006404
-009955
-008558
-004774
-004832
-007044
-006287
-003784
-002853
-002562
-000408
0001222
-002096
-007335
-008790
-006753
-004133
-001863
-000932
-001339
-002445
-003551
-003551
-003086
-003784
-004948
-004716
-003668
-003260
-003377
-003202
-003086
-003144
-004483
-009955
-014320
-008150
0002212
0003259
-002329
-005705
-005938
-003144
-000117
-002387
-006171
-002329
0003900
0001106
-006113
-006869
-003202
-002911
-002911
0005937
0012457
-005938
-029222
-017173
0010943
0010012
-008325
-010537
-002329
-001980
-006054
-005472
-002038
-000117
-000757
-005298
-009489
-005938
0001047
0001979
-002096
-006345
-009198
-009780
-007801
-003959
-000466
-000408
-003260
-006753
-009372
-009431
-007626
-006171
-005647
-006404
-007160
-004890
-001747
-002329
-004832
-004425
-002853
-004250
-007102
-008441
-007859
-005996
-003610
-001689
-001572
-004657
-008965
-010886
-010246
-008558
-006753
-005705
-005880
-007102
-008790
-010362
-010013
-005123
0000523
0000116
-004250
-006637
-006928
-007102
-007277
-007801
-007975
-006462
-004133
-002562
-002736
-005763
-009314
-009198
-006869
-006520
-007568
-008732
-008441
-003959
0001222
0000814
-003086
-004483
-003435
-001281
-000117
-003377
-008325
-010129
-008150
-003260
0000931
-001630
-007277
-007626
-004366
-003144
-003842
-005007
-005763
-004832
-003086
-002445
-002969
-004017
-004716
-003435
-001572
-001805
-003435
-003959
-004133
-005822
-008092
-009605
-009198
-005763
-002038
-003435
-007277
-007160
-004657
-004483
-005763
-006171
-004774
-000466
0003841
0002910
-000932
-001630
-000350
-000583
-001805
-002911
-002911
-000699
0002212
0002677
0001746
0002037
0003318
0004598
0005646
0007159
0006868
0000873
-006578
-008499
-004192
0005180
0013563
0011816
0003725
-000175
-001281
-005647
-010071
-009198
-004017
0002212
0007218
0009022
0007625
0004074
0001397
0004016
0008440
0007451
0001862
-004657
-009664
-011468
-008965
-001921
0005704
0008033
0006344
0005530
0005937
0007334
0008033
0005180
0000116
-004599
-006753
-004308
0000873
0004656
0006985
0010361
0012282
0008382
0002153
0000407
0001397
-000990
-004075
-002504
0001746
0003900
0003900
0002910
0002561
0006403
0010710
0008498
0002095
-003086
-004599
-000117
0006286
0006868
0003492
0002328
0003085
0003026
0003550
0007683
0011001
0005471
-003726
-005880
-002445
-000117
0001047
0002910
0003900
0002037
-000990
-001805
-000583
0000814
0002270
0004482
0005821
0004016
0001106
0001222
0003900
0007101
0009022
0007800
0004365
0000989
-000466
0002328
0006461
0005588
0002619
0004656
0008557
0006810
0002328
0002212
0004715
0004715
0002619
-000175
-001514
0001862
0006985
0007683
0005530
0005704
0006810
0005297
0003434
0005762
0010245
0013446
0012457
0003841
-006171
-006229
0000523
0004249
0005297
0006927
0008615
0009954
0009954
0006985
0003550
0004715
0007742
0006170
0002561
0003026
0005646
0005646
0003900
0003143
0003492
0004598
0005646
0005006
0004132
0005937
0008673
0008848
0006344
0001688
-002329
-001572
0002270
0004773
0005821
0007334
0008265
0007218
0005006
0003376
0002619
0002444
0002910
0003958
0005064
0005879
0005471
0002503
-000583
0000232
0003900
0007276
0009139
0008789
0007334
0007392
0008265
0007451
0006112
0006810
0008091
0006577
0004016
0004365
0006461
0007159
0006868
0007276
0007916
0007974
0007800
0008207
0009139
0010419
0011060
0009255
0006752
0007567
0009721
0008964
0006286
0004540
0003492
0002386
0000000
-007626
-012632
-001165
0015949
0016182
0006170
0005180
0009022
0004598
-001107
0007101
0019849
0017463
0006868
0006519
0011991
0011176
0005995
0001979
0000291
0001164
0004132
0008033
0011001
0010594
0008789
0010477
0013388
0012573
0008964
0005180
0002619
0002386
0003550
0003434
0002619
0002852
0003725
0004074
0004191
0004540
0005413
0007043
0008557
0008557
0006868
0003492
0000698
0001920
0004947
0004598
0002910
0005006
0008789
0009779
0007625
0002270
-001921
0002561
0010652
0010885
0006636
0008091
0011176
0006170
-000641
0003667
0012806
0012981
0006927
0003725
0003143
0001746
0001106
0003609
0007625
0010245
0010303
0007451
0003667
0002503
0003609
0004307
0005180
0007858
0010128
0008382
0004132
0000756
-000175
0002503
0006344
0006519
0004074
0002095
0001397
0002561
0003783
0001397
-002096
-000815
0002561
0001746
-000699
0001338
0005180
0005238
0002619
0000523
-000175
0001222
0003318
0003318
0002212
0002852
0004482
0005355
0005297
0004191
0003259
0004540
0006752
0007509
0006461
0004191
0001338
-001398
-002795
-001514
0000698
-000059
-001980
-000874
0001513
0000989
-000874
-000641
0001222
0002910
0003900
0003900
0002619
-000350
-003435
-004308
-003027
-001107
0000989
0002852
0003376
0001222
-001572
-000874
0001804
0002619
0001571
-000117
-001805
-002678
-002329
-000583
0001455
0001804
0000523
-002038
-004308
-004192
-002445
-001048
-000932
-002620
-005531
-008965
-010478
-006637
-000932
0000174
-002562
-005589
-006869
-003668
0001280
0002095
0000058
-000583
-000292
-001048
-001863
-000932
0000523
-000699
-002562
-000583
0002444
0000698
-003435
-004716
-003027
0000116
0002735
0001920
-001165
-003901
-005007
-003086
-000408
-001281
-004192
-004832
-003610
-002271
-000757
0001804
0003841
0003143
0000873
0000232
-000059
-003726
-008034
-008092
-005414
-004308
-004425
-003726
-003202
-004716
-007277
-008732
-008732
-007451
-005531
-003726
-003202
-005298
-007568
-005356
-000932
0001280
-000059
-006113
-011643
-007393
0000873
0000058
-005996
-006928
-003959
-001456
-000815
-003260
-007277
-009664
-010362
-010653
-010595
-010537
-009198
-003901
0001979
0002910
-000815
-007393
-012458
-009140
-002736
-004948
-011352
-011177
-006287
-003842
-001805
0006577
0013446
0005180
-009081
-010246
-002096
0003318
0003259
-003435
-012807
-018337
-016532
-004366
0008906
0007683
-003319
-010711
-012108
-007451
-000990
-000874
-004890
-005647
-004483
-006054
-007859
-004890
0000523
0003492
0003434
0001513
-001339
-003435
-004133
-003377
-002271
-003086
-004774
-004541
-003842
-006345
-009372
-007684
-003726
-003377
-005239
-005472
-004133
-001805
-000117
-001921
-004948
-004192
-001514
-001339
-003435
-006287
-008441
-008034
-005181
-000466
0003259
0001920
-002504
-004948
-005356
-006113
-006113
-003610
-000524
0000174
-001339
-003260
-004948
-006578
-006578
-002504
0002095
0000582
-004192
-004948
-002969
-002562
-003086
-003027
-002096
-000059
0001746
0001164
-000990
-001980
-002620
-005123
-007917
-008150
-006229
-003668
-001921
-002620
-005239
-007975
-009955
-011177
-010537
-006753
-002038
0000174
-000874
-005414
-009547
-006695
-000524
-000059
-002678
-000874
0002153
-000757
-005938
-005531
-001339
0001513
0002095
0000756
-001281
-001107
0000291
0000000
-000932
0000058
0001397
-000292
-003027
-002213
0000349
-000059
-001398
0001455
0005646
0005588
0002037
-001980
-004483
-002969
0000116
-000990
-003377
0000232
0005821
0004656
0000523
0002677
0007683
0007683
0004132
0001862
0001047
0000349
-000175
-000874
-000757
0002328
0005413
0003376
-001339
-002969
-001863
-000583
0000698
0001746
0002910
0005762
0007858
0004773
-000466
-001572
0000523
0001862
0002852
0005297
0007159
0005180
0001280
-000641
0000116
0003609
0007276
0006461
0003201
0002968
0004540
0004249
0003609
0005995
0009779
0011700
0011234
0008731
0005937
0005704
0006810
0005995
0003667
0001746
0000407
-001048
-001165
0002153
0006403
0007218
0005355
0003841
0003318
0003609
0004831
0007159
0008615
0006170
0002910
0005355
0010245
0010128
0006752
0005704
0005646
0002444
-000932
0000523
0004831
0007218
0007159
0005064
0002561
0002619
0004249
0004715
0004249
0004365
0004773
0004889
0005238
0007159
0008731
0006577
0002852
0002095
0003492
0003783
0003492
0003783
0004307
0003958
0003085
0002270
0002153
0004307
0006228
0003201
-001572
-001223
0002212
0002794
0001746
0002561
0004191
0003900
0002794
0003550
0005122
0005297
0004365
0003667
0003550
0004540
0005588
0004947
0002852
0000174
-001339
0000756
0004598
0006461
0006228
0005238
0003841
0002444
0001629
0001862
0003318
0006577
0009139
0007392
0002968
0000232
-000466
-000233
0000640
0001106
0001280
0002037
0002794
0002561
0001629
0000640
0000291
0001571
0002910
0001338
-002096
-005007
-006113
-004541
-001689
-000292
0000000
0000989
0001629
-000233
-002678
-002096
0000814
0003841
0005413
0003725
0000523
-000815
0000465
0004831
0008498
0005180
-001514
-003784
-002038
0000116
0001804
0002328
0001629
0000232
-001223
-002213
-002736
-003493
-003959
-003377
-001747
0000931
0002735
0000465
-002911
-001339
0003085
0005297
0004831
0002735
0000291
-000350
0000116
-000815
-002504
-003551
-004017
-004366
-004657
-005705
-005822
-002329
0002153
0002503
0000116
-000932
-000815
-000757
-000874
-001107
-001398
-001572
-001514
-000699
-000292
-002387
-005298
-005647
-004017
-002154
-001048
-001398
-002620
-002795
-002562
-003493
-004948
-005589
-005647
-006404
-006404
-002038
0002444
-000874
-006928
-003842
0003143
0000873
-003668
0007334
0020024
0005530
-017697
-009431
0012922
0006927
-012225
-006928
0010594
0010652
-001398
-009489
-011119
-006287
0000814
0001688
-001863
-003319
-003493
-005531
-008208
-009256
-009081
-009023
-008907
-008674
-007801
-005181
-002445
-002387
-003959
-003901
-003144
-004017
-005647
-006462
-006345
-005880
-005589
-006811
-007277
-002329
0003434
0000873
-005763
-006695
-003027
0000873
0002444
-002329
-008208
-004541
0002677
-000874
-008790
-006113
0001222
-001281
-008499
-008266
-003202
-000815
-001165
-002504
-003551
-002445
-000233
0000407
-000524
-002329
-004075
-004483
-004366
-006171
-007743
-005414
-001281
0000000
-001165
-002620
-003435
-002271
-000524
-001048
-002969
-003959
-003784
-003377
-002329
0000349
0002328
0000058
-004425
-006928
-006869
-004890
-002387
-001339
-002387
-006054
-008849
-004541
0001571
-001805
-009547
-009780
-005123
-003668
-004832
-005880
-006695
-007451
-008092
-009081
-009955
-009896
-009256
-009081
-008499
-005531
-002271
-002504
-004774
-005356
-004716
-005123
-005763
-004774
-003144
-002387
-003202
-006171
-009023
-008325
-005065
-002213
-000757
-001107
-002620
-003319
-003726
-005647
-007451
-005996
-003027
-002504
-003435
-002504
-000990
-001630
-003319
-003260
-002853
-005181
-008907
-011526
-011526
-006695
-000932
-001281
-005298
-006520
-005007
-002445
-000466
-001456
-003959
-004425
-003377
-002795
-003377
-006054
-008558
-006287
-002329
-003551
-007102
-006229
-002620
-001107
-001107
0000058
0001280
0000523
-000874
0000058
0002037
0002095
0000232
-002969
-005996
-007393
-006404
-003144
0000640
0002270
0001513
-000699
-002969
-003144
-001572
0000582
0001862
-000350
-003493
-002387
0000698
-000350
-003027
-001630
0001222
-000583
-004133
-002678
0000873
-000524
-003959
-002853
0000640
0000756
-001048
-000292
0001106
-001223
-004599
-003610
-000059
0001106
0000582
0001979
0003026
-003668
-006520
0017812
0032752
0032752
-001689
-032752
-032752
-030387
0032752
0032752
-002096
-010304
0008382
0010186
-000757
-011119
-015077
-005181
0009430
0010943
0001979
-006811
-011701
-010770
-004192
0006344
0013621
0007159
-006695
-013622
-012807
-008499
-002736
0000756
0002386
0005937
0008382
0004656
-001980
-004483
-003319
-001689
-000757
-001630
-003319
-003319
-002038
-000990
-000699
-001572
-002795
-002736
-001398
0000698
0002212
0001397
-000408
-000350
0001455
0003900
0005704
0004656
0002619
0003841
0005762
0002153
-002736
0000000
0006228
0006636
0003026
0001106
0000698
0000291
0000116
0000349
0001222
0003434
0005355
0004482
0002212
0001862
0002444
0001571
-000233
-001689
-002329
-001863
-001048
-001281
-002154
-002445
-002271
-002213
-002387
-003027
-003726
-003842
-003027
-000874
0001979
0004773
0006636
0006694
0005413
0004307
0003609
0002910
0002735
0003725
0005180
0005646
0005413
0005588
0005704
0004598
0002852
0001397
0000640
0000523
0000640
0000291
-000583
-001514
-002620
-004890
-006287
-002911
0001746
0001222
-002795
-005298
-006171
-007684
-007626
-002445
0003841
0004016
0000174
-001921
-001514
0000582
0003201
0004365
0003085
-002038
-006753
-003435
0003434
0003609
-000932
-003784
-005007
-006753
-007451
-004832
-000466
0002561
0004191
0006344
0007101
0003201
-002096
-002562
0000407
0002386
0002852
0002386
0001047
-000583
-002154
-004425
-005065
-000175
0006112
0005995
0001688
-000350
-000350
-000699
-001107
-000990
-000350
0001047
0002386
0001979
0000989
0002386
0004132
0001920
-002445
-005239
-005705
-004250
-001805
0000000
0000116
-002213
-004657
-002969
0001047
0002852
0002561
0002037
0001222
-000233
-001398
-001107
0000698
0004074
0006403
0003667
-001398
-002445
-000874
-000990
-001980
-001572
-000524
-001048
-002038
-001048
0000756
0001222
-000175
-004075
-007277
-003959
0001280
-001747
-008441
-008441
-004075
-002038
-002504
-004075
-005647
-005531
-004425
-004657
-005298
-003784
-002038
-003726
-006345
-004250
0000291
0002270
0001862
0001222
0001106
0002619
0004598
0004365
0002910
0002852
0003434
0002212
0000174
-000699
-000466
0000058
0000814
0002444
0003026
-000408
-005181
-005705
-003551
-003086
-003493
-002038
-000233
-000815
-003319
-005996
-007684
-006869
-005123
-005123
-007684
-013971
-018221
-010537
0002386
0004831
0004016
0019093
0032752
0028989
0005122
-018162
-029281
-015601
0007509
0006868
-006811
-003027
0009022
0006577
-003901
-006287
-002387
0000640
0001629
-000117
-002969
-003784
-002213
0000873
0004307
0006694
0006577
0002561
-002329
-002271
0000523
0000000
-001980
-000350
0003085
0004540
0004074
0003085
0002095
0001979
0002677
0003550
0004016
0003434
0002386
0002270
0003143
0004540
0005588
0004889
0003376
0003900
0004656
0001629
-002038
-000408
0004889
0009779
0011933
0009837
0004889
0000698
-001572
-002387
-000815
0004424
0009313
0007159
0001629
0001280
0004307
0005413
0004249
0001280
-001223
0000756
0004307
0003143
-000233
0000465
0003667
0004947
0004424
0003259
0002153
0001804
0002095
0002328
0002503
0002735
0003376
0004773
0006927
0010361
0012340
0008091
0001920
0002444
0006636
0006752
0003376
-000990
-003260
0001106
0008207
0009954
0007683
0006810
0007218
0007159
0007159
0008324
0009022
0006461
0002503
0000814
0001804
0004424
0007451
0008789
0008964
0010361
0011409
0008848
0004947
0004132
0005588
0006112
0006053
0007101
0007800
0005821
0002852
0002153
0003725
0006170
0008615
0010186
0009779
0006344
0002328
0001746
0004074
0007043
0008207
0003667
-001514
0002503
0010710
0011700
0007451
0005471
0004889
0002677
-000059
-001689
-001339
0002037
0005704
0004598
0001338
0002561
0005937
0005413
0003143
0004715
0007683
0006810
0003841
0002968
0003725
0004132
0004074
0003376
0002328
0001455
0000756
-000757
-001398
0001338
0005180
0005530
0003026
0000174
-001863
-001980
-000641
0000756
0001629
0001338
0001397
0005413
0009604
0006752
0000873
0000640
0004424
0007276
0007858
0005297
0001979
0002444
0005471
0007451
0007683
0006519
0004365
0002153
0000698
0000174
0000698
0002153
0003667
0004540
0003958
0000989
-002271
-002096
0000407
0001862
0002561
0004191
0005762
0005704
0004831
0004947
0005879
0007276
0007800
0005588
0001920
-000408
-001107
-000990
-000583
-000932
-001514
-001165
-000292
-000292
-000466
0000698
0002503
0003667
0003609
0001513
-000466
0001979
0006112
0005821
0003085
0003143
0004773
0004715
0002910
-000408
-002853
-000641
0003550
0003725
0001106
-000699
-001456
-001630
-001863
-003551
-005705
-006404
-005123
-001281
0002270
0000640
-003668
-004774
-003260
-001514
-000641
-002154
-004425
-004133
-002271
-001514
-001398
-000059
0001047
-000757
-003610
-004075
-002387
0000000
0001455
-000524
-003435
-001630
0001688
-001048
-005822
-003027
0001979
-002736
-010828
-007975
0000582
0002444
-000757
-002387
-003202
-006695
-009605
-006520
-001339
-002154
-006578
-007917
-007102
-007917
-008674
-005472
-001689
-004308
-009605
-009780
-006578
-006054
-006928
-005356
-003784
-007335
-011992
-009664
-003842
-002678
-005181
-007160
-007917
-007160
-006171
-007743
-010711
-012865
-012341
-006869
-000233
0000989
-002096
-005065
-006462
-005007
-002387
-002445
-004483
-005880
-006869
-009081
-010828
-009547
-006928
-006578
-007743
-007801
-007626
-009489
-011468
-010013
-007044
-006404
-007975
-010828
-012982
-011759
-008266
-005181
-003784
-004774
-007393
-010537
-011468
-006345
0000058
-001339
-007160
-008325
-006345
-006171
-007626
-009547
-010944
-010420
-008790
-008441
-008849
-008266
-006869
-005531
-004425
-003726
-003668
-004366
-005531
-006404
-007044
-008266
-008849
-006404
-003610
-005472
-009198
-007743
-004657
-008034
-013564
-012458
-007277
-004483
-004774
-007451
-010071
-008092
-003668
-001980
-002969
-004890
-006928
-007975
-008034
-007684
-007219
-007219
-007102
-005472
-003610
-003784
-005007
-004716
-003784
-004599
-006229
-007102
-006811
-005414
-003551
-001980
-001456
-002562
-004308
-004250
-003319
-004192
-005298
-003784
-001048
-000350
-001281
-002154
-003260
-005705
-008208
-008907
-007568
-004657
-001805
-001747
-003260
-003319
-002911
-005007
-007975
-008907
-008034
-006986
-006054
-005181
-004948
-006345
-007917
-006986
-005007
-005531
-006869
-005181
-001689
0000873
0001862
0000756
-000699
0000756
0002910
0000291
-003551
-001281
0003201
0000873
-004483
-004075
-000292
0000349
-001689
-003668
-005181
-006520
-005705
0001106
0008033
0004191
-004017
-002154
0004831
0004482
-000874
-003551
-005007
-010770
-015252
-008790
0002270
0004249
0000349
0001047
0003900
0002037
-001107
0002619
0007334
-000408
-010187
0000756
0017579
0008440
-012167
-010711
0004191
0008789
0004249
-001456
-005589
-005065
-000990
0002561
0004656
0005297
0004074
0000814
-002969
-005065
-005356
-004948
-003842
-002154
-000699
-000583
-000641
0001862
0005122
0005821
0003900
0000232
-002736
-001165
0002735
0003550
0002328
0002735
0003783
0003725
0002619
0000873
-000292
0001047
0003667
0004947
0004249
0001629
-001456
-003086
-002504
0000407
0003609
0003492
0001280
0000116
0000931
0004947
0008731
0006461
0001222
0000698
0003143
0003376
0001979
0000989
0000756
0001222
0002212
0003026
0003376
0003201
0002794
0003201
0003492
0002270
0000058
-001863
-002562
-001398
0001106
0003550
0005122
0005530
0004656
0002270
0000000
0000000
0001804
0003841
0004482
0001106
-002736
-000117
0004831
0002386
-002911
-000350
0005879
0005762
0001862
0001513
0002910
0000814
-002795
-004250
-002969
0000756
0004947
0006577
0006053
0006286
0005937
0002386
-001689
-001398
0001629
0002735
0002153
0001513
0001338
0002444
0003841
0003550
0002386
0002677
0003376
0001688
-000583
-000059
0002212
0003550
0003725
0003609
0003026
0001513
-000059
-000292
0000582
0001920
0003434
0005297
0006927
0007683
0007625
0007974
0007392
0003434
-001223
-001689
0000814
0002386
0002968
0003376
0003958
0005821
0007218
0005006
0001746
0002270
0005762
0009371
0011700
0011642
0009954
0009022
0007974
0004482
0000698
0000698
0002910
0002910
0001397
0001047
0001164
-000583
-001572
0003259
0010070
0011525
0009197
0008265
0009663
0014610
0019151
0016473
0009954
0007683
0008615
0007974
0007451
0011467
0014960
0008033
-001689
0002212
0012166
0009779
0001979
0006636
0015833
0011525
0001106
0002212
0009255
0007974
0002503
0003725
0008615
0009313
0007509
0008440
0010245
0008848
0005995
0006053
0007218
0004831
0001571
0003143
0007159
0007800
0006694
0008091
0010361
0009488
0007043
0006985
0007742
0005122
0001629
0002153
0005413
0007858
0008615
0007392
0005238
0003900
0004132
0006519
0008906
0007159
0003609
0003201
0005821
0010245
0013097
0008906
0002735
0005821
0012689
0010303
0003725
0005006
0010536
0010885
0007800
0006810
0006810
0004598
0002095
0002910
0005995
0009197
0010710
0008673
0005297
0005122
0006985
0007159
0005995
0004715
0003958
0004191
0005355
0007101
0008498
0008033
0006461
0006053
0005995
0004132
0002212
0003958
0006985
0006403
0003783
0003259
0004482
0005762
0006519
0005937
0005064
0006112
0007334
0004947
0001222
0001106
0002735
0001455
-000990
-000641
0001455
0002677
0002561
0001047
-000815
-001281
-000641
-000408
-000524
-000757
-000757
0000174
0001164
0000291
-001630
-002678
-003027
-003784
-004599
-005414
-004890
-001107
0003783
0006112
0005355
0002270
-000757
0000232
0003492
0004249
0003143
0002561
0002037
-000175
-002329
-001630
0001164
0003609
0005064
0005879
0004947
0000989
-004017
-007335
-007219
-002387
0003201
0001688
-002329
0002619
0009604
0003783
-007451
-007801
-001165
0000465
-001281
-000874
0000232
-000233
-004308
-016823
-026428
-013273
0008906
0009313
-001165
0008207
0021945
0005122
-022121
-017522
0005821
0012573
0006519
0004191
0004598
0004016
0001571
-005181
-011352
-008558
-000699
0002735
0002037
0000698
-000408
-000408
0000698
0002212
0003783
0005704
0006403
0003201
-000466
0002037
0007683
0009139
0007858
0009197
0010070
0004191
-004017
-006171
-004133
-005239
-006520
-001223
0005821
0005297
0000640
0000407
0003783
0007509
0009139
0005413
-000466
-001921
0000465
0003026
0004482
0003434
0000814
-001514
-002038
0000873
0004715
0003958
0001979
0006810
0013272
0010827
0003143
-000699
-000874
-000932
-000117
0003609
0006868
0004424
-001339
-005065
-005298
-002154
0002968
0008091
0010477
0007218
0001164
-001572
-001514
-002969
-003551
0000989
0007392
0009721
0007974
0004715
0000873
-002678
-004366
-002795
0000931
0004773
0006577
0003667
-000408
0001513
0006053
0005180
0001222
-000175
0001222
0004365
0007509
0008207
0006403
0002735
-000117
0002095
0006344
0005821
0002503
0001862
0002794
0001746
-000059
0000116
0001513
0002212
0001746
-000175
-002678
-005065
-005298
-000874
0005064
0007043
0005471
0002968
0000931
0000989
0002561
0003550
0003376
0001629
-000874
-003086
-003551
-000583
0003609
0005238
0003841
0000174
-003144
-001863
0001106
-001630
-006113
-003784
0001862
0002386
-000583
-001572
-001398
-002445
-004133
-006054
-006578
-003086
0001280
0000523
-002620
-001630
0001338
0000931
-001572
-002445
-001689
-000233
0000873
-000233
-002329
-002620
-001921
-002736
-003959
-003202
-001456
-000815
-001572
-003435
-005007
-004133
-002096
-001747
-002562
-002445
-002271
-004192
-006637
-006637
-004425
-001048
0001629
0001280
-001223
-003377
-004308
-003144
-001689
-003959
-007044
-004250
0000640
-000583
-005007
-005705
-003202
0000232
0002561
0001047
-002213
-002620
-000874
0000291
-000059
-003144
-006695
-006637
-003668
-000408
0001629
0001106
-001165
-002678
-002969
-002329
-001339
-000350
-001398
-007801
-014786
-013738
-007568
-003610
-002911
-004308
-006520
-006695
-005763
-006578
-007917
-006928
-004948
-004774
-006171
-008034
-009023
-006869
-003726
-003668
-006113
-008965
-010362
-008092
-004133
-002504
-003260
-004948
-006462
-006578
-005472
-004716
-003842
-001048
0000756
-004017
-010711
-009896
-004483
-002096
-003319
-006928
-010653
-011119
-008849
-006229
-004599
-005239
-007160
-007917
-007393
-006404
-005531
-005822
-006520
-006287
-004890
-001689
0000582
-002329
-007160
-007044
-003784
-002795
-003202
-002387
-000874
-000292
-000059
0001688
0003026
0000174
-004308
-004890
-003493
-005880
-009081
-006753
-002096
-002271
-005647
-006753
-006520
-008441
-010129
-007568
-002445
0001513
0002735
0000174
-004308
-006753
-007859
-011934
-013680
-003202
0010361
0009255
-000059
-000059
0004365
0000349
-008208
-012574
-012225
-009256
-004657
0000058
0003434
0003841
0003550
0008207
0013039
0008789
-000466
-005356
-006404
-008616
-010129
-007801
-002678
0003026
0007392
0009313
0007916
0003259
-002213
-004599
-004541
-005589
-006695
-005705
-003377
-001572
0000349
0004598
0008615
0008440
0005064
0001920
-001165
-006404
-010420
-008208
-002387
0000407
0001513
0006228
0010885
0008731
0002503
-001107
-002387
-004716
-006578
-005531
-002562
0000116
0001979
0002852
0003492
0005588
0007683
0007101
0004074
-000408
-003959
-003726
-000350
0003492
0005762
0003841
0000582
0002852
0006927
0004424
-001223
-002387
-000059
0001862
0002968
0002968
0003376
0007451
0011875
0010943
0006053
0001455
-001048
0000291
0002852
0000756
-003086
-002038
0001629
0001629
0000523
0004831
0010477
0009371
0004132
0001920
0001862
-000175
-001398
0003783
0010477
0009313
0003143
0000116
0000058
-000408
0000291
0005180
0010070
0007159
0000232
-002213
-000350
0002212
0004773
0006752
0007276
0005821
0003376
0002037
0001629
0000640
0000349
0003376
0006810
0004947
0000931
0001629
0005238
0007101
0006170
0001804
-003086
-003668
-001572
-002154
-003959
-002795
-000641
-002096
-004948
-004308
-002271
-003901
-006811
-005414
-002096
-001921
-005007
-009780
-014728
-018570
-019618
-017056
-012108
-006811
-003260
-003202
-005239
-005822
-004657
-002911
0000058
0006577
0011292
0004831
-005938
-005996
-001107
-006287
-015950
-017755
-013331
-009198
-006287
-004250
-003377
-002969
-003377
-005181
-006869
-005647
-002853
-001805
-001863
-001048
-000292
-001456
-004075
-007277
-009081
-006811
-002853
-002620
-004250
-002562
0000000
-001863
-005763
-006113
-004541
-005647
-008092
-009081
-008849
-008674
-008616
-008732
-008674
-008034
-006928
-004948
-004133
-007917
-012807
-012341
-008208
-005531
-005065
-006404
-008616
-010187
-010071
-007335
-004133
-004308
-006462
-006811
-005763
-005007
-004832
-005705
-006404
-004483
-001921
-002678
-005239
-005996
-004657
-002154
0000698
0002910
0003550
0001920
-000524
-001398
-000641
0000756
0002037
0002386
0001513
-000641
-002678
-002213
-000175
0001397
0001920
0001688
0000814
0000000
-000175
0000931
0002386
0002153
0000989
0001222
0001804
0000349
-002096
-003726
-003959
-002736
-000757
0000989
0001571
0000116
-001747
-000408
0001920
0000523
-002445
-002038
0000523
0001979
0002095
0001804
0001106
0000291
-000583
-002445
-002678
0003259
0010128
0007742
0000523
-000292
0002677
0001280
-001572
0001397
0005762
0002095
-004774
-004250
0001047
0003550
0003492
0003550
0004016
0005355
0006577
0005704
0003841
0003958
0004424
0000873
-002969
0000174
0006461
0007567
0004656
0002270
0001920
0005355
0009895
0010710
0008149
0004365
0001862
0004424
0008731
0007974
0004132
0001746
0003026
0010594
0018220
0014552
0005704
0006053
0011875
0012340
0009197
0007858
0007916
0007567
0007043
0006519
0007218
0011176
0015775
0016590
0014785
0014494
0014436
0011001
0007159
0008207
0012049
0013213
0012340
0012340
0012515
0011292
0009604
0009197
0009721
0009954
0009430
0007625
0005413
0004307
0004540
0005413
0006403
0006461
0006053
0005995
0006694
0008440
0010885
0013621
0014902
0012282
0008382
0008615
0011409
0012107
0011583
0012631
0014203
0014028
0013039
0014087
0015076
0011642
0006868
0006694
0009954
0012748
0013795
0012224
0009313
0007683
0007683
0008964
0009954
0007509
0004191
0005413
0008673
0007625
0005297
0008440
0013795
0014378
0011933
0011875
0013213
0012981
0011583
0009954
0009080
0010303
0012340
0012806
0011933
0011060
0010245
0008906
0007625
0006577
0006694
0009139
0011933
0011467
0009197
0009371
0009488
0002910
-002911
0003318
0019617
0032752
0032752
-008150
-032752
-032752
0007567
0032752
0032752
0018802
0004249
0010245
0022993
0007509
-016707
-007568
0018103
0020024
0005937
0001280
0002503
-003027
-009256
-005298
0005006
0012340
0014552
0012049
0006344
0000291
-002911
-000815
0005413
0012922
0016939
0012107
0001920
-006753
-008965
0000291
0012981
0014494
0006344
-004250
-010828
-004599
0006752
0006170
-001456
-002038
0002270
0004773
0004598
0000814
-002387
0003143
0010186
0003376
-008558
-006462
0002852
0002037
-004483
-004716
-001165
-001572
-003493
-001281
0001979
-000350
-006054
-010071
-011759
-012690
-011526
-005996
-000117
-000874
-005647
-007335
-006287
-004948
-004192
-004948
-006113
-005647
-003784
-001805
-000466
-000059
-001107
-004192
-007160
-006637
-003959
-002911
-003086
-002038
-001456
-004657
-008790
-008558
-005647
-004832
-006287
-008965
-011526
-011992
-010828
-009838
-009256
-008674
-008441
-009314
-009955
-007684
-005065
-007044
-011293
-012458
-011526
-011584
-013273
-017406
-020549
-016474
-009489
-008965
-012341
-012108
-009838
-010129
-011876
-012516
-011934
-011002
-009314
-005472
-002795
-006811
-013622
-014553
-011934
-012807
-015659
-016765
-015950
-014204
-012050
-009838
-008849
-010362
-013447
-016241
-017522
-015950
-013564
-014204
-016591
-017289
-016532
-015543
-014902
-015368
-016707
-017871
-018512
-018686
-017755
-014611
-011584
-012632
-015194
-013156
-009605
-011002
-015252
-016649
-015834
-015426
-015485
-016009
-016241
-014844
-012690
-011526
-011410
-011759
-012341
-012865
-013447
-014961
-016125
-014495
-011584
-010478
-010711
-009605
-009140
-013214
-018337
-017988
-014611
-014728
-016707
-015950
-013389
-011235
-010304
-010828
-012283
-013447
-013913
-013796
-013389
-013971
-014320
-012225
-008849
-006928
-006462
-006229
-006695
-008907
-011119
-010246
-007684
-006404
-006928
-009722
-012108
-009314
-004483
-004890
-008441
-009722
-009023
-008092
-007684
-009372
-010886
-007626
-003202
-005123
-009605
-007801
-003260
-004483
-009198
-011293
-010886
-009023
-008092
-012399
-017347
-013738
-006229
-006578
-008849
0002561
0015018
0002910
-017929
-013505
0004831
0007334
-000815
-002736
-000059
0000698
0000582
0002677
0004016
-000874
-007975
-008674
-005880
-007102
-010537
-011759
-010187
-005822
-000990
0000523
0000465
0002270
0007858
0023167
0032307
0006112
-029746
-023867
0005704
0011060
-000292
-001805
0003550
0006519
0005762
0000232
-005996
-005763
-001339
0000582
0000640
0001920
0003550
0003492
0002735
0003085
0004656
0007683
0009022
0002968
-004890
-004075
0002910
0008557
0011118
0009721
0006577
0007218
0009080
0005879
0000989
0001106
0004598
0006636
0006868
0006053
0005064
0005413
0006636
0006694
0006868
0010536
0013970
0010361
0003667
0002503
0005238
0006286
0006344
0007742
0010128
0013155
0015076
0013795
0010769
0009546
0009895
0009895
0009371
0007916
0006286
0005238
0005355
0006694
0008789
0010943
0011816
0009488
0006461
0007509
0011409
0014727
0016182
0014960
0012107
0009895
0009255
0010536
0012166
0010885
0008265
0007625
0008789
0010536
0011467
0009546
0006752
0007159
0010186
0014087
0016473
0014378
0009837
0007218
0007159
0009022
0011351
0010943
0009837
0013272
0016997
0012515
0004249
0001804
0004191
0005995
0007742
0011351
0014669
0014552
0011816
0008906
0006810
0005937
0006519
0008382
0010128
0009488
0008091
0009604
0012049
0011060
0007858
0005762
0005355
0006053
0007683
0009837
0011409
0010536
0009197
0011583
0014960
0013446
0009430
0008498
0010070
0011292
0011933
0012631
0011816
0006694
0001746
0005064
0012107
0012631
0008207
0004831
0002968
0001280
0001047
0003783
0007858
0010245
0011060
0012398
0012515
0008265
0002503
-000233
0000756
0004656
0008557
0007159
0003900
0006577
0011467
0009895
0004889
0004365
0005995
0003026
-000583
0003085
0009895
0010652
0007509
0007567
0008033
0002270
-004657
-003202
0003259
0006577
0006112
0003609
0000291
-002387
-002678
0001222
0006228
0006344
0003609
0004016
0005821
0004831
0002386
0001804
0002212
0000698
-001048
0000116
0002852
0004365
0003434
-001223
-006229
-006287
-002213
0002852
0006461
0005937
0002968
0001920
0002037
-000233
-002445
0000232
0004307
0002735
-001805
-002620
-000699
0000291
0000349
0000291
0000058
-000233
-000932
-002562
-004483
-005589
-005589
-004774
-002853
0000931
0003841
0001222
-003784
-004599
-002038
-000059
0000873
0001047
0000291
-001223
-003027
-005181
-005938
-002504
0001513
-000350
-005822
-009081
-009372
-007160
-004599
-006054
-008790
-006869
-002504
-000874
-001921
-004075
-005822
-004541
-002271
-003144
-005822
-006986
-006578
-005647
-004774
-004832
-005414
-005123
-004890
-006637
-008616
-006986
-004250
-005589
-008732
-008499
-005822
-003435
-002678
-005123
-008732
-009198
-008092
-009896
-012749
-012399
-010187
-009140
-009372
-010478
-010770
-007044
-002271
-001339
-004192
-008558
-012225
-012807
-010537
-007102
-004657
-006054
-009605
-011061
-010770
-011061
-010886
-008208
-004890
-004017
-005414
-007451
-009314
-010770
-011177
-010246
-008907
-009140
-009955
-008616
-006753
-008383
-011002
-009314
-006287
-008674
-013214
-012749
-009198
-007859
-008208
-007859
-007219
-007219
-007743
-008674
-009838
-011410
-012807
-013505
-012982
-010828
-007975
-005822
-004774
-004657
-005123
-005065
-005298
-008034
-010537
-008150
-003493
-002387
-004483
-007393
-009838
-010420
-009722
-010246
-010828
-008849
-005996
-004948
-006171
-010129
-012749
-006113
0002328
-002678
-013156
-010478
-000932
-000583
-005589
-004425
-000990
-004774
-010944
-008674
-003086
-006345
-013098
-011235
-004250
-001107
-001514
-001921
-002562
-004192
-005356
-003551
-000757
-001456
-003610
-002329
0000407
-000350
-002853
-002504
-001165
-003784
-006986
-003610
0001979
0000465
-005472
-008441
-008499
-008441
-007510
-003959
-000641
-002213
-006287
-007277
-005996
-005763
-006113
-005472
-004657
-004890
-005822
-006695
-006811
-005181
-002911
-002096
-002213
-000932
0000000
-002445
-006404
-008616
-008325
-005763
-002853
-003027
-005239
-006462
-005822
-002969
0000756
0002561
0002852
0003900
0004656
0003201
0000349
-002271
-004308
-006054
-007160
-007743
-006811
-002795
0002270
0005646
0005704
0001106
-004425
-004657
-000990
0001338
0002095
0002910
0002677
-000350
-003668
-003027
0000465
0003434
0004715
0003550
0001222
0000582
0001397
0002037
0002910
0005646
0007159
0001629
-005531
-003901
0002852
0005180
0003376
0000523
-001980
-001921
-000292
-000117
-000059
0003318
0007392
0007218
0004540
0003667
0004307
0004656
0004482
0003609
0002503
0002561
0003085
0002794
0001804
0000465
-000233
0001455
0003550
0002212
-000699
-000990
0000465
0001397
