0004016
0003958
0002852
0002619
0002794
0002212
0001338
0001106
0000989
-000524
-002620
-003901
-003959
-002736
-000932
0000174
0000523
0000873
0000989
0000058
-000292
0002968
0006810
0005238
0001164
0001571
0004424
0004191
0001920
0000465
0000523
0002212
0004540
0005588
0005122
0003841
0002270
0000989
0000465
0000698
0001397
0002503
0002619
-000408
-003551
-000990
0003900
0003958
0000814
-000583
-000292
-000059
0000291
0001397
0002037
0000407
-002387
-003959
-004250
-004366
-004308
-003901
-003435
-003493
-003668
-002795
-001747
-002154
-003319
-004308
-004017
-000932
0002852
0003725
0002328
0001222
0001047
0002037
0003725
0005530
0006519
0006286
0004540
0001280
-001630
-000815
0001338
-000350
-003551
-002736
0000814
0003434
0003958
0001106
-002329
-001048
0002794
0003841
0002270
0000000
-001863
-002038
-001107
-000990
-001398
-001107
-001107
-003610
-006695
-007160
-005356
-003493
-001747
0000232
0001338
0000232
-001689
-001747
-000466
0000174
0000116
-000350
-000874
-001107
-000757
0000582
0002153
0002735
0002561
0002386
0001979
0000523
-000699
0000407
0002444
0002503
0001455
0001920
0002503
0000116
-003202
-003493
-001805
-001165
-001572
-002271
-002795
-002387
-001805
-002213
-003610
-005356
-006578
-006404
-004483
-000233
0003259
0000931
-003901
-003260
-000641
-004192
-011061
-015135
-015834
-015019
-012632
-008616
-004716
-003202
-003144
-001398
0000407
-000990
-003319
-001921
0001455
0002328
0001513
0001397
0002328
0004656
0007043
0007625
0006112
0002677
-000757
-001630
-000466
0000232
0000698
0002561
0003550
-000641
-006054
-005065
-000524
0000174
-002038
-003551
-003144
0000582
0004889
0004598
0001571
0001047
0001804
0000174
-002620
-004483
-004716
-002620
-000117
-000408
-002154
-001514
0000174
-000350
-001747
-001107
0000582
0000582
-000583
-001630
-002038
-001921
-001048
0000640
0002095
0001571
0000116
0000116
0000814
0000058
-001339
-001398
-000350
0001106
0002095
0000873
-000699
0001571
0004191
0000058
-006695
-007743
-004192
-000641
0001164
-000583
-003726
-003784
-001689
-000641
-000699
-001107
-001456
-000932
0000058
0000698
0000814
0000407
0000116
0001164
0002735
0003143
0002619
0002212
0002037
0001804
0001513
0001455
0001222
0000116
-000874
-000175
0001047
0000174
-001281
0000000
0002503
0002968
0001688
0000116
-000990
-000757
0000349
0000989
0000989
0000465
-000350
-000874
-001048
-001165
-001165
-000757
-000583
-001980
-003493
-002504
-000350
-000292
-001514
-001921
-000815
0002503
0005762
0004831
0001804
0001338
0003026
0004540
0005355
0005530
0004365
0001106
-002445
-003202
-001689
0000232
0001862
0002968
0003026
0001688
0000000
-000292
0000349
0000174
0000116
0002677
0005238
0002619
-002038
-001863
0000989
0000873
-001630
-004250
-005531
-003377
0000349
0001804
0000814
-001747
-004075
-003959
-001572
0001746
0004540
0004831
0003259
0001688
0000756
0000582
0000989
0001280
0001513
0001920
0002677
0004191
0005530
0004889
0003667
0004889
0006694
0005588
0001920
-002387
-006404
-009547
-011352
-012458
-011410
-006287
0000232
0003667
0003841
0003259
0001862
-000990
-003202
-001398
0001513
-000292
-004890
-007335
-006869
-004133
-000583
0001397
0001222
-000641
-002853
-002969
-001572
-000583
-000233
-000175
-000233
-000117
0000349
0001280
0002328
0003143
0003550
0003492
0003318
0003667
0004307
0004191
0004074
0005238
0006577
0005879
0003725
0001513
0000291
0000756
0002153
0002153
0001629
0002968
0004889
0004947
0003725
0003085
0002735
0001862
0000931
0000756
0001047
0000698
0000232
0001047
0001804
0000000
-002853
-003901
-003260
-002329
-001107
0000698
0002794
0005704
0006985
0002619
-003493
-003668
0000058
0001397
0001338
0003492
0005704
0003550
-000117
0000873
0004307
0004773
0002968
0002037
0001571
0000058
-000990
0000989
0003841
0003143
0000465
-000175
0000873
0001688
0002444
0003841
0005471
0007159
0007392
0003900
-000990
-002795
-001805
-000583
0000116
-000815
-002562
-002969
-002911
-004774
-006695
-005123
-001747
-000524
-000990
-001689
-001689
0000407
0003085
0003609
0002735
0002677
0003434
0004773
0005762
0005064
0003434
0002270
0002095
0002852
0003958
0004424
0003783
0001688
-000233
0000756
0002794
0001164
-001805
-001107
0001746
0002561
0001513
0000058
-000757
0000814
0002968
0001920
-000815
-001689
-001107
-000466
-000524
-002271
-004541
-005239
-004425
-003202
-001980
-000757
-000233
-001514
-003260
-003260
-001572
0000582
0002619
0003667
0004074
0004947
0005821
0005646
0004598
0003609
0002852
0002561
0002503
0002153
0001979
0003376
0004656
0002735
-000583
-001572
-000117
0003026
0005297
0002444
-002678
-004308
-002911
-001339
-000059
0001222
0000989
-002271
-007859
-014146
-019210
-021713
-020782
-016183
-010246
-006229
-004366
-002620
-001689
-003144
-005007
-004192
-001339
0001688
0003026
0000349
-003610
-003610
-000466
0002212
0004191
0006810
0008440
0006461
0003492
0005122
0008382
0006985
0002677
-000583
-000932
0003434
0008906
0008789
0005122
0004016
0005355
0007451
0008848
0007509
0004540
0003143
0002328
-000757
-004250
-004657
-003260
-003726
-005007
-004541
-002911
-002038
-001339
0001106
0003376
0002153
-000932
-001921
-001223
-000932
-000757
0000232
0001106
0000232
-000990
0000174
0002735
0004656
0005122
0004191
0002153
-000524
-001921
0000407
0004598
0006694
0006694
0006112
0004831
0002444
0000407
0001164
0003492
0004482
0004307
0004016
0003900
0004365
0004307
0001513
-001980
-002795
-000932
0002095
0004715
0004947
0003026
0000582
-001281
-001398
-000117
0001106
0001804
0001280
0000174
-000408
-000059
0001571
0003609
0005180
0005122
0001746
-001805
-000175
0004424
0006403
0006053
0005879
0005530
0004074
0002444
0001979
0002328
0002386
0002444
0003376
0004191
0002852
0000523
-001165
-001107
0001920
0005413
0004947
0002095
0000989
0001513
0002619
0003609
0003783
0003026
0001571
0000000
-000990
-001223
-000990
-000524
0000000
0000232
-000117
-000350
0000931
0002095
0000116
-003144
-003901
-002504
-000524
0000756
-000350
-002154
-001281
0001746
0004889
0007101
0007800
0006577
0003201
0000116
0001513
0004831
0004249
0001513
0001513
0003259
0004016
0003492
0001688
-000408
-000699
0000058
0000000
-000641
-000990
-000874
-000350
0000058
-000757
-002213
-003086
-003202
-002678
-002154
-002562
-003144
-001980
-000524
-001630
-003726
-003551
-001572
0001338
0001920
-004192
-013622
-019909
-021189
-017580
-011177
-006054
-003144
-001514
-000641
0001280
0003201
0002852
0001629
0002677
0004424
0003725
0001571
0000407
0000640
0002095
0003609
0003434
0001804
-000175
-001398
-000350
0001746
0002153
0001106
0000174
-000874
-002736
-004366
-004133
-002620
-001514
-001048
-000815
-001165
-002678
-004308
-004308
-003202
-002969
-002795
-001165
0001164
0003026
0003783
0002852
0001106
0000174
0000116
0000174
0000698
0002503
0004307
0004016
0002153
0000349
-000292
0001397
0004132
0005588
0005530
0004889
0003900
0003026
0002386
0001571
0001513
0004016
0006752
0005355
0001979
0001979
0003900
0004016
0002677
0001455
0000174
-002213
-004133
-003144
-001048
-001514
-003959
-005880
-006404
-005007
-002213
0000465
0002328
0003492
0003085
0000174
-003086
-003260
-001107
0000291
0001455
0004307
0007159
0007509
0005879
0004016
0002561
0001571
0001280
0001920
0002444
0001106
-000583
0000174
0002270
0002794
0001746
0000349
-001339
-003202
-004075
-002445
0000349
0001804
0001513
0000291
-001048
-000757
0000349
0000698
0000000
-001689
-003493
-003959
-003784
-005007
-006171
-004308
-000757
0001804
0002619
0001164
-000583
0001047
0003609
0001397
-003086
-004308
-002736
-000932
0000873
0003434
0004947
0003085
-000408
-001456
-001048
-002678
-004541
-003319
-000466
0000640
0000291
-000117
-000641
-001921
-002736
-001456
0000756
0001397
0000756
0000058
-000292
0000349
0000756
-000932
-003668
-005414
-005298
-002678
0000407
0000523
-001398
-002038
-001805
-002213
-002678
-001921
-000583
0000174
0000000
-001165
-002504
-002387
-001339
-001048
-000815
0001047
0003143
0003550
0002153
-000699
-003144
-001572
0000291
-005414
-014262
-017231
-014902
-012108
-009314
-006345
-003668
-000757
0001280
0000814
-000815
-001048
-000350
-000408
-000990
-001165
-000990
-000583
-000466
-001514
-002445
-000757
0002212
0003725
0003725
0003143
0002270
0001629
0001629
0002677
0003085
-000408
-004541
-003202
0001746
0005297
0007101
0008789
0009546
0008673
0006985
0006403
0006403
0005122
0003550
0003783
0004656
0003318
0001397
0002444
0004598
0003783
0001455
0001280
0002386
0002270
0001513
0001804
0002677
0002735
0002444
0002794
0003318
0003143
0002037
-000117
-002038
-001281
0000523
-000175
-002154
-002620
-001863
-001107
-000757
-001339
-002096
-001572
-000175
0000698
0001397
0003434
0005238
0004016
0001804
0003376
0006344
0005704
0002910
0002153
0003026
0003841
0004191
0003841
0003026
0002095
0001920
0003550
0005879
0007159
0006403
0002619
-001456
-000990
0001862
0001804
0000000
-000233
0000873
0002153
0002212
-001398
-006287
-008383
-007626
-005356
-003551
-005763
-009140
-007801
-003842
-002795
-003784
-003959
-002969
-000641
0001920
0002619
0002270
0002910
0004074
0004598
0004074
0001920
-000292
0000116
0002270
0003958
0004249
0001979
-000757
0000058
0002677
0002968
0001629
0001629
0002270
0001920
0001338
0002037
0002968
0001629
-000292
0000582
0002503
0001513
-001281
-002795
-003144
-003319
-003319
-003377
-003319
-002969
-002271
-000990
0000000
-000932
-002678
-003027
-002445
-002969
-003784
-003202
-002096
-002329
-002969
-001805
0000698
0003143
0005064
0006810
0007043
0004191
0000116
-002096
-002213
-001398
-000059
0001629
0002270
-000117
-003202
-002445
0000523
0001397
0000814
0001106
0002037
0002735
0003143
0003667
0002968
-000932
-007044
-013855
-018861
-019967
-017406
-013214
-009140
-006695
-005938
-005356
-004599
-003144
-001456
-000233
0000465
0001164
0001804
0002270
0002794
0003783
0004947
0006112
0006636
0005762
0004307
0003725
0004132
0004947
0005471
0004249
0002735
0003667
0005762
0006461
0005995
0006286
0006403
0004540
0002037
0001455
0002270
0002619
0002270
0000989
0000058
0001804
0004191
0003143
0000349
0000291
0001688
0000931
-000699
-000350
0001106
0001571
0001047
0000116
-000292
0001397
0003318
0001746
-001572
-002736
-001514
0001338
0003783
0002386
-000408
0001222
0004889
0004889
0002619
0002037
0003085
0004424
0005704
0006461
0006403
0005530
0004249
0003259
0002328
0000116
-001747
-000524
0002037
0001920
0000058
-001281
-001456
0000174
0001979
0001164
-001572
-004133
-005356
-004192
-001863
-001514
-002271
-001456
-000350
-001456
-003319
-003086
-001398
0000058
0000582
-000408
-001398
0000756
0004540
0006810
0007334
0007567
0007101
0005122
0003259
0004132
0005995
0004773
0002270
0002328
0003725
0003376
0001688
0000465
-000408
-001630
-002445
-001048
0000407
-002154
-005880
-004948
-001572
-001339
-003144
-003493
-002736
-002271
-002504
-004541
-005880
-001921
0003318
0002153
-003027
-005647
-005356
-003959
-001514
0002095
0004715
0003143
-000059
0000349
0002794
0003201
0001629
-000466
-001980
-001689
0000232
0002852
0004773
0003900
0002153
0003841
0006810
0006170
0003085
0001047
0000523
0001047
0002444
0004307
0005238
0003434
0000756
0001280
0003492
0003550
0001688
-000990
-003027
-002096
0000058
-000641
-002504
-001689
0000407
0000756
-000990
-004599
-007626
-005880
-001921
-001281
-003493
-006578
-007917
-003435
0002037
-000757
-009023
-015194
-017697
-017056
-013389
-007917
-002736
0000116
0000523
0000407
-000175
-002213
-003027
0001920
0007974
0006112
0000174
-000233
0003085
0004074
0003609
0004424
0005588
0004947
0003085
0000989
-000233
0000756
0002561
0002735
0001397
-000117
-000990
-000175
0001571
0002677
0002619
0001397
-000699
-003493
-005472
-004483
-001747
-000117
0000058
-000874
-001921
-001281
-000059
-001048
-002329
0000058
0004132
0005471
0005064
0006286
0007742
0006403
0003783
0003085
0004191
0005762
0006694
0005180
0002910
0003259
0004715
0003958
0001746
0000582
0000349
0000232
-000059
-000874
-001689
-001572
-001048
-001572
-002562
-003027
-003027
-003086
-003610
-005822
-007393
-004366
0000407
0000756
-002213
-004425
-005414
-005472
-004541
-003144
-001689
0000000
0000698
-001398
-004075
-003086
-000466
-001223
-003377
-001921
0001222
0001804
0000698
0000291
0000873
0002561
0003841
0002212
-000583
-000524
0001106
0001047
-000408
-001980
-003027
-003319
-002504
-000059
0002212
0001688
-000524
-001514
-001572
-002445
-003435
-003260
-002271
-001514
-000757
0001222
0002561
-000292
-004425
-003842
-000932
-001747
-004366
-004017
-001630
-000175
0000407
0000931
0000873
-000815
-002678
-002445
-001048
-001223
-001747
0000291
0003085
0003143
0001455
0000931
0001338
0001804
0001397
-001863
-005123
-003086
0000931
-000524
-004599
-004483
-001107
0002968
0004889
0000465
-006229
-006869
-003493
-002154
-002969
-004657
-005938
-004832
-002445
-001456
-001514
-000932
0000000
0000873
0001047
0000000
-001921
-004366
-005996
-005239
-002853
-000990
0000174
0001397
0002328
0003026
0002503
-000815
-004366
-003610
-000350
0001047
-000350
-004657
-010828
-018046
-022412
-019268
-011643
-006287
-004075
-003668
-004192
-003784
-002620
-002387
-002154
0000174
0002677
0001979
-000932
-003493
-004366
-002678
0000407
0002386
0002561
0000873
-001339
-001747
-000815
-000233
-000233
-000990
-001572
-000292
0001862
0003143
0003085
0001804
0000232
-000175
0000698
0002212
0003667
0004074
0003434
0002153
0001106
0002095
0003376
0001571
-001456
-001339
0000349
0000000
-002213
-005298
-007102
-004366
0000000
-000233
-002620
-000350
0003085
-000292
-006345
-005822
-001689
-001398
-003493
-003551
-001630
0001397
0003667
0001920
-001107
0000582
0004074
0002619
-001281
-001689
0000349
0001222
0001455
0002852
0004307
0003550
0002212
0003841
0006694
0007218
0005821
0004482
0003609
0003085
0002968
0002677
0002270
0001862
0001979
0003841
0005646
0004016
0000873
0001106
0002444
-000350
-004774
-006113
-004483
-002038
0000000
-000466
-001921
-000990
0001106
0001222
0000232
0000523
0000756
-001689
-005123
-006520
-005647
-003319
-001048
-001107
-002329
-001456
0000640
0001629
0001979
0003201
0004598
0004715
0004016
0003667
0003725
0003900
0003609
0001862
-000117
-000117
0001455
0003783
0005297
0003900
0001164
0001047
0002270
0001106
-000815
0000174
0002037
0000232
-002969
-002329
0000407
0000698
-000874
-002096
-002911
-003901
-004774
-005880
-005996
-003260
0000000
-001223
-004017
-001921
0002386
0002852
0000582
-000524
-000874
-002154
-003144
-001921
0000640
0002561
0003318
0002968
0002095
0001979
0002503
0002619
0002677
0003434
0004249
0003900
0002968
0003026
0003434
0002852
0001746
0001455
0001804
0002153
0001920
0000058
-002213
-002445
-001339
-000815
-001048
-001048
-003202
-012108
-022412
-025089
-021131
-016591
-011759
-005414
-000233
0000465
-001630
-002038
-001572
-003202
-005007
-003784
-000408
0002968
0004773
0003434
0000640
-000175
0001397
0004773
0007742
0006344
0002735
0001804
0003085
0004365
0005355
0006170
0005879
0003143
-000175
-000583
0001397
0003259
0004365
0004074
0002968
0002444
0002619
0003085
0003376
0002561
0001397
0001688
0002386
0001280
-000757
-001689
-001514
-001223
-000815
0000116
0000640
-000583
-002387
-002213
-001107
-002154
-003202
-000059
0004424
0004074
0000989
0000523
0002328
0004715
0006112
0003900
0000523
0000814
0003667
0005762
0006694
0007334
0007276
0006286
0004715
0002852
0001629
0002212
0003550
0003609
0002677
0001746
0000931
0000407
0000000
-000408
-000990
-002154
-002736
-001107
0001455
0002386
0001513
-000699
-002795
-002329
-000932
-002387
-004890
-004599
-002096
0000698
0002386
0001513
-000874
-002620
-002736
-000815
0001862
0002794
0002328
0002386
0002968
0003900
0004598
0003725
0002386
0002910
0004132
0003376
0001571
0000640
0001280
0004074
0007043
0006694
0004132
0002735
0002212
0001106
-000233
-001456
-002038
-000874
0000291
-002329
-005647
-003319
0002037
0004598
0003783
0000640
-003144
-004774
-004599
-004832
-005123
-004308
-003260
-003901
-004657
-002329
0001338
0002968
0002794
0002386
0002328
0003783
0005180
0003259
-000059
-000990
0000174
0001571
0002619
0003259
0003085
0001862
0000523
0000931
0002095
0002037
0000873
-000466
-001456
-001456
-000815
-000408
-000233
-000117
0000291
0001571
0003085
0003841
0003085
-000641
-004657
-004599
-002154
-001980
-003319
-003377
-002504
-001630
-001048
-001107
-001107
0000756
0002153
-000350
-006171
-014088
-019676
-017638
-010537
-004832
-001805
-000932
-000815
0002212
0005995
0005937
0003841
0004482
0006577
0007043
0005762
0003434
0001280
0001513
0002910
0002619
0001455
0001746
0002910
0003026
0002910
0004365
0005646
0004016
0000582
-002271
-002853
0000116
0004307
0005471
0003318
-001048
-004832
-003319
0000465
-000524
-004192
-004657
-002736
-001107
-000524
-001281
-002678
-003086
-002445
-000990
0000640
0001338
0001280
0000931
0000582
0000465
0000407
-000699
-001339
0001571
0005122
0003550
-000583
-001223
0000349
-000350
-001980
-001572
0000291
0002212
0003376
0003026
0002270
0003900
0005937
0004132
0000523
-000350
0001164
0002852
0003783
0002677
0000523
-000292
-000408
-001980
-003610
-002678
-000292
0001164
0000698
-002678
-006113
-004017
0000465
-000117
-002911
-000932
0003550
0005238
0004773
0005355
0005238
0000931
-004308
-005007
-002736
-002329
-003551
-005007
-005647
-003842
-001398
-002038
-004425
-005065
-004366
-004017
-003784
-002911
-001572
0000000
0000873
-000059
-001805
-001805
-000932
-001921
-003260
-001689
0000582
-000990
-004133
-003435
-001223
-002911
-006520
-007684
-006113
-002678
0001164
0003434
0003725
0002910
0001688
0001047
0001280
0001979
0002561
0002153
0001280
0001280
0001513
0000931
-000292
-001514
-002271
-002096
-001165
-000117
0000756
0001164
0000582
-001689
-003959
-003202
-001223
-001980
-004425
-005181
-004832
-005531
-005822
-002911
0000523
-000699
-004483
-005996
-005414
-004250
-003784
-006229
-008849
-006578
-001747
0000407
-000408
-002678
-004716
-003610
-000815
0000058
-000466
-000059
0000291
-001805
-004075
-002038
0001571
0000756
-002387
-001863
-000699
-005181
-012167
-015077
-014670
-015426
-015659
-012050
-006869
-004425
-003901
-001747
0000465
-000524
-002853
-002562
-001107
-002213
-004425
-004366
-002795
-002562
-002387
0000523
0003958
0004016
0001280
-002213
-004308
-002504
0001513
0003725
0003667
0001979
-000117
0000116
0000873
-002445
-006404
-004250
0000931
0001629
-000699
-001398
-001107
-002504
-003726
-000874
0002735
0000582
-004483
-006345
-004541
-000641
0003376
0004424
0003143
0002212
0001280
-000990
-003202
-003319
-002038
-001281
-001223
-002038
-002853
-001980
-000699
-001630
-003668
-004075
-003144
-002504
-001863
0000116
0001164
-002504
-007160
-005472
0000291
0004598
0005937
0003725
0000349
0000640
0003085
0003318
0001979
0001338
0001455
0002270
0002619
0000174
-002736
-001456
0001862
0002037
0000291
0000698
0002270
0002444
0001804
0001979
0002328
0001397
0000058
0000116
0000756
0000232
-000932
-001514
-001223
0000174
0001571
0001222
-000233
-001456
-001863
-000874
0000582
0000989
-000175
-003435
-006637
-006462
-003610
-000641
0001047
-000059
-001980
-000350
0002735
0002852
0000873
-000583
-000583
0001862
0004715
0004482
0001862
-000408
-001863
-002736
-002795
-001921
-000757
-000059
-000350
-002038
-004133
-005123
-004716
-002853
-000524
0001164
0001047
-002504
-006520
-005763
-002038
-000408
-000757
-001223
-001921
-003551
-004541
-002387
0000814
0000465
-002038
-002969
-002620
-002678
-002213
0000349
0003143
0002910
0000698
-001107
-001398
0000582
0003376
0003841
0002561
0001455
0001164
0002677
0004307
0002735
0000000
0000174
0002619
0004540
0005297
0004715
0003026
0001280
-000292
-001863
-002969
-002853
-002445
-003610
-005181
-004425
-002795
-003027
-006113
-013505
-020898
-021480
-017056
-013622
-011468
-009023
-006928
-005531
-004599
-003610
-001921
0001688
0005006
0004365
0001862
0002212
0004540
0005879
0006344
0007101
0007509
0006694
0005471
0005471
0006228
0006170
0006170
0008033
0010361
0010827
0009488
0007451
0005471
0004540
0003900
0001338
-000932
0001164
0005355
0006577
0005588
0005180
0005238
0005180
0004249
0001280
-002213
-003959
-003842
-002678
-001107
-000175
0000814
0004016
0006694
0003783
-001339
-001747
0001629
0005122
0006752
0004540
0000582
-000408
0000931
0001280
0001571
0004249
0006927
0005646
0002095
0000116
0000174
0001920
0004016
0004482
0003201
0001222
-000408
-000175
0001397
0002503
0003201
0004424
0005180
0003492
0001222
0002212
0004598
0004132
0001862
0000756
0000756
0000814
0000873
0001106
0001047
-000466
-002445
-003377
-003377
-003377
-002736
0000116
0003318
0003259
0001513
0001746
0003492
0005064
0005704
0004598
0002619
0001746
0001804
0001455
0001280
0002735
0004598
0004656
0003492
0002968
0002677
0001804
0000407
-001339
-002678
-002562
-001572
-001165
-000874
0000931
0003085
0003376
0002270
0001222
0000698
0001222
0001571
-000524
-003726
-005065
-005007
-005705
-006229
-004890
-002969
-003086
-004192
-004017
-002795
-001921
-000990
0001455
0003609
0002444
0000000
0000640
0003085
0003550
0002910
0004074
0005821
0005530
0003958
0003201
0002968
0001746
0000698
0001746
0003958
0005413
0005530
0004307
0002561
0001280
0001222
0003085
0004889
0003201
-000175
-000815
0000465
0001047
0000873
0000407
-000117
-000117
-000059
-001514
-002853
-001165
0001979
0002910
0001688
-000524
-002853
-004483
-004308
-000815
0001979
-002504
-011410
-017697
-020025
-019210
-016067
-012632
-009314
-005298
-001689
0000582
0000989
-000641
-002213
0000116
0003783
0002968
-000350
-001689
-000059
0005064
0009895
0007916
0002095
-000233
0000640
0001571
0002212
0002153
0001338
-000175
-001223
-000175
0001862
0002677
0001920
-000233
-002504
-002678
-001398
-000408
0000291
0001629
0002794
0002503
0001513
0001804
0002561
0001746
0000582
0001804
0003958
0003958
0002503
0001688
0001629
0002153
0002561
0001571
0000465
0001746
0003783
0002852
0000640
0000989
0003143
0005006
0005122
0001688
-002911
-004308
-002620
0000349
0003318
0004889
0004540
0002619
0000349
0000058
0000640
-001107
-003842
-004774
-004017
-002504
-001223
-001281
-002329
-003144
-003144
-001514
0000465
0000931
-000059
-001456
-002562
-002213
-001107
-001107
-001048
0002153
0006170
0007101
0005646
0004540
0004307
0004715
0005821
0007742
0008615
0005413
0000989
0001455
0004365
0003492
0000582
0000291
0001513
0001338
0000349
0000000
0000465
0002561
0003841
-000233
-005763
-005007
-000466
0001106
0000058
-000990
-001805
-002562
-002853
-002213
-001107
-000233
0000349
0000931
0001280
0001164
0000989
0002037
0002968
0001397
-000990
-000757
0001047
0001338
0000756
0001688
0002794
0001280
-000990
-000292
0002212
0003783
0003841
0002561
0000640
-000233
-000874
-003668
-006578
-006229
-003901
-002504
-002620
-004308
-005880
-003842
-000466
-000583
-002853
-003319
-002678
-003144
-004192
-004366
-003901
-003435
-002620
-000583
0001571
0002328
0001513
-000408
-002271
-002445
-001398
-001223
-001398
-000350
0000582
-001107
-003202
-000757
0003201
0002503
-000641
-000466
0001920
0004132
0003783
-001805
-009955
-015426
-017289
-016649
-014262
-011992
-010246
-008965
-007917
-006404
-005007
-005181
-005822
-004599
-002678
-002795
-003493
-000990
0002212
0001106
-002271
-002911
-001689
-001281
-001805
-003027
-003610
-001339
0002153
0003434
0002444
0000174
-002038
-002387
-001165
0000000
0001164
0003201
0004598
0003143
0000349
-000932
-000233
0002270
0005006
0005530
0004249
0003201
0002503
0001629
0001106
0001746
0002444
0000698
-001339
0000698
0004482
0004947
0003259
0003318
0003900
0001862
-001048
-001514
-000524
-001165
-002504
-002329
-001456
-001921
-002795
-002154
-001165
-002329
-004192
-003610
-001689
-001456
-001747
0000523
0003318
0002735
0000058
-001339
-001747
-003260
-004308
-001863
0001746
0002095
0000291
-000292
0000291
0001106
0001862
0002270
0001979
0000756
-000699
-000757
-000874
-004308
-008266
-007451
-003493
-000641
0000465
0000349
-000757
-002038
-003144
-003901
-004366
-005239
-005938
-005414
-004075
-002911
-001980
-000524
0000174
-001747
-004541
-004832
-002853
-000292
0001513
0000931
-001165
-002853
-003377
-002271
-000292
0001106
0001629
0001455
0001280
0002677
0004249
0003259
0001280
0001979
0003550
0001513
-002213
-003610
-002911
-001921
-001107
-000699
-001048
-002271
-003260
-002038
0000116
0000523
-000757
-002329
-003784
-004948
-005065
-003551
-001339
-000466
-000757
-000757
-000990
-002329
-003842
-003435
-002154
-002213
-002736
-001689
0000116
0000931
0001047
0001979
0002794
0001746
0000232
0000931
0002852
0003492
0003026
0002503
0002386
0003143
0003841
0002328
0000058
-000233
0001222
0003026
0004191
0003609
0001513
-001107
-002678
-000874
0002212
0001804
-000583
-000524
0000582
-000524
-003784
-008616
-012982
-013855
-012399
-012283
-012807
-012225
-010129
-005822
-001805
-002213
-004599
-002853
0000465
-000583
-003493
-002387
0000407
-000932
-003959
-003086
0000523
0003201
0004889
0007101
0008731
0007916
0005821
0004540
0004482
0005238
0005937
0005006
0003026
0001338
0000756
0002212
0004307
0004191
0002968
0003026
0004307
0006519
0007683
0004715
0000349
-000233
0001862
0002619
0001920
0000698
-000408
-000466
-000175
-001223
-002853
-003377
-003144
-003202
-003086
-001630
0000232
0000582
0000291
0001688
0003841
0004482
0003900
0003085
0002386
0001629
0001862
0004715
0007800
0006636
0002794
-000175
-001048
0000873
0003841
0004482
0002794
0000116
-001805
0000116
0003259
0001571
-001805
0000000
0004365
0005180
0003550
0003376
0003609
0001280
-001863
-002678
-001805
-001921
-002213
-000757
0000873
-000350
-002795
-003086
-001339
0001571
0003958
0003609
0001164
-001572
-002736
-000175
0004016
0005413
0004307
0002794
0001746
0001920
0003085
0004016
0004365
0003783
0002735
0001862
0001979
0003958
0006228
0006228
0004424
0002677
0001746
0002503
0003667
0002212
0000232
0002212
0005413
0004307
0000523
-001398
-001805
-003086
-003901
-001572
0001280
-000175
-004075
-005822
-005472
-004948
-004075
-001980
-000117
-000815
-002445
-001630
0000174
-000583
-002562
-002969
-002213
-002154
-002154
-001107
0000640
0002153
0003201
0003783
0003783
0003550
0002677
0000814
-001456
-003842
-004599
-001572
0002968
0004482
0003550
0002910
0002444
0001862
0001106
-000350
-001514
-000524
0001047
-000059
-002038
-000757
0001804
0001280
-001048
-002038
-001863
-001863
-001863
-001689
-001107
0000349
0001455
0000582
-002445
-007160
-012225
-016823
-018803
-016067
-010653
-006928
-005007
-002969
-001514
-001456
-002154
-002620
-001805
0001746
0005413
0004132
0000698
0001571
0004424
0003783
0000873
-000641
-001223
-002736
-004017
-002853
0000116
0003667
0006286
0007159
0005762
0001862
-001921
-002038
0000698
0003085
0004424
0004365
0003492
0003376
0003667
0003318
0002270
0000698
-000874
-001747
-001805
-001514
-000641
0000931
0002561
0002852
0002561
0003783
0005180
0003841
0001513
0001920
0003958
0004482
0003958
0004191
0004656
0004715
0003958
0002095
-000117
-001456
-001980
-002445
-002387
-000757
0000814
-000233
-002853
-004541
-004425
-001980
0000989
0001222
-000874
-003319
-004832
-003959
-001921
-001165
-001805
-002736
-003610
-003668
-003027
-001980
-000815
0000291
0001047
0000873
0000640
0002095
0004482
0006752
0007101
0003085
-001747
-000524
0004074
0005588
0004132
0001862
0000174
0001397
0003900
0004074
0002561
0001455
0001047
0001222
0001455
0000756
-000524
-001456
-001398
0000640
0002735
0001688
-001572
-004366
-005996
-006345
-006113
-007393
-008383
-005472
-000990
0000407
-001048
-003202
-004890
-004657
-002969
-001339
-000699
-002096
-003959
-003260
-000874
0000698
0001280
0001338
0001047
0001455
0001688
-000175
-002096
-000408
0002735
0002794
0000989
0000873
0002270
0003958
0005006
0004249
0002735
0002619
0003376
0003259
0002735
0003376
0003900
0001746
-000990
0000058
0002270
0000116
-004133
-005239
-003842
-002736
-002620
-004192
-005763
-003901
-000233
0001338
0001164
0001397
0001280
-001048
-003551
-002562
0000523
0001920
0002153
0003143
0004191
0004191
0003492
0003143
0003201
0002910
0003143
0005821
0007276
0001397
-008965
-017173
-021946
-024915
-024216
-017522
-009140
-006229
-007510
-007510
-006462
-006113
-005589
-003027
-000175
-000175
-002329
-004599
-005414
-002911
0000640
0000640
-001339
-000990
0000756
0001106
0000407
0000000
0000174
0001047
0002386
0003550
0004540
0005762
0006694
0006810
0006170
0005355
0004540
0003841
0003725
0005180
0006403
0004074
0000756
0001688
0004773
0004540
0002212
0001164
0001280
0001571
0001571
0000582
-000641
-000757
-000117
0000349
0000407
-000466
-001514
-001630
-001165
-001281
-001630
-001572
-001165
-000932
-000699
0000349
0001164
0000058
-001747
-001747
-000990
-002504
-004541
-003842
-001689
-001630
-002329
-000059
0002910
0002328
-000059
0000174
0002386
0004598
0005588
0003725
0000814
0000523
0001979
0002270
0002095
0003550
0005122
0004074
0002095
0003085
0005413
0005413
0003434
0000989
-000699
-000292
0001106
0000640
-000699
-000233
0000640
-001281
-004017
-003610
-001456
-001223
-002736
-004890
-006113
-003842
-000233
0000174
-001921
-003842
-004657
-003260
-001339
-002154
-004425
-005007
-004366
-004425
-004774
-004657
-003260
0000873
0005471
0006868
0005355
0003259
0001397
0000873
0001106
0000523
-000175
0000873
0002444
0002037
0000291
-001514
-001980
0001047
0004773
0003958
0000640
0000407
0001920
0001338
-000466
-001456
-001630
-001689
-002154
-004250
-006637
-007160
-006054
-004425
-003260
-003668
-004948
-005472
-004425
-000408
0003609
0002852
-001281
-004774
-006054
-003551
0000291
0000407
-001514
-001165
0000814
0002561
0003318
0002561
0001222
0000931
0001920
0003841
0005122
0003085
-000059
0000465
0002852
0002386
0000291
-000350
0000000
-000583
-001281
0000058
0000931
-002853
-009838
-016649
-020724
-020141
-016241
-012865
-010246
-006986
-004075
-002445
-002620
-005647
-008092
-003959
0002503
0001688
-002736
-001689
0002444
0003201
0001862
0002270
0004249
0006519
0008440
0009488
0009139
0007101
0004947
0005238
0006577
0005355
0002735
0001571
0001106
-000990
-003260
-003377
-001689
0000640
0002386
0002212
0000814
0000058
0000058
0000640
0001280
0001222
0000291
-001572
-003144
-002504
-000990
-001514
-003493
-005007
-005589
-005239
-003842
-001630
0000523
0001222
0001047
0001397
0002212
0003259
0003841
0002735
0001222
0001979
0003900
0004191
0003783
0005180
0006985
0006694
0004656
0001862
0000000
0001513
0004598
0005238
0003609
0001338
-000466
-000233
0000873
-000175
-001747
-000466
0002212
0003434
0002852
0000814
-001630
-002445
-002038
-001980
-002038
-001398
-000699
-000815
-001398
-001456
-001165
-000932
-000641
-000117
0000582
0001280
0001455
0000291
-001048
-000524
0001222
0002328
0002852
0003609
0004656
0006694
0007916
0005530
0001979
0002968
0005646
0003085
-001398
-000815
0002735
0004016
0002910
0000698
-001223
-000990
0000523
0000640
-000117
0000000
0000873
0002095
0002619
0000756
-001863
-002271
-000757
0001513
0002677
0000000
-003842
-003668
-000815
0000523
0000291
-000583
-000932
0001222
0004074
0003725
0001106
-001107
-002271
-002096
-000990
-000408
0000465
0003900
0006810
0003958
-001514
-002853
-000757
0001106
0002386
0002968
0003318
0004773
0006519
0007276
0006577
0004132
0001280
-000059
0000174
0000756
0001746
0003900
0005355
0003492
-000117
-001805
-001921
-002736
-003260
-001398
0000989
0000116
-002329
-002445
-000990
-000757
-001281
-001456
-000932
0000989
0001571
-003668
-011992
-018570
-021073
-018861
-013505
-008732
-005239
-001921
0000465
0001746
0001571
-000815
-002969
-000408
0003667
0002561
-001456
-002504
-001514
-002154
-002853
-000175
0003434
0002968
0000232
-000350
0000756
0001397
0001455
0001571
0001455
0000698
0000058
0001047
0002561
0002328
0001047
0000814
0001338
0001804
0001979
0001804
0001397
0000989
0000582
0000000
-000175
0000756
0002095
0002328
0002386
0004947
0007683
0005879
0002444
0003783
0007334
0006985
0003900
0001688
0000873
0001106
0001804
0001920
0001338
-000117
-001339
-000932
0000640
0001979
0002328
0001338
-000466
-001980
-002678
-002096
-000932
-000874
-001398
-000932
-000233
-000757
-001921
-002445
-002038
-000699
0000523
-000175
-001921
-002620
-002271
-001747
-001339
-001165
-001339
-001514
-001514
-000641
0000640
0001571
0002386
0003376
0004831
0007683
0010186
0010070
0007800
0005355
0003376
0001571
0001106
0003434
0006112
0004482
0000582
-000641
0000232
0000989
0000989
-000466
-002678
-004599
-004948
-001921
0001979
0002328
0000058
-001572
-002096
-001689
-000757
-000059
-000292
-002562
-004657
-002387
0001455
0000756
-002504
-003551
-002387
-000350
0001513
0001338
0000291
0001338
0003201
0002968
0002095
0004016
0007218
0008731
0008207
0006403
0004074
0002444
0001979
0002619
0003783
0004424
0004249
0002794
0001513
0003085
0005530
0004947
0002444
0000989
0000814
0001397
0001862
0000756
-001165
-002154
-002562
-003668
-004948
-005414
-005239
-005239
-004774
-002271
0000291
-000583
-003144
-003551
-002445
-002038
-002038
-001339
-000408
-000408
-000990
-001747
-001805
0000116
0002503
0002444
0000989
0000873
0001513
0000698
-000524
0000291
0000873
-003319
-009256
-011119
-009896
-009605
-009605
-008034
-005531
-003319
-001689
-000117
0001106
0001688
0001862
0002619
0002619
-000874
-005181
-005880
-003668
-001921
-000641
0001222
0002561
0002386
0001106
-000117
-000350
0001629
0004191
0004074
0002561
0002852
0004132
0004132
0003434
0003783
0004773
0005530
0005879
0005762
0005238
0004540
0004016
0004016
0004074
0003318
0001862
0000407
-000524
-000117
0000989
0001571
0001746
0002561
0003143
0001746
-000175
0000349
0001804
0000582
-001572
-000524
0001804
0001338
-000815
-001572
-001048
-000408
-000292
-001747
-003726
-004250
-003377
-002445
-001165
0001455
0003958
0004424
0003201
0001513
0000931
0004307
0008149
0005821
0000640
0000349
0003550
0005821
0006403
0005297
0003201
0001862
0001222
0000174
-000117
0002794
0005588
0001746
-004657
-004832
-001456
-002387
-005647
-006054
-004308
-002445
-001514
-003027
-005414
-005822
-004250
-001630
0000174
-002096
-005414
-003610
0000582
0001047
-001805
-006054
-009489
-009547
-006637
-002562
0000640
0000756
-001165
-002154
-001630
0000640
0003434
0004540
0004365
0005064
0005646
0004016
0001688
0001397
0002328
0001513
0000931
0004598
0009139
0008149
0003667
0001397
0001222
0000989
0000756
0000989
0000989
-000233
-001747
-001980
-001107
0000291
0001164
0000000
-002620
-005531
-007102
-004890
-001456
-001863
-004716
-006520
-006520
-004599
-002271
-002562
-003959
-002678
-000233
-000233
-001689
-002504
-001980
0000465
0003667
0005762
0006228
0004831
0003143
0004132
0006112
0005413
0002735
0000116
-001747
-002911
-002911
-001980
0000058
0003783
0006577
0004715
0000000
-003784
-004774
-001689
0002852
0003376
0000931
0000174
-001805
-011235
-021946
-023634
-018104
-012574
-008907
-007626
-008441
-009081
-008965
-007917
-005938
-003319
-000757
0000931
0001397
0001106
0000291
-001048
-001805
-000408
0001979
0002968
0002619
0001746
0000698
-000292
-001048
-001863
-002038
-000524
0001629
0002619
0002095
0000232
-001921
-003086
-002736
-000524
0001746
0000349
-002038
0000465
0004540
0003259
-001048
-002387
-001456
-001107
-001281
-001572
-001863
-002213
-002329
-001863
-000699
0001862
0003958
0001979
-001398
-000815
0002386
0004132
0004249
0003841
0003026
0001804
0001106
0002095
0004191
0006170
0007101
0006403
0004424
0001571
-000408
0000640
0003026
0002852
0000931
0000232
0000116
-001107
-002271
-001107
0001106
0001338
0000698
0002095
0004424
0005530
0005238
0003958
0002153
0000523
-000641
-001281
-001572
-002213
-002911
-003435
-003377
-002504
-000990
0001106
0002328
0000582
-001689
0000291
0004482
0006228
0005646
0004540
0003318
0002619
0001862
-000932
-003086
-000233
0005238
0007974
0008149
0008673
0008265
0004773
0000523
-000350
0001455
0003318
0004016
0001920
-001048
-001165
0000349
-000292
-001572
-000059
0002619
0002968
0001746
0001862
0001979
-000757
-004366
-004948
-003319
-002271
-002096
-002329
-002969
-003726
-004366
-005181
-005356
-003842
-001456
0000232
0000873
0000698
0000291
0000523
0001455
0002619
0003841
0005064
0005530
0004424
0002561
0001688
0001920
0002735
0003783
0004482
0004540
0004074
0003085
0001455
0000174
0000873
0002328
0001979
0000640
0000291
0001047
0003143
0004132
0000232
-006054
-009896
-009780
-005472
-000059
0001222
-000874
-002387
-003435
-005065
-006520
-006578
-005647
-004890
-004308
-003784
-003086
-000757
-000524
-008790
-020200
-024973
-022353
-015659
-007859
-003260
-002038
-001514
-000990
0001047
0003201
0002677
0000931
0001455
0003085
0002503
0000989
0001280
0002444
0001979
0000698
0000640
0001280
0001164
0001106
0003318
0005530
0003201
-000757
-000117
0003026
0003085
0001455
0001979
0003725
0004249
0004074
0004889
0005530
0003958
0001338
-000059
0000174
0001920
0004074
0005122
0004656
0002561
0000407
0000698
0002503
0003667
0003143
-000699
-004541
-002154
0002677
0001455
-002795
-002969
-000059
0002619
0003667
0001455
-001572
-000524
0002503
0001920
-000408
0000000
0002270
0003841
0004365
0004016
0002852
0001106
-000175
0000756
0002270
0000582
-002154
-000990
0001862
0000931
-001456
-000059
0003259
0004074
0002386
-000932
-003668
-002445
0000698
0000640
-001107
-000292
0001804
0001629
0001047
0004249
0008265
0007101
0003143
0002328
0003667
0003841
0002910
0001571
0000523
0000698
0001571
0001920
0001397
0000058
-001921
-004250
-005763
-005007
-002620
-000175
0001280
0001455
0000232
-001980
-003959
-004133
-003027
-002736
-002504
0000174
0002444
-001165
-006637
-005647
-001165
-001339
-004192
-004657
-003202
-001980
-001223
-001107
-001165
-000466
0000349
-000408
-001281
0000582
0003725
0004598
0004132
0005530
0006577
0003143
-001747
-001747
0001164
0001979
0000931
-000292
-000874
0000232
0001979
0002270
0001397
0000931
0000756
-000059
-000815
-000466
0000174
-000233
-001921
-005065
-007568
-006054
-003144
-004832
-008499
-008092
-004948
-003144
-002911
-003202
-003959
-005239
-006113
-005298
-003551
-002969
-002562
0000291
0003492
0002852
0000232
0000058
0001804
0003550
0004424
0003667
0002386
0003550
0004191
-001747
-010537
-014902
-014844
-013564
-011177
-007451
-003551
-000292
0000814
-001921
-005822
-005996
-003202
-000524
0000989
0000349
-001456
-001921
-001398
-000932
-001165
-003260
-005414
-004483
-001572
0000407
0000873
-000466
-002038
-000466
0002386
0002212
0000756
0002619
0006112
0007567
0007043
0005821
0004365
0002968
0002386
0003550
0005355
0005471
0004773
0005646
0006810
0005297
0002794
0002794
0003667
0001164
-002445
-002853
-000292
0003201
0006112
0006636
0005122
0003434
0001688
-000583
-001980
-000059
0002503
0000116
-003959
-002562
0001804
0003201
0001513
-002038
-004890
-003027
0001222
0002444
0001222
0000174
-000292
-000175
0000465
0001106
0001222
0000174
-001048
-000990
0000523
0003201
0005355
0004132
0001222
0000640
0001338
-000175
-001980
-000408
0003026
0004947
0004947
0003434
0001222
-000524
-001048
0000232
0001979
0001397
-000524
-001223
-000874
-000466
-000524
-002096
-003668
-002620
0000116
0002503
0002968
-000233
-004308
-003842
-000699
0000116
-000757
-000583
-000117
-001339
-002853
-002096
-000059
0000349
0000407
0003492
0006927
0005762
0001979
0000465
0000873
0001164
0001280
0001629
0001455
-000408
-002969
-004541
-004716
-003319
-001747
-002445
-004133
-003610
-001630
0000058
0000174
-003202
-006811
-004541
0000640
0001804
-000117
-001339
-002038
-003610
-004832
-003610
-001805
-003377
-006229
-005938
-003319
-000874
0000232
-000874
-003260
-005065
-004948
-001572
0002677
0003841
0002444
0001106
0000698
0002037
0004074
0004424
0003201
0001222
-000175
0000814
0002677
0001688
-000757
-001281
-000466
-000641
-001165
-000117
0000931
-001223
-004366
-004250
-001805
-000117
0000465
0000756
-000583
-004948
-011293
-017988
-022237
-021073
-016183
-012225
-009081
-003901
0000523
0000523
-002504
-004541
-005065
-004541
-003435
-002736
-002736
-003202
-003668
-003202
-002213
-001514
-001048
-000699
-000059
0001455
0003492
0005297
0006636
0007509
0007509
0005937
0003783
0002212
0001920
0003085
0004773
0005238
0004598
0004132
0003609
0002153
0000989
0002037
0003958
0004074
0002619
0001047
-000233
-001048
-001223
-000524
-000117
-002213
-005239
-006113
-005007
-003260
-001863
-001980
-002911
-003027
-001921
0000291
0002212
0001222
-001048
-000757
0001047
0001455
0000582
-000815
-001805
-000641
0000698
-002038
-005705
-004192
0000349
0002503
0001862
-000815
-003668
-003842
-002271
-002154
-002853
-002678
-001514
0000465
0002153
0001920
0000349
-000990
-001514
-000932
-000175
-001514
-003202
-001572
0001571
0001979
0000465
-000292
-000117
0000465
0000989
0000698
-000059
-000350
0000174
0001571
0002968
0002910
0002037
0002037
0002328
0001164
-000233
0000582
0002270
0001862
0000232
-000466
-000350
-000583
-000815
0000174
0000814
-001805
-005123
-004250
-000932
0000407
-000350
-001921
-003493
-003784
-003027
-002213
-002096
-003610
-005705
-006520
-005822
-004308
-002911
-003027
-004250
-005414
-005705
-004192
-001689
-000175
0000640
0002037
0003026
0001920
-000117
-000408
0000291
-000699
-001747
0000291
0003667
0005122
0004715
0003492
0002677
0004424
0006461
0004016
-000350
-000815
0000931
-000117
-001863
0000640
0004365
0002852
-001514
-002736
-001805
-002154
-003202
-003319
-002562
-001689
-001048
-000699
-001107
-002620
-003842
-002213
0000000
-001980
-006171
-007917
-007684
-008034
-008499
-008499
-007335
-002911
0000465
-004250
-013331
-018686
-018628
-013738
-006986
-003668
-003260
-002154
-000524
0001164
0002386
0002503
0001979
0002153
0002735
0003085
0003201
0003143
0002852
0002212
0001222
-000117
-001165
-000990
0000116
0001397
0002386
0002910
0002794
0002619
0002212
0001280
0000814
0001862
0003841
0005471
0005530
0003085
-000524
-003319
-003319
0001746
0007451
0005879
0000116
-001980
-000699
0000698
0001862
0002503
0002561
0002270
0001920
0001979
0002037
0000989
-000175
0000291
0001629
0001629
0001338
0003376
0005704
0004307
0000756
-001398
-001456
0000640
0003259
0003434
0001862
0001280
0001164
0000465
-000583
-001514
-001805
-000699
0000698
0000465
-000874
-001281
-001281
-002154
-002969
-002154
-000292
0001222
0001804
0000989
0000174
0001746
0004365
0005180
0004424
0003609
0003318
0004482
0005879
0004947
0002968
0002852
0004016
0004424
0003958
0002677
0001455
0002095
0003492
0003434
0002444
0002212
0002619
0003609
0004249
0003085
0001397
0002095
0003492
0001688
-001223
-000466
0002212
0002735
0000873
-003202
-006753
-005472
-001514
0000058
-000757
-001980
-003086
-003377
-002853
-001921
-000757
0000814
0001920
0001280
0000174
0001513
0003841
0004074
0003143
0003958
0004947
0002503
-000699
0000756
0004656
0005704
0004365
0003085
0002095
0001338
0000814
0000407
0000349
0001047
0001862
0001397
0000232
-000175
0000232
0001455
0002503
0002328
0000814
-001747
-003901
-003726
-002038
-000990
-000990
-002154
-003784
-004657
-004599
-004075
-002969
-000815
0000582
-001572
-005123
-005589
-003377
-000990
0000756
0001106
0000582
0001280
0002212
0001280
-000059
0001455
0004307
0005297
0004482
0003259
0002444
0003609
0004715
0002153
-003319
-009664
-014728
-016998
-014844
-006811
0002095
0004482
0000756
-005181
-009081
-005181
0002794
0006170
0004773
0001397
-002038
-002911
-001747
-000699
-000641
-002445
-004366
-003027
-000292
-000641
-002562
-002329
-000583
0000232
0000582
0001862
0003085
0002212
0001106
0003900
0008033
0007974
0005122
0003492
0003667
0005413
0007916
0009779
0010128
0008324
0005413
0002968
0001862
0002270
0003492
0003667
0003434
0004656
0006170
0005588
0003958
0003725
0004307
0003725
0002561
0002444
0002619
0001397
0000174
0001455
0003841
0004191
0002503
0000000
-002271
-002678
-001863
-001805
-001805
-000059
0002153
0002444
0001513
0001513
0002212
0002386
0002677
0004656
0006752
0005821
0003434
0003434
0004365
0002328
-000466
0000698
0003841
0004598
0003201
0001338
-000350
-001398
-001048
0001455
0004540
0005646
0004540
0001688
-001107
-000815
0001047
0000465
-001456
-001456
-000641
-001572
-003377
-004425
-003901
-000815
0002677
0002852
0000989
0000814
0001513
0000465
-001339
-002096
-001572
0000232
0001804
0000349
-002096
-001107
0001804
0002503
0001862
0002735
0003492
0000698
-002678
-000757
0003725
0004191
0002153
0002561
0003609
0000756
-002969
-001689
0001920
0001164
-001747
-001572
0000931
0003609
0004831
0003026
-000292
-002154
-001747
0001455
0004365
0001804
-003610
-006054
-005531
-004599
-003959
-005065
-006462
-005472
-002620
0000640
0003085
0003900
0002968
0001164
-000757
-002213
-002504
-001107
0000931
0001804
0001920
0002852
0003667
0002561
0000523
-000233
0000465
0002270
0004016
0004016
0002794
0002270
0002386
0002735
0002619
0000698
-001921
-003610
-003668
-001572
0000523
-001398
-004541
-002387
0001338
-000815
-008092
-017464
-024915
-025672
-020956
-015426
-011002
-009081
-009081
-008558
-007451
-006462
-005007
-001805
0001629
0003259
0002503
-000990
-004250
-002038
0003085
0004831
0004191
0005122
0006344
0005238
0002852
0001164
0000931
0002503
0004947
0006403
0006519
0005879
0004249
0001106
-001572
-001165
0001338
0002852
0003259
0003609
0003376
0001397
-000699
0000349
0002037
-001689
-006811
-004948
0000000
-001223
-005705
-005705
-002969
-002620
-003959
-004890
-005123
-004541
-003435
-002329
-001747
-002562
-003377
-001456
0001513
0002386
0001338
0000000
-000932
-000466
0000873
0002037
0002212
0000640
-001398
-001630
-000059
0003085
0005180
0002270
-002387
-002329
0001280
0004598
0006170
0005006
0002561
0002212
0003026
0002735
0001455
-000408
-001863
-001514
-000757
-002795
-005531
-004192
-001107
-001456
-003959
-005472
-005239
-002678
0000116
-000641
-003377
-003842
-002387
-000641
0000698
0000931
0000523
0000814
0001222
0000582
-000641
-001514
-001281
0000931
0003376
0002910
0000523
-001048
-001630
-001747
-001863
-003144
-004657
-004716
-003202
-000466
0001979
0001513
0000058
0002444
0005297
0001920
-004425
-006637
-005298
-004133
-003144
-001805
-000466
0001047
0001688
-000233
-002853
-002620
-000524
0000640
0000174
-002445
-005007
-003726
0000000
0002619
0003259
0001920
0000116
0000582
0002444
0003492
0003201
0000989
-001165
0000349
0003085
0001222
-002678
-002795
-000408
0000349
-000350
-001398
-001863
-000524
0001455
0001338
0000116
-000059
0000582
0001280
0001280
-000524
-002853
-003144
-002445
-003726
-005356
-003901
-001223
-001456
-003435
-004133
-003610
-002620
-001572
-000815
-001107
-003668
-006054
-002678
0000989
-006171
-017580
-019909
-014320
-007277
-001630
-000117
-001281
0000058
0002503
0002037
0000814
0003259
0007334
0008731
0007276
0004074
0000931
0000465
0001920
0002910
0002735
0000989
-001281
-002504
-002213
0000000
0001979
0000174
-003435
-004541
-003493
-002562
-001805
-000757
-000175
-001107
-002795
-003959
-004133
-002795
-001223
-001980
-003260
-001107
0002328
0002328
0000523
0001397
0003434
0002735
0001222
0003667
0007334
0006636
0003492
0003085
0004191
0003026
0001397
0003434
0006403
0004715
0000814
0000582
0002561
0002386
0000814
-000059
-000292
-000466
-000175
0001164
0002328
0001222
-001107
-002154
-002213
-002911
-002795
0000931
0004889
0002677
-002678
-004133
-002329
-000641
0000232
0000000
-001223
-003144
-004017
-001165
0003434
0005588
0005297
0004191
0002735
0001047
0000465
0002677
0005995
0007101
0005995
0004191
0002503
0001629
0001455
0000640
-000059
0000989
0002444
0001338
-000641
-000117
0002153
0004132
0004598
0002212
-001107
-001572
0000407
0002852
0004482
0003725
0001397
-000815
-001689
-000059
0002153
0001164
-001514
-002271
-001107
0000931
0002619
0002270
0000582
-000815
-001107
0000000
0001862
0003318
0003376
0000814
-002387
-002911
-001107
0001513
0003143
0001338
-001630
-000641
0002212
0001979
-000350
-001805
-002213
-002038
-001805
-002387
-003260
-003202
-002329
-000699
0000465
-000350
-002271
-002678
-002154
-002445
-003027
-002678
-001921
-002038
-002504
-001980
-000757
0000291
0000465
-001630
-003610
-001339
0002619
0002444
-000408
-001689
-001572
-001747
-002038
-002096
-001747
-000524
0001106
0002212
0003318
0005471
0007974
0009837
0009663
0005762
0000640
-001339
-000815
0000232
-001107
-009722
-019909
-021073
-015543
-011410
-008907
-006462
-004192
-001048
0000814
-001863
-006345
-007044
-004716
-002329
-000699
-000292
-001107
-002911
-004075
-002096
0001397
0003085
0002794
0001629
0000523
0001222
0002677
0002270
0000814
0000232
0001164
0003900
0007218
0008848
0008673
0007742
0006752
0006636
0006752
0005238
0003143
0002677
0003550
0004831
0005937
0006810
0006752
0005064
0002852
0002153
0002561
0002212
0002095
0004540
0007334
0006868
0003783
0000291
-001980
-001339
0001106
0002852
0002735
-000059
-003959
-005938
-005705
-004366
-002562
-001165
-000641
-001107
-001863
-001747
-001107
-000757
-000932
-001921
-001980
0002153
0007101
0006519
0002677
0001455
