0000027
0000016
0000000
-000026
-000045
-000037
-000010
0000025
0000045
0000016
-000035
-000052
-000037
-000028
-000019
-000002
0000014
0000027
0000022
-000028
-000078
-000056
0000001
0000007
-000021
-000024
-000010
-000004
-000008
-000015
-000024
-000034
-000037
-000034
-000030
-000032
-000035
-000021
-000002
-000004
-000017
-000006
0000014
0000012
-000006
-000015
-000017
-000019
-000019
-000013
-000010
-000012
-000013
0000000
0000014
-000006
-000035
-000017
0000022
0000018
-000010
-000010
0000005
-000002
-000021
-000032
-000030
-000015
0000000
-000006
-000026
-000039
-000041
-000037
-000030
-000013
0000000
-000012
-000034
-000045
-000045
-000041
-000034
-000024
-000015
-000004
0000000
-000017
-000041
-000045
-000035
-000035
-000039
-000039
-000034
-000019
-000002
-000006
-000017
-000015
-000006
0000003
0000009
0000003
-000013
-000037
-000058
-000050
-000032
-000032
-000045
-000050
-000043
-000019
0000001
-000021
-000052
-000030
0000012
-000006
-000050
-000041
0000000
0000005
-000013
-000015
-000010
-000023
-000043
-000035
-000019
-000028
-000050
-000048
-000026
-000010
-000002
-000004
-000013
-000026
-000032
-000017
0000003
-000008
-000035
-000037
-000026
-000032
-000045
-000048
-000039
-000028
-000015
0000009
0000022
-000012
-000056
-000043
0000003
0000012
-000006
-000023
-000034
-000046
-000048
-000013
0000027
0000007
-000043
-000050
-000030
-000017
-000013
-000008
-000004
-000004
-000013
-000028
-000039
-000034
-000013
0000003
0000009
0000000
-000013
-000017
-000012
-000006
0000001
0000011
0000016
0000020
0000018
0000005
-000010
-000015
-000008
-000002
0000007
0000020
0000027
0000023
0000011
0000003
0000001
-000002
-000002
0000009
0000018
0000001
-000019
0000001
0000038
0000044
0000023
0000005
-000006
-000004
0000007
0000009
0000007
0000003
0000005
0000033
0000062
0000055
0000016
-000024
-000045
-000023
0000020
0000034
0000025
0000014
0000009
0000011
0000014
0000003
-000012
-000008
0000009
0000022
0000022
0000005
-000015
-000017
-000008
-000012
-000019
-000015
-000004
-000004
-000012
-000010
-000010
-000030
-000052
-000052
-000026
0000012
0000044
0000029
0000001
0000047
0000106
0000062
-000035
-000076
-000054
0000000
0000049
0000033
-000013
-000004
0000034
0000040
0000020
0000007
0000003
0000007
0000014
0000025
0000036
0000038
0000034
0000034
0000038
0000049
0000057
0000044
0000020
0000007
0000007
0000005
0000003
0000007
0000014
0000023
0000031
0000044
0000051
0000040
0000022
0000018
0000023
0000018
0000011
0000016
0000027
0000027
0000020
0000014
0000014
0000027
0000038
0000016
-000017
-000013
0000012
0000027
0000027
0000018
0000009
0000016
0000033
0000029
0000022
0000044
0000071
0000055
0000020
0000018
0000038
0000038
0000029
0000036
0000045
0000029
0000005
0000022
0000053
0000031
-000010
0000014
0000064
0000062
0000025
0000009
0000011
0000025
0000040
0000044
0000033
0000009
-000015
-000023
-000010
0000018
0000040
0000040
0000023
0000007
0000000
0000012
0000033
0000033
0000020
0000020
0000025
0000016
0000005
0000020
0000033
-000012
-000065
-000021
0000058
0000031
-000039
-000010
0000069
0000073
0000025
-000012
-000021
0000000
0000029
0000023
-000002
-000012
-000008
-000008
-000012
-000013
-000010
0000009
0000029
0000012
-000015
-000012
0000011
0000018
0000009
-000004
-000015
-000024
-000026
-000021
-000010
0000000
0000003
0000001
0000000
0000011
0000020
0000001
-000030
-000039
-000034
-000026
-000021
-000017
-000017
-000019
-000019
-000006
0000009
0000003
-000012
-000008
0000005
0000000
-000013
-000017
-000015
-000024
-000037
-000034
-000021
-000012
-000006
0000007
0000018
0000014
0000001
-000010
-000017
-000010
0000000
-000006
-000019
-000019
-000010
-000006
-000004
0000003
0000007
-000006
-000021
-000013
0000005
0000003
-000010
-000008
0000000
0000000
-000006
-000019
-000028
-000023
-000008
-000012
-000024
-000030
-000026
-000030
-000034
-000019
-000002
-000017
-000043
-000041
-000021
-000010
-000013
-000028
-000046
-000056
-000052
-000026
-000002
-000008
-000032
-000039
-000028
-000015
-000004
0000003
0000005
0000003
-000004
-000024
-000043
-000035
-000017
-000021
-000035
-000041
-000037
-000030
-000021
-000013
-000012
-000008
-000008
-000026
-000046
-000048
-000032
-000015
-000004
-000006
-000021
-000045
-000061
-000052
-000026
-000013
-000012
-000015
-000023
-000034
-000041
-000034
-000021
-000021
-000026
-000019
-000010
-000012
-000024
-000048
-000067
-000058
-000032
-000021
-000024
-000026
-000028
-000041
-000054
-000043
-000030
-000052
-000083
-000056
-000006
-000004
-000037
-000063
-000069
-000050
-000019
0000005
0000011
-000021
-000059
-000048
-000013
-000013
-000028
-000004
0000027
0000000
-000054
-000065
-000043
-000028
-000019
-000010
-000004
-000006
-000013
-000024
-000034
-000030
-000026
-000048
-000074
-000050
-000006
-000002
-000026
-000039
-000039
-000026
-000013
-000021
-000039
-000050
-000050
-000050
-000046
-000039
-000028
-000026
-000028
-000032
-000030
-000023
-000013
-000015
-000026
-000034
-000035
-000030
-000023
-000013
-000012
-000023
-000035
-000030
-000013
0000001
0000003
-000026
-000061
-000056
-000026
-000012
-000019
-000054
-000080
-000032
0000036
0000012
-000058
-000059
-000021
-000024
-000048
-000034
0000003
0000011
0000000
-000006
-000004
0000001
0000001
-000021
-000050
-000046
-000023
-000006
-000002
-000013
-000023
0000005
0000040
0000023
-000021
-000037
-000026
-000008
0000009
0000005
-000006
0000000
0000009
-000006
-000024
-000012
0000020
0000034
0000027
0000003
-000021
-000013
0000011
0000014
0000007
0000016
0000027
0000020
0000001
-000002
0000005
-000002
-000010
0000001
0000022
0000029
0000025
0000018
0000014
0000027
0000045
0000040
0000018
0000003
0000001
0000020
0000042
0000034
0000016
0000022
0000040
0000042
0000029
0000014
0000007
0000025
0000051
0000051
0000038
0000042
0000051
0000042
0000025
0000016
0000016
0000020
0000029
0000044
0000053
0000038
0000016
0000027
0000049
0000040
0000012
0000001
0000007
0000014
0000022
0000031
0000033
0000023
0000011
0000007
0000014
0000027
0000038
0000029
0000011
0000000
0000000
-000004
-000004
0000007
0000025
0000034
0000034
0000033
0000029
0000022
0000016
0000023
0000034
0000042
0000044
0000042
0000042
0000051
0000060
0000053
0000038
0000042
0000053
0000058
0000051
0000029
0000009
0000011
0000029
0000051
0000068
0000073
0000066
0000060
0000055
0000044
0000036
0000036
0000038
0000027
0000014
0000020
0000038
0000049
0000053
0000062
0000066
0000042
0000011
0000018
0000049
0000055
0000045
0000047
0000055
0000057
0000053
0000036
0000023
0000038
0000062
0000055
0000031
0000012
0000011
0000036
0000068
0000057
0000025
0000027
0000045
0000038
0000016
0000009
0000020
0000051
0000079
0000058
0000022
0000034
0000073
0000066
0000033
0000016
0000018
0000023
0000033
0000055
0000071
0000064
0000038
0000023
0000022
0000040
0000060
0000042
0000009
0000009
0000031
0000036
0000034
0000042
0000051
0000058
0000060
0000064
0000064
0000047
0000027
0000025
0000040
0000060
0000073
0000062
0000040
0000038
0000051
0000053
0000049
0000058
0000068
0000045
0000018
0000033
0000068
0000075
0000064
0000060
0000058
0000040
0000023
0000036
0000064
0000071
0000062
0000053
0000051
0000058
0000069
0000071
0000066
0000060
0000053
0000044
0000036
0000036
0000040
0000044
0000044
0000027
0000011
0000020
0000042
0000040
0000025
0000022
0000025
0000027
0000025
0000020
0000011
0000009
0000012
0000025
0000040
0000047
0000047
0000044
0000038
0000033
0000027
0000016
0000007
0000016
0000029
0000014
-000010
-000008
0000012
0000023
0000027
0000033
0000038
0000029
0000018
0000025
0000036
0000018
-000012
0000001
0000031
0000022
-000012
-000026
-000023
-000017
-000010
0000003
0000016
0000014
0000005
0000009
0000016
0000007
-000010
-000017
-000013
0000001
0000014
0000009
-000006
-000004
0000005
-000006
-000023
-000024
-000010
0000001
0000009
0000009
-000002
-000028
-000046
-000024
0000012
0000011
-000013
-000013
0000001
0000016
0000022
0000005
-000017
-000015
0000003
0000005
0000005
0000031
0000055
0000025
-000026
-000021
0000012
0000007
-000019
-000019
-000006
-000021
-000039
0000000
0000051
0000023
-000043
-000056
-000030
-000023
-000026
-000013
0000007
0000009
0000000
-000008
-000008
-000008
-000008
-000012
-000017
-000023
-000023
-000012
0000003
-000002
-000015
-000010
0000001
-000015
-000041
-000039
-000021
-000021
-000032
-000021
-000004
-000017
-000043
-000043
-000028
-000021
-000023
-000037
-000048
-000030
0000000
-000012
-000043
-000043
-000024
-000024
-000030
-000008
0000016
-000006
-000041
-000026
0000012
0000012
-000015
-000034
-000035
-000024
-000002
0000023
0000033
0000000
-000043
-000030
0000007
-000002
-000035
-000039
-000023
-000010
-000010
-000026
-000041
-000026
0000003
0000005
-000013
-000030
-000037
-000035
-000024
-000006
0000001
-000024
-000059
-000050
-000017
-000017
-000035
-000019
0000007
0000001
-000023
-000028
-000023
-000026
-000035
-000043
-000041
-000028
-000015
-000010
-000019
-000035
-000054
-000052
-000037
-000028
-000024
-000032
-000041
-000030
-000012
-000006
-000017
-000041
-000063
-000059
-000041
-000032
-000034
-000034
-000035
-000046
-000056
-000035
-000010
-000017
-000043
-000041
-000024
-000026
-000039
-000037
-000032
-000035
-000045
-000046
-000041
-000032
-000026
-000028
-000035
-000026
-000015
-000026
-000043
-000034
-000017
-000035
-000065
-000052
-000017
-000002
-000004
0000001
0000003
-000017
-000045
-000050
-000039
-000035
-000035
-000026
-000013
-000015
-000028
-000030
-000028
-000032
-000035
-000039
-000037
-000023
-000008
-000012
-000024
-000019
-000004
-000012
-000026
-000021
-000006
0000000
-000004
-000019
-000026
0000005
0000047
0000038
0000003
-000010
-000004
-000006
-000012
-000013
-000017
-000037
-000056
-000035
0000003
0000009
-000006
-000012
-000012
-000021
-000034
-000037
-000030
-000012
0000005
-000008
-000026
-000013
0000020
0000044
0000042
0000011
-000035
-000061
-000063
-000037
-000006
0000001
-000010
-000012
-000004
0000012
0000025
0000001
-000034
-000032
-000010
-000028
-000058
-000037
0000001
-000015
-000050
-000017
0000042
0000025
-000024
-000010
0000029
-000021
-000091
-000050
0000047
0000057
0000012
0000011
0000031
0000027
0000000
-000028
-000045
-000037
-000015
-000010
-000008
0000020
0000047
0000038
0000009
0000003
0000014
0000014
0000007
-000006
-000019
-000028
-000028
-000008
0000020
0000022
0000009
0000014
0000027
0000027
0000014
-000004
-000024
-000045
-000052
-000028
0000003
0000003
-000017
-000019
-000012
-000024
-000039
-000019
0000014
0000007
-000023
-000023
-000004
0000001
-000002
-000006
-000012
-000017
-000023
-000019
-000004
0000020
0000042
0000040
0000014
-000015
-000035
-000028
-000010
-000010
-000023
-000028
-000024
-000010
0000003
-000004
-000023
-000028
-000023
-000017
-000010
0000005
0000020
0000025
0000020
0000005
-000010
-000012
-000004
-000002
-000002
0000007
0000014
0000009
-000002
0000003
0000020
0000027
0000022
0000000
-000023
-000024
-000013
-000017
-000028
-000026
-000019
-000023
-000032
-000024
-000010
-000012
-000019
-000008
0000009
0000001
-000019
-000023
-000019
-000023
-000026
-000012
0000005
-000006
-000032
-000034
-000017
-000002
0000009
0000012
0000009
-000008
-000024
-000019
0000001
0000009
0000007
0000014
0000018
-000006
-000034
-000023
0000011
0000027
0000020
-000006
-000034
-000030
-000004
0000011
0000011
-000008
-000030
-000023
-000002
-000002
-000013
-000017
-000015
-000024
-000032
-000019
0000005
0000009
0000001
0000000
-000002
-000010
-000017
-000013
-000002
0000009
0000014
0000009
0000000
-000004
-000006
-000012
-000017
-000026
-000030
-000013
0000007
-000002
-000024
-000021
-000004
-000012
-000028
-000019
0000005
0000016
0000014
0000007
-000004
-000015
-000024
-000026
-000023
-000019
-000013
-000008
-000008
-000019
-000028
-000012
0000012
0000003
-000024
-000026
-000012
-000012
-000019
-000021
-000017
-000013
-000012
-000012
-000013
-000024
-000030
-000013
0000007
-000004
-000030
-000037
-000026
-000024
-000024
-000024
-000024
-000034
-000039
-000017
0000012
0000007
-000021
-000028
-000021
-000015
-000015
-000023
-000030
-000019
-000002
0000001
-000006
-000012
-000012
-000002
0000005
-000008
-000026
-000024
-000012
-000017
-000028
-000013
0000011
0000012
-000004
-000024
-000037
-000021
0000011
0000018
0000007
-000002
-000006
-000010
-000008
0000000
0000012
0000022
0000020
-000002
-000028
-000024
-000004
-000012
-000030
-000023
0000000
0000012
0000016
0000011
0000001
-000017
-000028
-000023
-000006
-000004
-000010
0000009
0000029
0000001
-000041
-000034
0000001
0000000
-000019
0000000
0000031
0000018
-000013
-000015
0000007
0000027
0000033
0000003
-000032
-000023
0000011
0000005
-000015
0000001
0000031
0000018
-000015
-000021
-000008
-000010
-000021
-000023
-000019
-000013
-000004
0000007
0000016
0000018
0000012
0000001
-000010
-000015
-000017
-000023
-000026
-000013
0000009
0000018
0000016
0000016
0000014
0000005
-000008
-000008
0000003
0000027
0000047
0000029
-000008
-000013
0000000
-000002
-000008
-000004
0000005
-000004
-000019
-000017
-000004
0000005
0000012
0000018
0000018
0000003
-000008
0000011
0000033
0000005
-000039
-000030
0000009
0000011
-000008
0000003
0000027
0000020
0000000
0000009
0000027
0000007
-000028
-000019
0000011
0000003
-000023
-000017
0000005
0000000
-000019
-000021
-000006
0000014
0000027
0000001
-000034
-000021
0000014
0000009
-000023
-000039
-000034
0000000
0000036
0000047
0000031
0000003
-000017
-000006
0000020
0000025
0000012
0000003
-000006
-000019
-000028
-000024
-000012
0000003
0000011
0000005
-000008
-000015
-000017
-000013
-000008
0000000
0000005
-000002
-000006
0000027
0000064
0000042
-000006
0000001
0000038
0000042
0000022
0000005
-000006
-000015
-000019
-000013
-000002
0000009
0000016
0000012
0000001
0000001
0000007
0000011
0000011
0000001
-000006
0000020
0000055
0000057
0000034
0000029
0000031
0000012
-000013
-000026
-000023
0000000
0000023
0000016
-000006
-000004
0000012
0000018
0000014
0000012
0000009
-000012
-000030
-000017
0000007
-000008
-000037
-000024
0000011
0000027
0000027
0000023
0000018
0000009
0000003
-000006
-000008
0000001
0000014
0000005
-000012
-000006
0000014
0000029
0000029
0000011
-000013
-000017
0000000
0000029
0000053
0000044
0000016
0000014
0000029
0000042
0000040
0000001
-000041
-000035
0000000
0000003
-000012
-000004
0000012
0000011
0000000
0000000
0000011
0000027
0000038
0000025
0000003
-000002
0000007
0000022
0000033
0000027
0000011
-000006
-000013
-000004
0000009
0000000
-000017
-000002
0000022
0000007
-000023
-000019
0000005
0000014
0000009
0000003
-000004
-000012
-000015
-000017
-000013
0000001
0000012
0000005
-000012
-000006
0000011
0000016
0000012
0000003
-000006
-000008
0000000
0000020
0000036
0000020
-000006
0000005
0000034
0000049
0000047
0000042
0000027
0000001
-000019
-000008
0000018
0000023
0000016
0000018
0000025
0000018
0000007
0000009
0000018
0000020
0000012
-000002
-000012
0000009
0000040
0000049
0000038
0000016
-000002
0000005
0000025
0000022
0000001
-000015
-000021
-000010
0000007
0000003
-000008
-000006
0000005
0000012
0000011
0000003
-000006
-000008
-000004
-000004
-000004
0000001
0000011
0000020
0000023
0000018
0000009
0000007
0000009
0000005
0000000
-000004
-000002
0000014
0000034
0000042
0000036
0000033
0000027
0000023
0000020
0000014
0000009
0000007
0000007
0000007
0000007
0000011
0000014
0000009
0000003
0000022
0000042
0000033
0000005
-000010
-000010
-000002
0000009
0000007
0000003
0000016
0000034
0000033
0000018
0000005
0000003
0000023
0000047
0000047
0000027
0000012
0000003
-000008
-000013
-000006
0000007
0000016
0000016
-000002
-000019
-000006
0000020
0000018
0000001
-000002
0000007
0000020
0000031
0000036
0000034
0000022
0000009
0000007
0000014
0000020
0000020
0000012
0000003
0000012
0000022
-000010
-000035
0000045
0000150
0000134
0000007
-000192
-000310
-000105
0000211
0000209
0000007
-000046
0000009
0000025
0000011
-000013
-000023
0000014
0000066
0000069
0000036
0000009
0000000
0000005
0000023
0000038
0000044
0000040
0000029
0000011
-000006
-000013
-000012
-000006
0000003
0000020
0000033
0000020
-000002
-000012
-000010
-000010
-000013
-000010
-000002
0000001
0000007
0000023
0000042
0000036
0000020
0000007
0000005
0000014
0000025
0000022
0000009
0000003
0000005
0000009
0000014
0000011
0000005
0000005
0000007
0000007
0000005
0000016
0000023
-000008
-000048
-000048
-000019
0000001
0000009
0000007
-000002
-000006
-000004
-000002
0000003
0000011
0000016
0000003
-000013
-000015
0000000
0000018
0000029
0000012
-000012
0000000
0000029
0000036
0000031
0000038
0000045
0000033
0000009
-000002
0000003
0000016
0000025
0000009
-000015
-000006
0000016
0000011
-000010
-000012
0000001
0000009
0000009
0000007
0000000
-000034
-000063
-000043
0000000
0000003
-000017
-000012
0000012
0000027
0000033
0000027
0000020
0000025
0000034
0000022
0000001
-000008
-000002
0000001
0000003
0000003
0000003
0000009
0000014
0000005
-000010
-000006
0000005
0000009
0000011
0000031
0000057
0000055
0000038
0000033
0000033
0000022
0000005
-000008
-000013
-000008
0000005
0000020
0000025
0000011
-000010
0000011
0000042
0000025
-000013
-000024
-000008
0000012
0000023
0000007
-000019
0000003
0000036
0000003
-000045
0000000
0000077
0000066
0000001
-000013
0000011
0000031
0000034
0000016
-000013
-000024
-000024
-000030
-000030
0000001
0000040
0000034
0000007
0000012
0000036
0000029
0000011
0000022
0000042
0000031
0000003
-000006
0000003
0000023
0000044
0000040
0000025
0000023
0000029
0000023
0000011
0000001
0000000
0000009
0000027
0000051
0000066
0000055
0000029
0000009
0000001
0000000
0000005
0000009
0000012
0000025
0000034
0000025
0000012
0000027
0000053
0000044
0000020
0000022
0000034
0000020
-000002
0000009
0000034
0000036
0000025
0000027
0000036
0000036
0000031
0000022
0000014
0000016
0000023
0000033
0000040
0000042
0000036
0000031
0000022
0000011
0000005
0000012
0000025
0000033
0000033
0000034
0000034
0000020
0000011
0000038
0000073
0000062
0000029
0000029
0000053
0000057
0000045
0000042
0000033
-000013
-000058
-000021
0000049
0000058
0000029
0000029
0000057
0000097
0000110
0000014
-000102
-000074
0000031
0000040
-000010
-000008
0000023
0000025
0000009
0000014
0000027
0000022
0000009
0000020
0000036
0000020
-000017
-000041
-000046
-000030
-000006
0000014
0000022
0000022
0000016
0000007
0000000
-000002
0000001
0000014
0000025
0000025
0000018
0000018
0000018
-000002
-000024
-000021
0000003
0000025
0000034
0000014
-000015
-000012
0000011
0000022
0000020
0000005
-000008
0000005
0000029
0000027
0000011
0000003
0000005
0000016
0000025
0000020
0000009
0000023
0000044
0000040
0000018
0000003
0000000
0000000
0000005
0000009
0000007
-000002
-000013
-000004
0000011
0000012
0000001
-000013
-000021
-000004
0000022
0000029
0000020
0000012
0000007
-000004
-000010
0000009
0000033
0000027
0000007
0000007
0000018
0000005
-000015
-000008
0000014
0000016
0000007
0000011
0000023
0000036
0000040
0000022
-000002
-000010
-000006
-000019
-000034
-000024
-000004
-000013
-000034
-000034
-000013
0000012
0000023
-000017
-000069
-000056
-000006
0000000
-000026
-000041
-000039
-000023
-000002
0000003
-000004
-000017
-000030
-000030
-000026
-000037
-000046
-000019
0000016
-000006
-000054
-000050
-000021
-000026
-000048
-000035
-000008
-000004
-000019
-000028
-000030
-000021
-000012
-000026
-000045
-000021
0000020
0000012
-000024
-000039
-000039
-000041
-000041
-000030
-000013
-000015
-000026
-000024
-000017
-000023
-000037
-000048
-000056
-000059
-000059
-000052
-000045
-000052
-000063
-000059
-000048
-000054
-000065
-000054
-000037
-000046
-000067
-000058
-000034
-000035
-000050
-000052
-000043
-000035
-000030
-000026
-000026
-000035
-000048
-000046
-000035
-000034
-000041
-000063
-000081
-000072
-000048
-000039
-000041
-000037
-000030
-000026
-000028
-000045
-000061
-000054
-000032
-000028
-000037
-000045
-000048
-000043
-000032
-000023
-000015
-000004
-000002
-000028
-000061
-000059
-000037
-000017
-000012
-000024
-000046
-000048
-000035
-000034
-000037
-000037
-000032
-000017
-000006
-000024
-000054
-000052
-000035
-000041
-000056
-000054
-000041
-000041
-000048
-000054
-000054
-000043
-000028
-000034
-000045
-000035
-000015
-000010
-000015
-000024
-000030
-000034
-000032
-000017
-000002
-000010
-000023
-000006
0000020
0000018
0000000
0000005
0000016
-000002
-000032
-000028
-000002
0000020
0000025
0000005
-000023
-000024
-000012
-000010
-000015
-000023
-000023
-000006
0000014
0000018
0000011
0000003
0000000
0000000
0000001
-000006
-000012
0000003
0000022
0000009
-000019
-000019
0000001
0000022
0000033
0000029
0000014
-000006
-000017
-000004
0000020
0000023
0000014
0000012
0000016
0000023
0000027
0000009
-000013
-000010
0000011
0000023
0000027
0000033
0000033
0000022
0000005
0000007
0000018
0000016
0000007
0000001
0000003
0000016
0000031
0000045
0000047
0000020
-000008
0000007
0000045
0000058
0000051
0000051
0000047
0000025
0000005
0000020
0000049
0000045
0000016
-000006
-000010
0000016
0000051
0000055
0000033
0000018
0000016
0000029
0000047
0000051
0000044
0000033
0000025
0000034
0000049
0000062
0000062
0000042
0000014
0000001
0000007
0000023
0000040
0000033
0000016
0000014
0000025
0000023
0000018
0000025
0000036
0000038
0000031
0000022
0000014
0000014
0000022
0000033
0000040
0000038
0000029
0000027
0000031
0000036
0000040
0000040
0000033
0000012
-000002
0000025
0000060
0000038
-000010
-000023
0000000
0000023
0000042
0000047
0000038
0000016
0000000
0000012
0000040
0000042
0000029
0000029
0000036
0000034
0000025
0000012
0000003
0000014
0000036
0000053
0000057
0000045
0000031
0000029
0000036
0000029
0000016
0000012
0000014
0000007
0000000
0000012
0000033
0000033
0000018
0000018
0000025
0000023
0000016
0000016
0000022
0000033
0000044
0000042
0000034
0000033
0000034
0000033
0000027
0000020
0000014
0000023
0000036
0000022
0000000
0000011
0000033
0000022
-000008
-000017
-000006
0000025
0000051
0000033
-000004
0000003
0000033
0000027
0000003
0000000
0000009
0000007
0000000
0000003
0000014
0000027
0000034
0000027
0000012
0000005
0000005
0000011
0000012
-000008
-000037
-000052
-000050
-000043
-000034
-000026
-000021
-000006
0000012
0000027
0000025
-000015
-000067
-000087
-000078
-000063
-000048
-000039
-000035
-000035
-000037
-000034
-000030
-000028
-000028
-000028
-000030
-000037
-000039
-000012
0000018
-000002
-000043
-000039
-000012
-000013
-000034
-000041
-000039
-000028
-000019
-000023
-000037
-000046
-000045
-000019
0000009
-000013
-000052
-000050
-000024
-000021
-000034
-000048
-000054
-000052
-000043
-000034
-000032
-000034
-000037
-000030
-000019
-000023
-000035
-000041
-000037
-000030
-000023
-000023
-000026
-000026
-000023
-000024
-000026
-000019
-000012
-000023
-000043
-000054
-000054
-000054
-000056
-000052
-000052
-000067
-000081
-000072
-000050
-000041
-000045
-000050
-000054
-000054
-000050
-000052
-000056
-000048
-000039
-000052
-000072
-000070
-000056
-000058
-000061
-000041
-000015
-000017
-000035
-000050
-000052
-000035
-000017
-000023
-000041
-000046
-000041
-000034
-000030
-000032
-000037
-000037
-000035
-000054
-000070
-000034
0000018
0000012
-000032
-000058
-000063
-000054
-000039
-000039
-000048
-000050
-000043
-000024
-000008
-000017
-000035
-000030
-000013
-000023
-000039
-000028
-000004
-000008
-000028
-000034
-000024
-000013
-000002
-000002
-000008
-000010
-000008
-000013
-000021
-000012
0000000
-000017
-000037
-000013
0000025
0000005
-000035
-000012
0000029
-000013
-000089
-000092
-000041
-000012
-000002
0000000
-000002
0000001
0000001
-000024
-000048
-000019
0000031
0000033
0000000
-000017
-000024
-000045
-000061
-000035
0000003
-000004
-000035
-000030
-000006
-000012
-000030
-000013
0000014
0000009
-000015
-000026
-000021
-000015
-000006
0000003
0000011
0000022
0000023
-000015
-000061
-000048
-000006
-000002
-000019
-000006
0000018
0000009
-000017
-000015
0000001
0000012
0000012
0000012
0000011
0000003
-000002
0000005
0000014
0000011
0000001
-000004
-000002
0000011
0000020
0000001
-000028
-000041
-000034
-000012
0000012
0000014
0000007
0000022
0000042
0000031
0000005
0000000
0000011
0000016
0000018
0000025
0000029
0000018
0000005
0000016
0000029
-000004
-000046
-000008
0000060
0000042
-000013
0000007
0000060
0000033
-000028
-000002
0000064
0000062
0000018
0000003
0000016
0000027
0000034
0000025
0000011
0000005
0000007
0000001
0000003
0000033
0000069
0000066
0000040
0000023
0000022
0000036
0000053
0000049
0000034
0000031
0000034
0000027
0000020
0000023
0000036
0000038
0000029
0000012
-000002
0000003
0000020
0000033
0000036
0000036
0000034
0000036
0000036
0000023
0000009
0000016
0000027
0000000
-000032
0000007
0000073
0000069
0000025
0000020
0000040
0000033
0000018
0000033
0000058
0000049
0000022
0000020
0000033
0000036
0000034
0000049
0000062
0000040
0000005
0000003
0000022
0000023
0000018
0000033
0000053
0000045
0000022
0000007
0000007
0000022
0000038
0000025
0000001
0000003
0000022
0000029
0000027
0000027
0000029
0000025
0000022
0000025
0000029
0000020
0000005
0000007
0000018
0000016
0000007
0000003
0000005
0000012
0000022
0000027
0000025
0000012
0000000
0000001
0000011
0000020
0000020
0000011
0000000
0000007
0000023
0000023
0000014
0000020
0000033
0000029
0000018
0000020
0000027
0000025
0000018
0000020
0000025
0000022
0000014
0000025
0000038
0000014
-000019
-000013
0000012
0000018
0000011
0000012
0000020
0000012
0000005
0000020
0000042
0000038
0000018
0000014
0000018
0000009
-000006
-000012
-000008
-000008
-000008
-000002
0000003
0000000
-000010
0000000
0000009
-000008
-000035
-000032
-000012
-000012
-000026
-000035
-000037
-000023
-000004
0000000
-000008
-000015
-000019
-000021
-000024
-000032
-000037
-000030
-000015
-000008
-000008
-000015
-000026
-000028
-000026
-000024
-000024
-000026
-000024
-000010
0000003
-000004
-000024
-000035
-000034
-000019
-000010
-000035
-000070
-000061
-000026
-000015
-000023
-000013
0000000
-000006
-000023
-000028
-000024
-000012
0000000
-000012
-000032
-000045
-000043
-000028
-000010
-000006
-000017
-000032
-000043
-000037
-000023
-000030
-000043
-000035
-000015
-000004
-000013
-000041
-000070
-000063
-000035
-000028
-000037
-000039
-000035
-000039
-000041
-000032
-000021
-000024
-000037
-000043
-000039
-000023
-000010
-000028
-000056
-000041
-000010
-000015
-000039
-000032
-000013
-000026
-000054
-000052
-000032
-000021
-000023
-000035
-000046
-000034
-000017
-000034
-000061
-000065
-000048
-000034
-000023
-000013
-000012
-000024
-000045
-000061
-000069
-000063
-000050
-000030
-000015
-000030
-000059
-000069
-000058
-000039
-000023
-000019
-000028
-000032
-000037
-000052
-000067
-000065
-000050
-000034
-000026
-000039
-000059
-000058
-000041
-000037
-000045
-000052
-000054
-000046
-000037
-000043
-000054
-000046
-000028
-000023
-000032
-000046
-000059
-000048
-000030
-000037
-000058
-000052
-000032
-000017
-000015
-000026
-000045
-000059
-000059
-000034
0000000
0000005
-000015
-000035
-000046
-000041
-000023
-000015
-000021
-000052
-000080
-000054
-000002
0000011
-000006
-000019
-000028
-000034
-000035
-000030
-000021
-000013
-000012
-000015
-000023
-000034
-000045
-000045
-000043
-000052
-000059
-000045
-000021
-000019
-000026
-000021
-000012
-000017
-000034
-000041
-000041
-000034
-000028
-000032
-000043
-000043
-000032
-000019
-000008
-000010
-000019
-000019
-000017
-000024
-000034
-000035
-000024
0000003
0000025
0000011
-000032
-000061
-000069
-000048
-000021
-000017
-000028
-000017
-000002
-000024
-000058
-000043
-000002
0000009
-000004
-000021
-000039
-000063
-000076
-000058
-000017
0000012
0000022
-000010
-000048
-000045
-000017
-000015
-000028
-000024
-000010
-000002
-000008
-000032
-000054
-000034
0000007
0000029
0000033
0000038
0000034
0000012
-000013
-000015
0000001
0000025
0000036
0000007
-000034
-000024
0000005
-000006
-000035
-000030
-000006
-000004
-000017
-000015
-000002
0000007
0000016
0000033
0000045
0000033
0000003
-000017
-000028
-000043
-000046
-000002
0000053
0000051
0000014
0000011
0000029
0000033
0000025
0000016
0000005
-000017
-000034
-000023
0000007
0000031
0000040
0000036
0000022
0000016
0000014
0000007
0000000
0000000
0000005
0000011
0000022
0000036
0000049
0000044
0000029
0000023
0000025
0000018
0000007
0000005
0000009
0000012
0000022
0000044
0000064
0000058
0000040
0000036
0000038
0000018
-000006
0000003
0000029
0000034
0000025
0000023
0000027
0000029
0000029
0000027
0000027
0000027
0000027
0000023
0000023
0000034
0000045
0000027
0000001
0000009
0000036
0000042
0000027
0000020
0000016
0000009
0000003
0000022
0000044
0000036
0000016
0000027
0000047
0000027
-000008
0000001
0000031
0000016
-000019
-000030
-000013
0000016
0000044
0000045
0000031
0000016
0000007
0000007
0000012
0000023
0000031
0000031
0000029
0000045
0000062
0000053
0000025
0000005
0000000
0000011
0000029
0000042
0000040
0000022
0000003
0000005
0000025
0000049
0000062
0000055
0000033
0000016
0000009
0000011
0000018
0000020
0000018
0000011
0000011
0000045
0000084
0000071
0000029
0000016
0000025
0000027
0000027
0000027
0000027
0000020
0000014
0000018
0000025
0000012
-000008
0000000
0000022
0000025
0000012
0000000
-000008
-000002
0000011
0000018
0000018
0000009
-000006
-000015
-000017
-000008
0000011
0000033
0000047
0000034
0000009
0000005
0000014
0000011
0000005
0000022
0000044
0000034
0000007
-000015
-000015
0000027
0000075
0000055
-000004
-000035
-000035
-000012
0000012
0000009
-000010
0000001
0000023
0000012
-000012
-000002
0000022
0000025
0000011
-000019
-000043
-000030
-000002
-000017
-000045
-000023
0000020
0000007
-000032
-000023
0000011
0000016
0000005
0000005
0000011
0000003
-000006
-000004
0000005
0000003
0000000
0000003
0000009
0000007
-000002
-000006
-000008
-000021
-000030
-000019
0000001
0000003
-000010
-000017
-000013
0000014
0000042
0000033
0000003
-000002
0000003
-000019
-000045
-000026
0000007
-000010
-000048
-000050
-000023
0000000
0000012
0000012
0000001
-000010
-000019
-000030
-000034
-000017
0000000
-000012
-000035
-000034
-000015
-000012
-000017
-000019
-000010
0000022
0000049
0000036
0000000
-000017
-000017
-000017
-000017
-000017
-000019
-000034
-000046
-000041
-000024
-000024
-000030
-000017
0000005
0000016
0000016
0000003
-000010
-000013
-000010
-000006
-000008
-000015
-000019
-000004
0000016
0000007
-000013
-000013
0000003
0000009
0000005
0000000
-000006
-000008
-000008
-000013
-000019
-000010
0000005
0000000
-000012
0000005
0000029
0000009
-000032
-000043
-000030
-000012
0000003
0000011
0000007
0000001
-000006
-000012
-000015
-000015
-000012
-000004
0000005
0000023
0000034
0000012
-000017
-000006
0000022
0000014
-000012
-000019
-000012
-000013
-000017
-000002
0000016
0000011
-000008
-000004
0000007
0000003
-000008
-000004
0000012
0000031
0000042
0000029
0000011
0000012
0000025
0000023
0000011
-000004
-000013
-000006
0000007
0000003
-000008
-000008
0000001
0000016
0000029
0000018
0000001
0000009
0000027
0000022
0000003
-000008
-000008
0000000
0000009
0000005
-000004
0000007
0000027
0000038
0000034
0000020
0000000
-000008
-000008
-000015
-000017
0000018
0000055
0000033
-000017
-000028
-000008
0000007
0000016
0000025
0000031
0000029
0000018
-000006
-000024
-000013
0000014
0000020
0000009
0000001
0000000
0000003
0000012
0000031
0000044
0000027
0000001
0000016
0000047
0000036
0000005
0000020
0000053
0000049
0000016
-000015
-000032
-000013
0000018
0000022
0000003
-000008
-000008
-000010
-000010
-000010
0000000
0000036
0000073
0000066
0000031
0000018
0000023
0000022
0000023
0000053
0000084
0000069
0000023
-000010
-000019
0000001
0000034
0000058
0000064
0000047
0000022
0000018
0000027
0000029
0000027
0000023
0000018
0000016
0000018
0000022
0000025
0000025
0000023
0000023
0000027
0000027
0000045
0000152
0000220
0000009
-000275
-000221
0000038
0000149
0000114
0000045
-000019
-000015
0000025
0000009
-000034
-000030
0000009
0000047
0000068
0000040
-000008
-000028
-000017
0000005
0000029
0000051
0000055
0000020
-000028
-000041
-000023
0000000
0000014
0000018
0000012
0000020
0000023
-000006
-000039
-000019
0000023
0000016
-000023
-000028
-000013
0000000
0000000
-000023
-000045
-000032
0000003
0000022
0000022
-000002
-000026
-000023
0000000
0000020
0000025
0000014
-000004
-000008
0000000
-000008
-000019
-000019
-000012
-000008
-000002
0000005
0000011
-000002
-000017
-000008
0000012
0000007
-000013
-000017
-000012
-000010
-000012
-000013
-000015
-000019
-000019
-000008
0000007
0000011
0000003
-000004
-000008
-000013
-000013
0000001
0000018
0000003
-000023
-000030
-000023
-000017
-000012
0000011
0000027
0000007
-000028
-000037
-000024
-000010
0000001
0000007
0000003
-000010
-000023
-000028
-000030
-000039
-000050
-000041
-000019
0000014
0000034
0000016
-000017
-000017
0000005
0000009
0000001
-000006
-000010
-000015
-000021
-000023
-000021
-000017
-000012
-000006
0000001
0000018
0000029
0000012
-000019
-000035
-000030
0000000
0000029
0000020
-000013
-000030
-000028
-000013
0000003
0000000
-000017
-000023
-000021
-000024
-000028
-000012
0000005
-000008
-000034
-000041
-000026
-000004
0000011
-000010
-000041
-000034
0000000
0000018
0000016
-000004
-000030
-000037
-000021
0000018
0000047
0000023
-000026
-000046
-000039
-000028
-000015
-000006
0000000
-000004
-000012
-000012
-000008
-000012
-000017
-000021
-000015
0000023
0000055
0000011
-000065
-000076
-000041
-000028
-000030
-000015
0000003
0000001
-000013
-000032
-000039
-000017
0000016
0000031
0000022
-000010
-000041
-000048
-000034
-000004
0000018
-000002
-000039
-000041
-000019
-000013
-000017
-000012
-000002
-000002
-000008
-000006
-000002
-000012
-000026
-000028
-000021
-000012
-000008
-000012
-000017
-000015
-000006
0000016
0000033
0000025
0000003
-000008
-000008
-000006
0000000
0000007
0000014
0000016
0000016
0000020
0000027
0000031
0000027
0000001
-000026
-000024
-000004
0000007
0000011
0000022
0000033
0000031
0000023
0000027
0000034
0000025
0000011
0000014
0000029
0000044
0000040
-000008
-000058
-000046
0000007
0000042
0000049
0000029
0000018
0000090
0000165
0000093
-000045
-000072
-000015
0000034
0000053
0000031
-000008
-000004
0000025
0000025
0000007
0000005
0000009
-000010
-000026
-000004
0000033
0000033
0000014
0000022
0000044
0000047
0000038
0000022
0000009
0000016
0000027
0000009
-000024
-000030
-000013
0000012
0000033
0000036
0000027
0000018
0000012
0000016
0000023
0000022
0000018
0000027
0000040
0000038
0000029
0000027
0000027
0000022
0000020
0000038
0000055
0000034
0000001
0000018
0000062
0000084
0000082
0000077
0000066
0000053
0000044
0000045
0000051
0000045
0000033
0000005
-000013
0000007
0000040
0000027
-000010
-000021
-000006
0000016
0000033
0000027
0000014
0000020
0000036
0000034
0000020
0000009
0000005
0000023
0000047
0000049
0000036
0000023
0000014
0000009
0000011
0000031
0000053
0000040
0000007
-000004
0000000
-000010
-000019
-000006
0000016
0000014
0000003
0000016
0000040
0000044
0000036
0000044
0000055
0000042
0000022
0000020
0000025
0000012
-000008
-000021
-000019
-000004
0000012
0000007
-000010
-000004
0000011
0000012
0000005
0000003
0000001
-000013
-000028
-000017
0000005
0000007
-000002
0000005
0000018
0000007
-000015
-000021
-000012
0000000
0000007
0000000
-000012
-000010
0000001
0000012
0000020
0000031
0000036
0000018
0000000
0000040
0000082
0000022
-000078
-000091
-000037
0000000
0000014
0000023
0000023
0000018
0000005
-000024
-000043
-000006
0000049
0000045
0000000
-000024
-000026
-000028
-000026
-000024
-000023
-000021
-000019
-000019
-000017
-000010
0000003
0000016
0000023
0000016
0000007
0000012
0000025
0000012
-000010
-000008
0000007
0000005
-000008
-000019
-000021
-000012
0000005
0000014
0000016
0000020
0000022
0000025
0000025
0000016
0000005
0000009
0000022
0000034
0000036
0000012
-000015
-000008
0000020
0000029
0000022
0000007
-000006
-000012
-000006
0000009
0000022
0000018
0000001
-000017
-000024
-000004
0000023
0000018
-000004
-000004
0000009
0000007
0000000
0000000
0000007
0000022
0000034
0000027
0000007
0000003
0000007
0000005
-000006
-000024
-000039
-000026
0000001
0000023
0000033
0000023
0000007
0000001
0000005
-000002
-000008
0000007
0000023
0000001
-000034
-000013
0000027
0000005
-000041
-000035
0000001
0000009
-000002
0000000
0000012
0000029
0000034
0000011
-000023
-000028
-000015
-000013
-000019
-000012
0000000
-000002
-000012
-000010
0000001
0000022
0000034
0000020
-000006
-000012
0000001
0000009
0000014
0000023
0000031
0000029
0000022
0000014
0000011
0000007
0000007
0000012
0000018
0000012
0000005
0000009
0000018
0000009
-000012
-000039
-000052
-000013
0000033
0000011
-000048
-000056
-000026
-000006
0000000
-000002
-000008
-000002
0000007
0000011
0000009
-000015
-000035
-000017
0000016
0000001
-000034
-000032
-000006
0000000
-000008
-000006
0000000
-000013
-000030
-000024
-000004
0000003
0000000
-000015
-000028
-000021
-000002
0000003
-000006
-000024
-000037
-000023
0000003
-000004
-000024
-000010
0000018
0000007
-000021
-000010
0000016
0000012
-000008
-000006
0000007
0000001
-000015
-000024
-000023
-000013
0000000
-000002
-000013
-000019
-000017
-000008
0000000
-000004
-000017
-000017
-000010
-000008
-000004
0000005
0000016
0000025
0000029
0000023
0000014
0000011
0000012
0000020
0000029
0000018
0000009
0000045
0000088
0000057
-000013
-000046
-000041
-000026
-000010
-000008
-000017
-000017
-000012
-000006
-000002
-000002
-000004
0000001
0000007
0000003
-000004
0000003
0000012
0000007
-000002
0000003
0000016
0000005
-000015
-000024
-000017
0000009
0000033
0000023
-000004
-000010
-000002
-000015
-000037
-000032
-000015
-000013
-000021
-000012
0000003
0000005
0000000
0000003
0000009
-000012
-000037
-000028
-000002
0000000
-000012
-000004
0000011
0000012
0000001
-000008
-000010
0000005
0000025
0000033
0000027
0000012
0000000
0000005
0000018
0000003
-000019
0000001
0000034
0000016
-000023
-000021
0000012
0000033
0000036
0000016
-000008
0000003
0000033
0000040
0000027
0000009
-000008
-000006
0000005
0000011
0000003
-000019
-000037
-000030
-000006
0000012
0000018
0000001
-000023
-000026
-000017
-000026
-000037
-000023
0000000
-000012
-000034
-000017
0000014
0000000
-000039
-000043
-000024
-000017
-000026
-000054
-000076
-000048
0000001
0000014
-000008
-000045
-000072
-000050
-000013
-000034
-000080
-000080
-000046
-000024
-000024
-000058
-000087
-000045
0000020
0000003
-000056
-000054
-000021
-000028
-000058
-000072
-000070
-000074
-000074
-000067
-000052
-000041
-000035
-000046
-000061
-000056
-000039
-000045
-000059
-000063
-000056
-000050
-000046
-000041
-000037
-000035
-000035
-000035
-000034
-000023
-000017
-000043
-000076
-000076
-000052
-000034
-000026
-000023
-000024
-000037
-000052
-000050
-000037
-000028
-000030
-000041
-000056
-000059
-000054
-000058
-000061
-000045
-000023
-000026
-000043
-000041
-000028
-000030
-000037
-000043
-000046
-000052
-000056
-000050
-000045
-000046
-000056
-000059
-000056
-000050
-000043
-000034
-000030
-000032
-000037
-000032
-000024
-000032
-000048
-000063
-000067
-000056
-000041
-000045
-000059
-000063
-000056
-000056
-000056
-000046
-000035
-000035
-000041
-000052
-000056
-000045
-000028
-000032
-000046
-000056
-000058
-000058
-000054
-000048
-000048
-000059
-000067
-000030
0000018
0000014
-000028
-000076
-000105
-000091
-000054
-000034
-000037
-000045
-000054
-000054
-000048
-000037
-000030
-000037
-000050
-000058
-000058
-000059
-000063
-000072
-000080
-000069
-000050
-000046
-000050
-000035
-000017
-000026
-000050
-000052
-000037
-000030
-000030
-000032
-000035
-000034
-000030
-000028
-000030
-000037
-000046
-000050
-000050
-000046
-000041
-000026
-000017
-000035
-000063
-000067
-000050
-000026
-000010
-000008
-000019
-000028
-000035
-000037
-000037
-000041
-000041
-000024
-000008
-000026
-000056
-000054
-000030
-000015
-000012
-000019
-000026
-000015
-000002
-000017
-000041
-000037
-000015
-000004
-000002
-000004
-000008
-000013
-000013
-000004
0000009
0000007
-000004
-000021
-000030
-000010
0000016
0000007
-000017
-000015
0000003
0000014
0000016
0000018
0000018
0000023
0000027
0000027
0000022
0000012
0000009
0000020
0000036
0000034
0000020
0000005
-000004
0000003
0000016
0000005
-000010
0000000
0000023
0000027
0000014
-000004
-000019
-000008
0000014
0000020
0000012
0000001
-000008
-000004
0000009
0000011
0000007
0000014
0000023
0000029
0000027
0000022
0000016
0000012
0000014
0000033
0000053
0000047
0000031
0000027
0000033
0000023
0000011
0000014
0000025
0000020
0000009
0000016
0000031
0000029
0000016
0000014
0000023
0000045
0000062
0000051
0000025
0000025
0000040
0000038
0000029
0000029
0000033
0000025
0000012
0000001
0000000
0000011
0000027
0000025
0000018
0000023
0000038
0000042
0000034
0000033
0000034
0000034
0000033
0000031
0000029
0000014
0000003
0000022
0000053
0000051
0000034
0000049
0000073
0000055
0000018
0000014
0000033
0000038
0000033
0000031
0000034
0000049
0000068
0000073
0000066
0000042
0000020
0000027
0000045
0000027
-000006
-000004
0000022
0000036
0000042
0000042
0000038
0000036
0000036
0000042
0000044
0000029
0000011
0000007
0000014
0000007
0000000
0000012
0000033
0000042
0000044
0000053
0000060
0000051
0000031
0000014
0000007
0000016
0000029
0000031
0000029
0000057
0000080
0000034
-000035
-000045
-000008
0000007
0000005
0000012
0000022
0000018
0000007
0000001
0000005
0000029
0000047
0000023
-000013
-000002
0000031
0000012
-000026
-000010
0000031
0000027
-000002
-000008
0000001
-000008
-000015
0000014
0000051
0000038
0000000
-000006
0000011
0000014
0000007
0000014
0000023
0000020
0000014
0000027
0000042
0000027
-000002
-000015
-000013
-000012
-000008
-000004
-000002
-000012
-000019
-000004
0000020
0000023
0000012
-000004
-000015
-000012
0000000
-000002
-000010
-000012
-000010
-000008
-000010
-000008
-000008
-000006
-000008
-000015
-000021
-000012
0000003
0000007
0000000
-000002
-000002
-000010
-000019
-000030
-000032
-000021
0000000
0000014
0000016
-000004
-000026
-000013
0000016
0000016
0000000
-000002
0000005
0000000
-000010
-000004
0000007
-000006
-000021
0000005
0000042
0000022
-000021
-000013
0000022
0000023
0000007
0000005
0000012
0000012
0000003
-000012
-000024
-000023
-000012
-000004
-000008
-000030
-000052
-000048
-000026
-000006
0000003
0000005
-000002
-000023
-000035
-000017
0000011
0000007
-000017
-000019
-000008
-000008
-000017
-000035
-000052
-000048
-000032
-000021
-000012
0000012
0000033
0000016
-000010
0000012
0000049
0000038
0000000
-000012
0000000
0000001
-000004
-000015
-000019
0000000
0000023
0000020
-000002
-000013
-000008
0000020
0000044
0000027
-000012
-000024
-000019
-000013
-000008
0000000
0000007
0000009
0000011
0000023
0000033
0000016
-000013
-000023
-000013
0000007
0000020
-000006
-000041
-000034
-000002
0000011
0000007
0000005
0000007
0000011
0000011
0000005
-000002
0000003
0000020
0000044
0000060
0000049
0000020
0000001
-000002
0000001
0000014
0000038
0000057
0000038
0000009
0000016
0000042
0000038
0000018
0000014
0000023
0000025
0000023
0000025
0000025
0000016
0000005
0000011
0000031
0000053
0000064
0000045
0000020
0000033
0000062
0000047
0000016
0000033
0000062
0000033
-000017
-000004
0000045
0000060
0000047
0000033
0000031
0000066
0000097
0000053
-000021
-000026
0000018
0000040
0000038
0000023
0000009
0000007
0000014
0000012
0000011
0000029
0000051
0000042
0000014
0000001
0000000
0000001
0000007
0000025
0000042
0000033
0000009
0000009
0000023
0000038
0000044
0000044
0000040
0000031
0000023
0000022
0000025
0000029
0000029
0000025
0000022
0000027
0000036
0000036
0000033
0000036
0000042
0000034
0000027
0000040
0000062
0000066
0000057
0000047
0000044
0000045
0000051
0000045
0000038
0000044
0000055
0000051
0000038
0000038
0000045
0000051
0000053
0000055
0000051
0000045
0000038
0000038
0000038
0000029
0000012
0000003
0000005
0000020
0000034
0000036
0000025
0000016
0000012
0000016
0000027
0000049
0000068
0000060
0000038
0000018
0000012
0000023
0000045
0000060
0000060
0000051
0000034
0000025
0000018
-000006
-000024
0000003
0000045
0000051
0000031
0000022
0000029
0000049
0000066
0000042
0000003
0000001
0000022
0000033
0000033
0000027
0000018
0000007
0000005
0000018
0000034
0000020
-000006
-000002
0000016
0000016
0000001
-000008
-000010
0000000
0000018
0000034
0000042
0000036
0000025
0000020
0000020
0000012
0000011
0000033
0000057
0000038
0000001
0000007
0000033
0000023
-000004
-000004
0000012
0000027
0000033
0000022
0000003
-000004
-000002
0000005
0000016
0000020
0000018
0000005
-000004
0000009
0000033
0000045
0000045
0000031
0000016
0000014
0000020
0000003
-000019
-000015
0000005
0000022
0000025
0000009
-000013
-000012
0000005
0000003
-000004
0000012
0000033
0000014
-000019
-000030
-000019
-000012
-000002
0000016
0000029
0000005
-000028
-000008
0000031
0000016
-000023
-000008
0000027
0000003
-000043
-000019
0000036
0000029
-000013
-000032
-000028
-000019
-000012
-000004
0000000
0000000
-000002
-000004
-000010
-000024
-000035
-000019
0000011
0000018
0000005
-000019
-000037
-000028
-000006
-000008
-000024
-000021
-000008
-000013
-000030
-000028
-000023
-000054
-000085
-000046
0000016
0000014
-000028
-000039
-000024
-000019
-000008
0000038
0000073
0000012
-000089
-000107
-000065
-000043
-000037
-000032
-000026
-000024
-000023
-000013
-000002
-000004
-000015
-000035
-000048
-000030
-000010
-000067
-000129
-000054
0000064
0000023
-000089
-000054
0000053
0000051
-000019
-000035
-000015
-000015
-000028
-000028
-000023
-000023
-000026
-000026
-000017
0000007
0000031
0000023
0000003
0000001
0000007
-000008
-000030
-000039
-000035
-000034
-000028
-000013
0000003
0000000
-000013
-000021
-000021
-000024
-000026
-000019
-000008
-000012
-000021
-000017
-000008
-000010
-000013
0000001
0000016
-000006
-000043
-000041
-000013
-000002
-000006
-000012
-000019
-000023
-000023
-000017
-000010
-000006
-000006
-000019
-000028
-000013
0000012
0000018
0000007
-000002
-000010
-000019
-000023
-000004
0000016
0000014
-000004
-000013
-000013
0000000
0000012
0000011
0000000
-000006
-000002
0000001
0000001
-000008
-000021
-000017
-000004
0000000
-000008
-000024
-000037
-000024
0000000
0000011
0000009
0000003
-000006
-000021
-000035
-000032
-000019
-000012
-000010
-000004
0000001
-000004
-000015
-000028
-000037
-000037
-000030
-000023
-000012
0000012
0000033
0000016
-000015
-000030
-000024
-000012
0000003
0000011
0000009
-000006
-000013
0000016
0000053
0000027
-000023
-000010
0000038
0000047
0000027
0000009
-000002
0000001
0000014
0000023
0000025
0000018
0000005
0000003
0000005
-000002
-000010
0000000
0000012
0000005
-000012
-000004
0000016
0000011
0000000
0000016
0000040
0000025
-000006
0000009
0000042
0000034
0000009
0000012
0000033
0000029
0000011
0000003
0000005
0000014
0000020
0000000
-000023
-000002
0000033
0000022
-000013
-000013
0000012
0000031
0000034
0000022
0000003
0000001
0000009
0000009
0000001
-000019
-000035
-000032
-000015
0000009
0000023
0000016
-000004
-000008
0000001
0000012
0000022
0000031
0000033
0000027
0000018
0000012
0000009
-000006
-000017
-000002
0000023
0000022
0000003
-000002
0000003
0000007
0000012
0000027
0000040
0000042
0000042
0000066
0000084
0000031
-000048
-000058
-000019
0000005
0000011
0000003
-000012
-000013
-000002
0000012
0000023
0000020
0000009
0000012
0000023
0000014
-000004
-000010
-000006
-000012
-000017
-000004
0000016
0000012
-000004
-000010
-000002
0000016
0000033
0000025
0000007
0000016
0000033
0000020
-000006
0000000
0000023
0000025
0000014
0000016
0000027
0000045
0000060
0000049
0000023
0000011
0000011
0000009
0000007
0000001
-000002
0000014
0000031
0000020
-000002
0000009
0000038
0000045
0000036
0000034
0000029
0000003
-000024
-000023
0000003
0000029
0000040
0000012
-000004
0000099
0000209
0000117
-000092
-000230
-000229
-000032
0000193
0000143
-000054
-000069
0000033
0000034
-000026
-000046
-000026
0000011
0000044
0000033
-000008
-000043
-000056
-000043
-000010
0000031
0000053
0000029
-000015
-000023
-000006
-000021
-000041
-000015
0000029
0000038
0000016
-000021
-000048
-000035
0000001
0000022
0000022
0000009
-000008
-000013
-000008
-000002
0000003
0000005
-000004
-000032
-000063
-000061
-000037
-000032
-000037
-000030
-000019
-000024
-000037
-000026
-000010
-000021
-000043
-000041
-000023
-000015
-000019
-000030
-000039
-000039
-000030
-000026
-000026
-000026
-000026
-000023
-000019
-000024
-000030
-000026
-000019
-000028
-000045
-000048
-000045
-000046
-000050
-000046
-000035
-000017
-000002
-000015
-000037
-000032
-000013
-000015
-000032
-000048
-000056
-000041
-000019
-000015
-000028
-000039
-000046
-000041
-000030
-000023
-000023
-000035
-000056
-000083
-000094
-000056
-000004
-000010
-000045
-000045
-000023
-000028
-000052
-000072
-000080
-000067
-000043
-000023
-000019
-000034
-000048
-000021
0000016
-000010
-000065
-000072
