0001629
0001338
0000116
-001514
-002736
-002736
-001630
-000059
0000698
-001165
-003493
-001630
0002153
0003085
0001920
0001746
0002095
0001106
0000116
0001688
0004307
0004947
0003783
0001979
0000814
0002153
0004598
0005646
0004656
0001455
-001863
-001863
0000232
0000931
0001047
0003201
0005879
0006112
0004307
0001804
-000583
-002329
-002853
-002329
-000408
0004132
0007218
0002212
-005996
-007684
-003493
0002735
0007101
0004831
-001456
-005239
-005705
-003959
-000874
0002037
0003900
0004656
0003900
0001688
-000408
0000058
0002328
0004132
0005238
0006636
0007101
0004540
0001164
0001513
0003550
0002328
-000175
0000989
0003667
0002852
0000640
0002095
0005122
0004831
0002735
0002503
0003492
0003376
0002444
0001629
0001047
0000640
0000349
-000292
-001048
-001980
-002154
0000232
0002968
0001513
-001630
-000292
0002852
0002037
-001107
-002445
-002213
-002096
-001630
0000873
0003259
0001979
-000990
-001048
0000814
0001222
0000989
0001629
0003201
0005413
0007043
0005995
0003667
0003085
0003318
0001513
-000932
-001107
-000059
-000583
-001921
-002911
-002271
0001862
0006228
0005122
0000814
-000757
-000583
-002445
-004425
-002678
0000756
0001571
0000465
0000174
0000291
-000466
-001747
-003202
-004075
-003493
-002213
-001630
-001747
-001572
-000932
0000814
0002212
0000873
-001572
-001398
0000698
0002328
0003026
0003085
0002503
0001688
0001106
0001047
0001338
0001571
0001688
0002037
0002095
0001338
0000174
-000583
-000815
-000699
-000233
0000698
0001338
0000523
-001048
-001980
-001863
-000641
0000814
0001280
0000640
-000175
-001165
-002678
-003435
-000932
0002095
0000407
-003726
-005065
-003610
-000583
0002386
0003026
0001804
0000756
0000523
0001338
0002328
0001397
-000466
-001048
-000175
0001920
0004016
0004540
0003434
0001746
0000349
0000349
0001629
0003667
0005064
0003841
0001280
0000756
0001047
-000874
-003784
-005414
-005065
-002213
0000873
0000232
-002795
-005065
-005298
-002562
0000931
0001338
-001107
-004774
-007335
-005531
-001630
-001048
-002678
-002795
-001223
0001920
0004074
0001222
-003959
-006113
-004774
-001223
0002619
0004074
0002968
0000582
-001514
-000874
0001047
0000523
-001107
-000583
0000698
-001048
-003435
-001630
0001804
0000756
-002387
-001572
0001280
0001164
-000641
-000524
0000000
-002678
-005996
-004948
-001339
0000582
0000291
-001630
-003493
-001980
0000873
0000582
-001921
-003726
-004192
-003260
-001456
-000292
0000058
-000175
-000757
-001398
-001339
0000407
0002794
0003609
0003201
0002794
0002444
0001862
0001338
0001455
0001571
0000523
-000757
-000292
0000989
0000931
-000059
-000408
-000699
-001805
-003377
-004832
-005065
-002504
0000756
0000582
-001805
-002911
-002562
-001223
0000000
-000932
-002795
-002969
-001980
-001456
-001747
-003202
-004716
-004192
-002445
-001398
-000815
0000291
0001164
0000698
-000583
-001689
-001689
0000174
0002735
0003725
0003085
0001629
0000291
0000582
0001862
0002328
0002328
0003026
0003783
0003085
0001862
0001571
0002153
0002852
0002677
-000117
-003027
-001048
0002910
0002561
-000699
-002795
-003377
-003319
-002678
-001863
-001107
-000583
-000524
-000815
-001456
-002387
-002562
-000233
0002561
0001979
-000815
-002562
-003086
-003377
-002678
0000523
0003841
0002852
-000175
-000292
0001746
0003085
0002968
0000291
-002795
-002795
-000641
0000232
0000174
0000465
0000814
0000640
-000059
-000990
-001339
0000582
0003085
0003026
0001338
0000698
0000698
-000583
-002213
-002678
-002504
-003610
-004657
-002911
-000292
-000874
-002911
-002387
-000233
0001338
0001164
-002213
-006404
-007684
-005822
-002154
0001106
0000465
-001863
-000874
0001920
0002270
0000873
-000233
-000233
0002270
0004773
0002794
-001339
-002504
-000583
0002794
0005297
0003201
-001165
-002271
-000641
0000989
0002037
0002270
0001513
-000117
-001281
0000756
0003609
0002328
-000757
0000349
0002735
-000524
-005763
-005065
-000815
0000873
0000058
-000990
-002154
-003435
-003668
-000815
0002561
0001862
-001223
-002213
-001281
0000116
0001280
0001047
0000291
0000931
0002735
0005355
0006752
0003900
-000583
-001281
0000407
0000058
-001456
-001630
-000874
-000757
-000699
0000465
0001979
0002677
0002095
-000175
-002562
-002329
-000815
-001805
-003319
-000641
0002852
0000174
-005239
-005705
-002853
-001863
-002853
-005065
-006869
-005705
-002504
0000291
0001862
0001746
0000814
0001280
0002386
0001804
0000814
0002270
0004191
0002619
-000583
-001805
-000466
0003201
0006752
0006577
0003259
-000641
-002969
-000815
0003318
0004191
0002503
0001106
0000756
0002503
0004598
0003841
0001222
-000117
-000757
-002562
-004017
-002271
0000640
0000174
-002154
-002736
-001689
-000408
0000349
-000233
-001805
-003435
-004133
-003027
-000874
0000640
0000640
-001514
-004599
-006287
-006113
-004366
-001921
-000175
0000349
-000466
-001456
-001107
0000814
0003841
0006403
0006577
0005064
0003958
0003841
0004831
0005821
0004598
0002153
0000756
0000756
0001746
0003143
0003900
0003609
0002153
0000873
0001688
0003783
0005471
0005064
0000698
-005181
-008790
-008034
-000699
0007625
0007742
0001920
-002445
-004250
-003959
-002504
-002213
-002911
-003377
-003260
-001863
-000233
-000524
-001048
0001920
0005937
0006170
0004016
0004016
0004656
0002619
-000641
-002154
-001980
-001223
-000524
-000874
-001572
-001456
-000175
0002735
0005355
0005064
0002852
0001862
0001629
0000116
-001689
-002213
-001223
0001513
0003609
0001106
-003086
-002562
0000814
0001571
0001164
0004365
0007392
0002968
-004425
-005356
-001863
-000757
-001339
-000292
0001222
0001280
0000698
0001746
0003259
0003259
0001862
-000059
-001572
-001339
-000175
-000175
-000757
-000350
0000756
0001688
0002386
0003318
0003783
0002794
0000640
-001630
-003551
-005472
-005822
-002387
0002095
0002619
0000698
0001047
0002328
0001047
-001339
-001514
-000583
-001456
-003610
-006054
-006869
-003027
0001979
0001455
-002154
-002329
0000058
0001688
0002561
0003550
0003434
-000350
-004716
-004366
-000932
0001047
0001629
0002328
0003318
0005238
0006752
0005355
0002503
0001513
0001979
0001688
0001164
0001688
0002794
0003434
0004249
0007334
0009488
0005006
-001980
-003086
0000465
0004074
0006053
0005413
0002561
-001398
-004250
-003144
0000058
0001106
0000174
-000699
-001514
-002736
-004017
-005007
-004948
-002853
-000175
0000407
-000408
-000641
-000350
-000641
-000757
0000349
0001920
0002444
0002270
0002561
0002910
0002153
0001338
0002677
0004482
0003609
0001106
-000350
0000000
0003201
0006403
0004307
-000233
-000990
0000582
0000058
-001747
-002387
-001980
-000990
-000757
-003901
-007393
-005123
-000408
-000466
-003551
-004774
-004425
-004192
-004599
-006462
-008383
-007510
-005356
-005472
-006637
-005705
-003086
0000116
0002328
0001338
-001165
-001630
-000117
0002212
0003900
0003026
0000873
0000349
0001397
0003085
0004249
0002968
0001222
0003259
0006577
0006112
0002852
0000174
-001107
-000757
0000232
-000466
-001863
-001630
-000524
-000466
-000815
0000640
0002095
0000174
-003144
-004192
-002678
0000232
0002794
0002212
-000524
-002445
-003260
-003901
-004250
-004425
-004133
-002387
-000699
-001514
-003377
-002678
-000175
0002270
0003492
0002153
-000408
-001281
-000641
0000291
0000989
0000931
0000232
-000815
-001514
-001165
-000233
0000291
0000465
0001047
0001804
0001979
0002212
0003667
0005704
0007101
0007334
0006053
0003434
-000175
-003144
-003086
-001456
-002096
-003319
-001048
0002153
0001338
-001689
-002213
-001281
-002504
-004192
-003435
-001048
0000523
0001164
0001106
0000931
0001920
0003085
0002561
0001222
0001047
0001455
0000873
-000292
-001107
-001339
-000699
-000059
-000874
-002213
-001863
-000524
0000174
0000582
0001862
0002910
0001571
-000524
0000174
0001979
0000989
-001281
-001107
0000000
-002154
-005181
-003959
-000815
-001107
-003086
-002329
-000059
0000523
0000000
0000407
0000756
-001339
-003610
-001107
0002852
0001222
-003202
-003842
-001223
0002328
0004831
0003201
-000175
-000233
0001688
0001513
0000000
-000874
-000524
0001979
0004424
0002852
-000233
0000465
0003259
0003667
0001979
-000350
-001863
-000350
0002037
0001280
-001514
-003086
-003377
-003260
-003319
-004716
-006171
-005181
-002329
0000814
0002444
0000116
-003959
-004599
-003377
-005007
-007335
-005822
-002678
-002795
-004250
-001747
0002153
0002153
0000116
0000989
0003318
0003259
0001920
0002037
0003085
0003958
0003958
0002561
0000523
-000466
-000233
0000814
0002386
0004249
0005704
0005821
0004656
0002677
0001164
0002328
0004249
0002968
0000058
-000350
0000698
0000698
-000292
-001456
-002213
-001223
0000058
-001165
-003959
-005996
-006811
-006578
-005472
-003901
-002969
-004308
-006171
-004832
-001863
-001107
-001747
-000932
0000349
-000175
-001281
-000117
0002328
0003900
0004249
0003609
0002852
0003492
0005064
0006344
0006868
0006403
0005762
0006868
0008207
0007218
0004482
0001513
-000292
0000407
0002212
0001571
-000175
0000000
0001455
0002328
0002212
0000756
-000466
0001629
0004947
0005238
0003143
0000931
-000583
-000990
-000524
0000116
0000058
-001805
-004250
-005065
-004133
-002504
-000350
0002503
0004482
0003259
0000465
-000350
0000698
0002153
0002677
-000059
-003435
-002562
0001047
0003085
0003259
0002328
0000873
-000233
-000641
0000000
0000931
0000814
-000350
-002387
-003901
-003027
-000466
0001746
0002794
0002153
0000873
0001571
0003026
0002386
0000465
-000292
-000408
-001223
-002620
-004774
-005938
-003435
0000523
0001455
-000117
-001514
-002096
-001805
-000641
0000989
0002095
0001688
0000407
-000292
-000117
0000465
0001164
0001047
0000407
-000117
0000232
0002561
0005238
0005238
0003201
0001920
0000873
-001456
-003610
-003319
-001223
0000756
0001920
0002095
0001629
0002037
0002619
0001979
0000698
0000000
-000350
-001572
-002271
0000349
0003318
0000698
-004075
-003551
0000116
0000582
-000757
0000174
0001862
0001164
-000815
-001514
-001165
-001048
-000641
0001513
0003958
0004016
0002910
0003725
0005646
0005995
0005995
0008324
0010710
0009080
0004889
0001629
-000350
-002445
-003551
-002504
-000117
0002386
0003376
0000931
-002969
-004483
-003610
-001630
-000117
-001747
-003959
-000932
0003841
0003143
-000757
-002038
-001339
-001398
-002038
-003144
-003668
-001689
0000873
0000058
-002271
-002096
0000174
0002910
0004540
0003201
0000232
-001456
-001339
0000349
0002270
0002153
0001164
0002328
0004773
0006461
0007043
0006694
0005646
0004074
0002735
0002503
0002561
0000873
-001572
-002969
-002562
0000523
0003783
0002444
-000815
0000116
0003492
0004540
0003667
0002852
0001338
-002969
-007219
-006986
-003377
-000117
0001397
0000058
-002678
-003377
-002562
-002562
-002387
0000116
0003143
0003550
0002037
0001571
0001397
-000815
-003610
-004774
-003959
-001456
0001688
0004249
0005588
0005530
0004656
0004365
0004424
0003841
0002910
0002328
0002328
0002968
0003958
0005006
0005297
0003841
0001397
-000408
-001398
-002736
-003260
-001398
0000873
-000641
-003610
-002736
0000291
0001338
0000814
0001106
0001164
-001281
-004133
-003493
-000815
0000291
-000117
-000641
-000815
0000174
0001280
0000814
-000350
0000465
0001746
0000174
-002387
-002271
-000117
0001920
0003026
0002677
0001688
0002328
0003376
0001862
-000699
-000641
0000873
0000698
-000408
-000583
-000292
-000699
-001863
-003668
-005123
-004832
-003260
-001514
-000990
-004192
-007684
-005065
0000814
0002735
0001629
0001106
0001222
0001629
0001629
-000408
-002445
-000932
0002095
0001804
-000292
-000059
0001571
0002270
0002212
0002328
0002794
0003609
0004540
0005413
0005413
0003143
0000407
0001106
0003085
0001164
-002096
-001107
0001804
0001164
-001805
-003319
-003435
-003144
-002969
-004366
-005647
-003726
-000117
0002037
0001979
-000233
-003202
-004657
-004133
-001805
0000698
0000931
-000641
-002562
-003493
-001747
0000931
0000407
-001572
-000699
0001746
0002735
0002561
0002735
0003201
0003841
0004191
0003725
0003026
0003376
0004307
0004831
0004482
0002910
0000814
-000233
-000233
0000000
0000523
0001513
0001920
0000058
-002387
-002154
-000408
-000524
-001514
-000524
0000523
-002271
-006462
-007277
-005298
-002969
-001863
-003959
-007393
-008732
-007684
-004774
-002096
-003144
-005763
-005123
-002213
-000059
0001338
0003201
0003958
0000989
-002853
-002096
0001106
0000989
-000757
0000523
0003318
0004132
0003667
0004191
0004947
0004598
0003609
0003026
0002852
0002503
0002270
0002561
0002910
0001920
0001164
0003259
0006519
0007858
0006694
0003318
-000874
-003901
-005298
-005472
-004890
-004890
-004774
-002562
0000116
0000349
-001281
-002678
-003551
-003901
-003901
-004657
-004774
-001398
0002677
0001804
-001689
-001863
-000292
-001747
-004075
-003144
-000175
0001804
0002212
0001746
0000582
-000874
-001107
0002444
0006519
0004715
-000292
-001630
-000233
0000349
-000117
-001572
-002911
-001689
0000232
-000815
-003551
-004657
-003901
-002038
0000000
0000640
-000175
-002213
-003610
-001165
0002328
0001164
-002795
-005181
-004541
0000640
0005937
0003318
-003260
-004716
-002096
-000117
0000465
-001048
-002911
-001572
0001280
0001920
0000582
-000874
-002271
-003551
-004133
-003202
-001630
-001398
-001747
-000699
0000698
0000174
-001398
-001805
-001863
-003668
-006171
-007277
-006637
-004366
-001863
-001398
-002445
-002678
-002387
-002213
-002329
-003086
-003959
-004192
-003610
-002504
-001805
-003202
-005065
-003901
-001223
-000408
-001223
-002213
-002562
-001165
0000931
0001804
0001280
-000059
-001281
-001107
-000117
-000408
-000874
0001455
0004307
0003318
0000000
-002038
-001630
0002619
0007159
0005646
0000407
-002620
-003144
-003027
-002562
-002387
-002271
-001107
-000059
-001281
-003493
-003901
-003377
-004541
-006520
-007393
-006986
-005414
-004017
-004774
-006404
-006171
-004599
-003668
-003086
-001747
-000059
0001804
0002794
0001571
-000524
-000990
0000465
0003958
0006752
0004715
0000174
-001980
-000990
0002677
0006868
0008440
0006868
0002735
-001107
-000059
0003492
0003259
0001164
0002444
0005006
0003725
0000465
-000699
-000117
0000291
0000116
-000990
-002504
-003319
-003610
-004250
-004774
-003842
-003086
-005589
-009140
-009547
-007451
-005647
-004599
-004017
-003842
-003668
-003086
-001456
0000174
-000292
-001514
-000583
0001571
0002677
0002910
0003783
0004191
0001920
-001339
-002853
-002329
-000699
0001106
0001571
0000931
0000232
-000583
-002329
-003842
-003319
-001456
0000349
0001280
0001047
0000232
0000291
0001222
0002386
0002968
0001338
-000815
0000174
0001920
-000815
-005356
-006229
-003726
0000174
0003318
0002852
0000000
-001863
-002329
-001863
-000641
0000756
0001455
0000232
-001339
0000756
0003318
-000117
-005356
-003726
0001629
0002503
0000407
0000465
0001397
0000000
-001747
0000174
0003841
0005355
0004249
0001397
-001572
-002271
-000757
0001629
0003085
0001338
-002271
-004599
-004832
-003202
-000583
0001455
0001979
0000465
-001980
-003668
-003842
-002329
-000466
-000815
-002096
-000874
0001280
0000873
-000583
0000291
0002735
0004715
0005355
0003259
0000756
0002677
0005588
0001746
-004366
-002736
0002444
0001106
-003493
-002911
0000989
0003143
0002794
-000117
-003551
-004075
-002853
-003842
-005414
-003668
-000699
-000932
-002795
-002387
-000641
0000407
0000291
-001514
-003551
-003086
-001048
-000059
0000582
0003259
0005588
0003492
-000641
-001572
0000291
0002444
0003900
0003900
0002619
0001106
0000116
0000000
0001629
0006228
0010536
0009430
0005064
0002735
0002619
0003318
0004191
0004540
0003958
0002328
0000989
0002270
0004889
0006228
0005821
0003609
0001746
0004715
0008731
0006170
-000175
-003493
-003726
-003842
-002620
0002968
0007334
0000582
-010653
-012283
-007044
-004366
-003726
-001805
0000058
-000583
-002387
-002853
-001863
-000175
0001629
0002968
0003201
0001629
0000232
0002910
0006927
0006519
0003026
0000058
-001165
0000174
0002619
0003318
0002444
0001338
0000582
0000698
0001455
0001920
0001629
0000291
-001630
-003551
-003842
0000407
0005355
0003841
-001107
-001805
0000291
0000232
-000874
-000117
0000989
-000641
-003493
-004308
-003377
-002096
-001165
-001281
-002271
-003319
-004017
-004017
-003377
-002736
-002504
-003551
-004657
-003959
-001689
0001629
0003609
0000523
-004075
-003260
0000989
0002852
0002386
0001397
0000640
0001688
0003376
0003259
0001571
-000059
-001572
-003610
-004541
-002213
0001862
0004831
0005937
0005297
0003376
0001280
-000175
-000524
-000059
0000058
-000175
-000466
-000815
-001572
-002213
-001921
-001223
-001398
-002271
-003144
-003842
-005123
-004948
0000349
0006868
0007683
0003841
-000175
-002678
-002038
0000814
0003609
0005238
0005297
0004074
0002735
0001397
-001107
-002911
-001456
0001862
0003725
0003958
0003609
0002444
0000291
-002096
-004075
-004541
-002387
0000523
0000407
-001165
-000292
0001688
0001455
-000117
-000699
-000932
-002620
-004425
-003668
-002154
-003901
-006753
-005996
-003086
-001572
-001281
-000874
-000292
0000523
0001338
0001688
0001629
0001804
0001920
0001920
0001338
-000408
-002038
-001107
0001222
0002619
0002677
0001513
-000175
-001689
-002038
0000000
0002386
0001047
-001863
-000990
0001338
-000117
-003726
-005298
-004832
-003784
-002678
-001572
-001398
-003319
-005880
-006345
-005822
-007801
-010013
-008034
-003319
0001222
0002910
-001456
-007510
-006695
-001339
0001629
0002328
0002910
0002910
0001571
-000059
-000815
-000117
0001979
0004074
0003492
0001571
0001746
0002968
0002212
0000931
0002386
0005355
0007159
0007451
0006461
0004831
0003841
0002794
-000117
-003202
-003668
-001863
0000931
0002561
0000349
-004133
-007277
-008150
-006753
-004366
-003493
-003610
-002795
-001514
-000815
-001339
-003959
-006753
-006171
-003435
-001456
-000874
-001747
-003144
-003493
-002504
-000117
0002212
0002270
0001164
0001862
0003143
0002212
0000232
0000000
0000698
0000174
-000757
-000350
0000989
0002153
0002794
0002910
0002503
0002212
0001804
0000873
-000117
-000350
-000350
-001514
-002969
-003027
-002329
-002795
-003493
-002445
-000757
-000466
-001630
-003901
-005822
-005414
-004133
-005181
-007335
-007626
-006462
-005763
-004948
-002504
-000233
-001165
-003551
-003319
-001339
-000583
-000524
0000814
0001979
0000349
-002096
-001048
0001920
0002910
0001979
0000582
-000524
-000524
0000465
0001338
0001862
0002153
0001629
-000757
-003726
-004948
-004541
-003784
-002620
-000292
0001338
-000757
-004366
-005123
-003435
-001339
-000117
-001048
-002969
-003144
-002445
-003377
-005065
-005589
-004716
-002271
-000175
-001339
-003784
-003086
-000524
0000465
-000233
-001980
-003668
-004017
-003086
-001980
-000524
0002037
0004773
0007043
0007742
0006228
0003725
0002852
0003085
0002503
0000989
-001223
-002853
-001863
-000175
-002096
-005822
-007451
-006869
-005007
-003086
-002678
-003959
-006578
-008441
-006171
-002271
-002271
-004716
-005822
-005531
-005007
-004017
-001689
0000640
0001280
0000291
-001456
-002678
-001281
0001280
0001746
0001397
0003958
0006461
0003201
-002853
-005472
-004075
-000408
0004365
0009255
0011060
0005762
-002038
-003493
-000292
0000989
0000582
0000349
0000291
0000523
0001106
0002212
0002619
0000232
-003202
-003901
-003377
-005938
-009023
-007743
-003726
-000641
0000349
-000932
-002911
-002213
-000117
0000349
-000990
-003668
-005705
-004017
-000466
0000873
0000291
-000117
-000175
-000117
0000349
0001629
0003143
0003900
0003958
0003900
0003434
0001688
-000466
-001398
-001281
-001223
-001048
-000524
-000059
-000524
-001747
-003086
-004308
-005298
-005763
-005531
-005123
-005938
-006695
-004832
-002213
-002853
-005007
-004425
-002620
-003027
-004774
-005647
-005880
-006462
-006404
-003901
-000757
-000583
-001747
-000466
0002095
0003143
0002037
-001863
-005123
-001921
0004307
0006170
0004191
0001920
0000523
0001280
0003259
0004540
0004656
0003609
0002677
0004656
0007276
0006228
0002794
0000523
0000232
0002153
0004889
0005530
0004016
0000931
-001921
-002096
-000583
-000350
-001165
-002213
-002969
-002445
-001223
-000408
-000524
-002213
-004017
-003377
-001456
-000641
-000990
-001630
-002154
-001630
-000815
-001398
-002154
-000524
0001804
0001280
-000874
-001223
-000350
-000117
-000059
0001222
0003143
0004715
0005238
0003841
0001920
0002444
0003725
0002153
-001339
-004890
-006869
-005472
-002213
-000117
0000465
0000989
0000582
-001805
-004483
-004716
-003086
-001630
-001281
-002853
-005123
-005589
-004425
-002969
-001921
-001805
-002445
-002911
-002620
-000990
0001338
0003376
0004016
0001979
-000815
-001048
0000814
0002677
0003725
0003259
0002212
0003085
0004831
0005355
0004773
0004016
0003143
0001920
0001164
0002095
0003958
0004656
0004656
0005704
0006112
0002328
-002678
-003377
-000874
0001106
0002037
0002677
0001862
-002445
-006637
-004657
0000523
0001746
-000292
-002562
-003551
-001805
0001455
0003667
0003841
0001338
-001165
0001397
0006286
0007392
0005238
0002386
0000349
0001106
0003492
0004540
0004540
0005006
0005122
0002968
0000174
-000466
0000698
0001920
0002735
0002735
0002270
0002153
0002037
0000523
-001339
-001921
-001630
-002329
-003027
-001514
0000465
-000466
-002504
-001514
0000698
0000058
-002154
-002562
-001805
-001630
-001630
-000699
0000465
0000640
0000000
-000932
-001281
0000116
0002212
0002910
0002503
0002852
0002910
0000232
-002504
-000175
0004424
0005413
0003318
0000407
-001223
0000989
0004773
0005064
0003085
0002910
0003958
0004424
0003958
0002503
0000698
-000466
-000932
-001456
-001863
-002504
-002620
-000524
0001338
-001805
-006637
-006345
-003086
-002736
-004075
-003726
-002154
-001048
-000466
-000233
0000174
0002095
0003900
0002503
-000757
-003202
-003377
0000174
0004249
0002735
-001514
-001165
0002095
0003376
0002910
0002794
0002503
0000756
-000757
0000873
0004016
0005297
0004191
0001164
-002271
-003726
-003144
-002271
-000815
0001979
0004016
0001688
-002387
-003027
-000757
0001804
0003318
0002619
0000058
-003668
-006229
-004948
-000583
0004773
0007625
0003376
-003842
-005123
-002562
-002736
-004541
-004599
-003260
-001805
-000408
0000814
0001571
0001862
0001746
0001338
0001164
0001629
0002735
0004307
0005471
0005122
0003725
0002328
0001688
0002619
0003725
0002153
-000524
-001048
0000232
0001455
0002037
0001106
-000583
-001107
-000874
-001572
-002387
-001514
-000524
-002445
-005531
-005705
-004192
-004250
-005007
-004425
-002620
0000058
0001862
0000058
-003144
-003144
-000757
0001047
0002095
0002852
0002735
0000989
-000874
-000175
0002270
0004598
0005588
0003609
0000756
0001571
0004365
0005122
0004307
0003958
0003958
0004074
0003725
0001513
-000757
0000349
0003026
0003376
0001746
0000116
-000874
-000408
0000756
0000814
0000407
0001513
0002735
0001397
-001107
-001689
-001165
-002154
-003901
-004890
-004774
-003784
-002329
-001165
-000641
-000524
-001048
-002736
-004075
-003027
-000059
0004016
0006577
0004132
-000699
-001980
-000524
0000291
0000174
-000757
-001398
0000232
0002677
0002794
0001513
0001397
0002328
0003376
0003958
0003201
0001804
0001920
0002212
-000350
-003319
-001339
0002270
0000407
-004017
-003901
-000990
0000000
-000699
-001339
-001747
-002154
-001863
0000349
0002444
0001280
-001863
-003435
-003377
-002678
-001980
-002445
-003202
-002445
-000408
0002328
0004307
0003841
0001979
0001571
0002270
0002968
0003318
0003026
0002095
0000582
-000815
-001456
-000990
0000640
0002386
0002561
0001979
0002910
0004365
0004424
0003026
0000873
-001223
-002445
-002853
-003377
-003435
-001572
0000349
-001281
-004483
-004541
-002911
-003784
-005589
-004541
-002154
-001514
-002329
-003086
-003551
-003784
-003377
-001689
0000291
0001047
0000523
-000990
-002096
-000583
0002212
0003201
0002503
0001688
0001106
0000931
0001571
0003550
0004947
0002735
-000757
-000757
0001513
0002386
0002037
0001862
0001804
0001455
0000698
-001165
-002736
-001689
0000058
-001980
-005298
-004250
-000583
0001280
0001280
0000756
0000232
0000756
0000989
-001921
-005763
-005822
-003842
-004541
-005589
-001456
0003958
0003201
-001223
-002562
-001747
-002329
-003086
-001456
0001629
0004424
0005588
0003958
0001338
0001222
0003026
0004656
0004540
0000116
-005181
-004716
-000815
0000058
-000932
0000000
0001746
0002386
0001513
-000641
-003027
-004192
-003493
-000641
0002852
0005122
0004947
0001106
-003319
-002853
0000174
-000408
-003086
-003610
-002387
-000757
0000523
0000814
0000174
-000466
-000699
0000000
0000873
0000116
-001107
-000466
0001397
0003434
0004365
0003085
0000523
-001165
-001339
0000232
0002386
0002852
0002037
0001688
0001571
0000873
0000174
0000582
0000931
-001398
-004192
-003086
-000408
-001980
-004890
-002795
0001455
0001338
-001514
-002329
-001223
0000640
0001688
-000408
-004075
-006054
-005647
-002853
0000291
0000058
-001747
-000408
0002561
0003318
0002270
0000756
0000291
0002794
0006519
0008498
0007625
0003609
-000932
-001398
0000873
0001746
0001397
0001513
0001571
0000582
-000990
-002504
-002911
-000932
0001862
0002503
0001106
-000990
-002736
-002969
-001863
-000059
0000989
-000990
-004017
-004075
-001921
-000117
0000931
0001455
0000814
-001863
-005239
-007102
-007393
-007451
-006520
-003027
0000523
0000000
-002911
-004133
-002678
0002037
0006694
0005704
0001629
0001338
0003259
0002619
0000989
0001920
0003958
0003667
0002444
0003841
0005588
0002794
-001572
-001165
0001688
0001106
-001107
-000292
0002095
0002735
0001455
-001165
-003551
-003435
-001514
0000000
0000756
0000814
0000407
0000000
-000524
-002213
-003551
-001747
0001106
0000873
-001630
-003842
-004832
-003784
-001921
-002271
-002853
0001222
0005530
0001106
-005996
-002736
0005530
0005821
0001222
0000698
0003143
0004132
0004365
0006403
0008033
0004831
0000291
0001338
0005064
0004191
0001222
0002212
0005588
0007742
0007742
0005122
0001688
0000349
0001571
0005180
0008033
0004715
-001107
-001165
0002153
0002386
0000349
-001456
-002387
-002562
-001747
0000058
0001629
0001164
-000524
-001514
-001514
-001107
-000175
0001455
0003085
0003841
0003667
0003550
0002968
0000756
-000990
0001338
0005646
0007509
0006694
0004307
0002095
0003026
0005180
0004482
0001629
-001456
-002853
0000291
0004482
0002619
-002271
-002969
-000699
0000465
0000116
-001689
-003842
-004075
-002911
-002096
-001805
-002096
-002445
-001398
-000292
-001747
-004308
-004657
-003027
-000466
0001397
0000116
-002213
-000757
0002794
0005064
0004889
0001280
-002911
-002911
0000232
0003143
0004482
0003434
0001222
0000582
0000640
-001456
-003901
-003202
-000757
0000291
-000641
-003610
-006113
-003784
0001047
0003318
0002503
-000233
-002911
-001747
0000814
-001107
-004832
-004250
-001048
0000232
-000641
-002969
-005356
-005938
-004599
-002504
-000408
0000873
0001338
0002212
0002561
0000407
-001805
0000931
0004715
0001397
-004599
-003493
0002095
0004889
0004656
0002677
0000931
0002794
0006228
0007043
0005646
0004365
0003259
0001746
0000640
0000756
0001862
0003318
0003783
0000931
-002445
-000874
0002968
0003085
0000698
-000117
-000117
-001689
-003842
-004832
-003959
-000524
0002677
0000698
-003435
-002795
0000698
0002037
0000698
-003260
-007277
-007219
-004250
-001921
-000757
0000058
0000465
0001047
0001804
0002910
0003434
0001979
-000466
-001921
-001747
0000523
0003376
0004424
0003900
0003434
0002852
0001222
-000059
0001513
0004191
0004598
0003201
0002095
0001280
0000232
-000524
0000000
0000465
-001689
-005007
-006753
-006695
-005996
-004483
-001398
0001455
0001571
-000350
-002038
-003260
-004250
-004425
-003202
-000408
0004889
0008673
0004540
-002911
-004250
-000699
0002270
0003725
0003609
0002677
0002910
0004016
0004540
0004656
0005471
0005879
0004016
0001338
0000582
0001688
0003841
0005646
0005064
0003026
0001513
0001338
0003143
0005530
0006170
0005238
0004191
0003143
0002270
0001222
-001223
-003319
-001980
0001164
0002328
0002095
0003085
0003783
0001106
-002504
-002562
-000233
0000989
0001047
0001222
0001164
0000582
-000175
-000466
-000699
-001689
-002911
-003493
-003144
-001747
-000466
-001514
-003493
-003260
-002096
-003027
-004890
-004948
-003319
-001048
0001047
0002270
0002153
0000523
-001339
-001339
-000059
0000698
0000058
-003086
-006811
-007801
-006578
-005239
-004017
-002678
-001921
-002795
-004308
-004425
-003260
-001805
-000699
-000466
-000757
-000699
-000175
0000931
0002037
0002270
0002037
0002212
0003376
0006228
0008789
0007218
0003900
0003841
0005413
0004074
0001280
0000174
0000640
0001571
0002270
0001746
0000349
-000699
-001456
-002620
-003260
-002038
0000116
0001688
0001746
-000641
-004017
-006520
-006637
-003144
0001222
0001688
-000583
-001921
-002271
-002329
-002620
-004308
-006229
-006520
-004890
-001689
0001746
0003609
0003958
0004365
0004074
0001338
-001398
0000465
0004540
0005238
0003667
0003725
0004365
0003143
0000989
-000466
-000408
0001688
0004540
0005937
0005238
0002328
-000583
0000232
0003085
0003492
0002037
0000989
0000349
-000175
-000641
-001398
-002329
-003493
-004017
-002911
-000990
0000232
0000291
-000350
-001572
-003551
-004832
-003551
-001339
-002038
-004250
-004541
-003726
-004366
-005007
-002387
0001106
0000873
-001339
-001165
0001280
0005297
0007683
0003201
-003493
-003319
0001455
0003259
0003143
0005530
0007334
0002968
-003144
-002445
0002503
0004424
0003667
0002910
0002037
0000291
-001165
-000466
0001106
0000989
-000292
-000932
-001281
-002911
-004308
-002620
-000233
-002154
-005822
-005822
-003027
-000466
0000582
-000932
-003377
-003435
-001863
-001747
-002213
-001339
0000523
0003143
0004424
0001047
-004250
-006171
-004599
-001514
0001455
0002037
0000465
-001456
-002736
-002387
-000815
0000756
0001513
0000523
-001572
-003377
-004366
-003959
-002969
-002969
-003610
-003319
-002678
-003027
-003551
-002504
-001107
-002213
-004075
-002736
-000408
-001980
-005239
-005589
-003668
-001980
-001165
-001630
-002562
-002038
-000699
-000466
-000583
0001164
0003143
0002037
-000408
-000292
0001397
0001513
0000814
0001047
0001688
0001688
0000873
-000874
-002445
-001921
-000350
0000116
-000641
-002096
-002969
-001165
0001455
0001222
-001048
-003202
-003959
-001747
0001338
0001338
-001048
-003144
-004017
-002969
-001398
-001747
-003610
-005181
-005705
-004133
-001921
-001921
-003144
-002678
-001514
-002038
-003027
-001630
0000756
0001397
0000698
0000582
0000931
0001571
0002095
0001571
0000873
0001571
0003259
0005180
0006112
0004773
0002444
0001979
0002328
0000174
-002096
0000000
0003725
0002910
-000583
-001805
-001281
-001514
-001689
-000524
0001222
0002212
0001746
-000699
-003668
-005414
-005065
-001863
0000814
-002853
-009372
-011701
-009780
-006695
-003319
-000292
0001164
0000349
-001747
-003377
-003610
-001630
0000989
0001047
-000466
-000524
0001047
0003958
0006868
0008033
0007218
0005238
0002735
0000291
-001048
-000292
0001629
0002444
0002677
0004132
0005413
0003783
0000756
-000408
-000059
-000292
0000058
0004191
0007858
0003434
-004657
-006811
-004308
-002445
-001630
-001107
-001630
-003959
-006811
-008150
-007451
-004657
-001747
-002154
-004366
-004250
-002911
-003493
-004890
-004948
-003260
0000814
0004307
0001979
-002678
-001980
0002270
0004773
0005064
0004249
0002444
0000232
-001630
-002445
-002329
-001980
-001398
-000466
0000465
0000931
0000523
-001572
-003493
-002271
0000291
0000291
-001572
-002562
-002562
-001921
-000874
0000232
0001338
0003259
0004132
0000640
-004075
-004192
-001107
0001164
0001455
-001223
-004541
-003901
-000990
0000000
-001048
-003144
-004657
-002562
0000931
0001106
-000757
-000641
0000291
-001107
-002795
-000408
0003492
0003143
0000523
0000582
0002328
0003201
0002968
0002270
0001222
-000350
-001747
-002038
-001572
-001398
-000932
0001513
0003900
0003026
0000291
-000699
-000757
-002911
-005589
-005763
-003959
-002096
-000583
0000814
0001629
0001804
0001338
0000058
-000815
0000698
0002910
0002212
0000174
0000523
0002619
0004132
0004889
0005180
0004773
0003434
0001688
-000175
-001048
0000523
0003026
0003550
0002328
0000931
-000757
-003493
-005880
-006171
-004250
-000350
0002735
0001222
-002736
-004133
-002969
-000990
0000523
-000408
-002736
-004192
-004425
-004075
-003610
-004250
-005123
-004657
-003027
-001048
0000640
0001280
0001280
0001862
0002270
0001222
-000350
-000408
0000640
0001047
0001397
0003026
0005006
0005588
0004889
0004016
0003143
0002794
0001862
-002271
-006054
-002969
0002794
0002095
-001863
-000641
0003725
0006461
0006228
0002444
-002736
-005239
-004890
-003319
-001398
-000175
0000116
0000465
-000175
-004192
-007568
-003319
0004074
0005064
0001338
-001398
-002096
-000757
0001688
0003201
0002619
-001281
-005822
-006113
-003726
-003610
-004425
-002853
0000291
0002852
0004598
0006286
0006810
0004715
0002095
0002852
0005180
0004715
0001979
-001223
-003377
-002562
-000059
0000523
0000349
0002444
0004947
0004482
0001688
-001281
-003202
-002795
-000990
-000117
-000117
0000407
0000756
-000408
-001805
-001048
0000407
-000292
-002387
-003493
-004192
-006637
-008499
-005996
-001107
0001688
0002386
0003259
0003376
0001222
-001572
-002271
-001572
-002096
-002911
-001398
0000989
0001629
0001222
0002037
0003434
0004016
0003783
0003143
0002677
0003201
0003783
0002968
0001164
-000466
-001223
-000408
0000698
-000641
-002678
-001805
0000465
0000756
-000292
-000583
-000408
-000990
-001630
-001281
0000174
0002794
0004482
0001746
-002213
-000757
0003201
0002852
-000466
-002504
-002562
-000583
0002037
0003026
0002037
-000641
-003319
-003493
-001572
0000931
0002735
0002153
0000756
0002153
0004889
0005646
0004540
0002968
0001513
0000582
0000523
0001047
0001571
0001222
-000117
-002678
-004599
-003086
-000292
-000874
-003202
-002736
-000583
0000174
-000233
-000350
-000815
-003144
-005356
-003901
-000699
-000059
-001456
-002038
-002329
-003726
-004657
-002096
0001629
0001688
-000408
-000524
0000814
0001804
0002386
0002561
0002910
0004540
0006053
0004424
0001629
0002270
0004249
0003143
0000058
-002038
-002969
-003959
-003842
-001048
0002328
0002328
0000116
-000874
-000815
-001048
-001863
-003901
-006054
-006520
-005763
-005589
-005763
-005298
-004483
-004017
-003901
-003959
-003668
-002271
-000059
0002910
0004482
0001397
-003202
-003610
0000116
0006228
0010827
0008324
0001979
-000641
0000582
0002910
0005297
0007218
0006286
-001223
-009023
-005880
0002968
0004424
0001164
0001455
0003958
0004540
0003667
0002968
0002619
0002794
0002735
0000698
-002213
-004192
-004657
-003435
-001689
-001339
-002329
-003551
-004483
-004716
-003784
-000583
0001746
-002038
-008266
-009780
-007044
-003784
-001223
-000233
-000874
-002213
-002853
-000815
0002444
0003900
0003609
0003026
0002212
0001106
-000175
-002329
-003668
-001514
0002037
0002910
0001629
0000582
0000407
0001571
0002968
0002735
0000698
-002329
-005356
-007160
-007160
-005589
-003202
-001223
-000641
-003027
-005531
-002911
0001688
0001571
-001630
-002445
-001689
-002387
-003086
-000699
0002503
0002153
-000292
-000874
0000407
0002386
0003550
0001106
-002736
-004017
-002795
-000757
0000989
0001047
0000232
0000873
0002561
0004132
0004947
0004656
0003609
0002794
0002153
0001571
0000407
-002853
-005705
-004017
0000232
0002095
0002037
0003026
0003492
0000407
-003901
-005647
-004541
-001456
0001455
0000349
-002736
-003027
-001689
-002911
-004657
-002445
0000698
-001572
-005822
-004832
-000815
0000174
-001281
-002736
-002911
0000116
0003667
0002677
-000699
-000932
0000698
0000232
-001107
-000524
0001280
0002503
0002852
0002037
0001280
0003376
0005588
0002444
-002853
-003202
-000175
0001397
0001280
0000873
-000233
-002969
-005181
-003202
0000407
-000175
-002795
-001805
0000756
0000698
-001630
-004308
-006287
-006462
-005472
-005589
-005938
-004599
-002096
0000698
0002735
0003143
0002386
0001688
0001047
0000000
-000815
-000641
0000232
0001106
0001629
0001804
0001397
-000233
-001107
0002735
0007159
0004249
-002038
-003144
0000465
0005588
0008673
0004656
-002795
-005822
-004250
-000699
0002561
0002968
0000232
-004948
-009140
-007277
-002387
-002038
-004890
-006404
-006345
-005414
-004250
-004133
-004657
-004541
-003901
-002969
-001921
-001339
-000757
0000698
0002270
0002852
0002270
0000698
-000641
0000582
0002444
0001047
-001514
-000641
0002095
0002503
0001688
0003026
0004424
0001862
-002096
-002271
0000465
0002910
0004307
0004482
0003434
0001455
0000116
0001688
0003900
0001862
-002387
-003959
-003435
-003435
-003726
-003610
-003260
-003319
-003435
-003027
-002387
-002620
-002969
-002096
-000699
-000466
-000874
-000408
0000407
0000349
0000407
0002444
0005180
0006636
0006228
0004074
0001629
0001338
0002386
0002328
0001746
0002153
0003026
0002852
0002328
0003259
0004365
0003085
0001106
0002386
0004482
0001629
-002678
-000815
0003725
0003085
-000699
-001980
-001339
-001572
-002038
-000932
0000291
-000990
-003260
-003086
-001107
0000349
0000756
0000232
-000932
-001863
-001630
0000873
0003841
0004074
0002270
0000640
0000349
0002794
0005821
0005937
0003143
-001048
-004250
-003027
0000989
0004191
0004947
0001629
-002678
-001921
0001397
0000814
-001689
-000815
0001571
0001106
-001107
-002096
-002154
-002678
-003319
-003377
-002795
-001863
-000874
0000116
0000349
-001223
-003610
-004774
-004716
-004366
-003959
-004017
-003610
-000874
0002444
0003492
0002386
0000523
-000932
-001048
0000291
0002794
0004889
0004424
0002619
0002735
0003783
0003376
0001862
0000582
-000233
-000641
-000641
-000350
-000117
-000175
-000990
-003493
-005298
-002795
0001804
0004016
0003376
0001338
-001165
-002736
-002853
-001398
0000000
-001630
-004308
-003784
-000874
0002677
0004482
0001280
-003842
-004716
-001921
0001164
0003434
0004191
0002910
-000990
-004192
-000874
0005180
0005530
0002386
0002735
0004540
0002910
-000175
-000874
0000931
0004132
0006752
0005821
0002968
0002095
0002968
0003783
0004016
0002852
0001746
0003609
0006286
0005530
0002270
-000757
-001921
0000523
0003900
0003318
-000059
-002795
-003784
-002504
-000175
0000814
0000465
0000000
-000641
-001747
-003086
-004774
-005531
-003435
-000757
-002154
-005298
-004948
-002154
0000000
0001106
0001047
0000873
0002794
0005064
0004074
0001397
0000873
0001979
0002735
0002910
0002619
0002444
0003376
0004482
0003376
0001629
0002968
0005180
0003376
-000175
-000757
0000931
0002153
0002095
-000233
-003027
-002853
-000641
0000582
0001047
0001746
0002444
0002968
0002852
0001280
-000757
-001921
-002038
-001921
-001223
0001047
0002910
0001164
-001805
-000583
0002852
0003667
0002270
0000873
-000175
-000815
-000932
-001048
-000932
-000466
0000116
0000407
-000175
-002620
-005123
-004774
-001921
0002037
0005180
0005413
0003667
0002735
0002153
-000175
-001805
0001862
0006752
0004656
-001165
-002504
-000990
-001572
-003784
-006171
-007160
-004716
-000699
0001047
0000756
0000116
-000233
0000814
0001979
0000814
-001339
-001805
-000641
0001338
0003085
0003085
0001920
0001338
0001106
0000058
-000990
-000990
-000059
0001222
0002212
0002153
0001455
0001106
0001280
0001571
0001920
0002037
0002153
0002677
0003492
0004656
0005006
0002735
-000292
-000408
0000698
-001281
-004541
-004716
-003144
-003726
-004774
-002853
0000232
0000407
-001339
-001921
-001863
-003260
-004832
-004366
-002445
-000932
0000000
0000349
0000407
0000582
0001338
0003318
0005238
0004889
0003318
0002794
0003725
0006112
0008789
0010245
0009139
0003667
-002504
-002795
0000232
-000292
-002504
-000874
0001920
-000059
-003959
-003784
-000815
0000873
0000698
-001514
-004075
-003551
-001805
-003202
-005763
-004948
-002271
-001572
-002329
-002562
-002562
-003319
-004192
-004192
-003202
-001630
-000059
0000465
0000523
0002153
0004074
0004074
0002852
0002328
0002153
0001164
0000174
0000640
0001979
0002735
0002677
0001688
0000640
0000931
0002037
0002503
0002444
0002328
0002095
0001746
0000931
-000932
-002678
-002445
-000524
0002444
0004424
0002153
-002038
-003610
-002853
-001572
-001107
-003551
-006869
-006578
-004250
-004017
-004483
-002213
0000582
-000583
-003610
-003493
-001630
-001630
-002445
-001223
0000640
0000291
-001223
-001107
0000058
0000698
0000989
0001688
0002386
0002794
0002328
0000465
-001572
-001572
0000058
0002212
0003085
0000116
-004366
-006113
-004716
-000815
0002852
0001629
-002096
-002445
-000932
-002096
-004017
-002154
0000756
-000874
-004948
-006404
-004948
-001572
0001338
0000000
-003668
-004483
-003319
-003144
-003668
-003668
-003202
-002562
-001863
-000990
-000874
-003202
-005298
-002271
0002794
0003026
0000349
-000117
0000873
0000873
0000174
-000408
-000292
0001280
0003492
0004773
0004947
0004132
0002735
0001513
0000523
-000233
-000583
-000408
0000000
0000000
-000583
-001805
-003319
-004483
-004832
-004308
-003144
-001689
-001165
-003027
-005531
-005356
-003144
-001107
0000232
0000698
0000407
-000059
-000175
0000582
0001629
0001571
0000232
-002736
-005065
-003202
0000582
0001513
0000582
0001106
0002735
0005122
0005937
0001571
-004017
-003784
0001106
0006403
0008557
0002677
-005880
-006462
-001048
0002910
0004656
0005530
0004191
-000874
-006054
-005123
-000408
0001920
0001688
0000640
-001048
-003202
-004657
-003959
-001689
0001222
0003085
0002095
-000466
-001514
-001107
0000000
0000756
-000932
-003260
-003260
-000874
0003201
0006577
0005937
0002328
-001165
-003202
-002911
-000350
0004132
0007451
0004598
-000641
0000116
0003958
0003143
-000350
-001630
-000990
-000292
0000174
0000232
0000000
0000232
0000465
-000524
-001747
-001048
0000058
-001398
-004075
-005123
-004075
-000815
0002270
0001513
-001805
-004017
-004599
-004017
-002620
-001398
-000874
-001572
-002387
-000815
0001804
0002444
0001862
0002561
0003550
0002968
0001280
-000233
-000699
0000640
0003026
0005064
0005530
0002561
-000990
-000583
0003026
0007043
0009255
0006985
0002444
0000989
0001513
0000407
-001630
-003144
-003726
-003144
-002096
-002154
-003027
-003319
-003668
-005414
-006986
-005589
-002678
-001514
-002096
-003086
-004192
-004774
-005007
-005647
-005705
-003144
-000117
-000757
-003493
-004483
-003377
-000757
0002095
0003259
0002910
0002503
0001804
0000174
-001863
-003784
-004599
-003435
-000815
0002037
0003259
0000582
-003493
-004308
-001689
0003609
0007392
0002677
-005589
-007219
-003435
0000349
0002328
0000873
-002329
-003493
-002969
-002853
-002853
-002213
-001456
-001398
-001572
-001048
-000233
-000583
-001165
-000175
0001222
0000640
-000757
-000292
0001222
0001571
0000814
-000466
-001165
0000873
0003550
0002735
0000232
0000814
0002968
0003318
0002095
0000523
-000350
0001164
0003492
0003259
0001804
0002794
0004656
0003667
0001397
0001629
0002444
-000757
-004948
-004192
0000000
0003376
0004365
0001746
-001747
-001107
0002386
0004482
0004831
0004074
0002561
0000582
-000583
0000407
0002328
0002270
0001164
0001280
0002153
0002270
0002444
0004598
0006810
0005471
0002328
0001280
0001920
0001862
0001746
0003201
0005122
0005704
0004598
0001920
-000583
-000350
0001746
0003259
0003550
0002503
0000582
-001630
-002853
-001747
0000174
-000466
-002504
-002911
-001689
0000465
0002444
0002968
0001979
0000582
-000874
-002096
-002445
-001398
0000523
0002968
0004074
0001280
-003202
-005065
-004599
-003842
-002853
-001630
-000233
0001455
0003783
0008440
0011816
0007916
0001106
0000465
0004016
0005413
0004773
0003958
0003085
0002212
0001571
0001047
0000931
0001629
0001979
-000350
-003202
-002387
0000174
-000175
-002096
-001980
-000990
-001456
-003144
-005239
-006520
-005356
-002911
-002096
-002271
-001107
-000059
-001805
-004541
-004890
-003144
-001223
0000291
0000814
0000174
-002038
-003435
0000116
0005471
0005937
0003434
0003725
0005471
0005122
0003376
0001513
0000814
0003376
0006344
0004540
0000232
-001165
-000117
0000931
0001629
0001688
0001571
0002503
0003667
0003958
0003143
0001629
0000000
-000932
-000932
-000117
0000407
-001921
-003959
0000756
0007567
0007159
0001688
-002271
-003726
-003319
-001863
-001921
-002795
-002271
-001398
-002562
-004017
-002329
0000989
0002794
0003143
0003841
0004074
0002735
0000989
0000814
0001804
0002270
0002386
0003259
0004191
0004132
0003201
0001688
0000291
-000583
-000117
0003201
0006577
0005122
0000931
-000641
0000000
0000349
0000582
0001688
0002328
0000756
-001805
-002969
-002562
-001281
0000174
0000756
0000582
0000931
0001106
-000583
-002678
-002795
-000990
0002095
0003958
0000582
-004192
-003144
0002444
0008440
0011642
0008731
0002037
-003086
-004716
-002213
0001920
0002677
0001047
0000814
0001571
0001862
0001222
-000583
-002678
-003610
-003086
-001456
0000174
-000059
-001165
-000408
0000931
-000175
-002736
-004657
-005181
-003901
-002038
-002038
-003027
-002562
-001048
0000465
0000931
-001456
-004308
-003319
0000116
0002037
0002794
0004540
0005937
0004947
0002619
0001804
0001862
0000698
-001107
-002620
-003144
-002154
-000524
-000059
-000699
-001689
-002504
-001805
-000932
-002853
-005414
-004017
-000932
-001165
-003260
-003435
-001921
0000465
0001979
0000523
-002911
-005996
-007277
-005065
-001747
-002154
-004366
-003493
-000757
0000814
0000291
-003144
-006462
-004541
0000698
0004889
0005995
0002735
-002271
-003610
-002271
-002096
-002620
-002387
-000932
0002910
0006053
0002735
-002678
-000932
0004132
0002794
-001863
-002213
0000523
0002037
0002270
0001920
0001222
0000465
0000058
0000291
0000465
-000699
-002736
-004599
-005298
-003260
-000699
-001456
-004192
-005298
-004657
-002911
-001805
-004308
-008034
-008092
-005356
-002736
-001165
-000932
-002038
-004075
-005356
-003086
0000407
0000349
-001630
-001048
0000989
0001571
0000814
-000292
-001048
-000757
0000640
0002794
0004598
0004889
0003841
0002852
0002270
0002270
0002444
0001397
0000407
0001920
0003958
0002386
-001107
-002620
-001980
0000232
0002153
0000814
-001863
-001398
0000349
-001281
-004716
-006345
-005938
-004657
-003027
-001805
-001456
-001689
-002387
-003144
-003668
-004017
-003726
-002213
-000408
0000349
0000058
-000641
-000641
0002212
0005355
0004365
0000582
-002154
-002795
-001107
0001979
0004482
0005821
0006053
0005297
0003841
0002619
0003085
0003550
0000174
-004308
-004657
-001689
0001338
0003376
0004307
0003434
0000407
-002853
-003610
-001980
0000291
0002037
0001920
0000291
-001747
-003144
-002736
-001514
-001863
-002969
-002795
-001689
-000524
0000116
0000058
-000699
-001630
-002154
-001165
0000291
0000349
-000408
-000408
0000174
0000582
0000407
-000699
-002271
-003610
-003901
-002038
0000174
-000932
-003551
-003027
-001165
-002096
-004425
-005007
-004308
-004425
-004774
-003842
-002329
-001339
-001630
-004308
-007102
-006229
-003435
-003319
-004774
-004308
-002911
-003027
-003726
-002911
-000874
0001338
0002794
0002153
0000814
0001688
0003725
0004307
0003609
0002619
0001222
-001572
-003901
-002853
0000232
0001920
0002328
0002968
0003085
0001047
-001223
-000641
0001746
0003085
0003201
0002910
0001571
-001921
-005589
-006287
-004366
-001223
0000756
-002329
-006520
-003784
0001804
0000698
-004192
-005239
-003493
-002853
-003435
-005123
-006637
-005880
-003493
-001048
0000291
-000815
-002504
-000932
0001979
0001920
-000175
-001398
-001572
-001165
-000408
0000232
0001047
0002910
0005006
0006053
0005879
0004773
0003318
0002328
0002037
0002095
0002270
0001688
0000873
0000698
0000756
-000466
-001572
0000232
0002794
0001979
-000699
-001107
-000466
-002038
-004774
-006345
-006287
-004774
-002504
-000641
0000174
-000292
-001630
-002969
-003377
-001456
0000814
-000408
-003086
-002620
-000350
0000058
-000583
-000292
0000931
0002910
0004191
0002212
-000641
0000640
0004016
0004191
0002619
0003609
0005471
0004889
0002735
0001397
0001106
0001455
0002270
0003318
0003492
0001338
-001572
-002038
-000641
0001047
0001571
-000583
-003784
-004890
-002911
0003376
0008731
0004424
-004483
-006811
-003551
-000932
0000814
0002735
0003725
0002910
0000931
-000699
-001630
-002271
-001980
-000059
0001746
0000291
-002736
-003377
-002387
-002329
-002853
-002911
-002271
-000641
0000756
-000175
-001689
-000350
0003026
0006344
0007800
0005122
0000523
-001572
-001456
-001281
-001514
-002562
-003551
-002620
-000757
0000232
0000116
-000757
-001689
-001165
-000233
-001165
-002678
-002096
-000524
-000815
-002096
-002329
-001689
-000932
0000058
0001862
0003667
0004191
0003434
0002153
0000989
0000989
0001629
0001047
0000291
0001746
0003783
0002852
0000756
0001571
0003550
0002503
-000175
-000932
-000233
0000000
0000582
0003434
0006344
0005530
0002153
-000408
-001572
-001863
-001339
-000466
0000000
-000874
-002154
-001921
-001048
-002096
-003202
-000350
0003434
0002503
-001747
-005472
-007044
-005356
-001747
0000873
0001513
-000117
-002329
-002038
0000407
0003434
0005355
0003725
0000465
0000000
0001804
0003667
0004598
0003259
0001280
0002153
0004191
0003492
0001513
0002037
0003958
0004598
0003609
0000640
-002038
-000292
0002794
0000407
-004308
-004250
-001339
-000932
-002504
-003901
-004308
-002387
0000174
0000116
-001921
-003202
-004192
-006520
-008383
-006869
-003493
-001689
-001398
-001223
-001339
-002154
-002795
-001980
-000292
0000291
0000756
0003259
0006286
0007683
0006985
0004249
0001746
0003492
0006694
0005122
0000989
-000175
0001338
0003609
0005762
0007392
0007218
0004016
0000116
0000000
0001862
0001106
-001165
-001921
-001281
-000350
0000116
-001107
-002853
-002795
-001339
0000465
0001106
-001747
-005414
-005007
-002387
-002387
-004192
-004948
-004250
-002154
0000931
0005180
0007276
0001513
-006462
-005822
0000116
0001804
0000058
-000990
-001630
-003319
-004308
-001456
0002619
0002794
