0003376
0002619
0002503
0002212
0001804
0001746
0001106
-001805
-004890
-004192
-001398
-000699
-001281
-000292
0001397
0001979
0001571
0000873
0000523
0001455
0002561
0001397
-000815
-001281
-000292
0000640
0001804
0004132
0006519
0007392
0006577
0004365
0002095
0001746
0002794
0003318
0003550
0004249
0005180
0005937
0006286
0005995
0005180
0003783
0002386
0001338
0001164
0002328
0003609
0002619
0000931
0002212
0004307
0002153
-001514
-000932
0001979
0002794
0001455
-000466
-002329
-003202
-003086
-002387
-001514
-001281
-000990
0001164
0003318
0001862
-001048
-000757
0001164
-000059
-002271
-000757
0002561
0003434
0002677
0002910
0003783
0003725
0003434
0004482
0005238
0002386
-001689
-002911
-001107
0002212
0005238
0005471
0003783
0003085
0002735
0000640
-001572
-000524
0001862
0001164
-001281
-002445
-001921
0000000
0002328
0003550
0003201
0001106
-001398
-002213
-001630
-001456
-001281
-000408
0000989
0002852
0004016
0003026
0000873
0000058
-000059
-001747
-003319
-001281
0001979
0001338
-001165
-000641
0001629
0002386
0001688
0000465
-000350
0000523
0002386
0003376
0003259
0002270
0001397
0002503
0004132
0003376
0000814
-001747
-003260
-002678
-001048
-000699
-001281
-001223
-000874
-001456
-001863
0000465
0003376
0003085
0000756
-000233
-000117
0000000
-000583
-003377
-006345
-005705
-002969
-002620
-003027
-000059
0003550
0002735
-000466
-000583
0001164
0001688
0001106
0000058
-000350
0001920
0004773
0004424
0002270
0001862
0002444
0001629
0000523
0001804
0003434
0001804
-001572
-003319
-002911
-000757
0001688
0001979
0000523
-000757
-001689
-002736
-002562
0000931
0005122
0005471
0003085
0001688
0001397
0001513
0001571
0000407
-000990
-000757
0000232
-000117
-001398
-002096
-002562
-003726
-004890
-005065
-004017
-002154
0000058
0001746
0002677
0003143
0003259
0003318
0003550
0003783
0004598
0007159
0009488
0008615
0005762
0004715
0004307
0001455
-001921
-002096
-000466
-000524
-002096
-003959
-004832
-002795
0000174
-000233
-002562
-003260
-002387
-000815
0000582
0000640
-000524
-002329
-003260
-001223
0002153
0003376
0002561
0001513
0000000
-002620
-004832
-004832
-003027
-000990
0000116
-001165
-003377
-003610
-001980
0000465
0002212
0001047
-001456
-001223
0000349
-000466
-001514
0002037
0006927
0006170
0002270
0001397
0002677
0002852
0001688
-000932
-003842
-005472
-005705
-005123
-004192
-003610
-003260
-002213
-001223
-001398
-002387
-003435
-003784
-001980
0000174
-000874
-003377
-003086
-001165
-001048
-001630
-000059
0001804
-000233
-003377
-001572
0001979
0000465
-003726
-004599
-002562
0000523
0002561
0000465
-003086
-002387
0001338
0004598
0006286
0005995
0004307
0002852
0001688
0000000
-000990
0000814
0003434
0002910
0000174
-002213
-002853
0000058
0003900
0003609
-000059
-004133
-006811
-005938
-003260
-002911
-004075
-004308
-003319
-000583
0001513
-000990
-005239
-005531
-002736
-000117
0001106
-000350
-002562
-001223
0001688
0001629
-000408
-001398
-001630
-002271
-002795
-002271
-001107
-000175
0000174
-000815
-001572
0000523
0003783
0004831
0003725
0001804
0000116
0000000
0000931
0001397
0001047
0000000
-001514
-003610
-004832
-002911
-000175
-001456
-004890
-005938
-005065
-004425
-004192
-004366
-004425
-003086
-001456
-001165
-001921
-002329
-002329
-002096
-001805
-001921
-002213
-002096
-001572
-000990
-000583
-000641
-001048
-001456
-001630
-000699
-000059
-002038
-004599
-003784
-000815
0000465
0001047
0004424
0007451
0004482
-001223
-002504
-000757
-001107
-001980
0000174
0003259
0003318
0000465
-003842
-007102
-005996
-002154
0000640
0001164
-001281
-004017
-001980
0001979
0001164
-002562
-004250
-003842
-002795
-001805
-002329
-003551
-003260
-001921
-000583
0000523
0001397
0001746
0001455
0000291
-002736
-005181
-003144
0000931
0001629
-000059
-000699
-000233
0000873
0001688
0000465
-001572
-001863
-000641
0000989
0002153
0001862
0000349
-001339
-002445
-002678
-001630
0000873
0003143
0002444
0000000
-001281
-001281
-000815
-000641
-001980
-004017
-004948
-004890
-004890
-004541
-002911
-001223
-001863
-003435
-002504
-000233
0000640
0000349
0000058
0000116
0001222
0002153
0000232
-002445
-001630
0000698
-000175
-002445
-001921
0000232
0000756
-000350
-002329
-004133
-004250
-002736
-000466
0001164
-000466
-002853
-001048
0002619
0002852
0000640
-000815
-001339
-001514
-001456
-001630
-002271
-004133
-005705
-004366
-001689
-000874
-001747
-002853
-002853
0000349
0004482
0005413
0003667
0001804
0000640
0000873
0001979
0002852
0002968
0002037
0000814
0000582
0001222
0002095
0002794
0002852
0002735
0003841
0004424
0001338
-002562
-001630
0002386
0004540
0004831
0004656
0003783
0001571
-000815
-001281
-001281
-004308
-007975
-007335
-004948
-006869
-009722
-006404
0000174
0003725
0003550
0000814
-002445
-002853
-001281
-001165
-001980
-002154
-001805
-001223
-001107
-002853
-004657
-003202
-000059
0001397
0001397
0001920
0002619
0003376
0003318
0000582
-002213
-000641
0003143
0004016
0002561
0001164
0000523
0001397
0003201
0004889
0004889
0000582
-004425
-003377
0000814
0000523
-002154
-001048
0001397
-001107
-004599
-000641
0006344
0006927
0002619
-000815
-002504
-002504
-001223
0000174
0001047
0000698
-000292
-000815
-000815
-000757
-000292
0001397
0003318
0003783
0003026
0002153
0001338
0000291
-000117
0000931
0002503
0002968
0002095
0000349
-001456
-002504
-002504
-001630
-000757
-001863
-003202
-001048
0002270
0001513
-001165
-000699
0001397
0001047
-000874
-001689
-001689
-001689
-002038
-003319
-004774
-005356
-004716
-003086
-001456
-001107
-001980
-002911
-003842
-005065
-005414
-002969
0000756
0002561
0002037
-000292
-002969
-003551
-002096
0000291
0002444
0002910
0002095
0001629
0001164
-000874
-002387
0000407
0004656
0004598
0001862
0001571
0002386
0000640
-001980
-001805
-000175
-000466
-001689
-001281
-000292
-001048
-002678
-003202
-002562
-001339
-000466
-001921
-003784
-002445
0000291
0000174
-001863
-003027
-003377
-004075
-004250
-002387
-000350
-001398
-003610
-002445
0000698
0002386
0002561
0002328
0001338
-001107
-002853
-000233
0004074
0004773
0002735
0001688
0001222
-000641
-002096
0000058
0004016
0006053
0005704
0003841
0001222
-001281
-002271
-000175
0002677
0001862
-001165
-002445
-002154
-001398
-001281
-004250
-007102
-003726
0002270
0003259
0000582
-000932
-000932
0000058
0000814
-001747
-004948
-003551
0000058
0000465
-001165
-001456
-000408
0001397
0002968
0002503
0001222
0002153
0003783
0002386
0000058
0001047
0003725
0004365
0003376
0002968
0002619
0000814
-000990
-000175
0002037
0002968
0002619
0001746
0000931
0001280
0001688
-000059
-002795
-004308
-004075
-002504
0000058
0003026
0004540
0001979
-002096
-001980
0000174
-000815
-003959
-006054
-006637
-005938
-004250
-001921
-000350
-001339
-003027
-001281
0002386
0004365
0004482
0003609
0002270
0000931
0000349
0001397
0002561
0000582
-002445
-002445
-000233
0001571
0002328
0002212
0001397
0000698
0000116
-000641
-001514
-002562
-003319
-003260
-002562
-001572
-001165
-002795
-004657
-003086
0000058
0000756
-000757
-002678
-003901
-003086
-001339
-001223
-002213
-002445
-002271
-002736
-002736
0000058
0002968
0001397
-002387
-003086
-000874
0002444
0005122
0004889
0002561
0000640
-000350
-000059
0000931
0001804
0001920
0000756
-000815
-000699
-000233
-002445
-005763
-007277
-006345
-003027
0000116
-001572
-005065
-003959
-000292
0000523
-001107
-003493
-004774
-002038
0001862
0000931
-002853
-004425
-003668
-001281
0000640
-000874
-004599
-007568
-008441
-006404
-002853
-000641
0000000
0000407
0000407
-000117
-000757
-000874
-000583
-000466
-000292
0000291
0001222
0002212
0003318
0004773
0005704
0004598
0002328
0000291
-000466
0001047
0002968
0001920
-001048
-003202
-003668
-002096
-000059
-000466
-002504
-003668
-003842
-004192
-004075
-002213
0000000
0000465
-000583
-002154
-003551
-004133
-003901
-003377
-002969
-003260
-003551
-002213
-000466
-000932
-002271
-001048
0001338
0001688
0000814
0001164
0001979
0001920
0000756
-001747
-003377
-000292
0003667
0000640
-005414
-005763
-002038
0000058
0000640
0001746
0002270
0000232
-002271
-001572
0001106
0002619
0002503
0000873
-000815
0000174
0002037
0000814
-002038
-003260
-002853
-001921
-000874
-000350
-000408
-000815
-001107
-000699
-000059
0000000
-000699
-002038
-002969
-001456
0000931
0000873
-000641
-000699
0000058
0000174
-000583
-001805
-003319
-005414
-006229
-002911
0001688
0002153
-000350
-001921
-002154
-001456
0000116
0002328
0003725
0002095
-000641
-000466
0000873
-001223
-004192
-002620
0000989
0001280
-000757
-001863
-002213
-002736
-003260
-003668
-003551
-002562
-001165
-000292
-000292
-001514
-002853
-002154
-000757
-001980
-004017
-003027
-000408
0000523
0000174
0000232
0000349
-000699
-001572
0000058
0002328
0001455
-000874
-000466
0001397
0001746
0000698
-001107
-002445
-001514
0000407
0000116
-001339
-001398
-000524
-000350
-000641
-000408
-000292
-002038
-003784
-001689
0001629
0000814
-002620
-004716
-004366
-001165
0002910
0004656
0003841
0001629
-000583
-000815
0000116
-000408
-001339
-000699
0001106
0003085
0003725
0000989
-003027
-004483
-003144
-000059
0003143
0004482
0003259
-000990
-004774
-002271
0003201
0004424
0002095
-000117
-001572
-001572
-000874
-001456
-002329
-001339
0000349
0000465
-000874
-002911
-004366
-003610
-001281
0001047
0001979
-000175
-003144
-002387
0000000
-001689
-004657
-002562
0002037
0003550
0002037
-000466
-003144
-005123
-005531
-004075
-001398
0001629
0003143
0001047
-002445
-002736
-000466
0002037
0003609
0003376
0002095
0002037
0002619
0002735
0001629
-002271
-005822
-003842
0001164
0002968
0002503
0003259
0004424
0004424
0003492
0002153
0001280
0002794
0003958
-000350
-006171
-005705
-001339
0000523
-000408
-002911
-005298
-004599
-001514
0002328
0004540
0002270
-001689
-001223
0001862
0002910
0002386
0002444
0002968
0003201
0003259
0003783
0003783
0001338
-001339
0000000
0003318
0004249
0003259
0002386
0002153
0003201
0004016
0001804
-001572
-002678
-001572
0000523
0001862
-000583
-004483
-004483
-002213
-002271
-003319
-001805
0000116
-002038
-005181
-002853
0001746
0001222
-002329
-002445
-001048
-003086
-005880
-003959
0000291
0001804
0000814
-000466
-001281
-000583
0000756
0000582
-000175
0001047
0003085
0003318
0002794
0003958
0005471
0004249
0001629
0000349
0000465
0001338
0002037
0000756
-000990
0000465
0002910
0001688
-001223
-000990
0000640
-000874
-003668
-003842
-002445
-002969
-003901
-002096
0000698
0000814
-000524
0000291
0001746
0000349
-002271
-002154
-000583
-000292
-001281
-002387
-003435
-004250
-004483
-003901
-002678
-000874
0000931
0002328
0002852
0002095
0000814
-000175
-000233
0001106
0002910
0003492
0002677
0000756
-000699
0000931
0003609
0003201
0000873
-000117
0000174
0000873
0001397
0001106
0000232
-000350
-000583
-000757
-001048
-001630
-002620
-004657
-005647
-002096
0002968
0003667
0001106
-000583
-001165
-000699
-000350
-002213
-004657
-003726
-001572
-002911
-005589
-004599
-001398
0000174
0000407
0001338
0002153
0001629
0000582
0000873
0002037
0002794
0002677
0001106
-000408
0000814
0003434
0004307
0003667
0003085
0002328
0000640
-000757
0000232
0002095
0001455
-000408
0000000
0001455
0001629
-000059
-004250
-007743
-005356
0000116
0002153
0001513
0002153
0002735
0000232
-003319
-003959
-002387
-001165
-000466
0000116
0000465
0000698
0000523
-000641
-001514
0000058
0002968
0005297
0005937
0003783
0001222
0002910
0006228
0005413
0002328
0001804
0002677
0001338
-000524
0000698
0003259
0003376
0001397
-001165
-002853
-001747
0000465
-000175
-002736
-005065
-005938
-003784
-001165
-003027
-007102
-008150
-006345
-003144
-000524
-001281
-003784
-003959
-002678
-002736
-003668
-004541
-004774
-003668
-002213
-002445
-003435
-003144
-001456
0001338
0003609
0002794
0000873
0002619
0005704
0005006
0002212
0001688
0003143
0005122
0006461
0006053
0004191
0001979
0000582
0001513
0002910
0001047
-002154
-002387
-000524
0000640
0001047
0001746
0001338
-002562
-007102
-007044
-003842
-001747
-001398
-002329
-004075
-006113
-006928
-004366
-000932
-001514
-004250
-004483
-002969
-002096
-002329
-003842
-005298
-004425
-001863
0000174
0001804
0004074
0005471
0003434
-000524
-003144
-004192
-004657
-004366
-002911
-001223
-000641
-000641
0000291
0001280
0000698
-000292
0000931
0002968
0003434
0001629
-002795
-006986
-006695
-002853
0001047
0003143
0001455
-001747
-001281
0001164
0000873
-000583
0000931
0003201
0001338
-002620
-004599
-004308
-003027
-001572
-001223
-001689
-002154
-002213
-001747
-000699
0000989
0002386
0002270
0000931
-000583
-001747
-002620
-002271
0000582
0003492
0002270
-001107
-001456
0000291
0001106
0001397
0002852
0004365
0004307
0003259
0003026
0002968
0001571
-000408
-001630
-001921
-001805
-001339
-000641
0000000
0000407
0000465
0000582
0000116
-001805
-003726
-002795
-000292
0000582
0000232
0000465
0000814
0000232
0000058
0002794
0006403
0007101
0004831
0000698
-002795
-001805
0001688
0002619
0001629
0001629
0001862
0000407
-001630
-002213
-001747
-002096
-002213
0000698
0003841
0001862
-002445
-003144
-000757
0002212
0004016
0002444
-001223
-003784
-004832
-004599
-004133
-005705
-007335
-004599
-000292
-000350
-003377
-004716
-005065
-006986
-008383
-005822
-001747
-001165
-002853
-002969
-001921
-001805
-001630
0000814
0003609
0003492
0000989
-002038
-004541
-005996
-005763
-003726
-000990
0000407
0000814
0001979
0003376
0004307
0004715
0005180
0005297
0004016
0002095
0001047
0000698
0000232
-000059
0000523
0001047
-000583
-002736
-002445
-000757
-000757
-001572
-000641
0000407
-001514
-004832
-006054
-005822
-006811
-007684
-005531
-002096
-000990
-001572
-001630
-000932
0000523
0001688
0000465
-001223
0000523
0003434
0002503
-000408
-000815
0000640
0001164
0001571
0004016
0006228
0004016
-000408
-002213
-001514
-000117
0000989
0000640
-000524
-000292
0000523
0000349
-000641
-001398
-001805
-001456
-001223
-002795
-004483
-003260
-000466
0000582
0000232
0000407
0000640
-000175
-000932
0000698
0002794
0001397
-001514
-001165
0000873
0000523
-001165
-001747
-001281
-000350
0000291
-000466
-001281
0000814
0003900
0004016
0002444
0002794
0003492
0000698
-003086
-003027
-000350
0001280
0001979
0002852
0003550
0003609
0003143
0002561
0001979
0001746
0001571
0001106
0000465
-000408
-000641
0001338
0003376
0001222
-002678
-003202
-001048
0000698
0001397
0001164
-000117
-002504
-004133
-001863
0001804
0001746
-000815
-002387
-001980
0000873
0004424
0005588
0004307
0001338
-000990
0001047
0004598
0003201
-000350
0000989
0004598
0004656
0001920
-000990
-002795
-001921
0000174
0000174
-001048
-000699
0000232
-000699
-002038
-000990
0000756
-000757
-003610
-003901
-002154
-000583
0000000
-001689
-003668
-001980
0001397
0001979
0000349
-000932
-002096
-004774
-006578
-003901
0000989
0003318
0002852
0000640
-001339
-000059
0003259
0005646
0006053
0003783
0000232
-002038
-002387
-001107
0000582
0000465
-000699
-000641
0000116
-000233
-000699
0000407
0002095
0002037
0000814
0000349
-000117
-002387
-004599
-003435
-000815
-001339
-003319
-002329
-000350
-001921
-004716
-003784
-000641
0000465
0000232
0001106
0002095
0001164
-000408
0000291
0001862
0000873
-001339
-001921
-001281
-001281
-001281
-000059
0001920
0004016
0004889
0002852
-000175
-000583
0001047
0001920
0001979
0001513
0000814
0000756
0000756
-000874
-002504
-001281
0001513
0002968
0002735
0001513
0000116
-000059
0000174
-001165
-003144
-003610
-002620
-000874
0000465
-000408
-002154
-001980
-000524
-000175
-000641
-001107
-000757
0001629
0004016
0002561
-000641
-001281
0000291
0002037
0002852
0001164
-001107
0000058
0003085
0004132
0003725
0004074
0004424
0002794
0000756
0000989
0002910
0004598
0005471
0005530
0004947
0004132
0003492
0003201
0003143
0002910
0002735
0003143
0003667
0003318
0002095
0000232
-001630
-002795
-003086
-003144
-002504
-000524
0001746
0002910
0002095
-001514
-005356
-005239
-002213
0000058
0001222
0002095
0002037
0000232
-001514
0000058
0003143
0003725
0002153
0000174
-000932
0000582
0002619
0000465
-003435
-003726
-001223
0001397
0002852
0001804
-000815
-002911
-003610
-002445
-000874
-001863
-004017
-004192
-003086
-003086
-003493
-002504
-001339
-002445
-004133
-002562
0000291
-000117
-002038
-001165
0001047
0001629
0000582
-001281
-002969
-003202
-002213
-001281
-000408
0000989
0001455
-001281
-004890
-005356
-003202
-000932
0000523
0000698
-000117
-000757
-000990
-000815
-000583
-000990
-001689
-001921
-001863
-001980
-002096
-001281
-000699
-002562
-005065
-004832
-002736
-001398
-001514
-003668
-006113
-005647
-003551
-003144
-003726
-003144
-001980
-001165
-001223
-002562
-004192
-004075
-003027
-003319
-004425
-005065
-005065
-004250
-003086
-002038
-001281
-000524
-000059
0000000
-000117
0000174
0000756
0000873
0001164
0003318
0005064
0001979
-002504
-001223
0002968
0003026
0000465
-000175
0000174
-001572
-003319
-001339
0002386
0003609
0002328
-000292
-002504
-001689
0000698
0000873
-000292
-000117
0000698
0000640
-000466
-002853
-005356
-005938
-005763
-007743
-010129
-009372
-006229
-002620
0000000
0000174
-001048
-000699
0000174
-000815
-002795
-003726
-003610
-003202
-002038
0000756
0003609
0004132
0002677
0000989
-000466
-001689
-002213
-001921
-000990
0000291
0000814
-001281
-003435
-000466
0004365
0004016
0000349
-001572
-001863
-002213
-002387
-002213
-001747
-000466
0000465
-001048
-003319
-002911
-000815
0000465
0000349
-001514
-004192
-006287
-006695
-004075
-000466
0000116
-001048
-000233
0001920
0004132
0004715
0001629
-002795
-004017
-002329
0000465
0002794
0002852
0001106
-000815
-002038
-001456
0000000
0000582
0000000
-001630
-002911
-001456
0000873
-000059
-002736
-003260
-002387
-002562
-003551
-004308
-004541
-003668
-002329
-001747
-001921
-001980
-002445
-004366
-006171
-004890
-002329
-003027
-005065
-003726
-000874
-000699
-001805
-000350
0002037
0001629
0000000
0000931
0002677
0000873
-002096
-001398
0001513
0002444
0001804
0001571
0001222
-000990
-002969
-001223
0002212
0002852
0001106
-000757
-002271
-003144
-003027
-001805
-000292
0000058
-000815
-002911
-004832
-004832
-003144
-000757
0000698
-001165
-003959
-002736
0000523
0001106
-000757
-003202
-004948
-004657
-003086
-002678
-002678
-001281
0000873
0002561
0002677
-000233
-003901
-004133
-002096
-001223
-001165
0000058
0001164
0000116
-002154
-003435
-003551
-003086
-002271
-001223
-000233
0000407
0000989
0002735
0004074
0002153
-000990
-001107
0000814
0001804
0001746
0000989
-000059
-000641
-000408
0000756
0001862
0001222
-000699
-002678
-003726
-002562
-000524
-000583
-001689
-001165
0000582
0002270
0003143
0001979
0000174
0000349
0001571
0001397
0000582
0001338
0003026
0004365
0004540
0002735
0000174
-000990
-000524
0000465
0001688
0002735
0003259
0003143
0002619
0002503
0002619
0002328
0002212
0003550
0005064
0004598
0002503
0000000
-001980
-002445
-001456
0000291
0001571
0000698
-001048
-000932
0000291
0000465
-000641
-002969
-005065
-005123
-003435
-001572
-000233
0000116
-000466
-001165
-001514
-000990
-000292
-001048
-002387
-002445
-001339
0000873
0002386
0000407
-003086
-003959
-002271
0000349
0002735
0003609
0002503
-000583
-003784
-004425
-003086
-002038
-001398
-000874
-000757
-001281
-001805
-001572
-000757
-000059
-000175
-002213
-004948
-006520
-006637
-006113
-005181
-004075
-003260
-003202
-003493
-003435
-002678
-000524
0001338
0000465
-001805
-002271
-001281
-000175
0000523
0000640
-000117
-002329
-003842
-001281
0003026
0004424
0003143
0001397
0000000
-000233
0000232
-000583
-001863
-002038
-001630
-002271
-003086
-002154
-000233
0000814
0001047
0000931
0001106
0002852
0004307
0002153
-001980
-004308
-004716
-004483
-004075
-003901
-004075
-004250
-004075
-002736
-000466
0002386
0004191
0002561
-001107
-003726
-004541
-003901
-002387
-001281
-001281
-002736
-004716
-005472
-004541
-001805
0001338
0002852
0002794
0003026
0002794
0000814
-001805
-003144
-002736
-000524
0002095
0002910
0002270
0002153
0002270
0002328
0001455
-001921
-005356
-004774
-001514
0000756
0001629
0001746
0001280
0000931
0001338
0003900
0006403
0005064
0001397
-000815
-000815
0001222
0003609
0003434
0001629
0001280
0001688
0000989
-000117
-000233
0000349
0000814
0000931
0000407
-000233
-000233
0000582
0002153
0003434
0002444
0000465
0000058
0000698
0000407
-000350
-000059
0000465
-000175
-001165
-000524
0000873
0000756
-000117
-000175
0000291
0000116
-000292
-000117
0000058
-000874
-002271
-002329
-002038
-004075
-005996
-003144
0001222
0000640
-003027
-004366
-003668
-003377
-002504
0001164
0005122
0005297
0003143
0002852
0003492
0002561
0000756
-000583
-001165
-001107
-000874
-001689
-002387
-000175
0002735
0002212
0000000
0000407
0001920
0000873
-001572
-002329
-001980
-002154
-002387
-001689
-000815
-000757
-001572
-002387
-003377
-004948
-006345
-006869
-006054
-003784
-000990
0001164
0001513
-000990
-004541
-006345
-005531
-001514
0002852
0002968
0000116
-001572
-001921
-001921
-001921
-002736
-003842
-004366
-004075
-003319
-001630
0002503
0005879
0003725
-001398
-003610
-003202
-003260
-003144
-000815
0001688
0001047
-001281
-001863
-000874
0000116
0001222
0003201
0004773
0004249
0002212
0000407
-000699
-000874
-000757
-001630
-002736
-002096
-000757
-000874
-002038
-002620
-002562
-002038
-001165
-000059
0000582
-000350
-002329
-004774
-006054
-004425
-001048
0001338
0002095
0001338
0000232
0001106
0002444
0000465
-002736
-002736
-000815
-000292
-000990
-001863
-002213
-000815
0001164
0001746
0000582
-002213
-004832
-004250
-001980
-002096
-003435
-002736
-001107
-001107
-001980
-001456
-000757
-002678
-005007
-003319
0000232
0000640
-001456
-003726
-005123
-004657
-003260
-003202
-003901
-003377
-002329
-002678
-003260
-001630
0001338
0003783
0005180
0005762
0005122
0002794
0000523
0000873
0003026
0004831
0005471
0004715
0002503
-000932
-003959
-004657
-003144
-000524
0001862
0002561
0001513
-000524
-002445
-002504
-001514
-001339
-001980
-003144
-004133
-003959
-003551
-005123
-006869
-005356
-002096
-000233
-000292
-002096
-004192
-004599
-002969
0000407
0003376
0002561
-000408
-001339
-000932
-002213
-003726
-003086
-001048
0000058
0000465
0001222
0001920
0001688
0001164
0001397
0001746
0001222
-000466
-003668
-006462
-005705
-002853
-001223
-001107
-001048
-001398
-003144
-004250
-001398
0002444
0001455
-002736
-005414
-006171
-005822
-004948
-004890
-005123
-004366
-002911
-001223
-000466
-002329
-004716
-003842
-000874
0000989
0001571
0001338
0001047
0002037
0003376
0002503
0000989
0002677
0005064
0002677
-001572
-001339
0001979
0004191
0004773
0004482
0003318
0001397
0000116
0001280
0003201
0002270
-000524
-002853
-003551
-001747
0000989
0001571
0000116
-002038
-003435
-002038
0000523
0000116
-001514
0000058
0002852
0002677
0000058
-002795
-005239
-007160
-007510
-005298
-001689
0001280
0002619
0002153
0000698
0000174
0000523
0000931
0000814
-001165
-003144
-001572
0001571
0002270
0001280
0001222
0001804
0001804
0001513
0001746
0001746
-000059
-001980
-000932
0001571
0002037
0001280
0002444
0003841
0002037
-000699
0000523
0003143
0001047
-002911
-003027
0000000
0003026
0005006
0005704
0004016
-001339
-006462
-005007
0000291
0002037
0001106
0001397
0002328
0002561
0001979
0000814
-000641
-002445
-003435
-002213
0000232
0001688
0002037
0001979
0001397
0000349
-000641
-001107
-000524
0001164
0003318
0005238
0005704
0003376
0000349
0000349
0002270
0002794
0002503
0003434
0005238
0007334
0008557
0006927
0004016
0003143
0003609
0003725
0002503
-001514
-005996
-006404
-004133
-003493
-003377
-000641
0002794
0003841
0002735
0000582
-000932
0000349
0002910
0003550
0001920
-001805
-004774
-001689
0003318
0001804
-003202
-003435
-000699
0000000
-000757
-001107
-000699
0001106
0002677
0000931
-002154
-002620
-001223
-000350
-000408
-001863
-003435
-002911
-000990
0000232
0000814
0001920
0002153
-000932
-005123
-006287
-005123
-004716
-004366
-002271
0000291
0001688
0001106
-002096
-005531
-005356
-002329
0000407
0002095
0002503
0001629
0000000
-001048
0001106
0003900
0002270
-001398
-001514
0000698
0002095
0002212
0000989
0000000
0002153
0005180
0004540
0001338
-001281
-001805
0001338
0005122
0003841
-000292
-001572
-000699
-000466
-000699
-000990
-001339
-001980
-002504
-002271
-001572
-001398
-001514
-001398
-000874
0000873
0002153
0000000
-003784
-005589
-005007
-003086
-000757
0000698
0000756
-000350
-001514
-000699
0000989
0000640
-000408
0000756
0003259
0004773
0004773
0003143
0001222
0001455
0002968
0003725
0002968
0000349
-002678
-004075
-003086
0000756
0004656
0004016
0000407
-002096
-002504
-000524
0001804
0000582
-002620
-003493
-002504
-001921
-001456
0000174
0001746
0001397
0000116
0000349
0001222
0001338
-000117
-004366
-008325
-006753
-001921
0000640
0000523
-001107
-003144
-003551
-002620
-001805
-001165
-000233
0000232
-000815
-001863
0000174
0003434
0003900
0002328
0001397
0000989
0000058
-000466
0001164
0003259
0002619
0000349
-000815
-000583
0000698
0002037
0001920
0000582
-000932
-001863
-001630
-000699
-000175
-000408
-001514
-002096
0000349
0003841
0004249
0002619
0002037
0002153
0001047
0000407
0003259
0006403
0003318
-002271
-002038
0001513
0001397
-000350
0001979
0005471
0003841
-000117
-000233
0002037
0002619
0001513
-000175
-001223
0000523
0003783
0006170
0006577
0004307
0001047
0000000
0000698
0000931
0000465
-000292
-000932
-000408
0000465
0000291
-000932
-002795
-004599
-005472
-005239
-004366
-002969
-001048
0000174
-000990
-003319
-004657
-004192
-001223
0001455
-001223
-005880
-005472
-001514
0001047
0001979
0002677
0002503
0001164
-000757
-002271
-002736
-001863
0000000
0001979
0003434
0004074
0003201
-000117
-003377
-002678
0000698
0003318
0003550
-000292
-004948
-004425
-000175
0003318
0004307
0001455
-002853
-003901
-002213
-000757
-000408
-001689
-003668
-004017
-003027
-002038
-001572
-002387
-003493
-002969
-001281
0000465
0001513
0000698
-000757
-000466
0000931
0001455
0001047
0000058
-000641
0000291
0001804
0001571
0000349
0000349
0000814
-000233
-001281
0000640
0003143
0001280
-002387
-001980
0000523
-000117
-002096
-001339
0000756
0000640
-000757
-000699
-000233
-001747
-003435
-001980
0001047
0002561
0001571
-002504
-006753
-006462
-003086
-000932
-000524
-001514
-003377
-005007
-005589
-004192
-001863
-000583
-000699
-001980
-003260
-002213
0000058
0001222
0001338
0001629
0001804
0001338
0000814
0001455
0002735
0003492
0003492
0002561
0001513
0002095
0003434
0003725
0003201
0003434
0003143
-000350
-004425
-004250
-001456
-000233
-000350
-000175
0000058
-000641
-001398
-000699
0000523
0000116
-001223
-001863
-001747
-001398
-000990
-000524
-000641
-002620
-004716
-003726
-001339
-001572
-002969
-001747
0001164
0003783
0005180
0004889
0003026
-000117
-002504
-001339
0001862
0003550
0003376
0001862
-000233
-001281
-001514
-001747
-002329
-004017
-005414
-004308
-001514
0000931
0002212
0001979
0000349
-002038
-004250
-005239
-004832
-003202
-001456
-001165
-001921
-002387
-002271
-001165
-000175
-001456
-003377
-002736
-000874
-000932
-002096
-001398
-000874
-004657
-009372
-008849
-004541
-001048
0001106
0002852
0003492
0002735
0001047
-000641
-001630
-001223
0000232
0002153
0003492
0003492
0001862
-001921
-005007
-002969
0001513
0002503
0000873
0000116
0000174
0000174
0000058
-000408
-000874
-000641
-000408
-001630
-003551
-005007
-004832
-001107
0002677
0000465
-004716
-005880
-003842
-002387
-001980
-002504
-003726
-004716
-004541
-001572
0002095
0002561
0000931
0000931
0001746
0000931
-000408
0000000
0001338
0001397
0000523
-000408
-001048
-001572
-001339
0000291
0002444
0003376
0003550
0004424
0005355
0005064
0003900
0002910
0001979
0000814
-000641
-002853
-004599
-003901
-001805
-000699
-000757
-001514
-002387
-002911
-002736
-001339
-000059
-000815
-002620
-003027
-001980
0000000
0001338
-000641
-003493
-002271
0001280
0003201
0003026
0001164
-000757
-000059
0002386
0004016
0004365
0003492
0002503
0003900
0006228
0006752
0005646
0004598
0003550
0001688
0000407
0001979
0004773
0005238
0004016
0003492
0002910
0000058
-002853
-002329
0000291
0001280
0000582
-001339
-002853
-000932
0001688
-000641
-005007
-004890
-001339
0002095
0003492
0001106
-002911
-003901
-002387
-001048
-000350
-000874
-001921
-002038
-001107
0000291
0001920
0003318
0004191
0004598
0003725
0000174
-002795
0001222
0007334
0004889
-001572
-001281
0002968
0002910
0000873
0002735
0006170
0005937
0003492
0003143
0003783
0002386
0000058
-000932
-000874
-001107
-001805
-003551
-004774
-002271
0001106
-000233
-003784
-003202
-000757
-002271
-005239
-004192
-000524
0002153
0002735
0000756
-001863
-001514
0000989
0002968
0003841
0003783
0002735
0000756
-000641
0001222
0003667
0001106
-003435
-003435
-000699
-000350
-001630
-002038
-001339
0000873
0002735
0001164
-001921
-002271
-000757
-000524
-001281
-001805
-001921
-001281
-000466
-000408
-001048
-001921
-002445
-001572
-000059
0000291
-000059
0000058
0000640
0001629
0002153
0000523
-001107
0001397
0005238
0004540
0000931
-001398
-001339
0001746
0005646
0006752
0005180
0002444
0000523
0001920
0004947
0005588
0003958
0001164
-000932
0000698
0003783
0003783
0001571
0000174
0000000
0000931
0002270
0003026
0002677
0000523
-001863
-001805
-000059
0000814
0000698
-000059
-000815
-000757
-000117
0000058
-000059
-000059
0000000
-000350
-000757
0000000
0000640
-000990
-003435
-003435
-001805
-000932
-000524
0000174
0001455
0004249
0006461
0004656
0000698
-001339
-000815
0001979
0004482
0002270
-002038
-002271
0000291
0001397
0001106
0000698
0000582
0001862
0003492
0003667
0002561
0001164
0000058
0000232
0000873
0000174
-001165
-001339
-001223
-003144
-005414
-004948
-002853
-002038
-001805
0000291
0002619
0001862
-000641
-001630
-001456
-001980
-002620
-001921
-000757
-001048
-001805
-000641
0001455
0002619
0002561
0001746
0000349
-001456
-002620
-002038
-000292
0001571
0002619
0001804
0000174
-000350
0000174
0000756
0001106
0000873
0000116
-000350
-000932
-002678
-004192
-003319
-001048
0000349
0000291
-001281
-003144
-003027
-001630
-000990
-000757
0000174
0001222
0001047
0000000
-000932
-001514
-001456
-000990
-000408
-000117
-000874
-001747
-001107
0000465
0001106
0001106
0001629
0002212
0002270
0001979
0001862
0001688
0001106
-000117
-002445
-004483
-004075
-002213
-000932
-000699
-001339
-001980
-001165
0000349
0000989
0000349
-001805
-004366
-005705
-005298
-002911
-000175
0000232
-001339
-002969
-003784
-002911
-001107
-000292
-000466
-000932
-001747
-003086
-003901
-002387
-000059
0000232
-000641
-000059
0001280
0001455
0001047
0001804
0002503
0000873
-002038
-004541
-004832
-000757
0004598
0005413
0003026
0001804
0001338
-000583
-002678
-002504
-001107
-000699
-000990
-000350
0000232
-001456
-003610
-002795
-000350
0000174
-000641
-000990
-000583
0000698
0001979
0002270
0001047
-001863
-005181
-006928
-006869
-005472
-003435
-001456
-000583
-001863
-003551
-001980
0000814
0000291
-001921
-001456
0000698
0001979
0002037
0001280
0000058
-001048
-001572
-001689
-001107
0000407
0002037
0003143
0003201
0001979
0000291
-000524
-000641
-001398
-002329
-002678
-002329
-000874
0000582
0000349
-000583
0000640
0002503
0002328
0000058
-003726
-006753
-005589
-001747
0001338
0002270
-000233
-003726
-002853
0000058
-000815
-003435
-002795
-000699
-001398
-003144
-002213
0000174
0001164
0000814
0000465
0000174
0000116
0000349
0000931
0001862
0003318
0004307
0003259
0001106
0000174
0000465
0001280
0001629
-000466
-003027
-001921
0000523
-001107
-004541
-004075
-001863
-003319
-006113
-005007
-001805
-000815
-001630
-002387
-002620
-001921
-001223
-002620
-005181
-006986
-007335
-005705
-003319
-002504
-002795
-002387
-001281
0000349
0001688
0001455
0000174
-001165
-001572
0000116
0002619
0003492
0003550
0005122
0006985
0006577
0004482
0002503
0000873
-000874
-002096
-002096
-001514
-001980
-003144
-004250
-004599
-003726
-002154
-000815
-000524
-002736
-004774
-001805
0002910
0002270
-000932
0000407
0003609
0001804
-002154
-002096
0000465
0000931
0000174
0000931
0001862
-000117
-003027
-002969
-001223
-001630
-002853
-001398
0000756
0000000
-002620
-004599
-004774
-001921
0001280
0000000
-002969
-001048
0003201
0003550
0001571
0002153
0003550
0001862
-001223
-001805
-000641
0000000
0000058
0000000
-000233
-000815
-001514
-001980
-001980
-001805
-000932
0001455
0003376
0001513
-002387
-004308
-004192
-003260
-002329
-003319
-004308
-001398
0002794
0002910
0000116
-001747
-002213
-001398
0000174
0001513
0002503
0003725
0004656
0004365
0003318
0002677
0002328
0001804
0001164
0000756
0000232
-001456
-002387
0000640
0004656
0003725
0000116
-000408
0000989
0001106
0000174
-000757
-001281
-000815
-000117
-000641
-001456
-000175
0001397
-000233
-003144
-003086
-001165
-000699
-001165
-000583
0000407
0000756
-000059
-003144
-005705
-002562
0002677
0002561
-000524
0000000
0002270
0001397
-000466
0001629
0005413
0005995
0004016
0002153
0000814
-000699
-000932
0002270
0006403
0007159
0005064
0003318
0001804
-000466
-002504
-003377
-002853
-001514
-000117
0000523
0000291
-000408
-001165
-001281
-000815
-000292
-000059
-000233
-001107
-003027
-005065
-005996
-005763
-005007
-003901
-002911
-002387
-002329
-002853
-004133
-004774
-002795
0000058
0000174
-001339
-001223
-000233
-000233
-000932
-001456
-001572
-000990
-000059
0000814
0001513
0002153
0002386
0001629
0000465
0000116
0000465
0000814
0001047
0001397
0001571
0001397
0001338
0003026
0004307
0001106
-003319
-002271
0002037
0004016
0003259
0001338
-001281
-004133
-005705
-004425
-001572
-000408
-000117
0002095
0004482
0004016
0001513
-000699
-001863
-001514
-000175
0000698
0001338
0002968
0004424
0003609
0001979
0002968
0005122
0005064
0003609
0003434
0003434
0001106
-001339
0000116
0003434
0003667
0001804
0000814
0000931
0002037
0002619
-000117
-003551
-002387
0000989
0000931
-001689
-003959
-004890
-003959
-002154
-002038
-002969
-003144
-002445
-000932
0000698
0001455
0000756
-001921
-004890
-005472
-003668
-000466
0002270
0002037
0000174
0000291
0001338
0000582
-001223
-002795
-002620
0001397
0005879
0004540
0000232
0000174
0002910
0004016
0003259
0001338
-000641
-001107
-000233
0000814
0001688
0002386
0002503
0001862
0000931
0000698
0000582
-001281
-003319
-003027
-000699
0002328
0004307
0003085
-000292
-002969
-004192
-003784
-002678
-003027
-004017
-003493
-001863
-000233
0000873
0000989
0000407
0000232
0000291
0000058
-000117
0000931
0001688
-000815
-004017
-003493
-000117
0003376
0005180
0003318
-000059
-000292
0001629
0002561
0002095
0000174
-002271
-004133
-004657
-003435
-001747
-001805
-002911
-003027
-002562
-003027
-003668
-003027
-001398
0000698
0002328
0002444
0001455
0001222
0001047
-000641
-002387
-001514
0001047
0002794
0003550
0004016
0003841
0002677
0001164
0000174
-000466
-001572
-002504
-001921
-001107
-002387
-004832
-006287
-005880
-002911
0000756
0001804
0000174
-003027
-005647
-004017
-000350
0000407
-000932
-001165
-000524
-000175
-000059
0000407
0000232
-002736
-006054
-005472
-002271
0000000
0000873
0001106
0000523
-000408
-001456
-002213
-002387
-001805
-000815
-000233
0000407
0002270
0003900
0002735
0000349
0000174
0001629
0002561
0002619
0001688
0000174
-001456
-002038
-000059
0002735
0003026
0001688
0001164
0001513
0001920
0001804
-000524
-002853
-000874
0002503
0000582
-003319
-001514
0002910
0002852
0000116
-000117
0001047
0000174
-001689
-002329
-002154
-002911
-003551
-002038
-000233
-001921
-005007
-005065
-003144
-002562
-003086
-003610
-003784
-003086
-001980
-001339
-001514
-002795
-004017
-003260
-001456
-001107
-001339
0000582
0002735
0001746
-000990
-002504
-002154
-000175
0002153
0002503
0001920
0003434
0005762
0006344
0005238
0003609
0002037
0001047
0000698
0000291
0000698
0003783
0006752
0005006
0000407
-002213
-002154
0000174
0002619
0001338
-002387
-004890
-005589
-004599
-002853
-002213
-002387
-001689
-000699
-000583
-001165
-002096
-002445
-000932
0001280
0002095
0001280
-000757
-002795
-003086
-002038
-001339
-000466
0002153
0004773
0004365
0001513
-002387
-005007
-003260
0000698
0001920
0000523
-001456
-003377
-004657
-004425
-001747
0001338
0001222
-001107
-002969
-003435
-001514
0001222
0001688
0000232
-001689
-003493
-005181
-005531
-002678
0000931
0000931
-001572
-002911
-002795
-001863
-000699
-000524
-000874
-000059
0000756
-000874
-003260
-002795
-000815
-000699
-001048
0001688
0005006
0004132
0000931
0000232
0001106
0000698
-000466
-000932
-000932
-000874
-001165
-002620
-003784
-002387
0000291
0001629
0001106
-001689
-004599
-003784
-001048
-001339
-003086
-002562
-000815
-000233
-000815
-001921
-002853
-002795
-002271
-002678
-002795
0000349
0003492
0000058
-005880
-005298
-001281
-001980
-004599
-002329
0002677
0005413
0005995
0006868
0007043
0004715
0002037
0003026
0005821
0005821
0004016
0003725
0003725
0000873
-002096
0000000
0004307
0004365
0001513
-000350
-000757
0000640
0001920
-000350
-004075
-005181
-003784
-002038
-000408
0000640
0000523
-001572
-004075
-004192
-003144
-004483
-006404
-005356
-002387
0000058
0001164
0000407
-000815
0000232
0002561
0004132
0004074
0001338
-001514
-000117
0003376
0003725
0001804
0000582
0000407
0000640
0001629
0003900
0005704
0004074
0001280
0002503
0005762
0005879
0004307
0004947
0006286
0005122
0002735
0001804
0001804
0000523
-001048
-000641
0000407
-000874
-003144
-003901
-003202
-001805
-000466
-000408
-000815
0000523
0002212
0001455
-000757
-002154
-001980
-000175
0002444
0004889
0005646
0003085
-000815
-002213
-001223
0000058
0001513
0003318
0004249
0002444
-000641
-002213
-002038
-000874
0000407
0000232
-000641
-000233
0000931
0001629
0001862
0002503
0002561
0000291
-002678
-003027
-001805
-001980
-002853
-002038
-000874
-002387
-004541
-003202
-000059
0001106
0000640
0000582
0000407
-001281
-003260
-003260
-001630
0000058
0001571
0003376
0004365
0003026
0000989
0001455
0003259
0003783
0002910
0000931
-000641
0000291
0002619
0003550
0003318
0003434
0003259
0001571
-000583
-001456
-001107
-000292
-000175
-002795
-005880
-005472
-002736
-001572
-001572
-000583
0000407
-000059
-001572
-003027
-003493
-001630
0000989
0001571
0000349
-001398
-002445
-001747
0000465
0003143
0004773
0003318
0000814
0001571
0003958
0004016
0002328
0000873
0000174
0000640
0001338
-000233
-001863
0000814
0005355
0006344
0004656
0003725
0003492
0002910
0002503
0003143
0003841
0002444
0000465
0000989
0002968
0003550
0002968
0002212
0001397
0000000
-001107
-001107
-000466
-000466
-001165
-001980
-002678
-002736
-002562
-003086
-003435
-001514
0000989
0001222
-000408
-002620
-003784
-002271
0000989
0003841
0005122
0003434
0001047
0002619
0006170
0007334
0005995
0003609
0001106
-000699
-001165
-000292
0001106
0001338
0000989
0002095
0003492
0002968
0001338
0000407
0000465
0001338
0002328
0002095
0001047
0000523
0000465
0000523
0000232
-000990
-002445
-002445
-001921
-003377
-005007
-002853
0000640
0000523
-002213
-004483
-005531
-004716
-003027
-002562
-002736
-001630
0000000
0000698
0000349
-000815
-001630
0000058
0002503
0002037
0000000
-000233
0000640
0000582
-000408
-002038
-003144
-002096
0000174
0001455
0001862
0002212
0002503
0002735
0002677
0001862
0000931
0001047
0001920
0003026
0003492
0002444
0000523
-000583
-000641
-000059
0000582
0000232
-000408
0000349
0001455
0000873
-000757
-001863
-002154
-001747
-001339
-002213
-003668
-004192
-003842
-003610
-003319
-002736
-002213
-002795
-003319
-001223
0001746
0001746
0000523
0001979
0004424
0003609
0001338
0002037
0003783
0002328
-000641
-001747
-001107
-000117
0000989
0002270
0002968
0001979
0000640
0001571
0003900
0005762
0005704
0001920
-003086
-004890
-003668
-001339
0000291
-001630
-004366
-001921
0002852
0003958
0001338
-003610
-007393
-004832
0000989
0003085
0001397
-002154
-005007
-003202
0000814
0001338
-000059
0001280
0003434
0001979
-000932
-000583
0001688
0001688
0000756
0002270
0004598
0004249
0002386
0001804
0001862
0000640
-001398
-003377
-004657
-005239
-004541
-001630
0001047
-000583
-004133
-004133
-001689
-000815
-000932
0000174
0001164
-000233
-002853
-004657
-004366
-000233
0004249
0002503
-001805
-000059
0004482
0003550
-000292
-000874
0000931
0002153
0002386
0001455
0000116
0000058
0000756
0001047
0000989
0001513
0001688
0000174
-001805
-001805
-000408
0000640
0001047
0000582
-000350
-001048
-001398
-001572
-001747
-001863
-002504
-004599
-006462
-005181
-002038
-000292
-000175
-001165
-002504
-002445
-001980
-004075
-006578
-005298
-002504
-003144
-005938
-007335
-007219
-006928
-005880
-003260
-000233
0001164
0001106
0000989
0001106
0001688
0001920
-000350
-002911
-001805
0000989
0000814
-001048
-000990
0000232
0000873
0000814
0000291
-000524
-001572
-002154
-001281
0000000
0000000
-001223
-003086
-004716
-004948
-003901
-002329
-001048
-001048
-001921
-002620
-002911
-002620
-001863
-001048
-000233
0000640
0000814
-001165
-003726
-003901
-002329
-001339
-000641
0000756
0001920
0001106
-000641
-000757
0000291
0000931
0001280
0001979
0002503
0002037
0001338
0001979
0003026
0002561
0000873
-001630
-003086
-000874
0002677
0002968
0000698
-001048
-002213
-003551
-004483
-004483
-003551
-002038
-000641
-000117
-000350
-000350
-000117
0000058
0000291
0000465
0000582
0000698
0000582
-000292
-001165
-000408
0000756
0000058
-001863
-003260
-003726
-003202
-001921
-000117
0001106
0000116
-001630
-000932
0000698
0000000
-001863
-002096
-000932
0000000
0000698
0001338
0001397
-000350
-002271
-001514
0000756
0001804
0001688
0001629
0001280
0000232
-001223
-002387
-003144
-003377
-003086
-002096
-001048
-000815
-001456
-002736
-003784
-003319
-001514
0000873
0002328
0000465
-002562
-002445
-000233
0000989
0001164
0001164
0000698
-000524
-002096
-003551
-004075
-002620
-000059
0001455
0002270
0003841
0005238
0005064
0003492
0001571
0000000
-000757
-000350
0001513
0003318
0002735
0000814
0000582
0001047
-000466
-002445
-001630
0000465
0000582
-000408
-000175
0000640
0000640
0000000
-000874
-001630
-002038
-001805
-000990
-000117
0000058
-000408
-001048
-001107
0000814
0002968
0001862
-000874
-001048
0000523
0001455
0001455
0000465
-000699
-000641
0000291
0000407
0000640
0002968
0005762
0006170
0004191
0000523
-002620
-002154
0000523
0001979
0001979
0001688
0001280
0001629
0001862
0000465
-001980
-004250
-005472
-004948
-002795
0000640
0003376
0002735
0000465
0000523
0001920
0001804
0000232
-002038
-004308
-006113
-006637
-005298
-002911
-000874
0000582
0002677
0003667
0001106
-002795
-003610
-001747
0001047
0002968
0001979
-000524
-000874
0000116
-000350
-001339
-000990
0000640
0002735
0004249
0003783
0002037
0000873
0000523
0000756
0001280
0002095
0002270
0000349
-001747
-000233
0002619
0001862
-000815
-000815
0000407
-001165
-003551
-002620
0000232
0001455
0001397
0001571
0001979
0002328
0002794
0003958
0004365
0001106
-002853
-001689
0002212
0002968
0001280
-000466
-001223
0000116
0002037
0001397
-000233
0000931
0004016
0006577
0007276
0004540
0000174
-002795
-002736
0001688
0007218
0007974
0005180
0003318
0002503
0001629
0001047
0001222
0001455
0000291
-000932
0000698
0002735
0000116
-004366
-004599
-001689
0000174
0001106
0002852
0003841
0001455
-002096
-002853
-001223
0000465
0001571
0001338
0000523
0000989
0002212
0002794
0002794
0002968
0002852
0001222
-000350
0001280
0004132
0003841
0002095
0003434
0005471
0003143
-001398
-003726
-003086
0000000
0003492
0004016
0002212
0000756
0000174
0000756
0001397
-000524
-003027
-001921
0000989
0001280
0000116
0000640
0002153
0002561
0002503
0004132
0005588
0003667
-000175
-003086
-004133
-002969
-000815
-000292
-000408
0002153
0004482
0000756
-004716
-003726
0001455
0004365
0004598
0003783
0002095
-000059
-001339
0000407
0002910
0001920
-001223
-002969
-002678
-000117
0002794
0002503
0000174
-000815
-000583
-000583
-000524
-000175
0000058
-000408
-001456
-002911
-003842
-002969
-001339
-001514
-002795
-003551
-003202
-001165
0001455
0003318
0003318
0000582
-003144
-004541
-003726
-002213
-000757
-000233
-000583
-000990
-001398
-002038
-002329
-001747
-000059
0003143
0005821
0004598
0000931
-001572
-002154
-000874
0001455
0003492
0004132
0002153
-000466
0000116
0002270
0002095
0000349
-000874
-000932
0001455
0003725
0001106
-003435
-003551
-000932
-000292
-001107
-001223
-000815
-000292
-000233
-001223
-002678
-003435
-003319
-002445
-001456
-001572
-001863
-000583
0001338
0002212
0001222
-002562
-006229
-004425
0000349
0001571
0000698
0002386
0004773
0004249
0001571
-001048
-002213
-000757
0001920
0002968
0002444
0001804
0001338
0001338
0001629
0001688
0001513
0001047
0000407
-000524
-000874
0001106
0003376
0001979
-000990
-000408
0001513
-000350
-003784
-003901
-001980
-002154
-003144
-002038
0000058
0000291
-000699
-001281
-001281
-000466
0000582
0000756
0000640
0001746
0003143
0003026
0001804
0000756
0000465
0001338
0002153
0000116
-002504
-001165
0002095
0002386
0000873
0001571
0002561
-000059
-004133
-004716
-003377
-004774
-006520
-003144
0002095
0002968
0000523
-001398
-002038
-001339
-000292
-001514
-003726
-004483
-003551
-001572
0000640
0002212
0002561
0001688
0000058
-001048
-001630
-002038
-002736
-005472
-007160
-002445
0004249
0004016
-000466
-001339
-000059
-001514
-003551
-001398
0002444
0002270
0000291
0002095
0005238
0004715
0001513
-001165
-002678
-002795
-002445
-003784
-005647
-005938
-004716
-003027
-001747
-002504
-003901
-002911
-000815
-000990
-002795
-004366
-005414
-006113
-006171
-005647
-004425
-002154
0000116
0001280
0000873
-001456
-003959
-003842
-001863
-000699
0000116
0002503
0004715
0003434
0000291
-000932
-000815
-001689
-002620
-001921
-000292
0000640
0000698
0000174
-000466
-000466
-000524
-002562
-004657
-003202
0000000
0000640
-000757
-001747
-002504
-003901
-004716
-003027
-000524
-000641
-002329
-002678
-001747
-000175
0001047
0000582
-000874
-001630
-001223
0001164
0002794
-000932
-006637
-007743
-004890
-001689
0000756
0001629
0001222
0001106
0001280
0001571
0001571
0000873
0000058
0000407
0001280
0001280
0000989
0001571
0002095
0000640
-001514
-002038
-000641
0002270
0004889
0004307
0001513
-000350
-001281
-002213
-002736
-002387
-001572
-001223
-001223
-000583
-000466
-003377
-006404
-004541
-000350
0000407
-001689
-003726
-004483
-002387
0001280
0003667
0004365
0003958
0002386
-000524
-003144
-003551
-001747
0001222
0003783
0003667
0001862
0000989
0001047
0001222
0001280
0000814
0000291
0000814
0001513
0000756
-000874
-001572
-001630
-001921
-002445
-003144
-003842
-004366
-004599
-004308
-003842
-004017
-004250
-003784
-002562
-000350
0001222
-000466
-003726
-004774
-004133
-004192
-004192
-002678
-000641
-000117
-000583
-000292
0000058
-001107
-002620
-002736
-001514
0000407
0001513
-000583
-003377
-001921
0001920
0004016
0003783
0001920
-000175
0000000
0001629
0002677
0002503
0000640
-001281
-000466
0001688
0002328
0001280
-000699
-002445
-002445
-001048
0000291
0000698
-001165
-003377
-002096
0000873
0001629
0000232
-002154
-004308
-004425
-003493
-003842
-004832
-004541
-003319
-001863
-000874
-001223
-002096
-001747
-000583
0000349
0000989
0001280
0001455
0001629
0002037
0003376
0004598
0003609
0001862
0002037
0003201
0003143
0001920
0000174
-001223
-001339
-000466
0000523
0000756
-001223
-003610
-003027
-000815
-000350
-001572
-003959
-005414
-001980
0002910
0002735
-000699
-001747
-000699
0000814
0001862
0001571
0000000
-001980
-003610
-003959
-003086
-001921
-000408
0001571
0002852
0001455
-001048
-001572
-000059
0002444
0004424
0003841
0001629
0000407
0000232
0000523
0000407
-002271
-004832
-002678
0001920
0003667
0002677
0000582
-001107
-000175
0002270
0003318
0003259
0003609
0003783
0002677
0001222
0001280
0001804
0000582
-001281
-001339
-000408
-000874
-001689
-000117
0001920
0000756
-001630
-000932
0001571
0002153
0001280
0001047
0000873
-001048
-002678
-000408
0002910
0001222
-002096
0000756
0005821
0004307
-000408
0000407
0003667
0001629
-002678
-002853
0000116
0002619
0003725
0002968
0001164
-000233
-000175
0002561
0005821
0005646
0002735
-000466
-002562
-002271
-000641
-000350
-001048
-000932
-000524
-000932
-001980
-003551
-004774
-004250
-003027
-003377
-004192
-002969
-001223
-002154
-004250
-004192
-002445
-000932
0000232
0001397
0002095
0002270
0001629
-000583
-003027
-003784
-003086
-002387
-001339
0001164
0003492
0003201
0000814
-001921
-003784
-003726
-001980
0000116
0001222
-000583
-003202
-002504
0000407
0002270
0003085
0004249
0004889
0004132
0002212
-000117
-001921
-001805
-001048
-002795
-005123
-003551
-000583
-001398
-004075
-003435
-001165
-001398
-002969
-002620
