0001513
0002561
0003841
0002095
-001223
-002795
-002736
-002387
-001689
-000117
0001688
0002735
0003318
0004889
0005995
0004540
0001338
-001456
-003144
-003842
-003551
-002736
-002154
-003144
-004716
-004890
-003842
-002387
-001107
-000408
-000757
-002795
-004541
-002445
0000814
-000059
-004017
-008092
-009896
-006520
-001223
-000583
-002911
-002678
-000408
0001688
0003085
0003667
0003318
0002037
0001047
0002153
0004016
0003376
0001455
0001338
0002212
0001920
0000931
0000698
0001222
0002386
0003201
0002095
-000059
-001456
-001863
-001456
-000757
-000583
-001281
-003319
-005065
-003493
-000350
0000640
-000117
-000117
-000175
-002329
-004716
-004308
-001747
0000814
0002153
0000873
-001747
-003144
-002562
0000698
0004191
0003725
0001047
0000523
0001571
0001920
0001979
0002677
0003900
0005413
0006170
0004773
0002444
0001513
0001862
0002095
0002153
0002153
0002270
0003550
0004424
0001979
-001456
-001107
0001513
0002270
0001688
0001746
0002153
0002037
0001164
-000641
-002387
-002387
-001339
-000990
-001107
-000757
-000175
0000349
0000523
0000465
-000059
-001339
-002387
-002038
-000408
0001397
0002619
0002619
0001338
-000699
-002678
-003784
-003551
-001747
0000582
0002037
0002328
0001746
0001222
0002153
0003783
0004831
0004715
0003259
0001047
-000699
-001805
-002853
-003027
-000699
0002037
0001746
-001223
-005065
-007859
-006928
-003842
-002387
-002795
-004075
-005298
-005007
-003319
-000874
0001106
0001222
0000174
-000233
0000232
0001280
0002037
0001222
-000757
-002562
-003493
-002795
-001223
-000466
-000350
0000058
0000814
0002677
0003841
0001280
-002329
-001398
0001571
0000349
-002562
-001747
0001629
0004365
0005238
0003026
-000059
0000465
0002212
-000524
-004657
-004017
-000466
0001397
0000756
-002096
-005298
-005414
-003319
-001863
-001747
-002911
-004716
-006171
-005880
-001921
0003201
0005122
0003958
0001513
-000292
0001164
0004482
0006112
0005937
0005006
0003492
0001455
-000350
-001165
-000699
0001164
0002852
0001571
-001165
-002387
-001572
0001047
0003900
0004016
0003026
0005006
0007567
0005530
0001746
0002270
0005122
0004831
0002794
0002910
0004016
0003958
0002270
-001048
-004133
-003726
-001339
-000699
-001630
-002969
-004192
-004483
-004192
-004774
-005181
-004017
-000874
0004831
0009779
0008789
0004598
0004132
0005937
0005646
0004016
0003259
0003550
0004365
0005355
0005879
0005471
0003492
0001455
0002095
0003841
0002968
0000931
0001513
0003725
0005064
0005238
0004074
0003026
0004889
0007509
0006344
0002735
0000465
-000699
-002620
-003959
-002154
0000698
0000582
-001223
-001107
0000640
0002619
0003958
0003376
0001513
0000000
-000874
-001514
-001572
-001223
-000408
0000931
0001920
0001164
-000408
-000932
-000233
0001047
0002328
0003026
0002444
0000291
-002736
-005647
-007044
-005472
-002096
0000698
0002095
0001920
0000873
0000058
0000407
0003259
0006170
0004715
0000931
-000408
0000407
0001629
0002153
0000640
-001398
-000408
0001629
0000465
-002562
-003784
-003668
-004366
-005472
-006404
-006811
-006462
-005472
-003901
-001980
0000349
0002386
0003434
0003085
0000931
-001107
0000174
0003492
0006053
0006927
0005588
0003201
0001979
0001746
0001513
0001047
0000523
-000524
-003319
-005531
-003086
0001513
0002852
0001688
0000931
0000756
0000989
0001222
0000232
-001165
-001863
-001572
-000466
0000465
-000408
-002387
-003668
-004017
-003784
-003435
-003610
-004366
-005763
-006287
-003377
0000814
0002095
0001047
0000000
-000524
-000466
0000058
0000465
0001106
0003026
0005180
0006053
0005530
0004307
0003026
0002677
0002968
0003026
0002910
0002910
0003085
0003259
0003259
0002503
0001513
0001629
0001746
-000466
-003377
-003493
-001921
-001689
-002329
-002620
-002271
-001456
0000000
0002328
0004365
0004249
0002677
0002037
0001688
-000466
-002736
-002213
-000233
0000000
-000932
-001398
-001048
0000232
0001862
0002794
0002852
0002270
0001164
-000466
-001630
-001223
0000349
0001746
0002328
0001455
0000174
0000873
0002561
0002677
0002212
0003841
0005413
0002561
-001805
-001921
0000698
0001047
0000174
0001397
0002852
0000698
-002853
-003493
-001572
0001164
0002910
0001106
-002154
-002795
-001048
0000814
0002095
0002561
0001513
-002329
-006113
-005123
-001456
-000524
-001456
-001165
-000292
-000524
-000990
0000291
0001920
0001047
-001398
-003551
-004308
-002562
0000174
0000756
0000116
0000756
0002328
0003725
0004191
0002677
0000116
-002387
-002853
0001513
0006577
0004715
-000874
-002271
-000350
0001222
0001280
-001921
-005763
-005007
-001863
-002096
-004133
-003551
-001805
-002329
-004075
-004192
-002969
-001223
0000058
-000408
-001805
-002154
-001339
0000523
0001979
0000931
-001514
-002853
-002853
-002387
-001863
-002154
-002736
-002329
-001514
-001339
-001863
-002562
-002969
-002154
-000874
-000292
-000408
-000757
-001048
-000874
-000699
-001572
-002562
-001980
-000175
0001804
0002386
-000699
-004774
-004541
-001689
-000990
-002038
-003202
-003901
-003493
-002504
-002154
-002620
-003551
-004774
-006345
-006695
-003610
0000814
0002444
0002095
0003143
0004191
0002270
-000815
-001281
-000117
-000175
-001048
-001339
-001398
-002387
-003260
-001805
0000465
0001047
0000174
-000408
-000583
-000757
-000815
-000641
-000524
-000874
-001630
-002387
-003027
-003668
-003842
-002445
-000874
-001630
-003668
-004366
-003784
-002387
-001398
-003027
-005531
-005298
-003842
-004599
-006520
-007277
-006054
-002387
0002386
0006868
0008557
0003900
-002154
-000059
0006112
0006286
0002735
0002444
0003609
0001338
-002329
-003377
-002445
-002329
-001980
0001106
0004773
0005122
0003259
0002852
0003026
0001338
-001107
-002154
-002096
-002096
-002154
-001863
-001281
-000524
0000349
0001571
0002386
0001222
-000641
-000757
0000174
0000232
-000524
-001747
-002445
-000932
0000931
-000583
-003435
-003202
-000757
0000698
0001106
0001571
0001164
-002038
-005472
-004657
-001281
0000407
-000175
-002678
-004948
-002911
0001106
0001688
0000000
-000641
0000000
0001513
0002561
0001106
-001398
-001689
-000524
-000408
-000699
0000058
0000873
-000059
-001921
-003144
-002795
0000465
0003841
0002677
-001281
-003435
-003551
-002620
-001747
-002853
-004832
-005181
-003959
-001805
0000174
0000291
-000583
-000117
0000873
0000116
-001514
-002445
-002213
-000117
0001862
0000756
-002213
-003901
-004250
-004250
-003842
-003377
-002678
-001223
0000291
0001164
0001222
0000873
0000640
0001688
0002503
0000349
-002911
-003959
-002445
0000931
0003492
0000582
-004366
-004133
-000524
0001222
0000232
-003784
-007801
-006520
-002271
-000757
-001398
-001456
-000583
0001862
0003609
0000465
-004192
-003668
0000349
0002444
0002852
0003841
0004424
0002910
0000814
0001164
0003085
0003958
0003550
0002852
0001746
0000174
-000815
0000058
0002212
0004307
0005064
0002852
-000815
-002911
-003027
-001805
-000350
-000524
-002096
-004075
-005007
-002969
0000640
0003434
0003841
0000582
-003377
-002213
0001571
0001979
-000175
-002329
-003319
-002096
0000349
0001920
0002561
0003026
0003609
0005122
0005937
0002852
-001281
-000699
0002619
0003492
0002328
0001338
0000873
0000873
0001571
0003492
0005122
0004132
0001513
-000466
-001107
0000116
0002153
0002677
0002444
0003667
0004889
0003085
-000350
-002678
-003377
-003144
-001863
0000407
0002153
0001280
-000699
0000174
0002270
0002037
0000174
-001456
-001805
0000407
0003318
0003376
0001746
0001513
0002328
0002328
0001979
0002270
0002910
0003201
0002968
0001862
0000640
0000873
0001164
-001223
-004541
-005239
-003784
-002271
-000990
0000523
0001397
0000989
-000583
-002736
-004075
-002562
0000116
0000174
-001572
-002911
-003260
-002620
-001630
-001805
-002562
-002562
-002213
-002562
-003202
-003668
-003202
-000699
0002153
0002735
0001629
0001397
0001513
0000814
-000466
-002562
-003493
-000059
0004947
0006461
0004831
0002270
0000232
0000465
0001979
0002095
0001571
0002444
0004132
0005821
0006112
0002910
-000990
-000408
0002561
0002386
0000174
-000524
-000583
-002329
-004250
-003144
-000874
-001165
-002795
-002387
-001223
-002387
-004425
-003959
-002213
-002329
-003435
-002853
-001630
-001980
-002969
-002969
-001921
-000350
0000873
0000291
-001165
-001572
-000932
0000465
0001513
0000640
-001281
-002445
-002504
-001572
-000466
-000757
-001630
-001398
-000233
0001338
0002328
0001397
-000233
-000059
0001338
0002561
0002968
0001979
0000465
0000349
0000407
-002271
-005531
-005531
-003144
-001165
0000000
0001280
0001629
-000699
-003377
-002387
0000756
0001920
0001629
0001804
0002212
0002095
0001222
-000757
-002504
-001863
0000116
0001222
0001397
0001629
0001397
-000466
-002038
-000233
0003259
0004831
0004191
0002503
0000582
-000292
-000466
-001107
-002329
-003726
-005065
-005822
-005938
-005705
-004716
-002387
-000175
-000524
-002038
-001456
0000232
0000814
0000523
0000640
0000989
0000931
0000465
-000350
-001398
-002911
-003784
-002154
0000523
0001106
-000059
-001339
-001689
0000291
0003026
0003318
0001746
0000523
-000233
-001398
-001805
0000698
0003667
0002095
-001223
-000350
0002735
0003143
0000640
-004192
-008092
-006113
-001107
0000407
-000874
-001398
-001165
-000757
-000641
-001921
-003726
-004075
-003842
-005356
-007393
-007335
-005822
-004483
-003551
-002911
-002562
-002213
-002213
-003260
-004308
-003377
-001630
-001747
-002620
-001398
0000000
-002445
-006287
-006404
-004308
-004425
-005065
-001921
0002677
0004249
0003201
0002153
0001106
-000350
-001572
-001980
-001456
0000000
0000814
-001921
-005589
-005065
-002038
-000757
-001223
-001805
-003027
-006113
-008558
-006520
-002445
-001747
-003319
-002969
-002038
-003551
-006171
-007335
-006520
-004075
-001339
-000466
-000932
-000350
-000117
-003435
-007044
-005007
0000116
0002444
0001629
-001107
-004133
-004832
-003726
-002853
-002387
-001863
-001456
-001514
-001398
0000116
0001804
0001804
0000058
-002678
-004832
-003959
-001223
0000407
0000640
-000117
-001456
-002678
-003027
-001398
0000465
-000757
-003319
-003435
-001630
0000174
0001338
0001571
0000814
-001048
-002678
-002213
-000583
-000641
-000990
0002212
0005588
0002677
-003086
-004133
-001863
-000990
-001339
-001281
-001048
-000757
-000583
-000583
-000815
-000932
-001107
-001863
-002562
-002329
-001630
-001456
-001514
-000990
0000058
0001920
0003259
0001455
-001339
-001107
0000814
0000582
-000990
-001456
-001048
-000757
-000641
-000292
-000350
-002096
-003901
-002795
-000350
-000408
-002154
-003435
-003959
-004017
-003435
-001863
-000292
-000117
-000583
0000174
0001164
0000058
-001514
-000350
0002386
0003492
0003318
0003550
0003376
0000873
-001921
-001107
0001629
0002212
0000756
-001339
-003144
-003202
-002329
-003027
-004133
-003202
-000874
0001455
0002794
0001862
-000175
-000990
-000350
0001688
0002852
-000932
-006229
-006462
-003144
-001281
-001165
-001514
-002445
-003842
-004716
-003842
-002387
-003202
-004774
-003668
-001630
-002736
-004774
-003144
0000349
0001397
0000523
-000117
-000524
-001165
-001339
-000117
0001979
0003900
0005006
0005006
0004016
0002619
0001222
0000058
-000466
-000117
0000058
-002445
-005181
-003377
0000465
0000931
-001572
-004716
-007102
-007277
-005880
-005181
-004890
-003842
-002504
-001747
-001630
-001747
-002271
-003377
-004425
-004483
-003784
-003377
-002853
-001048
0000640
-000233
-002038
-001165
0001280
0002270
0001979
0001746
0001688
0001862
0002503
0003900
0005180
0005122
0004249
0004307
0004831
0004656
0003609
0001688
-000292
-000990
-000583
-000292
0000582
0003318
0005646
0003434
-001572
-005531
-007626
-008558
-007917
-005181
-002387
-002562
-004716
-005822
-005822
-005589
-004483
-001107
0002328
0002270
-000466
-003144
-004657
-003959
-001921
-000583
0000000
0000640
0001397
0002212
0003085
0004132
0004947
0005297
0005006
0003900
0002619
0002212
0002328
0001629
0001106
0002968
0005180
0003434
0000116
0000407
0002794
0003434
0002212
-000175
-002213
-001689
0000349
0001222
0000640
-001281
-002911
-001747
0000465
-000350
-002795
-003551
-002853
-002213
-001689
-000932
-000815
-003319
-005996
-004541
-001048
-000292
-001281
-000815
0000349
0000232
-000524
0000000
0000640
-000932
-003435
-004017
-003144
-003202
-002853
0000407
0004074
0002794
-000466
0001164
0004773
0003318
-000117
0002037
0005937
0002794
-003319
-003668
-000117
0001280
0001047
0002037
0003143
0002153
0000232
0000058
0000640
-000932
-003027
-002329
-000175
0000232
-000583
-000641
-000233
-000292
-000874
-002213
-003551
-003959
-003319
-002038
-000990
-001689
-002853
-001456
0001397
0003201
0003434
0002328
0000582
-000233
-000233
-000408
-000524
-000175
0000291
0000116
-000466
-000699
-000350
0001280
0002968
0002735
0001047
-000641
-001630
-001107
-000117
-000874
-002271
-001456
0000116
-000583
-002387
-002329
-001048
-000408
-000350
0000000
0000291
-000583
-001339
0000291
0002968
0003725
0002794
0001397
0000465
0001397
0002677
0000814
-002271
-002504
-000932
-000583
-000990
-000583
0000465
0002212
0003318
0001338
-001630
-001398
0000698
0001222
0000116
-001863
-003202
-001630
0001106
0001455
-000175
-001980
-002969
-001863
0000291
0001397
0001222
0000407
-000990
-003435
-005123
-003551
-000466
0000058
-000699
0001106
0003318
0001397
-002154
-002154
0000407
0002328
0002910
0001979
0000640
0001047
0002444
0003143
0002619
0000582
-001514
-001165
0000582
0000989
0000465
0000931
0001513
0000349
-001281
-000815
0000465
-000583
-002504
-001980
0000058
0001338
0001629
0001338
0000523
-000699
-001805
-002213
-001572
0000116
0001688
0001164
-000874
-003027
-004308
-003377
-001747
-002911
-004716
-002445
0001397
0001979
-000233
-002853
-004366
-002911
-000117
0000407
-000874
-002096
-002562
-001572
0000291
0001629
0002270
0002794
0002910
0002328
0000698
-003086
-006113
-003493
0001513
0001979
-001048
-003551
-004483
-002969
-000699
-001165
-002795
-001398
0001397
0002328
0001397
-000117
-001980
-003959
-005414
-006054
-004948
-000990
0003085
0002619
-000641
-002213
-001921
-001107
-000175
0000000
-000059
0001280
0002503
0000873
-001805
-001572
0000582
0001746
0001979
0002386
0002270
0000291
-002271
-003493
-003260
-002213
-001107
-001107
-001689
-001398
-000699
-001107
-001921
-001805
-001339
-002154
-003377
-003551
-002795
-001689
-000932
-001630
-003027
-003377
-002969
-002620
-002969
-005181
-007510
-007044
-004366
-001572
0000058
-000641
-002562
-002853
-002096
-001921
-002329
-003027
-003260
-001689
0000174
-001048
-003144
-001223
0002212
0001338
-001339
0000116
0003318
0002910
0000349
-000233
0000698
0001338
0001338
0000116
-001048
0000291
0002503
0002270
0000756
0000931
0002386
0003900
0004307
0002153
-001223
-002736
-002736
-003377
-003901
-003027
-001339
0000291
0001164
0000407
-001339
-002911
-003784
-004425
-003726
-000233
0003609
0003609
0001280
0000814
0001571
0001397
0000873
0001629
0002852
0003026
0001979
-000583
-002678
-001048
0002561
0004424
0004249
0003201
0001746
0000465
0000000
0001106
0002619
0002386
0001047
0000349
-000059
-001223
-002736
-004017
-004425
-003493
-001863
-000815
-000233
0000756
0001455
0000698
-000990
-002445
-003144
-003144
-002329
-000583
0000931
0000814
-000233
-000233
0000407
0000465
-000117
-000990
-001630
-001572
-000757
0000407
0001513
0002270
0002619
0003026
0002968
0001455
-000815
-002795
-003377
-001514
0001688
0004191
0004715
0001920
-001921
-002620
-001048
-000524
-000699
-000233
0000465
0000873
0000523
-000932
-002969
-004541
-004890
-003260
-001048
-000990
-002445
-003435
-004017
-005007
-005589
-004192
-002271
-002736
-004133
-002911
0000174
0003318
0005413
0005413
0003841
0001979
0001047
0002037
0003900
0004424
0003143
-000233
-003144
-001048
0003026
0002561
-000524
-000641
0001280
0002386
0002444
0001629
0000582
0000407
0000931
0001513
0001338
-001281
-004192
-004017
-001747
-000292
-000350
-001980
-004308
-006054
-006462
-005065
-002969
-002387
-002795
-002271
-001456
-002154
-003202
-002736
-000990
0001688
0003318
0001047
-003027
-004425
-003551
-002329
-001689
-003027
-004541
-002504
0000931
0001222
-000350
-000408
0000989
0003259
0004715
0002735
-001107
-003726
-003901
-001107
0002852
0004831
0004307
0001862
-000815
-000699
0000931
0000698
-000524
-000524
0000000
-000583
-001572
-001572
-001107
-002038
-003027
-001339
0001397
0001920
0001106
0001338
0002153
0002153
0001746
0002037
0002503
0002270
0001338
0000232
-000408
0000582
0002095
0001920
0000698
-000059
0000058
0001164
0002444
0002503
0001338
-000874
-003027
-004017
-003319
-000233
0002735
0001106
-002154
-000292
0003900
0004249
0001513
-001048
-003319
-006171
-007801
-005531
-001223
0001513
0001746
-000990
-004192
-003842
-000641
0002735
0004773
0003900
0001222
-000466
-001456
-004308
-006113
-001980
0004424
0005646
0002968
0000931
0000232
0000756
0001862
0002037
0001513
0001571
0001804
0001513
0000640
-001165
-002329
-000175
0003085
0002968
0000640
-000466
-000699
-001805
-003202
-004133
-004017
-002329
-000175
0000407
-000874
-003610
-005996
-005589
-003027
-000292
0001047
-000699
-003610
-003551
-001747
-001689
-002911
-003959
-004308
-003784
-002969
-003435
-004192
-002795
-000583
-000233
-001165
-001921
-001921
-000932
0000523
0001513
0001513
0000174
-001572
-002213
-001165
0002212
0005238
0002561
-001747
0001280
0007276
0006286
0001106
-000990
-000524
-000757
-001223
-000932
-000466
-000932
-001689
-001630
-000874
0000174
0001047
0001106
0000407
-000699
-001514
-001048
-000233
-001223
-002795
-001921
0000058
0000000
-000990
-000117
0001688
0002328
0001979
0001862
0001862
0001222
0000873
0002561
0004598
0003492
0000873
0001047
0002619
0002095
0000000
-002096
-003435
-003668
-002795
-001689
-000408
0001106
0002386
0002968
0002677
0001571
0000407
0000582
0001338
0000989
0000116
0000000
-000117
-002504
-004832
-002911
0000931
0001455
-000175
0000116
0001222
0000232
-001747
-002387
-001689
-000350
0001397
0003783
0005355
0003958
0001222
0001106
0002444
0002153
0001164
0002153
0003900
0004249
0002910
-000117
-002562
-000292
0003667
0002968
-000524
-001805
-001281
-000874
-000815
-001514
-002271
-001572
-000233
-000350
-000932
0000232
0001862
0001397
-000699
-002504
-003435
-003260
-001921
0000058
0001571
0001047
-000583
-001107
-000699
0000058
0000582
0000058
-000990
-001398
-001048
-000350
0000582
0001688
0001979
0000232
-002678
-005356
-006054
-002678
0002212
0003725
0002619
0002561
0002735
0001280
-000641
-000641
0000465
0000174
-000292
0002153
0005064
0003550
-000350
-001572
-001107
-001921
-003610
-005472
-006171
-004308
-001048
0001513
0002212
0000058
-002795
-002154
-000059
-001630
-004774
-004599
-002445
-001980
-002620
-002445
-001805
-001456
-001281
-001107
-000815
-000175
0000000
-001689
-003260
-000874
0003085
0003900
0001920
-000699
-002387
-000699
0002037
0000873
-002213
-002736
-001165
0000698
0001222
-002096
-005938
-003493
0001338
-000583
-005996
-006928
-004716
-003959
-003435
0000407
0004249
0001629
-003668
-003726
-000292
0000989
0000756
0001571
0002386
0001164
-000932
-001398
-001165
-003202
-004483
0001047
0008324
0007683
0002037
-000408
0000407
0002444
0004016
0002037
-001398
-001630
-000117
-001048
-002736
-001805
0000640
0001571
0001513
0002386
0003434
0002735
0001455
0002561
0004191
0002968
-000175
-002795
-003842
-002969
-000932
0000582
0000814
-001456
-003610
-000583
0004016
0002561
-002445
-004483
-004075
-004192
-004133
-002154
0000232
0000174
-000990
-000059
0001746
0001920
0000349
-002620
-005007
-003784
-000699
0000116
-000757
-001281
-000932
0000989
0002735
0000582
-002678
-001339
0002503
0003318
0001920
0001397
0001222
0000174
-000874
-000233
0001455
0002328
0002503
0002677
0002619
0001746
0000640
0000407
0000291
-001805
-003784
-001398
0002153
0000407
-004250
-006229
-005822
-005705
-005531
-004716
-003144
-000292
0002270
0002386
0001106
0001455
0002852
0003900
0003725
0001106
-002504
-004250
-004774
-006404
-007743
-006054
-002562
-000059
0000814
0000291
-000990
-001107
-000757
-001630
-002853
-003086
-002387
-001398
-000524
0000174
0000291
-000757
-002213
-002271
-001863
-003493
-005356
-004133
-001630
-002096
-004192
-004599
-003842
-003551
-003668
-003493
-003086
-002387
-001514
-000466
-000117
-001689
-003784
-004250
-002736
0000523
0003318
0001979
-000932
0000291
0003900
0005530
0005238
0004540
0003725
0003376
0002852
0000640
-001805
-001863
-000233
0001571
0002270
0000407
-002154
-001398
0000698
-000932
-004017
-003668
-001165
0000116
-000117
-001572
-002853
-001630
0000465
-000466
-002154
0000756
0004598
0001513
-004308
-003842
0000407
0001338
-000059
0000000
0000582
-000874
-002329
0000174
0004016
0003900
0001513
0001397
0002503
0001746
0000174
0000116
0001338
0002677
0003958
0005355
0006461
0007567
0007509
0003725
-000524
0000814
0004656
0003958
0000349
-001514
-001398
-000583
0000349
0000291
-000815
-002969
-004366
-002329
0001397
0002968
0002328
0000523
-001107
-000524
0001222
0001222
0000291
0000582
0001047
-000990
-003435
-001921
0001280
0001338
-000699
-001630
-001456
-001281
-000990
-000815
-000699
-000292
0000232
0000349
0000989
0004016
0007218
0006228
0003143
0002968
0004540
0004249
0002968
0003143
0003492
0001106
-001863
-001165
0001571
0002677
0001688
-001514
-004133
-001339
0003667
0003783
0001047
0001338
0003201
0002794
0001106
0000523
0000989
0001629
0002328
0003085
0003434
0002735
0001397
0000058
-000583
0000407
0001920
0001746
0000640
0000465
0001047
0001571
0001979
0002153
0002153
0002735
0002968
0001280
-001107
-002038
-001223
0001106
0003318
0002735
0000698
0000582
0001804
0002270
0002037
0001920
0001629
0000814
-000292
-001107
-001689
-002271
-002853
-003202
-003202
-002678
-002096
-002329
-002969
-002969
-002213
-000466
0001106
0001106
-000233
-001689
-002678
-003202
-002620
-000408
0001571
0000116
-002969
-003610
-001980
0000640
0002794
0002561
0001222
0002153
0003492
0001106
-002329
-001107
0002212
0001629
-000583
0001746
0005238
0002619
-002795
-003319
-000874
-001514
-003610
-003027
-000815
0000349
0000349
0000058
-000815
-002504
-004192
-005123
-004657
-002504
0000291
0001629
0001455
0000116
-001398
-001980
-001630
-000757
0000058
0000058
-000699
-001514
-002154
-002678
-002504
-000990
0000756
0001164
0000232
-001339
-001747
0001979
0006694
0005937
0002037
0001338
0002852
0003318
0002735
0001629
0000640
0000756
0001746
0003026
0003783
0003085
0001338
-000233
-001281
-001805
-001572
-000699
-000117
-001805
-003901
-002853
0000000
0001571
0001280
-001281
-003784
-001747
0002153
0001629
-000874
0001106
0004598
0003143
-000757
-000757
0001571
0002037
0000465
-002853
-004948
-000524
0006228
0006927
0002910
-000466
-002096
-001980
-000466
0001222
0002153
0001106
-000350
0000989
0003609
0003841
0002386
0001513
0000873
-001107
-002736
-000990
0001979
0001862
-000524
-002504
-003086
-001339
0000931
0000232
-002329
-003610
-003551
-003144
-002620
-002096
-002271
-004017
-005938
-005414
-003202
-001514
-000583
0000116
0000174
-001048
-002620
-003435
-002795
0000174
0003318
0003259
0000931
-000408
-000932
-002387
-003726
-003027
-001514
-001805
-003377
-004483
-004832
-004599
-003610
-000874
0001222
-001339
-005589
-005181
-002154
-002445
-004075
-002329
0001222
0003318
0003376
0001455
-001048
-001398
-000699
-001805
-003551
-003551
-001805
0001222
0003259
0000756
-003726
-004541
-002853
-002678
-003086
-001281
0000989
0000523
-001863
-004075
-004948
-003319
-000699
0000000
-000815
-001107
-001107
-001630
-001921
-000641
0000814
-000117
-002329
-003726
-003493
-001107
0001455
0000698
-001980
-003027
-002620
-002387
-002445
-003027
-003610
-003610
-002795
-001339
-000059
0000174
-000815
-002795
-004366
-004017
-001980
0000349
0002095
0002328
0001688
0002270
0003026
0001571
-000466
0000116
0002444
0004540
0004889
0001746
-002562
-003435
-001398
0000873
0002794
0004540
0004656
0001571
-002562
-003435
-001980
-001630
-002038
-001456
-000408
0000000
0000291
0001862
0003492
0003143
0001280
-000874
-002445
-002387
-001572
-002096
-002969
-001980
0000232
0001862
0002444
0002095
0001106
-000059
-000699
-000699
0000116
0001746
0002910
0001222
-001048
0000582
0003783
0003085
0000174
-000408
0000640
0000873
0000523
0000291
0000349
0000989
0001571
0001222
0000116
-001398
-002387
-001689
-000059
0000989
0000931
-000292
-002329
-004774
-005938
-003784
-000233
0000698
-000408
-001107
-001689
-003435
-005531
-006695
-006986
-006811
-006578
-007102
-007568
-006054
-003493
-001747
-001165
-001514
-001980
-000699
0000582
-001572
-004541
-002504
0001862
0002619
0000640
-000699
-001339
-002096
-002387
-001689
-000292
0001455
0002386
0000523
-002096
-001514
0000873
0001688
0001455
0002095
0003201
0003667
0003434
0002968
0002270
0001397
0000465
-000292
-000932
-001805
-002620
-002969
-002620
-000990
0000756
0001164
0000291
-001165
-002795
-004425
-005239
-004192
-002504
-002562
-003551
-003144
-001747
-000641
-000059
0000000
-000233
-000350
0000232
0002910
0005821
0005704
0003783
0003259
0003667
0003143
0001862
0000116
-001281
-001339
-000641
-000757
-001514
-002271
-002795
-002911
-003319
-005938
-008383
-006113
-001572
0000116
-000757
-001514
-001980
-001980
-001921
-002562
-003144
-002562
-000699
0002386
0005006
0004773
0002852
0002444
0002561
0000349
-002154
-001456
0001280
0003143
0003550
0002619
0001629
0003550
0005937
0003841
-000233
-000641
0001455
0002561
0001979
-000815
-003202
-000233
0004482
0003259
-001107
-001514
0000756
0001571
0000873
-000292
-001514
-002329
-002445
-001980
-000641
0002503
0004656
0001047
-004948
-006695
-005007
-003610
-002911
-002911
-002911
-001223
0001397
0003550
0004656
0004482
0003841
0004889
0006286
0004831
0002503
0003026
0005355
0006694
0006461
0004598
0002153
0000989
0001338
0002677
0004424
0005821
0006636
0007276
0006985
0004016
0000756
0001397
0004482
0006112
0005704
0003900
0001513
0000000
-000350
0000349
0000814
-001048
-004192
-005996
-006637
-007568
-007743
-005181
-001689
-000466
-001048
-000990
-000699
-001805
-002911
-001107
0001106
-001048
-005472
-007684
-006637
-001747
0003783
0004424
0002212
0003143
0005122
0002910
-001165
-002329
-001223
-001048
-001048
0000349
0002386
0003900
0004773
0005879
0005879
0002270
-001921
-001223
0001979
0001338
-001514
-002213
-001281
-000757
-000408
0000640
0001455
0000523
-001223
-001339
-000815
-001863
-003377
-002969
-001456
-000524
-000524
-001456
-002736
-003086
-002678
-002213
-001630
-000583
0000756
0002386
0003085
0000523
-002795
-001980
0000814
0000116
-001921
0000291
0003900
0002735
-001165
-002445
-001689
-001572
-001165
0001862
0005122
0004482
0001222
-001165
-001921
-000874
0000756
0000465
-000757
-000350
0000582
-000524
-002329
-001805
-000233
-000524
-002038
-003027
-002504
0001280
0005530
0005646
0002619
-000350
-001805
-000641
0001862
0002735
0002037
0000989
0000174
0000582
0001222
-000524
-002329
0000407
0004773
0005006
0002503
0001455
0001688
0001862
0002153
0002968
0004016
0004656
0004947
0005995
0005937
0001746
-003260
-002445
0001455
0001513
-000990
-002038
-001281
0001222
0003550
0002444
-000466
-001165
-000059
0001397
0001862
-000292
-003493
-004716
-003784
-001689
0000407
0000873
0000523
0002270
0004191
0002328
-000757
0000814
0004132
0002619
-001223
-001048
0001047
-000350
-002504
0000756
0005704
0004656
0000407
0000465
0003026
0003318
0002153
0002328
0003085
0002561
0001397
0001571
0001979
-000059
-002620
-002096
0000000
0000174
-001165
-001921
-002678
-005007
-007277
-006695
-004366
-002678
-001980
-001456
-001223
-001456
-001398
0000465
0002386
0001455
-001339
-003202
-003610
-002853
-001107
0000989
0002677
0002968
0002153
0001280
0000698
0000698
0000698
-000815
-002736
-003260
-002213
0000174
0002212
0001222
-001339
-001805
-000757
-000175
-000117
-000699
-001048
0000873
0003026
0001629
-001398
-001514
-000233
-001572
-004133
-004541
-003668
-004541
-005938
-005298
-003784
-004599
-006054
-004716
-001805
0000232
0000756
0000058
-001223
-001747
-001514
-001165
-001048
-001747
-002562
-002154
-000699
0001047
0002677
0004016
0004307
0002503
-000117
-001747
-001863
-000757
0000465
-000641
-002329
-000815
0001688
0000232
-002911
-002445
0000232
0001222
0000698
0000232
-000466
-002213
-003959
-003668
-002445
-002678
-003726
-003377
-002911
-005239
-008383
-008441
-006404
-005763
-006054
-005414
-004366
-003551
-003202
-003668
-003784
-000990
0002619
0003201
0001397
-000350
-001456
-001339
-000815
-001630
-002445
0000174
0003667
0002794
-000233
-000117
0001746
0001455
0000116
0000698
0002095
0002037
0000523
-002213
-004308
-002678
0000465
0000582
-001572
-003260
-003901
-002736
-000932
-000292
-000932
-002154
-002911
-001747
0000407
0001338
0001280
0001513
0001920
0002153
0002561
0004132
0005238
0002910
-000757
-001165
0000582
0000756
-000117
-000175
-000117
-001514
-003260
-003551
-002445
-000932
0000058
-000932
-002562
-001747
-000233
-002213
-004657
-000641
0005355
0004132
-001165
-002504
-000815
-000175
-000350
-000350
-000408
-001223
-002271
-002969
-003202
-003027
-002678
-002795
-002969
-001921
-001048
-003202
-005472
-001630
0003958
0002037
-003435
-003027
0001338
0004016
0004074
0001397
-001863
-001863
0000523
0002153
0002794
0003550
0003376
0000989
-002213
-004133
-004075
-001863
0000931
0001979
0000698
-003027
-006345
-004716
-000874
-001514
-004599
-004366
-002271
-001980
-002736
-002504
-000932
0002794
0005762
0002852
-002620
-003435
-001223
-001281
-002911
-003610
-004075
-006054
-007568
-004657
0000058
0001280
0000116
0000523
0001862
0002212
0001629
0000349
-000932
-000990
-000233
-000059
0000232
0002735
0005122
0002794
-000757
0001862
0006868
0005879
0001513
0000582
0001862
0001397
-000408
-002387
-003668
-002969
-000990
0000582
0001280
0000989
0000174
-000466
-000757
-000815
-001107
-002678
-004541
-004948
-004017
-002620
-001398
-001107
-001514
-001339
-001165
-002096
-003202
-002445
-000874
-000990
-001863
-000699
0000873
-000757
-003377
-002038
0000989
0000523
-001281
0000931
0004540
0003609
0000058
-001747
-001747
-001456
-000874
0000291
0001513
0002503
0002794
0002037
0000873
0000873
0001106
-000583
-002504
-001456
0000873
0000756
-001048
-002504
-002678
-000233
0002328
0000116
-003901
-002969
0000698
0001164
-000350
-000117
0001047
0000814
0000582
0002735
0005995
0007683
0007334
0005413
0002910
0001804
0001629
0000873
-000292
-001572
-002271
-001514
0000523
0003143
0005180
0005122
0003667
0002677
0002212
0001455
0001164
0002444
0004132
0003958
0002270
0000349
-000932
-000466
0001047
0002095
0001804
-000990
-004250
-004250
-002154
-001339
-001805
-002387
-002795
-003144
-002213
0002561
0007276
0005471
-000117
-002562
-001747
0000465
0003259
0005821
0006228
0001804
-003959
-004075
-000815
-000583
-002038
-000874
0001047
-000292
-002562
-000583
0002968
0002561
-000292
-001281
-000583
0000174
0000523
0000058
-000932
-002096
-002620
-001339
0000407
0000174
-001398
-002795
-002911
0000116
0003143
0000291
-005414
-007102
-005472
-004075
-002969
-001281
0000407
0001746
0002095
0000465
-001572
-000757
0001629
0002386
0002037
0002328
0002794
0002561
0001688
0000698
0000000
0000116
0000756
0001222
0001222
0000407
-000350
0000174
0001222
0000989
-000059
-000583
-000350
0001047
0002095
0000407
-002736
-004832
-004948
-002795
0000174
0000931
0000291
0000873
0001397
-001165
-004366
-003610
-000699
-000175
-001165
-000815
0000058
-000815
-002504
-003027
-002620
-002736
-002678
-001165
0000407
-000757
-002387
0000698
0005588
0006286
0004074
0003085
0003026
0002212
0000756
-001514
-002853
-000233
0003725
0004016
0001862
0001164
0001280
0000349
-000815
-000175
0001222
0001164
0000232
-000059
-000408
-003027
-005065
-001223
0004482
0004016
-000524
-002562
-002504
-002678
-003027
-003202
-003202
-002620
-002445
-004716
-006753
-003551
0001629
0001979
-000932
-002445
-001863
0000640
0003318
0003318
0001338
0000058
-000233
0000174
0000814
0000523
0000000
0000756
0002270
0003376
0003725
0003085
0002270
0002852
0003667
0001746
-000932
-000583
0001222
0000640
-001689
-003901
-004774
-002562
0000582
0000349
-001747
-001805
-000524
0000174
-000292
-002154
-004425
-005123
-004425
-003901
-003377
-002678
-001572
0000756
0002444
0000116
-003377
-002271
0001106
0000523
-001747
-000175
0002968
0002910
0000523
-001339
-001572
0001164
0004947
0006112
0005122
0004307
0003667
0002619
0001222
-000874
-002795
-003319
-002504
-000757
0000698
-000117
-002038
-002562
-002387
-003901
-005472
-004308
-001630
-000175
-000350
-001514
-003086
-003959
-004366
-005298
-006113
-005472
-004192
-004133
-004541
-004017
-002795
-001689
-001223
-002387
-003901
-003319
-001863
-002154
-003842
-005763
-006113
-002038
0003259
0004365
0001629
-002096
-004483
-002329
0002212
0004074
0003318
0001979
0000232
-001805
-003144
-002736
-001107
0000814
0000756
-004483
-010537
-009489
-003668
0000291
0001397
0000174
-002387
-004192
-005007
-005298
-004890
-003784
-002387
-001747
-001281
0000698
0002444
0000873
-002329
-003551
-002445
0000465
0003376
0003783
0001804
-001223
-003435
-002387
0000698
0003026
0003609
0002270
0000058
-000815
-000757
-001514
-002154
-000408
0001862
0001106
-001514
-003027
-003435
-003842
-003901
-002678
-001456
-002504
-004308
-003435
-001630
-002678
-004774
-004017
-001398
-000059
0000174
0000756
0000640
-001863
-005123
-006462
-005007
-000233
0004482
0003434
-000815
-001747
-000117
0000756
0000873
0000640
0000814
0003085
0005471
0004365
0000989
-001747
-002620
-000466
0002386
0001455
-001398
-001165
0000756
0000291
-001339
-001048
0000116
-000408
-001689
-001281
-000117
-000408
-001572
-002038
-001630
-000641
0000174
0000000
-001456
-004075
-006287
-005356
-002853
-002620
-003668
-003202
-001747
-001339
-001339
-000292
0001164
0002037
0001746
-000233
-002154
-001107
0001455
0001746
0000523
-000233
0000000
0001688
0003492
0003434
0001513
-001863
-004308
-001863
0001979
-000699
-005880
-004308
0000465
-000699
-004541
-003202
0000873
0001571
0000232
0001164
0002503
0000174
-003493
-003726
-001630
-000874
-000583
0001804
0003958
0001746
-002562
-003784
-002736
-002445
-002329
-000932
0001338
0004074
0005762
0004132
0001222
0000756
0002503
0004656
0005821
0004307
0001629
0001455
0002503
0001397
-000641
-000815
-000059
-000932
-002387
-002154
-001048
-001223
-002096
-002213
-001630
-001398
-000699
0002270
0005180
0003841
0000407
0000232
0001571
-000408
-003435
-002736
0000291
0002095
0002386
0001571
0000349
0000523
0001047
-000524
-002620
-002271
-000233
0001164
0001688
0001338
0000640
0000582
0000989
0000989
0001047
0002037
0003201
0003201
0002503
0002561
0003026
0002561
0001746
0001455
0001746
0002677
0003026
0000989
-001980
-002911
-002154
-001572
-001281
-000815
-000350
-000059
0000000
-000466
-001107
-001630
-001630
-000699
0000931
0002968
0003900
0001106
-002562
-001514
0001688
0000465
-002445
-000583
0003783
0005530
0004249
0001106
-002445
-004366
-003842
-000874
0002735
0004016
0003143
0002095
0001222
0000756
0001047
0002561
0003900
0002561
0000058
-000466
0000756
0002561
0003900
0003376
0002095
0002735
0004249
0004365
0003143
0001338
0000000
0000756
0002095
0000698
-001805
-001514
0000116
-000408
-002213
-002911
-002795
-003027
-003842
-005705
-007160
-005880
-003144
-001689
-001572
-001514
-001339
-000932
-000292
0000407
0000640
-000175
-001514
-002445
-002387
-000699
0001280
0000873
-000524
0000465
0002561
0002677
0001629
0001746
0002503
0002444
0001979
0002270
0002677
0001746
0000349
0000349
0000989
0000523
-000408
-000292
0000465
0000873
0000174
-002853
-005763
-004017
0000116
0001629
0000523
-000990
-002795
-005647
-007044
-002795
0003085
0002794
-001281
-002387
-001223
-000699
-000583
0000000
0000756
0001164
0001222
0001047
0000989
0001629
0002619
0003492
0003900
0003783
0002968
0001222
-000583
-001048
-000350
0000989
0002153
0002037
0001047
0000116
-000641
-001630
-002213
-001339
0000116
0000291
-000408
-000641
-000699
-001572
-002154
-000350
0002153
0002270
0000640
-000292
-000059
0001513
0003318
0003492
0002328
0001280
0000174
-001980
-003610
-001980
0001280
0002735
0002561
0002386
0002619
0004074
0005413
0004540
0002386
0001280
0000931
0000000
-000815
-000117
0001047
0000582
-000699
-000932
-000292
-000059
0000291
0001397
0002968
0004598
0005122
0002852
-000524
-001689
-001107
-000815
-000815
-000524
-000117
0000116
0000058
-000175
-000815
-002271
-003260
-001572
0001047
0001280
-000699
-003726
-005763
-003377
0000640
0000058
-002795
-001572
0001571
0001222
-000524
0001164
0004307
0004424
0002444
0001222
0000523
-000874
-001863
-000699
0001629
0003492
0003900
0002212
0000116
0000989
0003318
0004016
0002677
-000757
-003726
-001689
0002503
0002794
0000116
-001921
-002795
-002213
-001398
-002911
-005298
-005531
-004425
-004541
-005065
-003435
-001456
-002678
-005647
-007219
-006520
-003144
0000756
0001746
0000291
-000932
-001572
-001689
-001107
0000116
0001571
0002968
0003318
0001513
-001223
-002387
-002387
-003319
-003901
-001980
0001280
0003318
0003609
0002503
0000698
-000874
-001339
0000058
0001513
-000699
-004075
-002853
0000349
-000757
-004483
-006287
-006345
-006287
-005880
-004483
-002853
-002271
-002329
-001747
-000757
0000232
0000814
0000407
-000466
-000699
-000641
-001805
-002736
-000583
0002037
-000699
-004599
-000757
0006228
0005995
0001571
0001455
0003783
0002968
0001047
0002735
0005704
0005530
0002677
-001107
-003668
-001980
0001629
0001746
-000583
-001980
-001747
0000291
0002735
0002852
0001397
0000814
0000640
-000815
-002271
-001107
0001106
0001397
0000116
-001048
-001921
-002678
-002736
-001572
-000175
-000408
-001339
-000117
0001804
0001338
-000175
0000465
0001979
0001164
-000641
-000641
0000698
0002270
0002794
0000582
-002271
-001747
0001047
0003143
0003492
0001280
-001747
-002096
-000466
0001047
0001571
0000291
-001863
-003202
-003377
-002504
-001514
-002387
-003901
-003202
-001689
-003027
-005414
-005065
-003144
-002911
-003377
-001863
0000174
-000408
-001863
0000174
0003434
0003143
0001106
0002153
0004132
0002561
-000815
-001980
-001165
0000291
0001338
0000582
-000815
0000000
0001629
0000523
-001398
0000058
0002677
0001106
-002213
-001572
0000698
-000874
-004425
-005589
-004192
-001572
0001338
0003259
0003609
0002153
0000407
0000814
0002153
0001629
-000524
-003202
-004832
-003319
-000466
-000350
-001921
-001689
-000990
-002562
-005181
-006171
-005181
-002678
0000349
0002328
0003201
0004482
0004540
0000291
-004716
-003610
0000814
0001164
-000815
0000116
0002677
0004074
0003841
0002212
0000058
-000583
-000524
-001747
-003610
-004366
-004250
-004599
-004250
-001165
0002328
0002503
-000117
-003493
-005531
-003551
0000058
-000117
-002853
-004425
-004483
-003435
-001980
-001339
-001805
-003493
-005181
-005181
-003377
-000117
0002735
0002677
0000523
-000874
-001398
-002096
-002096
0000116
0002619
0001455
-001223
-000350
0002095
0001164
-001281
-000932
0000931
0000873
0000058
0001397
0003841
0005122
0005355
0005471
0005588
0005762
0005646
0004482
0002328
-000583
-003144
-003668
-003027
-003842
-005007
-004308
-002387
-000408
0000582
-000524
-002329
-002096
-000524
-000233
-000233
0002328
0004889
0002677
-001165
0000407
0004947
0006344
0005006
0002968
0001397
0001979
0003609
0004016
0003085
0001455
0000232
0001047
0002794
0002735
0001513
0001222
0001746
0002561
0003085
0002735
0001513
-000117
-001398
-001339
-000641
-001048
-002154
-002445
-001980
-001165
-000117
0001280
0002095
0001222
-000292
-000350
0000989
0002619
0003434
0002212
-000466
-003027
-003842
-001107
0003201
0004773
0004307
0004365
0004889
0005238
0004947
0002735
0000698
0002386
0005588
0005995
0003667
0000000
-002678
-001107
0002037
0000465
-002911
-001165
0003085
0003841
0001804
0000058
-001339
-003551
-004774
-002213
0001222
-000059
-003784
-004192
-002620
-003144
-004832
-005239
-005007
-005880
-006462
-004483
-001107
0001047
0001571
0000873
-000408
-000932
-000699
0000174
0000698
-000815
-002562
-000815
0002270
0001397
-001223
-000757
0001804
0003143
0003318
0003201
0002794
0001804
0001047
0001804
0003026
0002270
0000640
0000873
0002153
0002212
0001397
0000582
-000059
0000058
0000174
-000932
-002736
-004017
-003842
-000874
0002794
0003609
0001804
-000757
-002853
-002911
-001514
-000292
-000059
-001398
-003319
-004017
-003202
-000932
0001280
0000582
-000815
0001979
0006170
0005879
0002910
0002619
0003550
0002037
-000408
-000815
0000582
0002386
0003958
0004947
0004773
0002910
0001047
0002212
0004773
0005180
0003609
0001338
-000583
-001223
-000815
-000350
-000466
-002445
-004075
-001107
0003085
0001280
-003551
-004774
-002853
-001107
0000698
0004191
0006286
0001862
-004483
-003668
0001106
0001222
-001514
-001572
0000000
0000698
0000232
-001456
-002795
-000932
0002503
0004307
0004365
0003725
0003201
0004540
0006344
0005588
0003434
0002270
0002503
0004249
0005704
0003725
0000465
0000232
0002328
0004307
0005355
0004598
0002852
0001746
0001455
0001862
0001979
0000000
-002795
-003668
-002969
-002329
-001980
-001921
-002096
-002096
-002154
-003027
-003842
-002853
-001456
-002969
-005007
-002562
0002270
0004656
0004482
0003667
0002153
-000059
-001980
-002445
-001572
-000175
0000756
0000174
-001107
-001107
-000059
0001222
0001804
0000058
-001863
0000000
0003376
0002677
0000000
0000174
0002328
0003958
0003900
0000873
-003086
-004250
-002911
-001223
0000232
0001338
0001513
0000465
-001281
-003027
-003784
-002154
-000175
-002213
-005298
-003435
0001106
0002677
0001688
0000873
0000407
0000174
0000232
0000058
0000291
0002270
0004249
0003026
0000116
-000641
-000292
-002096
-004133
-002154
0001222
0000349
-002445
-001398
0001862
0003376
0002852
0000931
-000757
0000465
0002794
0002270
-000233
-001863
-002445
-002795
-002795
-002562
-002271
-002213
-002213
-002329
-002096
-000641
0000640
-000932
-003551
-003377
-001223
0000582
0001338
0001222
0000116
-001980
-003668
-003086
-001165
-000466
-000932
-001747
-002736
-004250
-005181
-004425
-001863
0002677
0006228
0003900
-000815
0000000
0003492
0002153
-001689
-002387
-000815
-000292
-000466
0000116
0000814
0000523
-000175
0000058
0000291
-001863
-004250
-002969
0000349
0001571
0000698
-001107
-002736
-002504
-000932
0000407
0000582
-001980
-004948
-004075
-001281
-001339
-002504
-000466
0002735
0002968
0001338
0001513
0002153
-000233
-002969
-000699
0003667
0003783
0001513
0002503
0004831
0004016
0001222
-000524
-000932
-000932
0000232
0004016
0007043
0003434
-002911
-003959
-000990
0001047
0001513
0000582
-000757
-000641
0000407
0000814
0000000
-002853
-005938
-006637
-005123
-002445
-000350
-001630
-004192
-003260
-000408
0000000
-000815
0000232
0002095
0002561
0002153
0002619
0003201
0002444
0000873
-000292
-000292
0001862
0004016
0001920
-002154
-003260
-002213
-001921
-002329
-002911
-002736
-000117
0003026
0003609
0001920
-000175
-001921
-002795
-002504
-001048
0000232
-000699
-002969
-004366
-004366
-003377
-001805
-000292
0000640
0001280
0000931
-001048
-003551
-004657
-003842
-000990
0001513
-000815
-004599
-002387
0002503
0002561
-000757
-002329
-002504
-002736
-003144
-004133
-004832
-004075
-001921
0000931
0003259
0003667
0002328
0000465
-001398
-003027
-003086
0000291
0004307
0004016
0001106
0000814
0001746
0000058
-002795
-004133
-003610
-001339
0000756
-000350
-003202
-004075
-002853
-000524
0001688
0001862
0000465
-000641
-001398
-002678
-003086
0000058
0003900
0003143
-000466
-002329
-001689
0001513
0004656
0003085
-000757
-000990
0000931
0000465
-001048
-000408
0001222
0001164
0000116
0000465
0001164
-000292
-002445
-002213
-000175
0002095
0003841
0004947
0004656
0002153
-000932
-002096
-001863
-002736
-003377
-000932
0002561
0003201
0001571
0000116
-000699
-000874
-000699
-000699
-001107
-002329
-003493
-003610
-002329
0000523
0003259
0003492
0001629
-000699
-002213
-001339
0000931
0002619
0003026
0002561
0001047
-001514
-003377
-002038
0000756
0000931
-000524
-000233
0000698
-000641
-001863
0001862
0006868
0005937
0001338
-000874
-000932
-001281
-000874
0002444
0006170
0005995
0002852
-000524
-002795
-002969
-001456
-000059
0000698
0000291
-000699
-001223
-000932
0000465
0001688
0000756
-001630
-003842
-004657
-003027
-000408
0000000
-001339
-002678
-003435
-003435
-002387
-000408
0001746
0003376
0003841
0002852
0001455
0001571
0002794
0003725
0003376
0000232
-002795
-000524
0004132
0004598
0001804
-000815
-002038
-000699
0001280
-000059
-003202
-004716
-004599
-004483
-003784
-001630
0000407
-000233
-002096
-001863
0000058
0001571
0002386
0002852
0002270
-000466
-003144
-001747
0001513
0001746
0000000
0000000
0000814
0000174
-001048
-000815
0000058
-000117
-000874
-000932
-000408
0000407
0001047
0001106
0000523
-000466
-001572
-002329
-002504
-001572
-000757
-002038
-004075
-004250
-002795
-000699
0000698
-000292
-002445
-002911
-001980
-001339
-001107
-000990
-001165
-001747
-002096
-001165
0000116
-000233
-001456
-001747
-001165
-000350
0000582
0001920
0003143
0004307
0004191
0000931
-002969
-002678
0000523
0003143
0004074
0002270
0000000
0001862
0005297
0005006
0002037
-000408
-001339
-000117
0001979
0002444
0001629
0000989
0000756
0000873
0001106
0000814
0000291
0000407
0000931
0001222
0001338
0001164
0001280
0002677
0004191
0003783
0001979
0000232
-000757
-000641
0000465
0002037
0003201
0002910
0001979
0002619
0003841
0003201
0001455
-000059
-000233
0002503
0005413
0003376
-001107
-001863
0000232
0001862
0002503
0002095
0001513
0003550
0005762
0003376
-000757
-000699
0001979
0002852
0002328
0002619
0002910
0001397
-000350
0000814
0002677
0000291
-003551
-002911
0000582
0001979
0001746
0002037
0002153
0000640
-001107
-000292
0001455
0000000
-002329
-000233
0003376
0002444
-000815
-000350
0001688
0000174
-002853
-002620
-000699
-001165
-002736
-002213
0000058
0002794
0005064
0005704
0004656
0002386
0000232
0000174
0001164
0000349
-001223
-001281
-000117
0001397
0002153
0001106
-001339
-004017
-005531
-004075
-001456
-001572
-003435
-004133
-003668
-002969
-002562
-003202
-004366
-004657
-004075
-002853
-001980
-002969
-004308
-002504
0000349
-000292
-002504
-001456
0001047
0001164
-000932
-004425
-006404
-002387
0003783
0004249
0000931
-000292
0000058
-000583
-001572
-001689
-001165
-000815
-000815
-001630
-002154
-000350
0002095
0002095
0000640
0000756
0001455
0000116
-001980
-002271
-001805
-003901
-006287
-004425
-000757
-000350
-002213
-003027
-002445
-000641
0001222
0001571
0000523
-001107
-002562
-003260
-002969
-001980
-000932
-000757
-001223
-001805
-001572
0001222
0004249
0003201
0000058
0000000
0001629
0001338
-000408
-002213
-003260
-002969
-001514
0000116
0001280
0001280
0000349
-000990
-001514
0000523
0003376
0003783
0002153
0000640
-000699
-002678
-004133
-003086
-000932
-000466
-001747
-004017
-005880
-005414
-003493
-002387
-002271
-002678
-002969
-001747
-000117
-000292
-001921
-004192
-005065
-001339
0003667
0003492
0000174
-000757
0000291
0000989
0001688
0003434
0005006
0004365
0002095
-000175
-001339
-000175
0002095
0003026
0002212
-000233
-002504
-001747
0000989
0003143
0003783
0002386
0000000
-000874
-000641
-000815
-001339
-002096
-002096
0000698
0003783
0002735
-000466
-001048
-000292
-002213
-004948
-004599
-002387
-001223
-000990
-000466
0000407
0001920
0003259
0003259
0002561
0002852
0003318
0002619
0000814
-002154
-003959
-001048
0003318
0002153
-001689
-000990
0002153
0002270
0000291
-000699
-000757
-000932
-000815
0000116
0000756
-000932
-003610
-004774
-004250
-002620
-000932
-000641
-001805
-003959
-005647
-004250
-002096
-003959
-007684
-008616
-006578
-002620
0000814
0000000
-002911
-002678
-000466
0000523
0000174
-000699
-001107
0000931
0003085
0001047
-002853
-003202
-001223
-000699
-000815
0000465
0002095
0002095
0000873
-000408
-001339
-001980
-001747
0000116
0002270
0002386
0001222
0001280
0001746
0000698
-000990
-001514
-001107
-000641
-000699
-002096
-003493
-001980
0000465
-000408
-002853
-002387
-000408
0000058
-000874
-002096
-002853
-001980
-000699
-002154
-004192
-002620
0000465
-000059
-002213
-001048
0001688
0001688
-000059
-000874
-000874
-001281
-001572
-000932
0000407
0002212
0003550
0002910
0001688
0002852
0004889
0004715
0002910
0001455
0000756
0000931
0002095
0004365
0006344
0005821
0003900
0003376
0003026
-000641
-004716
-004075
-000524
0001338
0001222
0000174
-001048
-001165
-000757
-001747
-002445
0000582
0004831
0005413
0003026
-000059
-002271
-002038
-000350
0000058
-000350
-000175
0000407
0001164
0001338
0000174
-001456
-002154
-001514
0000116
0002037
0003434
0003958
0003434
0002619
0002852
0003143
0000698
-001805
0000756
0005006
0004016
-000292
-002504
-002795
-003668
-003901
-000874
0002270
0000116
-004948
-007510
-007160
-005298
-002795
-001107
-000466
-000175
-000874
-003784
-006869
-007335
-004832
0000291
0004773
0003958
-000233
-002504
-002562
-001980
-000466
0002677
0005355
0004773
0001862
-001048
-002154
0000640
0005006
0006228
0004656
0002794
0001222
0000407
0000349
0000291
0000407
0000989
0001513
0000814
-000350
-000466
0000000
-000350
-001223
-001572
-001980
-004017
