-001398
0000349
0003026
0002677
0000349
-000408
-000350
-001921
-003610
-002795
-000641
0000116
-000699
-002562
-004657
-006345
-006578
-004250
-001747
-003726
-007743
-007801
-005996
-008150
-010944
-007859
-001281
0003201
0004715
0004249
0002270
0000174
-001281
-001689
-001165
-000815
-000350
0000931
0002328
0002677
0002561
0003609
0004773
0004016
0002444
0002561
0003550
0003026
0001979
0002794
0003259
-001630
-007160
-004425
0002270
0002561
-000874
0000232
0002910
0000291
-004075
-001863
0002212
-002562
-010304
-007975
-000408
0000291
-003260
-003144
-001107
-002038
-004017
-002504
-000175
-002736
-006986
-006113
-001980
-000059
0000407
0002619
0004482
0002735
-000815
-001747
-000583
0000232
0001280
0004016
0006519
0005413
0002503
0001629
0002852
0005297
0007218
0005995
0002619
-000583
-002736
-003842
-003668
-002096
-000408
-000466
-001398
-000583
0001047
0001688
0001513
0002095
0002270
0000407
-002678
-005472
-006637
-004832
-002154
-003202
-006113
-006462
-004716
-003086
-001921
-001630
-001805
-001281
-000292
0001106
0001571
-001165
-004657
-004425
-001863
-000932
-001398
-001630
-001281
-000175
0001397
0002735
0003026
0001280
-001107
-002096
-001339
0000756
0002968
0003434
0002561
0002270
0002328
0002095
0001455
-000408
-001630
0000640
0004074
0003783
0001106
-000059
0000174
0000465
0000582
0000000
-000932
-001456
-001689
-002387
-003027
-002911
-002387
-002271
-002271
-001805
-001165
-001165
-000874
0001397
0004424
0006112
0005704
0003143
0000116
-000466
0000582
0000814
0000523
0001047
0001688
0000756
-000699
-000815
0000058
0000465
0000698
0001455
0002328
0002852
0002677
0001862
0000291
-002213
-004133
-003202
-000524
0001571
0001804
-000699
-004832
-008965
-011002
-008383
-003610
-001921
-002736
-003202
-003027
-002445
-001456
-000466
0000349
0000814
0000814
0000291
-000117
0000582
0002212
0004482
0006053
0005530
0003434
0001047
0000000
0002503
0006053
0005704
0002503
0000000
-001107
-000990
-000175
0000000
-000641
-002213
-003435
-002096
0000349
0001338
0000349
-002387
-005531
-006986
-006869
-006345
-006113
-007626
-009023
-006928
-003027
-001107
-000874
-000583
-000175
0000058
0000523
0002386
0003318
-001048
-006462
-004716
0000989
0002386
0001338
0003550
0006694
0005646
0002735
0003434
0005995
0005821
0003783
0002852
0002561
0001513
0000989
0003550
0006461
0004424
0000174
0000000
0002444
0003085
0002037
0000174
-001456
-001456
-000292
0000116
0000058
0000582
0001164
0000698
-000350
-001165
-001689
-002387
-002795
-002387
-001456
-000757
-000641
-001630
-002853
-002620
-001805
-002271
-003202
-002853
-001107
0002444
0005006
0001979
-002911
-001921
0002677
0004365
0003550
0002619
0002503
0004831
0007451
0005937
0003085
0005297
0008964
0005646
-000408
0000058
0003900
0002503
-001514
-001689
0000523
0001164
0000640
0000291
0000232
0000756
0000989
-000815
-002969
-002038
0000058
-000757
-002736
-001805
0000465
0000756
-001107
-004541
-007684
-007568
-005065
-002795
-001165
0000349
0000931
-000641
-002678
-002154
0000232
0002095
0003201
0003958
0003900
0002503
0000698
0000349
0000873
0000349
-000757
-001281
-001107
0000116
0001164
-000292
-002096
0000000
0003725
0003841
0001571
0000349
0000523
0002270
0003783
0001746
-002096
-003901
-003842
-003842
-003726
-003144
-001980
0000000
0001746
0001920
0000640
-001747
-003260
-000757
0003259
0003434
0001397
0001455
0003434
0005879
0007625
0007043
0005238
0005006
0005704
0005355
0004191
0002968
0001862
0001222
0000873
0000407
0000349
0002037
0003841
0002735
0000000
-001630
-001805
-001107
0000000
0000291
0000000
0000291
0000407
-000583
-002504
-005531
-006637
-000874
0006752
0006286
0000698
-001863
-001339
-000292
0000814
0001629
0001338
-000699
-002911
-002504
-000350
0001222
0001862
0002095
0001979
0001746
0002444
0006228
0009895
0007392
0002270
0002153
0004889
0004016
0001746
0003143
0006694
0008440
0008149
0006461
0004074
0001862
0000291
-000699
-000874
-000175
0000640
0000349
-000641
-001165
-001572
-002387
-003901
-006695
-008558
-005880
-000990
0001164
0000698
-000175
-001339
-002969
-004075
-003260
-001456
-000350
-000350
-001630
-002678
-000815
0002270
0003085
0002619
0004016
0006519
0008324
0008906
0008265
0006985
0006286
0006170
0006053
0005471
0003318
0001164
0002270
0004365
0002386
-001456
-001805
-000117
-000583
-001863
-000815
0001513
0003026
0002619
-000932
-005298
-006287
-005181
-006345
-007975
-006113
-002795
-002329
-003377
-002096
-000117
-001514
-004133
-003784
-001048
0002037
0003783
0001571
-001456
0001338
0006519
0006461
0003143
0002095
0003143
0004482
0005588
0005762
0005180
0004947
0005006
0005471
0005588
0003958
0001397
-000757
-001398
0000989
0004365
0005064
0003841
0003841
0003783
0001047
-002271
-002154
-000175
-000990
-002969
-002387
-000175
0001222
0001513
0001047
-000175
-001863
-003610
-005123
-005531
-004133
-001863
-000350
-000059
-001048
-002213
-001689
-000059
0001106
0001455
0000989
0000232
0000465
0001047
0000698
-000466
-001747
-002387
-001456
0000407
0001629
0001746
0000640
-001165
-002911
-003784
-003319
-001980
-001165
-001048
-001398
-001630
-000292
0001571
0002561
0002095
0000116
-002213
-002969
-002329
-001572
-000815
0000582
0001513
0000640
-001281
-002678
-003260
-003784
-003435
-001048
0001688
0001804
0000523
0001338
0003085
0003085
0001746
0000698
-000292
-001921
-002969
-001339
0001397
0001920
0001047
0001397
0002619
0004656
0004540
-003319
-012516
-011177
-003202
0000349
0000000
0000174
-000117
-003319
-006171
-002271
0003259
-000350
-007684
-005822
0000291
-001863
-007510
-004948
0001746
0003143
0000407
-001456
-002445
-003377
-003784
-003086
-002329
-003959
-005647
-003202
0001571
0004424
0004598
0002095
-000815
-000350
0002503
0004773
0005646
0004656
0002677
0001280
0001280
0003318
0005879
0005995
0004715
0004889
0005646
0004715
0002386
-000408
-002445
-002445
-000757
0001338
0002386
0000407
-002620
-002562
-000757
-000524
-002154
-005472
-008732
-009256
-007451
-005472
-004017
-003610
-003959
-004192
-004192
-003784
-003610
-005181
-006287
-003144
0002037
0004598
0004656
0004074
0003725
0005238
0007218
0006752
0004656
0003318
0003026
0004016
0005122
0004365
0002677
0002328
0002677
0001804
0000000
-001980
-003144
-002154
-000175
0000291
-000292
-000350
-000175
-000641
-001747
-003377
-004541
-003551
-001863
-002387
-004133
-004308
-003202
-002387
-001572
0000407
0002037
0000756
-002213
-004366
-004599
-001863
0001280
-000350
-003784
-002736
0001164
0003550
0003900
0002677
0001338
0002852
0005180
0003958
0000814
-000233
0000756
0002328
0004016
0005879
0006286
0003143
-001281
-002795
-001921
-001281
-000815
0000116
0000814
0000756
0000000
-000699
-001572
-003435
-005065
-004716
-002853
-001165
-000292
-000408
-001630
-004017
-006054
-005356
-003027
-002038
-001921
-000699
0000523
-000175
-002038
-003726
-004425
-003435
-001630
-000699
-000815
-001456
-002387
-003144
-003784
-004890
-005531
-004133
-001863
-000932
-001398
-002620
-003610
-003086
-001514
-000233
0000407
0000523
0000232
-000117
-000350
-000408
-000350
-000408
-000874
-002038
-003668
-005065
-005880
-005763
-004599
-001863
0000291
-001921
-005589
-004832
-001107
0001222
0001455
-000815
-002853
0001106
0006636
0004249
-001572
-000466
0004540
0005530
0003609
0002444
0002677
0005006
0006927
0004074
-000932
-002387
-000874
0001106
0001920
-000641
-004483
-005181
-003668
-003551
-003726
-001398
0001397
0000931
-001747
-003610
-004250
-003901
-003551
-005763
-008208
-006229
-002154
-001165
-002736
-004017
-004832
-005647
-005356
-002038
0001862
0001746
-000466
0000058
0002153
0002328
0001338
0001047
0001222
0000931
0000756
0001920
0003725
0004656
0004715
0004773
0004598
0003900
0003143
0002735
0002735
0003259
0003434
0001629
-000815
-001223
-000466
-001281
-002504
-001572
0000232
0000349
-000932
-002038
-003027
-004483
-005647
-005356
-004366
-004308
-005239
-006928
-008266
-007684
-006171
-006462
-006986
-003610
0000349
-001921
-006229
-003668
0002619
0005064
0003725
0001222
-001107
-001339
0000174
0001571
0002444
0002735
0002561
0002910
0003318
0003085
0002561
0002619
0002968
0002794
0002794
0004656
0006694
0005762
0003259
0002677
0003492
0004074
0003841
0002444
0000174
-002911
-004774
-002504
0001106
0000058
-003202
-002620
-000059
-000350
-002504
-003784
-004192
-004483
-004017
-002154
0000465
0003026
0004191
0002212
-001107
-002445
-001689
-000292
0001629
0004424
0006170
0003958
0000407
0000756
0003376
0003434
0001629
0000291
-000583
-001689
-002038
-000059
0002619
0003026
0001979
0002153
0003085
0003958
0004132
0002968
0001280
0001047
0001513
0000582
-000990
-002096
-002271
-001339
-000175
-000233
-000932
-000699
0000291
0001338
0001804
0000989
-000699
-002795
-003726
-000874
0002735
0000582
-003493
-001223
0004656
0007101
0006752
0007567
0007916
0004249
0000232
0003492
0008557
0003550
-005472
-005065
0001047
0002328
0000291
0000349
0001222
-000292
-002795
-003610
-002969
-002620
-002038
0000232
0001979
-000932
-005589
-006345
-004075
-002329
-001223
0000058
0000931
0000756
0000232
0001222
0001979
-000932
-004890
-005007
-002154
0000174
0001571
0002095
0002153
0002852
0003667
0003201
0002153
0002153
0002735
0002153
0001688
0004191
0007218
0006112
0003201
0004424
0007159
0005704
0001804
-000059
-000059
0000523
0000640
-001630
-004192
-002736
0000756
0001688
0000349
-001048
-002504
-004425
-005705
-005065
-003319
-002213
-002271
-003435
-004948
-005472
-004832
-003901
-002271
0001280
0004074
0001804
-002445
-002038
0001338
0002386
0002037
0003376
0005471
0006461
0006985
0009139
0010885
0008906
0005180
0004016
0005355
0007742
0008964
0005297
0000058
0000000
0002968
0003026
0001338
0001513
0002677
0002328
0000989
-000292
-001048
-000932
0000058
0002095
0003609
0002386
-000815
-004017
-005822
-004541
-001921
-001223
-002271
-003377
-004133
-004366
-003784
-001863
-000292
-001630
-004192
-004541
-002911
-000757
0001222
0002444
0002677
0001804
0000873
0001688
0003550
0004947
0005180
0003550
0001397
0001571
0002794
0002037
0000349
0000232
0001222
0001804
0001688
0000407
-000932
-000059
0001513
0000116
-002562
-002562
-001339
-003202
-005472
-002620
0002328
0003201
0000989
-000466
-000932
-001048
-000874
-000641
-000757
-001747
-002736
-002213
-000350
0002328
0004074
0002212
-001456
-002911
-002154
-000815
0000582
0001338
0001862
0003958
0005762
0003783
0000465
0001280
0003783
0002561
-000815
-001805
-001281
-002329
-003377
-001048
0002095
0000407
-002736
0000989
0006577
0003085
-003959
-001980
0004132
0002037
-003959
-003144
0001280
0000756
-002329
-002038
0000349
0001397
0001338
0001397
0001746
0002735
0003783
0004365
0003841
0001455
-000932
-000175
0002444
0003841
0003958
0004016
0003725
0002444
0001047
0000931
0001746
0002794
0002910
0000582
-002445
-002387
-000874
-002038
-004308
-004250
-002562
-001223
-000583
-000583
-000874
-000583
0000058
0001164
0001222
-002096
-006287
-006404
-004075
-003901
-005007
-004657
-003435
-002620
-002213
-001921
-001048
0002037
0004831
0002852
-001398
-002213
-000699
-000641
-001048
0000465
0002735
0003609
0003201
0002153
0001746
0003900
0006927
0007159
0005471
0004831
0004307
0000698
-002387
0001746
0008207
0006636
0000407
-001689
-000408
0000407
0000698
0001164
0001455
0001397
0000873
-000292
-001921
-004366
-006229
-005647
-003668
-002504
-002445
-002911
-003668
-004133
-004657
-006171
-007277
-005763
-002853
-001107
-001107
-002736
-004774
-005007
-003377
-000524
0001979
0001746
-000059
-000641
0000465
0003201
0006286
0007625
0007276
0006694
0006053
0005821
0005588
0004249
0002910
0003434
0005180
0006577
0006810
0005413
0002968
0000349
-001165
-000059
0002270
0003201
0002444
0000582
-001630
-003086
-003260
-001747
-000117
-001281
-004075
-005298
-005123
-004832
-004599
-004890
-005414
-005589
-005414
-005414
-005298
-004716
-003726
-002329
-001107
-000524
-000815
-002271
-003377
-001630
0001106
0000873
-000641
0000931
0003841
0004424
0002735
0000291
-002096
-003377
-003144
-001223
0000873
0000640
-000524
0000640
0003026
0004074
0003667
0002270
0000756
0000407
0001047
0002270
0002735
0000349
-003027
-003493
-001805
-000757
-000408
0000465
0000465
-003086
-006811
-004308
0001047
0001397
-001339
-001805
-000757
-000815
-000932
0000989
0003783
0004947
0004540
0003667
0002386
0000465
-000757
0000814
0003725
0004482
0004307
0006461
0008673
0006519
0001862
-001048
-001339
0001164
0004249
0004016
0001746
0001397
0001862
0000116
-002271
-002445
-001456
-001863
-003202
-004075
-004308
-004075
-003319
-002038
-000757
-000350
-000699
-000990
-001281
-002038
-002271
-000059
0002735
0002677
0000640
-000699
-000815
0000465
0002212
0002968
0002619
0001862
0000931
0000174
0000000
0001106
0001979
-000175
-003435
-003260
-001514
-002445
-004890
-005763
-005123
-003726
-002504
-002562
-003260
-002678
-001398
-000932
-000932
-000292
-000059
-002329
-005123
-004657
-002329
-001805
-002678
-003260
-003086
-001863
-000524
-000699
-001689
-001630
-000408
0002212
0004540
0003725
0001688
0002735
0005238
0005297
0004074
0004598
0005995
0006170
0005180
0003667
0002328
0001629
0001862
0003085
0004249
0003783
0002037
0000698
-000466
-002911
-004716
-002853
0000465
0000465
-001689
-002213
-001747
-002096
-003144
-004366
-004832
-002736
-000641
-003435
-007743
-006404
-002038
-001514
-003726
-005123
-005414
-005007
-004308
-004599
-005239
-004657
-003027
-001048
0000698
0001455
0001513
0002095
0002386
0000873
-001048
-000524
0001571
0002968
0003725
0004947
0005704
0004540
0002270
0000640
0000000
0000291
0000814
0000000
-001456
-002387
-002038
0000232
0002910
0003434
0002270
0001688
0001106
-000932
-003493
-004948
-004948
-004017
-002329
-000117
0001513
0001571
0000349
-000815
-002038
-004017
-006113
-007801
-008266
-006695
-004716
-005880
-007743
-005414
-000466
0003900
0005704
0002968
-001514
-002736
-000699
0002561
0004889
0003085
-000641
-001456
-000059
0000523
0000232
-000175
-000583
-001048
-000524
0003434
0007276
0004191
-001398
0000116
0005006
0003841
-000583
-000990
0000756
-000292
-002911
-003668
-003319
-004366
-005065
-001747
0002735
0003026
0000465
-000524
-000641
-002445
-004192
-002445
0000756
0001047
-000466
-000175
0001164
0001106
0000989
0004016
0007334
0005180
0000582
0000291
0002619
0002328
0000698
0001338
0002619
0000756
-002213
-001805
0000465
0000873
-000233
-001689
-002445
-001223
0000523
-000524
-002911
-003435
-001921
0001571
0004132
0000814
-004599
-004192
-000292
0000349
-000990
-000641
0000582
0000582
0000000
0000291
0001571
0003958
0005762
0004191
0000814
-001107
-000757
0002153
0005646
0006286
0005064
0005413
0006344
0005355
0003783
0004249
0005471
0004132
0001688
0001571
0002561
0001397
-000757
-001165
-000874
-002678
-005298
-005880
-004716
-003144
-002038
-002620
-003784
-002969
-001165
-000699
-001747
-004308
-006520
-004832
-001456
-001514
-003027
-000699
0002503
0000291
-004075
-003726
-000350
0000814
0000640
0001862
0003783
0005530
0006053
0004191
0002037
0004132
0007509
0005530
0001280
0001455
0004482
0005879
0005064
0001804
-001689
-001514
0000873
0001106
0000000
0000291
0000989
-000408
-002504
-002795
-001747
-000932
-000641
-000990
-000990
0001280
0003609
0001688
-002213
-002969
-001514
-000641
-000874
-002387
-004075
-004133
-002911
-001863
-001165
-000350
0000000
-000932
-001805
-000117
0002503
0002503
0001280
0002386
0004889
0006519
0006752
0005821
0003958
0001047
-000757
0002212
0006228
0003434
-002154
-001630
0002386
0002386
0000640
0003318
0006752
0003085
-002969
-001048
0004598
0003492
-001339
-002154
0000349
0002910
0004715
0005471
0004715
0002153
-000874
-002329
-002329
-001805
-001572
-002969
-004599
-003551
-001165
-000757
-001514
-000932
-000117
-001514
-003551
-002911
-000583
0000873
0001222
0000931
-000059
-002271
-003726
-001048
0003376
0004540
0003318
0003085
0003085
0001106
-001165
-001048
0000814
0002561
0003434
0002677
0001397
0001746
0002910
0002677
0001513
0000989
0000291
-002504
-005414
-005007
-002329
-000350
0000407
0000000
-001223
-002096
-002678
-003551
-003959
-002678
-000874
-000815
-001398
0000058
0002503
0003958
0004016
0002968
0001513
0001222
0001629
0001047
0000523
0002153
0004307
0003841
0001688
0000931
0000814
-000932
-002795
-001805
0000174
-000932
-003493
-003319
-001281
0000291
0001164
0002037
0001688
-002096
-005880
-003610
0001688
0003085
0001047
-001048
-002445
-002736
-001805
-000117
0001280
0000873
-000059
0001222
0003609
0004656
0004191
0002735
0001629
0003085
0005762
0006636
0005995
0005530
0004831
0002968
0001222
0001571
0002794
0001746
0000000
0000814
0002619
0001804
-000641
-002329
-002736
-002096
-000175
0003492
0006403
0004656
-000117
-004075
-005880
-004890
-002445
-001747
-002562
-003435
-004192
-004832
-005123
-004366
-003610
-004716
-006404
-005996
-004017
-002154
-001107
-001630
-002678
-001630
0000116
-000641
-001921
0000232
0003900
0005122
0003783
0000989
-001165
0000407
0003492
0002561
-000466
-001048
0000407
0002386
0003783
0003259
0002270
0004074
0006810
0006112
0003609
0003434
0004191
0002561
-000466
-002562
-003610
-004948
-005589
-004017
-002387
-005123
-008499
-004657
0001979
0001804
-002154
-001281
0001629
-000932
-005123
-002096
0003259
0000232
-006287
-004890
0000814
0001746
-000932
-002736
-003027
-001572
0000291
-000059
-001689
-002271
-001048
0003376
0007742
0006344
0001746
-000059
0000349
-000466
-001107
0001164
0004482
0005238
0003783
0002386
0001338
0000407
-000059
0000582
0001106
-000524
-003435
-005705
-006637
-006171
-004366
-001980
0000349
0002153
0002619
0001106
-001223
-002329
-001980
-000350
0001047
-000292
-002969
-003493
-002213
-000466
0001222
0002619
0003376
0003376
0002910
0002910
0002968
0002212
0001047
0000756
0000756
-000408
-001805
-001630
-000874
-001689
-003202
-003551
-002853
-002154
-001048
0001688
0004249
0003900
0001862
0001629
0001629
-001630
-005822
-007044
-005065
-000990
0002910
0003318
0000814
-002213
-004483
-005181
-004192
-001863
0000116
-000641
-002620
-002329
-000175
0002095
0004074
0005821
0006403
0004715
0001920
0000291
-000233
-000641
-000583
0000640
0001920
0001804
0000698
0000174
0000523
0002095
0003434
0001804
-001165
-002154
-000932
0002212
0004656
0001804
-002795
-001339
0002968
0002735
-000932
-004017
-005356
-004250
-001863
-000641
-000815
-001689
-002562
-002445
-001456
-000350
0000407
0000349
-000175
0000058
0000814
0001571
0001804
0000931
0000232
0002503
0005238
0003609
0000232
0001280
0004889
0006286
0005530
0004947
0003492
-001630
-006171
-003144
0003609
0004889
0002328
0001746
0002444
0001688
0000349
0000640
0001280
-000466
-002795
-001921
0000174
-000932
-003784
-004716
-004599
-006171
-008441
-009431
-009081
-008092
-007044
-006928
-007219
-006113
-004832
-005763
-007102
-004774
-000932
0000058
-001630
-004599
-006113
-001980
0004482
0006577
0005064
0004132
0003783
0003085
0002328
0001804
0001222
-000350
-001514
0000349
0003143
0002561
0000232
0000698
0002212
0000698
-001805
-000874
0001746
0001804
0000407
0000989
0002095
0000814
-002038
-004075
-005298
-007044
-007801
-005181
-001572
-001689
-004774
-007975
-010071
-009780
-008266
-009023
-009896
-006171
-000641
0001047
0000174
0001280
0003201
0002852
0001571
0002270
0003783
0003201
0002037
0003376
0005704
0005821
0004074
0002386
0000756
-001747
-003260
-001107
0002561
0003026
0001222
0000407
0000116
-001223
-002736
-002562
-001339
-000699
-000350
0001164
0002444
0001106
-000874
0000873
0003900
0003143
-000175
-002620
-003319
-002213
-000524
-000699
-002213
-003668
-004133
-002445
0000058
0000523
-000175
0000873
0002444
0001920
0000407
0000523
0001397
0001047
-000175
-001339
-001980
-001805
-001165
-001107
-001456
-001048
-001223
-004366
-008034
-007568
-004599
-003260
-003377
-003086
-003027
-004250
-005123
-002329
0001338
0000582
-002911
-004890
-005007
-004192
-003202
-003144
-003901
-004599
-004832
-003842
-002969
-004541
-006578
-005356
-001456
0003201
0006519
0006112
0003492
0002794
0003609
0003841
0003492
0003143
0002561
0001222
-000175
-000583
0000000
0001338
0002561
0002561
0001455
0000232
-001048
-002736
-004192
-004483
-003726
-002562
-001689
-002096
-003260
-004017
-004133
-004017
-003319
-001223
0000582
-000990
-003784
-003319
-000990
-000350
-001165
-001805
-002329
-003435
-004425
-004716
-003493
0000174
0004016
0004191
0001804
-000233
-000641
0001513
0004773
0005995
0005646
0005762
0006053
0006344
0005588
0002270
-001456
-001165
0000873
-000874
-003959
-002620
0000756
0000640
-001572
-001456
-000641
-003260
-005763
-000874
0005879
0003434
-003959
-005880
-003377
-001398
-000757
-001863
-003959
-005181
-005414
-005589
-005589
-005181
-004890
-005298
-006113
-006695
-006287
-004192
-001107
0001513
0003085
0003376
0002386
0000291
-001281
0000407
0003201
0002328
0000058
0001746
0005180
0005355
0003434
0002677
0002794
0002328
0001338
-000059
-001223
-001572
-000990
-000117
0000814
0001746
0002212
0002095
0001513
0000931
0000756
0001455
0002328
0002212
0001164
-000175
-001223
-001689
-001048
0001222
0003667
0004016
0002328
-000583
-003493
-005239
-005298
-004308
-002038
0002095
0005588
0005064
0002153
0000931
0001455
0002561
0003376
0002852
0001397
0000349
-000175
-000175
0000232
0001222
0001979
0000989
-000583
-000757
0000174
0001397
0001804
0000174
-002213
-002795
-001747
-000583
0000174
0000174
-000350
-000815
-001107
-001456
-002038
-003319
-004250
-003260
-001048
0000523
0001280
0001746
0001920
0001920
0001920
0002561
0002968
0001629
-000117
0000698
0002794
0003259
0002677
0002794
0003492
0004132
0004424
0004773
0004132
0000873
-002445
-001223
0002444
0003841
0002735
0000349
-002213
-003144
-002911
-003435
-004075
-003435
-002213
-002213
-002329
0000058
0003026
0002852
0000582
-000641
-000699
-000233
0000582
0001571
0001571
-001689
-004832
-001514
0004016
0002561
-002329
-002154
0001629
0004249
0005006
0004249
0002968
0003492
0004947
0004947
0004249
0004424
0005180
0005355
0005006
0005006
0004249
0000698
-002911
-001398
0002444
0001804
-001048
0000232
0003259
0002328
-000932
-002445
-002678
-003668
-004483
-003260
-001514
-002038
-004192
-005589
-006462
-008558
-009314
-004192
0002328
0001629
-003435
-004599
-002853
-002736
-002562
0001513
0006112
0005122
0000873
-000524
0000756
0002212
0003609
0005355
0006286
0004773
0002503
0003026
0004424
0002212
-001165
-000815
0002153
0004307
0005064
0004598
0003550
0003434
0003667
0002852
0001455
0000232
-000350
-000175
0000814
0002619
0003667
0001338
-002504
-004308
-003901
-002678
-001572
-001921
-003319
-004250
-004425
-004133
-003027
-000815
0001106
0000000
-002504
-002678
-001339
-001339
-002096
-002562
-001980
0000756
0003841
0004016
0002270
0001862
0002561
0003085
0003550
0003958
0004074
0003609
0002794
0001979
0001455
0001629
0002037
0001979
0001222
-000466
-001921
-001281
0000698
0001688
0001920
0002503
0003318
0004307
0004773
0004249
0002444
-001339
-004657
-003551
-000408
-000699
-003086
-003784
-002911
-001630
0000000
0002503
0004424
0003609
0001571
0001571
0002503
0001338
-000524
-000117
0001979
0004365
0006170
0006461
0005821
0005937
0005821
0003259
-000524
-003144
-003901
-003493
-001572
0002095
0005762
0007567
0006519
0002212
-002504
-002795
-000059
0001455
0001455
0000814
-000233
-001223
-001572
-000583
0000931
0001397
0001338
0002561
0003725
0002444
-000117
-000757
-000292
-001107
-002213
-001805
0000058
0002968
0005180
0004132
0001455
0000989
0001862
0001513
0000698
0001455
0002677
0002153
0000989
0001513
0003026
0003667
0003259
0002037
0000873
0001164
0002037
0001222
-000466
-001514
-001514
0000058
0001222
-001805
-006229
-006753
-004541
-003726
-004017
-003842
-003668
-004599
-005822
-005996
-004832
-002038
0000698
0000756
-000699
-000524
0000640
0000931
0000582
0000814
0000873
-000932
-003027
-002678
-000815
-000292
-000757
-001048
-000117
0003900
0008615
0010245
0008265
0003492
-001048
-000408
0003026
0003259
0000931
-001572
-002736
-000292
0003026
0001455
-002213
-001630
0001164
0000814
-001281
-001456
-000233
0001106
0001455
-000583
-003668
-005065
-004599
-003260
-001921
-001747
-002387
-002504
-002445
-002969
-003901
-005531
-006462
-004657
-001456
0000407
0000931
0001629
0002328
0002677
0002968
0003550
0004482
0005704
0006694
0006461
0005588
0005995
0006694
0005588
0003900
0004249
0005180
0003376
0001106
0003085
0006752
0006170
0002968
0001746
0001804
0000407
-001048
-000175
0002037
0003376
0002852
-000466
-004075
-003551
-000583
0000582
-000583
-004017
-007277
-006229
-003144
-003784
-005996
-004774
-001805
-001165
-002445
-004366
-005181
-002329
0001629
0001164
-001747
-001980
-000117
0001455
0002212
0001455
0000291
0000756
0002561
0004773
0005704
0002852
-001048
-000583
0002328
0002619
0000349
-003377
-006054
-003959
0000582
0002444
0001862
0001688
0001164
-001456
-004308
-004075
-002096
-001630
-002271
-002445
-001863
0000058
0001397
-001048
-005414
-007684
-007801
-007451
-006578
-004948
-003319
-002795
-002736
-000990
0000931
0000058
-001747
-000583
0001979
0002153
0000465
-000990
-002154
-003435
-004250
-003842
-002504
-000874
0000407
0000873
0000407
-000932
-002096
-001107
0000582
0000232
-001747
-004017
-005472
-004308
-002213
-002620
-004308
-003784
-002038
-001339
-002038
-004250
-006578
-006753
-005239
-003668
-002387
-001398
-000699
0000291
0000814
-000292
-002213
-002853
-002620
-002853
-002853
-000815
0001862
0002852
0002561
0002677
0003026
0002735
0001920
0000989
0000000
-001339
-002387
-002387
-001980
-002504
-003493
-003959
-003726
-002678
-001630
-001921
-003144
-003959
-004657
-006637
-008092
-006113
-002969
-003144
-005356
-005414
-004483
-005822
-007743
-007219
-004890
-002445
-000757
-000524
-001107
-000874
0000174
0002037
0003085
0000523
-003202
-003435
-000757
0002037
0003900
0003492
0002386
0004016
0006636
0006403
0004016
0002095
0000931
0000465
0000407
-000175
-000932
-001223
-001281
-001921
-002271
-000233
0001979
0000000
-003959
-004716
-003551
-004541
-006113
-004774
-002213
-001863
-003377
-004657
-005938
-008092
-009896
-008965
-006869
-006811
-007859
-007219
-005472
-003901
-002969
-003319
-003260
0000174
0004715
0006053
0004715
0003143
0002386
0003259
0004656
0003667
0001746
0002503
0004016
0001629
-001921
-000641
0002619
0001338
-002213
-002038
0000116
-000466
-002154
-001223
0001164
0002503
0002212
0000349
-002271
-004017
-004599
-004425
-003551
-002038
-000699
-000815
-001689
-000874
-000408
-004250
-009605
-011061
-009140
-006928
-005181
-004308
-004133
-003668
-003144
-003027
-002911
-001921
-000699
-000524
-000990
-000990
-000583
-000292
0000000
0000756
0001455
0001222
0000291
-000874
-001863
-002329
-002096
-001281
-000408
-000815
-001398
0000407
0002328
-000233
-004657
-005007
-002562
-001048
-000815
-001747
-002504
-000292
0002386
0000814
-003027
-004366
-003493
-003144
-002620
-000408
0002037
0002095
0000582
-000117
0000291
0001862
0003259
0001629
-000641
0001338
0005006
0004831
0002503
0003026
0004307
0001571
-002329
-002038
0000814
0001804
0000873
-001048
-002853
-002853
-001805
-001630
-002096
-002562
-002620
-002038
-001165
-000641
-000757
-001863
-003260
-003959
-004017
-004250
-004774
-005356
-006229
-008383
-008965
-003202
0004249
0004191
0000174
0002153
0006112
0002386
-003784
-000874
0005995
0004365
-001339
-000059
0005122
0006228
0004598
0004482
0005006
0003318
0001280
0002444
0004889
0004074
0001571
0000989
0001862
0002619
0002619
0001222
-000583
-000583
0000640
0001222
0001047
0000407
-000641
-002038
-003260
-003668
-003493
-003202
-003668
-006054
-008266
-006287
-002504
-002329
-004657
-005705
-005705
-005996
-005996
-004366
-002329
-002154
-002911
-002038
-000350
0000058
-000059
0001338
0003841
0006752
0008964
0009604
0008440
0005762
0003259
0003609
0005588
0006170
0005355
0003900
0002444
0001920
0001979
0001222
0000291
0000523
0001164
0000116
-001572
-001689
-000757
-000059
-000117
-001339
-003435
-005705
-007102
-006462
-004425
-002096
-000874
-002213
-004599
-004832
-003319
-001689
-000874
-001805
-003202
-002271
0000058
0001513
0002095
0002910
0003725
0004773
0005006
0002619
-000466
-000815
0000873
0001804
0002212
0003550
0004656
0004249
0002735
0001106
0000349
0001513
0003841
0005413
0005704
0004831
0003201
0001746
0000814
0000756
0000582
-001921
-004541
-003144
0000174
0000523
-001339
-002678
-003260
-003319
-002969
-003027
-002678
-000408
0002444
0003318
0002561
0001571
0000582
-000699
-001805
-002853
-002562
0001222
0005588
0005297
0002328
0001920
0003026
0002328
0000349
-002038
-003260
-001107
0002328
0002968
0001106
-001165
-002736
-002154
-000466
-000583
-001514
-000350
0001280
0000232
-002562
-004832
-005589
-004308
-001863
0000116
0001164
0001397
0001047
0001164
0000873
-001514
-004541
-005472
-004483
-003435
-001863
0001222
0004598
0006577
0006577
0004889
0002153
-000932
-002038
0002270
0007567
0005238
-000757
-000641
0002968
0002444
0000174
0002386
0005530
0001804
-003959
-001630
0004424
0003841
-000757
-001689
-000699
-003086
-006113
-004425
0000232
0003783
0005122
0004016
0001280
-001223
-002387
-001281
0000465
-000990
-003435
-001980
0001338
0001513
-000350
-001048
-000699
-000233
0000174
0000232
0000174
0000174
0000407
0000931
0001746
0002735
0003550
0003725
0003318
0002095
0001338
0002677
0005064
0005937
0005355
0004249
0003026
0001920
0001338
0001397
0002037
0003434
0004482
0003550
0001338
-000408
-001514
-002445
-003202
-003842
-004133
-003784
-003027
-002504
-002445
-002853
-003726
-004599
-005298
-006054
-005938
-003260
-000117
-000117
-002271
-003726
-003959
-003435
-002096
-000350
0001629
0004482
0006403
0005122
0002153
0000873
0001164
0001106
0001164
0002444
0003958
0004016
0003026
0002328
0002212
0002735
0003550
0003783
0003318
0002270
0001397
0002153
0004132
0006694
0008091
0005704
0001688
0000640
0001688
0002095
0001280
-001223
-003959
-004250
-002795
-001805
-001456
-001339
-001456
-001747
-001921
-000990
-000175
-001980
-004250
-003377
-000233
0002270
0003376
0002503
0000814
0000756
0001688
0001571
0000873
0000756
0000989
0001222
0001397
0001746
0002270
0002968
0003550
0003376
0002561
0001455
0000407
-000408
-000757
-000583
-000292
-000874
-001689
-001107
0000000
-000117
-001048
-001572
-001689
-002038
-002678
-003959
-004599
-002620
0000407
0001338
0000291
-001107
-002154
-002271
-001281
0001047
0002910
0001979
-000524
-001456
-000874
0000116
0001397
0003026
0004365
0004773
0004598
0004773
0004947
0003958
0002503
0001920
0001746
0000698
-001107
-002795
-004192
-005472
-005589
-002678
0000465
-001398
-005356
-004774
-001921
-002853
-005181
-002853
0000873
-000990
-005007
-003086
0001222
-000408
-004890
-005007
-002271
-001398
-001630
-000408
0000989
0000000
-001689
-000757
0001629
0002503
0002328
0003143
0004191
0003958
0002968
0003085
0003259
0001338
-000874
0000232
0003201
0004598
0004074
0002095
-000350
-001747
-001805
-000815
0000349
0000349
-000815
-002678
-004250
-004716
-003784
-001689
0000174
-000641
-002620
-002387
-001398
-003319
-006520
-007626
-006811
-005414
-004192
-004017
-004075
-002154
-000059
-001630
-004133
-001747
0002677
0002444
-000117
0001397
0004715
0004889
0003143
0002852
0003900
0005471
0006636
0006344
0004947
0003318
0002212
0002037
0002735
0003958
0004598
0003026
0000523
-000117
0000465
0000232
-000408
-000350
0000174
0000756
0000756
-000408
-002213
-003435
-003959
-004133
-004250
-004948
-005705
-005065
-004017
-004774
-006171
-005356
-003842
-004832
-006811
-006869
-005181
-003144
-001456
-001223
-001514
-000292
0001222
0000582
-001223
-001630
-000815
0000174
0000989
0001688
0001804
0001106
0000116
-000408
-000175
0000873
0001746
0000523
-001456
-001630
-000524
0000058
0000000
-000641
-001339
-001339
-000757
0000116
0000465
-000757
-002620
-003086
-002445
-002096
-001921
-001514
-001223
-001572
-002213
-002562
-002445
-001689
-001107
-002387
-004366
-004366
-003493
-004366
-005822
-005880
-004192
-001048
0002037
0002735
0001804
0001746
0002095
0001222
0000407
0002212
0004540
0002968
-000408
-000699
0001106
0001746
0001280
0000349
-000583
-000524
-000408
-002038
-003959
-002911
-000757
-001572
-003959
-004192
-003202
-004133
-005298
-003377
-000408
-000524
-002562
-003260
-003202
-005007
-006637
-004657
-001107
-000408
-001456
-000175
0001513
-000524
-003551
-001747
0002328
0002386
0000349
0001455
0004307
0005355
0004889
0004715
0004424
0002968
0001513
0002037
0002968
0001106
-001747
-001572
0000174
-000292
-002213
-003319
-003551
-003260
-002853
-003493
-003901
-000990
0002270
0000000
-004366
-003027
0001106
0000989
-002154
-004541
-005589
-005647
-004657
-002911
-001514
-002038
-003377
-003027
-001398
0000465
0001862
0002270
0001920
0001397
0001047
0001164
0001746
0002561
0003492
0004482
0005238
0005646
0005530
0004715
0003550
0002619
0001629
-000641
-002387
-000466
0003085
0003900
0002561
0001862
0001513
0000756
-000466
-002562
-004133
-003027
-000641
0000116
-001107
-004075
-006753
-005996
-003319
-002853
-004075
-004890
-005123
-004890
-004017
-002387
-000874
-000641
-001747
-004075
-005938
-005123
-002445
-000350
0000931
0001513
0001804
0002561
0003609
0004656
0005180
0004715
0003259
0000873
-001048
-000466
0001280
0000698
-001107
-001456
-000408
0001280
0002794
0003026
0002270
0001513
0001106
0001338
0001280
-000524
-003493
-006811
-008092
-004192
0001397
0001688
-002038
-005123
-006578
-006054
-004599
-005123
-006520
-006404
-004890
-002911
-001048
0000582
0001047
-000932
-002969
-000757
0003434
0004307
0003259
0004715
0006694
0005180
0002270
0003085
0005413
0004482
0001629
0000465
0001222
0003492
0005530
0004598
0001920
0000989
0001164
0000582
-000233
-000175
0000465
0000989
0000989
0000058
-001048
-000699
0000232
-000466
-001572
-000350
0001455
0000116
-002736
-002795
-001339
-001572
-002678
-002329
-001281
-001572
-002213
-000874
0001455
0003085
0003259
0001688
-000757
-001921
-001980
-002504
-002445
0000116
0003609
0005297
0005238
0005006
0004191
0001513
-000583
0002561
0006752
0002677
-004192
-001921
0004831
0004365
-000292
-000874
0001455
0002677
0002794
0003026
0002794
0000989
-001339
-002562
-002562
-002038
-001339
-001339
-001223
0001047
0003143
0000465
-003610
-001921
0003085
0005297
0004656
0002852
0000814
-000059
0000465
0001746
0002968
0002735
0001629
0001280
0001571
0001629
0001455
0000756
0000174
0000814
0001979
0002212
0001862
0002968
0003550
-000408
-005472
-005181
-001514
-000466
-000932
0000582
0002735
0003143
0001862
-000292
-002445
-003726
-003726
-002504
-000757
0000756
0001280
0000058
-001107
0000989
0004307
0004540
0002794
0002619
0003609
0004482
0004831
0004132
0003376
0004598
0006519
0006461
0005471
0005879
0007043
0006927
0005762
0004365
0003259
0003434
0003841
0002212
0000174
0001455
0003900
0003026
0000582
0000931
0002619
0002037
0000232
0000232
0001164
0000640
-000466
-000117
0000873
0000291
-001281
-002504
-003551
-005647
-007102
-005181
-001572
0000465
0000989
0001688
0002212
0002270
0001688
0000465
-000583
-000350
0000640
0000814
0000873
0002735
0004715
0003143
0000407
0001688
0004889
0004947
0003085
0002735
0003318
0003026
0002212
0001862
0001746
0001164
0000465
0000116
0000582
0002328
0004016
0003085
0000931
0000465
0001222
0001280
0000989
0001455
0001688
-000292
-003086
-003959
-003027
-001398
-000175
-001165
-002795
-001456
0000814
-000583
-003842
-004774
-003668
-001805
-000350
-001107
-003144
-004774
-004716
-001514
0002444
0002910
0001455
0002794
0005297
0005530
0003550
-000059
-002038
0002852
0009954
0010070
0005238
0002328
0001804
0003085
0004074
0000174
-004948
-003959
0000349
0001106
-000408
0000291
0001455
-001165
-004832
-003784
-000524
-001339
-003901
-002969
-000059
0000931
0000582
0001280
0002386
0001862
0001222
0003434
0006461
0006461
0004074
0001397
-000175
0001455
0004249
0003958
0001746
0000931
0001280
0001804
0002386
0002910
0002910
0001804
-000117
-002445
-003842
-002504
-000292
-001514
-004250
-003901
-001980
-002329
-004133
-005356
-005123
-001805
0001455
-001107
-006404
-007277
-004890
-003610
-003086
-001630
-000350
-000990
-002562
-002795
-002154
-002096
-002038
-000815
0000640
0000582
-000583
-001514
-001689
-000350
0001862
0003725
0004715
0004365
0003609
0004307
0005180
0003259
0000291
0000058
0001338
0001106
0000058
0000349
0001280
0001280
0000523
-000292
-000990
-001805
-002213
-001398
-000699
-002562
-005298
-005705
-004250
-002620
-001863
-003260
-005472
-005705
-004250
-002387
-000874
-000641
-001281
-001281
-001048
-001921
-003086
-003144
-002271
-001456
-000408
0001455
0003376
0004365
0004365
0004132
0004016
0004889
0005879
0005297
0003725
0003085
0002794
0001222
-000350
0000873
0002968
0002444
0000291
-000408
-000350
-001630
-003202
-003144
-002038
-001805
-001747
0000116
0002037
0000698
-002154
-002154
-000874
-002154
-004541
-004657
-003202
-002678
-002678
-001805
-000699
-000117
-000350
-001514
-002678
-002329
-000932
0000116
0000465
0000058
-000233
0001280
0003725
0005588
0005879
0003667
0000989
0001571
0004249
0005821
0006053
0005471
0004249
0002910
0002212
0003259
0004831
0004482
0003143
0003201
0004191
0004540
0004132
0003085
0001920
0001629
0001455
-000524
-002853
-002795
-001689
-002853
-004948
-004774
-003610
-004599
-006869
-008383
-008499
-007393
-004599
0001047
0005646
0002794
-003319
-003027
0001047
0001338
-000932
-001921
-001689
-000990
-000350
-000524
-000990
-000408
0000698
0000756
0000698
0002968
0005355
0003550
-000059
-000175
0001979
0003143
0002735
0000931
-001281
-002154
-001572
-000641
0000640
0002503
0003550
0001746
-001223
-001921
-001048
-000583
-001165
-003260
-005822
-007219
-006753
-003784
-001048
-003435
-007917
-007975
-005007
-003551
-003668
-004133
-004366
-003551
-001805
0000523
0002212
0001222
-000757
0000232
0002037
-000059
-003435
-002562
0001338
0004656
0006170
0005064
0002212
-000699
-002445
-002445
-000815
0001280
0002910
0002852
0001862
0001571
0001804
0002153
0001688
-001107
-004483
-005531
-004599
-003784
-002969
-001223
-000466
-004366
-008790
-005647
0001164
0002561
0000116
-000815
-000175
0001397
0002619
0001338
-000990
-001048
0000291
0000232
-000350
0000465
0002270
0003841
0004540
0003841
0002270
0001106
0000698
0001164
0001804
0000873
-000641
-001048
-000757
-001398
-002271
-001863
-000874
-001048
-001980
-002387
-002562
-003086
-004192
-006229
-007859
-006753
-004483
-004599
-005938
-005123
-003144
-002504
-002853
-003086
-003027
-002562
-001514
0000291
0002037
0002270
0001629
0002037
0002561
0001222
-000815
-001048
-000117
0000116
0000291
0002095
0004249
0004482
0003376
0002561
0002095
0001513
0001106
0001106
0001513
0002153
0002444
0001338
-000466
-001921
-002271
-000874
0000756
-000117
-002271
-002038
-001223
-003842
-007626
-007568
-005181
-004599
-005007
-003668
-001689
-001398
-001747
0000232
0002270
0000000
-004017
-004250
-002213
-002329
-003959
-005414
-005589
-002969
0000582
0001920
0001106
-000175
-000990
-000292
0001629
0004598
0005995
0001047
-004890
-001281
0006461
0006228
0000698
-001689
-001281
-001048
-000292
0002386
0005122
0005238
0003201
0000931
-000990
-002387
-002969
-003144
-002795
-001514
-000175
0000116
-000524
-001572
-002562
-003202
-003260
-002620
-001689
-001165
-001339
-002620
-003610
-001514
0001280
-000233
-003726
-004133
-002329
-001689
-002038
-002096
-002038
-002038
-002154
-002562
-002736
-001805
-000350
0000698
0000640
-001223
-003551
-004483
-003435
-000350
0002910
0003434
0001513
-001630
-003726
-001514
0002444
0002270
0000058
0001455
0004424
0004540
0002153
-000699
-003202
-004716
-004774
-003319
-001572
-001630
-002445
-001048
0001338
0002037
0001455
0001455
0001571
0000814
0000058
0001106
0003201
0004947
0005471
0003783
0001862
0003609
0006461
0004947
0000931
-001107
-000815
0000349
0002153
0004482
0005530
0002968
-000874
-001281
0000640
0001455
0000989
0000465
-000874
-004483
-007510
-004890
0000582
0002910
0001862
-000524
-003202
-004599
-004308
-002562
-000699
-001048
-002096
-000466
0001920
0000698
-002038
-001630
0001338
0004889
0007218
0005937
0002910
0002095
0003201
0004074
0004889
0006810
0008091
0005821
0002444
0003143
0005937
0006053
0003958
0001979
0000000
-003144
-005181
-002620
0001746
0002095
-000524
-002213
-002853
-003086
-002736
-001747
-000874
-001165
-002329
-003435
-004308
-005123
-005239
-003726
-001630
-001339
-002271
-002795
-002795
-002969
-002504
0000349
0003550
0003318
0001513
0002503
0004889
0004831
0003492
0003841
0004656
0003026
0000465
0000232
0001513
0001920
0001455
0000873
0000523
0000989
0002153
0003550
0003958
0001455
-001980
-002620
-001107
0000291
0001106
0001804
0001397
-001747
-004541
-001107
0004191
0002270
-003551
-005181
-003027
0000000
0002153
0001222
-001339
-002038
-001107
-000292
0000640
0002503
0004074
0003725
0002212
0001746
0001804
0000349
-000757
0001688
0005704
0006461
0005355
0006577
0008207
0006228
0002852
0003026
0005238
0005588
0004191
0002095
0000756
0002386
0004947
0003667
0000640
0000523
0002095
0001513
-000117
-000175
0000756
0001106
0000756
-000117
-000757
0000349
0001862
0000756
-001398
-000815
0000640
-001107
-004366
-005414
-004075
-001339
0001338
0001629
0000465
0000523
0001571
0002328
0002968
0003667
0004656
0006577
0008033
0006752
0004074
0002968
0002852
0001746
0000465
0001164
0002444
0001571
-000292
-000233
0000640
-000641
-002038
0000698
0004889
0004947
0002735
0003201
0004889
0004424
0002503
0000931
-000117
-000874
-001456
-002620
-003610
-003435
-002329
-001165
-000292
0000291
0000349
-000292
-000815
0000407
0002212
0002444
0001571
0001338
0001804
0003026
0004016
0003318
0002037
0002910
0004540
0004191
0002270
-000059
-001456
-000699
0001629
0004016
0004947
0002852
-000583
-001747
-000815
0000523
0001629
0001397
0000698
0001862
0003143
0001164
-002271
-003202
-001921
-000583
0000465
0001513
0001629
-000292
-003027
-004308
-004075
-003377
-002213
-000292
0001047
0000058
-001805
-001339
0000465
0000989
0000465
0000640
0000873
-000175
-000815
0001746
0005762
0008149
0008091
0005646
0002619
0002503
0004074
0003841
0002677
0002794
0003783
0004715
0005064
0004656
0003492
0001629
-000175
-001048
-001281
-002038
-002736
-002329
-001339
-000932
-001572
-003435
-005705
-007743
-007975
-004133
0000291
-001107
-005298
-004890
-001980
-002271
-004366
-004483
-003435
-003668
-003610
0000174
0004307
0002212
-002736
-002853
-000059
-000408
-001863
0000523
0004074
0002910
-000408
0000814
0004016
0003492
0000931
0000756
0002328
0003841
0004074
0001629
-001630
-002387
-000815
0001280
0003085
0003841
0003026
0000174
-003027
-004133
-003610
-003377
-003784
-005472
-007102
-006229
-004017
-003435
-003551
-001456
0000407
-002504
-007510
-009198
-007801
-006054
-004250
-002678
-001281
0000698
0002386
0002270
0001338
0001804
0002910
0002794
0002270
0003026
0004249
0003667
0002503
0003318
0004831
0004482
0002910
0001688
0001455
0002561
0003900
0003259
0001455
0001047
0001106
-000757
-003144
-003319
-001863
-000524
0000174
0000291
-000292
-001689
-002562
-000583
0002444
0002968
0001513
0000465
0000058
0000232
-000059
-003144
-006637
-006113
-002911
-000350
0000407
-001165
-003377
-002736
-000408
0000349
-000408
-001630
-003027
-004366
-004599
-002736
0000116
0001920
0001804
-000815
-003842
-003493
-000583
0002852
0004540
0001280
-003319
-001863
0002735
0002910
0000232
-000583
0000058
0000756
0000756
-000990
-003435
-004774
-004774
-004133
-002795
-000524
0001513
0001804
0001280
0002386
0003900
0003085
0001047
-000059
0000058
0000814
0002212
0004540
0006403
0005879
0003841
0002852
0002735
0002444
0002153
0002503
0002910
0002037
0001106
0002561
0004482
0003026
-000292
-001572
-001339
-002096
-002678
-000874
0001629
0001920
-000059
-003784
-006811
-005531
-002213
-001805
-003784
-005705
-006869
-006869
-005822
-004250
-003144
-003610
-004541
-003435
-001747
-002853
-005181
-005181
-003668
-002969
-002620
-000990
0000640
-000117
-001456
0000291
0004191
0007276
0009197
0011118
0011118
0006286
0000000
-001689
0000465
0002852
0004482
0004598
0003492
0002852
0002270
0000465
-001398
-001048
0000407
0000465
-000292
0000116
0000989
0000931
0000174
-000583
-001572
-003610
-005647
-006229
-005589
-004890
-004308
-003551
-003086
-003377
-004133
-004250
-004133
-005065
-005938
-004483
-001921
-000641
-000233
0001047
0002677
0003841
0004132
0003376
0001920
-000059
-001339
-000524
0001222
0001513
0000873
0001397
0002444
0003143
0002735
0000291
-002795
-004192
-003551
-000932
0001629
0000814
-002154
-004250
-004716
-003493
-001805
-002271
-003377
-001572
0001571
0002968
0002270
0000349
-002154
-004657
-005822
-004133
-001107
-000059
-000233
0000931
0002212
0001164
-000815
-000874
0000174
0000058
-000757
-001107
-000466
0001979
0004656
0005122
0003725
0002503
0000931
-002504
-005763
-005414
-002678
-000932
-000350
0000349
0000698
0000058
-000990
-001339
-001048
-000059
0000523
-001572
-004133
-002736
0000116
-001339
-004133
-001339
0003550
0002852
-000990
-001281
-000059
-002620
-005996
-003901
0000698
0001164
-001048
-001630
-000932
-000466
-000641
-002620
-004192
-001281
0003143
0003201
0000465
0000000
0000698
-001223
-003493
-001630
0001513
-000292
-004075
-002969
0000640
0000931
-001281
-002504
-003027
-003959
-004657
-004075
-002911
-002154
-001980
-002154
-002213
-001630
-000641
0000174
0000582
0000582
-000117
-001921
-004075
-005414
-005589
-004657
-002736
0000232
0002503
0001571
-000641
-000117
0001979
0002328
0001397
0000873
0000989
0001397
0002270
0003841
0004889
0003376
0000989
0001164
0002677
0002270
0000291
-001805
-003027
-002213
-001048
-003027
-006054
-005239
-002213
-000874
-000932
-000408
-000233
-002620
-005181
-002969
0000698
-001339
-005647
-004192
0000407
0001280
0000000
0001280
0003085
0001222
-002562
-004716
-004250
-001398
0002735
0006403
0007858
0005762
0002095
0000698
0001455
0002444
0003492
0004656
0005471
0004889
0004074
0005588
0007334
0005238
0001047
-001165
-001339
-001456
-001107
0000640
0002503
0002910
0001920
0000523
-000408
0000407
0002270
0004074
0004191
0000407
-004599
-006287
-004599
-001630
0000698
-000583
-003493
-003319
-001514
-002038
-003784
-003551
-002445
-002678
-003784
-004599
-004192
-001165
0002212
0001979
-000524
-002096
-001689
0001629
0005471
0005588
0003434
0003376
0004540
0004540
0003550
0002503
0002095
0003143
0004540
0003609
0001688
0001920
0003143
0002328
0000873
0001804
0003667
0002968
0001106
0000931
0002037
0002852
0002735
0000814
-001689
-002795
-002445
-001689
-000815
-000466
-000524
-000175
-000117
-001980
-004192
-003551
-001107
0000523
0001397
0003026
0003783
0000640
-003086
-000990
0004191
0005995
0004424
0001047
-001572
0000698
0005238
0006403
0004482
0002212
0000523
0000000
0000756
0002037
0003085
0002561
0001106
0000465
0000058
-001805
-003377
-001223
0001979
0000640
-002736
-002271
0000523
0001920
0001106
-002096
-005763
-006869
-005123
-001339
0002503
0003376
0001920
0000407
-000117
0001222
0003259
0003841
0003026
0001513
0000873
0003550
0007218
0006752
0004016
0003783
0005180
0005413
0004773
0004773
0004424
0001513
-001689
-001398
0000873
0001222
0000116
-000524
-000699
-000059
0000000
-002795
-006229
-006229
-003610
-001107
0000000
-001223
-004017
-007044
-008558
-006054
-002620
-004774
-008441
-004425
0002444
0001280
-004075
-003435
0000000
-002504
-006462
-002213
0005530
0006053
0002386
0002677
0005413
0006403
0005530
0003667
0002503
0005006
0009139
0010594
0009546
0007683
0005704
0004715
0003958
0001164
-001572
-000175
0003201
0003783
0002444
0002677
0003318
0001513
-001165
-001572
-000815
-001747
-003377
-003202
-002213
-002387
-003435
-004075
-004308
-004250
-004017
-004192
-004366
-003959
-002969
-001630
-000641
-000815
-001689
-001921
-001398
-000408
0000582
0001106
0001106
0000873
0001047
0003085
0005122
0003841
0001280
0001746
0004307
0005995
0006228
0004889
0002677
0001106
0000291
-000233
-000408
-000757
-000466
0001862
0004249
0003026
0000058
-000350
0001106
0001571
0001629
0003259
0004482
0002037
-002096
-003784
-003202
-002154
-001281
-001281
-001980
-002504
-002853
-003319
-003842
-004425
-004890
-005414
-005065
-002620
0000640
0002968
0003201
0000116
-003435
-002096
0001571
0000989
-001805
-001572
0000523
0001222
0000989
0001513
0002270
0001979
0000873
-000466
-001398
-000932
0000000
-000466
-001689
-002387
-002096
-000233
0001746
0001222
-000815
-001572
-001514
-002678
-003610
-001572
0001688
0002619
0001804
0001397
0001222
0000116
-000874
0000349
0002037
0000756
-001630
-000990
0001513
0002852
0003026
0003201
0003376
0003492
0003841
0004715
0005530
0005238
0004249
0003492
0002735
0000582
-001398
-000699
0001397
0001222
0000232
0001804
0003900
0002153
-001281
-002096
-000815
-000059
-000117
-000757
-001863
-002504
-003086
-004832
-006229
-004948
-002038
0000116
0000407
-002562
-005414
-001921
0003958
0004132
