0000582
0000174
0001280
0001571
0001164
0001106
0000989
-000408
-001689
-000350
0001862
0001222
-001281
-002911
-003202
-002445
-000699
0001920
0003609
0002037
-000757
-000524
0001571
0002095
0001513
0001629
0002328
0003492
0004016
0002561
-000233
-002911
-004308
-003144
-000583
0000698
0000873
0001746
0002095
-000815
-003842
-000757
0004191
0000931
-004716
0000349
0008964
0005646
-003377
-002969
0002852
0002910
-000757
-001805
-001048
-001281
-002329
-003027
-003493
-004483
-004599
-001863
0001804
0002910
0001746
0000291
-000932
-001980
-001980
-000175
0002328
0003550
0002910
0000174
-002271
-000699
0003492
0007276
0008615
0005413
0000640
0000174
0003026
0005238
0005937
0004947
0002212
-002329
-005705
-003668
0001047
0001920
0000058
-000583
-000408
-000583
-000874
-001048
-000815
-000117
0000698
0001397
0001047
-001805
-005123
-005822
-004075
-001572
0000756
0001979
0002153
0002270
0002095
0001513
0000523
-000874
-001805
-000932
0000756
0001106
0000931
0002619
0005006
0005762
0005471
0006228
0007276
0007451
0006403
0003783
0000989
-000117
0000582
0002212
0003434
0002270
0000000
-000641
-000059
-000175
-001048
-002795
-003726
-000815
0003201
0003085
-000059
-002678
-004133
-004948
-004890
-004250
-003726
-004716
-005822
-004133
-001398
-001747
-003144
-000583
0003026
0001338
-002795
-003319
-001048
0000465
0001571
0003958
0005937
0004715
0002095
0001862
0003609
0004889
0005879
0007509
0008557
0007509
0004831
0001455
-000583
0001164
0004307
0003550
0000291
-001223
-001223
-000932
-000641
-000699
-000699
0000523
0002037
0001862
0001106
0002270
0003492
0001280
-002911
-006287
-007626
-006928
-004483
-001339
0000873
0000698
-001398
-004075
-005763
-004774
-002038
-000117
0000698
0000873
0000349
-000699
-001572
-000874
0000756
0001920
0002735
0004424
0005588
0003609
0000931
0002677
0006286
0006228
0003434
0001338
0000349
0000174
0000640
0000756
0000698
0001164
0001571
0001513
0000349
-002911
-005763
-003610
0000465
0000116
-003668
-007277
-009081
-007801
-004425
-001223
0000232
-001165
-003784
-003901
-003027
-004832
-007743
-008441
-006637
-002271
0001688
0000698
-002562
-001572
0001280
-000466
-003842
-002445
0001280
0001455
-000466
-000175
0001455
0002037
0001979
0002328
0002794
0002794
0002037
0000116
-001863
-001921
-000641
0000582
0000989
-000350
-002329
-002736
-001805
-000524
0000000
-001689
-003959
-003901
-002213
-001048
-000932
-002445
-004017
-002562
-000117
-000990
-003959
-005938
-005938
-003319
0000174
0001688
0001164
-000350
-001514
-000408
0002095
0004191
0004598
0002212
-001281
-002387
-001223
0000582
0002153
0003026
0002619
0000523
-001630
-001339
0000174
-000408
-002213
-003610
-003319
0000232
0004482
0004482
0001804
0000756
0000931
0000174
-001339
-003610
-005239
-003842
-001281
-001805
-003435
-001398
0001862
0000814
-002736
-004483
-003901
-001572
0001222
0001979
0001513
0002503
0003667
0002328
0000000
-000408
0001164
0003900
0006053
0005122
0002270
0000698
0000523
0001164
0001571
-000117
-002445
-002096
-000233
0000000
-000757
-000699
-000350
-000932
-001921
-001921
-001630
-002736
-004541
-005589
-005763
-005880
-005298
-003144
-000932
-000990
-003086
-006287
-008266
-005647
-001165
-000524
-002504
-003086
-002154
-000175
0001571
0000989
-000757
-001223
-000524
0000174
0001164
0003667
0005937
0004947
0002968
0005122
0008382
0006112
0001688
0003026
0006927
0006112
0002503
0001455
0002153
0001629
0000349
-000117
0000116
0000174
0000582
0002153
0003259
0000756
-003202
-004890
-003726
-000175
0003143
0001688
-001689
-000117
0003434
0002037
-002445
-005007
-005414
-004716
-003435
-002387
-001630
-000292
0000349
-002213
-005531
-005356
-001863
0003376
0007334
0005762
0001280
0000058
0001338
0001164
0000814
0003026
0005704
0004831
0002386
0003492
0005821
0004074
0000582
0000465
0002619
0003492
0003259
0002910
0002444
0001746
0000931
0000465
-000117
-001630
-003027
-002271
-000466
-000059
-000524
-000350
-000117
-001048
-002504
-003377
-003377
-003086
-002504
-001980
-001572
-001281
-000757
0000349
0001920
0003376
0004074
0003201
0001106
-001689
-003319
-001223
0002386
0002968
0001571
0001804
0002910
0002619
0001571
0001164
0000989
-000466
-002038
-002387
-001165
0001513
0004132
0004656
0003026
0000523
-001689
-002096
-001165
-000466
-000408
-001165
-001980
-001514
-000117
0001571
0002386
0000814
-001398
-000466
0001804
0000698
-001689
-000641
0002444
0003900
0003492
0001862
0000058
-000524
0000174
0000756
0001746
0003958
0006344
0007276
0006519
0004598
0002328
0000523
-000233
-000233
0000407
0001280
0001804
0001164
0000174
0000582
0001455
0000873
-000641
-001689
-002271
-003086
-003668
-003842
-003377
-001980
-000524
-000233
-000932
-002038
-002620
-001398
0000407
0000523
-000990
-003493
-005356
-004133
-000757
0001979
0003492
0004132
0003958
0003958
0003841
0002619
0001804
0004016
0007276
0007509
0005762
0005180
0005588
0005995
0005937
0004540
0003026
0004016
0005471
0002968
-001165
-001630
-000059
-000932
-002795
-001747
0000465
0000291
-001630
-003435
-004133
-002795
-000757
-000757
-002504
-004890
-006054
-003260
0000873
0001222
-001223
-003202
-003493
-001107
0001862
0001164
-001281
-001107
0001280
0004424
0006985
0007742
0006694
0004947
0003492
0003725
0005064
0005821
0005704
0004947
0003783
0002619
0001629
0000349
-000641
-000815
-000524
-000583
-000815
-000641
-000059
0001106
0002153
0002386
0002037
0001688
0001571
0002037
0002095
-000466
-003202
-001281
0002153
0000291
-003551
-002096
0002561
0005064
0004773
0002212
-000815
-001223
0000291
0001862
0002153
-000466
-003726
-003377
-000757
-000175
-000408
0001862
0004715
0004773
0003026
0002619
0003026
0002561
0001920
0002212
0003259
0004598
0004889
0001862
-002096
-002620
-000641
0000349
0000640
0001397
0002153
0002503
0002328
0001920
0001338
0000523
-000350
-001689
-002620
-002154
-000874
-000117
-000466
-002620
-004774
-003493
-000990
-002620
-005414
-003144
0001804
0004249
0004016
0002619
0000698
-000699
-001165
-000990
-000292
0000756
0001862
0003318
0003783
0000931
-002504
-001572
0001862
0002910
0001746
0000232
-001339
-002911
-003668
-003144
-001630
0000000
0001338
0002153
0002328
0002212
0001688
0000582
-000466
-000350
0000116
-000990
-002853
-003668
-003493
-003144
-002562
-001689
-000815
0000232
0000349
-002271
-004599
-000757
0005238
0005413
0001280
-002445
-003842
-000990
0003667
0005180
0004016
0002910
0002328
0002561
0003085
0002444
0001280
0001222
0001629
0000931
0000058
0001513
0003318
0001920
-001514
-003493
-004483
-006986
-008208
-003086
0003958
0004249
-000059
-001921
-002096
-003493
-005065
-004657
-003086
-002329
-002329
-002096
-002387
-004832
-007510
-007102
-004425
-002271
-000874
0000814
0001804
0000407
-001572
-000699
0002095
0004365
0005355
0004656
0003376
0003841
0005064
0004540
0003376
0004074
0005937
0007625
0008265
0007101
0004656
0002037
0000174
-000233
0000291
-000175
-000990
-000990
-000292
0000873
0001571
0000582
-001456
-003610
-004657
-002911
-001048
-004541
-009431
-007743
-002562
-001747
-003726
-003202
-002213
-005822
-010013
-006928
-000350
0000640
-001630
-000350
0002503
0002328
0000523
0000698
0002212
0002852
0002794
0002619
0002852
0004482
0006286
0005937
0004307
0003783
0004307
0005646
0006112
0002852
-001747
-002969
-001514
-000932
-000757
0000698
0002153
0002037
0000058
-004308
-007917
-006171
-001689
-000990
-003260
-005239
-005938
-004308
-001805
-001398
-002736
-004366
-005531
-005763
-004890
-003319
-001339
0000465
0001513
0001397
0000174
-001980
-003610
-002504
-000233
-000408
-001572
0000058
0002910
0003900
0002794
0000174
-002329
-001921
-000175
-000874
-002504
-001514
0001164
0003783
0004307
0000232
-005007
-005007
-001339
0000989
0001047
-001048
-004075
-005647
-005589
-005065
-003959
-001921
0000232
0001804
0002153
0000989
-000990
-002678
-003726
-004716
-004948
-003144
-000874
-000932
-001980
-000699
0001338
0000232
-001689
0000756
0005064
0005821
0003434
0000523
-001980
-003435
-003435
-002154
-000874
-001514
-002969
-002271
-000874
-002038
-004425
-005007
-004308
-004192
-004657
-005472
-005531
-002853
0000349
-000641
-003668
-003551
-002038
-003260
-005705
-005763
-004250
-003784
-003901
-003144
-002096
-002213
-002795
-002678
-001921
-001514
-000408
0003550
0007742
0007625
0004715
0003259
0003259
0003434
0003492
0002735
0001746
0001920
0002386
0001280
-000466
-001165
-000466
0001862
0003783
0001920
-001456
-001281
0000931
0000582
-001107
-001339
-000874
-001980
-003784
-004308
-003726
-002620
-002213
-004541
-007510
-007160
-004716
-003668
-003959
-004716
-005181
-004483
-002678
-000466
0001222
0001513
0000756
-000292
-000699
0000931
0003026
0002328
0000407
0000756
0002561
0002968
0003026
0005530
0007683
0004074
-001339
-000292
0003958
0003143
-000117
0001047
0004307
0004424
0002270
0001513
0000989
-002271
-005356
-003202
0001804
0004598
0004424
0002270
-000815
-003086
-004075
-004308
-003901
-003377
-003202
-003726
-004192
-002853
-001339
-002911
-005880
-006753
-005589
-003493
-001689
-001689
-002678
-002795
-001863
0000058
0001862
0001513
0000407
0001804
0004249
0004249
0002968
0003085
0004249
0005122
0005180
0003783
0001979
0001688
0002270
0001862
0000407
-001805
-003260
-001747
0001397
0003143
0003259
0002619
0001688
0001629
0002212
0003143
0003259
0000465
-003086
-003377
-001456
-000699
-000757
0000582
0001513
-001456
-005181
-003144
0001513
0001164
-001689
-000408
0003434
0005704
0005879
0004074
0001688
0001164
0001804
0000814
-000874
-001281
-000874
-001223
-001572
-000466
0001629
0004307
0005821
0004016
0000640
-000641
-000292
-000699
-000874
0001455
0003958
0002212
-001339
-001339
0000640
0000058
-001630
-000990
0000814
0001280
0000523
-000524
-001223
-000408
0000814
0000058
-001339
-000292
0001280
-000990
-004599
-004075
-000932
0000640
0001047
0002444
0003725
0003143
0001455
0000291
0000232
0001513
0003143
0003085
0002095
0002095
0002677
0002561
0002095
0002386
0002328
-000292
-003260
-002213
0000582
0000000
-002562
-003086
-002038
-001514
-001514
-001456
-002154
-004774
-007510
-007219
-005123
-004948
-005531
-004017
-001281
0000698
0001397
0000523
-000757
-000408
0000931
0000989
0000989
0003550
0006461
0005238
0002386
0003958
0007625
0008149
0006461
0005821
0005471
0003376
0001455
0003783
0007101
0004540
-000757
-001572
0000756
0001688
0001746
0003026
0004191
0003318
0001164
0000232
-000175
-002445
-004599
-003086
-000524
-002504
-006404
-006287
-003610
-002445
-002736
-003086
-003435
-003726
-003668
-002853
-001281
0001571
0003900
0002910
0000523
0001106
0002968
0002037
-000059
0000116
0001804
0002212
0002270
0004074
0006694
0008440
0008673
0006927
0004656
0004947
0006228
0004889
0002503
0002735
0004831
0006577
0007218
0005995
0003667
0001862
0001164
0001164
0002037
0003783
0005006
0003783
0001164
-000466
-000874
-000874
-000815
-001398
-002504
-003668
-004716
-005472
-005705
-005414
-004425
-002620
-001165
-002154
-004075
-003493
-001456
-000990
-001281
0000000
0001804
0002153
0001280
0000174
-000815
-001223
-000815
0000873
0002852
0003259
0002794
0003492
0004191
0002270
-000583
-000990
0000058
-000408
-001456
-000757
0000698
0000873
-000175
-001747
-002504
-000292
0002794
0002619
0000232
-001398
-001805
-001398
-000350
0000698
0001571
0002444
0002212
-000990
-005065
-006520
-005239
-002620
-000175
-000524
-002154
-001630
0000407
0001688
0002153
0002852
0002852
0000465
-001921
-000175
0003609
0004307
0002968
0003201
0004016
0003376
0001455
-001107
-002853
-001456
0001222
0001047
-000757
-001339
-000583
0001106
0002328
0000640
-001863
-000757
0001979
0001513
-001165
-003551
-004133
-001456
0002270
0002444
0000232
-000757
-000583
-000292
-000408
-001747
-002969
-001339
0001688
0002735
0002212
0001804
0001629
0001455
0001338
0001222
0001280
0001513
0001979
0003026
0003725
0002852
0001164
0000698
0000873
0000349
-000641
-001514
-001630
-000175
0001688
0001688
0000349
-000874
-001747
-002853
-003319
-001747
-000292
-002795
-006986
-008150
-006986
-006928
-006578
-002678
0001804
0001688
-001281
-002154
-001630
-002562
-003027
0001280
0005762
0001047
-006637
-003959
0004191
0005355
0002444
0004074
0007334
0005355
0001629
0003725
0008440
0008382
0005297
0003958
0004482
0005821
0006694
0004947
0002153
0001920
0003259
0003143
0001746
0000291
-000699
-000466
0000465
0000465
0000058
0001222
0001920
-001572
-006229
-006229
-003435
-003435
-005181
-005531
-004832
-004483
-004017
-002504
-000524
0001513
0002095
-001048
-004599
-002504
0002386
0003026
0000931
0000582
0001571
0001920
0002153
0003085
0004598
0006461
0007451
0005646
0002852
0003143
0004889
0004307
0001979
-000059
-001107
-000350
0000814
-000699
-002969
-001863
0000989
0001979
0001106
-000350
-001805
-002387
-002154
-002096
-001747
0000349
0002095
-000059
-003726
-003493
-001514
-003377
-006753
-006520
-004075
-003319
-003610
-002678
-001514
-002213
-003842
-004017
-003202
-003144
-002911
-000815
0002095
0003900
0004424
0004424
0003434
-000117
-003144
-000641
0004249
0004656
0001862
0000349
0000000
-000524
-000524
0001513
0003783
0003085
0000814
0000698
0001804
0001746
0000873
0000000
-000233
0000756
0001979
0001629
0000291
-000641
-000874
-000175
0000465
-000874
-002911
-003319
-002387
-001572
-000408
0002503
0005180
0004424
0001571
0000349
0000523
0000116
0000058
0002503
0005238
0004598
0001571
-001398
-003260
-003493
-002154
0000058
0001862
0001804
0000465
-000233
-000175
0000349
0000523
-001339
-003086
-000117
0004249
0003667
0000116
-001281
-000524
0000640
0001571
0001746
0000756
-001339
-003435
-004250
-003493
-001514
0000349
0000116
-001514
-002329
-002271
-002096
-001572
0000058
0001513
0000989
-000350
0000582
0002328
0001397
0000000
0003376
0007742
0005238
-000059
0001222
0005413
0003376
-001630
-001630
0001164
0000349
-002387
-002736
-001805
-002911
-004541
-003319
-001048
-001514
-003784
-004948
-005123
-005589
-006229
-006869
-007160
-006287
-005239
-005938
-007335
-006986
-005123
-002678
-000757
-000641
-001747
-002213
-002271
-002911
-003551
-002795
-001572
-001921
-002387
0000232
0003958
0004656
0003318
0003201
0003609
0002037
0000174
0000698
0002852
0004482
0004482
0001513
-002038
-001514
0001106
0000756
-001514
-002678
-002154
0000523
0003201
0001979
-000874
0000116
0002503
0000582
-003027
-002736
0000349
0002852
0002968
-001456
-006986
-007102
-003435
-000583
-000175
-003435
-007684
-008034
-005123
-001921
0000058
-000874
-003086
-003260
-001456
0000465
0002270
0004365
0005413
0003667
0000698
-000175
0000756
0001164
0001455
0002386
0003725
0004889
0005530
0005471
0004249
0001106
-002271
-003377
-002329
-000932
0000291
0000873
0000814
0001047
0000698
-001630
-004366
-004599
-003202
-002038
-002038
-004075
-006345
-005531
-003377
-003901
-005589
-004716
-002271
-000815
-000292
-000059
0000465
0002503
0004365
0002794
-000292
-001048
-000059
0000349
0000232
0000174
0000116
0000582
0000291
-003260
-007102
-005705
-001863
-002387
-004948
-003842
-000466
0001513
0001688
0000232
-001456
-000699
0001338
0002212
0001222
-002038
-005065
-003901
-000117
0002852
0003318
-000233
-004657
-003842
-000350
-000815
-003377
-002911
-001514
-004774
-008732
-005239
0001338
0001746
-001921
-003435
-002038
0002095
0006053
0004773
0000931
0001455
0004424
0004249
0002619
0003492
0005355
0004482
0002212
0001979
0002212
-000990
-004948
-004425
-001281
-000815
-001805
-000524
0001338
0000232
-001980
-001048
0000873
-001514
-005181
-003319
0000523
-002038
-006928
-004890
0000582
0001338
-001281
-002096
-001805
-002329
-003086
-002795
-001398
0001397
0004016
0003900
0002444
0002910
0004132
0002619
0000698
0003085
0007101
0007509
0005122
0002910
0002037
0003667
0006170
0006344
0004656
0002852
0001571
0000814
0000582
0000582
-000233
-004133
-007917
-005938
-001107
-000233
-002271
-002969
-002736
-003377
-004308
-004075
-003726
-005763
-008208
-007393
-004774
-003901
-004890
-007044
-008790
-007451
-004308
-002329
-001398
0000174
0001629
0001746
0000931
-000408
-000583
0003434
0008149
0007159
0002852
0001106
0001920
0003376
0005064
0006985
0007683
0005180
0001746
0001455
0003492
0005064
0005413
0004191
0002503
0003143
0004307
0002328
-000932
-001572
-000292
0000232
-000175
-000874
-001456
-001281
-000350
0001338
0002444
0000873
-002038
-003610
-003377
-001805
0000058
0000465
-000350
-001281
-001805
-001630
-000699
0001164
0002386
0000756
-001980
-001980
0000232
0002386
0003783
0003900
0002910
0001222
-000175
0000000
0001280
0002444
0002677
0000989
-000699
0001455
0004947
0005006
0002444
0000174
-000815
0000058
0001979
0003201
0003318
0002503
0000931
-001048
-002620
-003202
-002329
0000407
0002503
-000641
-005007
-002038
0003900
0002968
-002096
-004308
-003202
0000058
0002968
0001397
-002678
-004599
-004250
-003435
-002038
0000523
0002735
0002212
0000465
0000931
0002735
0003550
0003259
0002735
0001280
-002969
-006986
-005589
-000932
0001804
0001804
-000932
-003784
-001921
0002212
0003026
0001106
-000874
-002154
-002504
-002038
-001863
-001805
-001398
-000815
-000466
-000117
0001397
0002328
-000233
-003901
-003610
-000990
-000350
-000641
0001280
0003900
0004132
0002968
0003085
0004191
0005064
0005530
0005762
0005471
0004365
0003376
0004424
0005821
0003725
0000582
0001513
0004424
0004307
0002153
0000931
0001280
0004074
0006810
0005180
0001397
0000523
0001571
0001106
-000292
-000990
-000524
0001338
0003318
0003725
0001979
-002213
-006287
-006578
-004192
-002795
-002678
-003260
-004250
-005298
-005647
-004425
-002387
-001281
-000757
0000349
0001862
0003609
0004947
0005122
0004540
0003958
0003667
0003376
0003958
0007451
0010419
0006752
0000291
-000874
0002037
0004132
0004656
0003725
0002037
0001222
0001106
0000640
-000233
-001863
-003260
-002853
-001572
-001572
-002562
-003377
-003959
-004599
-005123
-005181
-004948
-004716
-004890
-006171
-007451
-006695
-004948
-004541
-004774
-003726
-001747
0000698
0002037
0000116
-003377
-005181
-004541
-001339
0002386
0002968
0001280
0000349
0000465
0001106
0002212
0003259
0004249
0005413
0005995
0005238
0003143
0000058
-002620
-003377
-002504
-001747
-000815
0001688
0003783
0002619
-000408
-001456
-001048
-000990
-001339
-001630
-002213
-003668
-004716
-003202
-000583
-000350
-001747
-002387
-002620
-003959
-005007
-003260
-000524
-000757
-002213
-000524
0002619
0003492
0002328
0000407
-000990
0000174
0002153
0000756
-001514
0000814
0005064
0005704
0003259
0000349
-001630
-000466
0001688
0000232
-002445
-001339
0002153
0004249
0004249
0002153
-000932
-003319
-003610
-000641
0003026
0002561
-000815
-003610
-004774
-003610
-001165
0000232
0000465
0000232
-000408
-001456
-002504
-002620
-002562
-004483
-006229
-003260
0001571
0002386
0000931
0002212
0004307
0002677
-000408
0000523
0002852
0000465
-003959
-004366
-002329
-002445
-003377
-001398
0001397
0001047
-001747
-004657
-006462
-006287
-004599
-002504
-000815
-000117
-000408
-001514
-002445
-001281
0000582
0000640
-000583
-000990
-000932
-001805
-003027
-003435
-003260
-003842
-003726
-000117
0004482
0005530
0003492
0000931
-001048
-001689
-000699
0001513
0004191
0006228
0007334
0008324
0008265
0005762
0002677
0002444
0003725
0002852
0000989
0000756
0001571
0001455
0000814
0000814
0001106
0000931
0000582
0001106
0001571
0000174
-001863
-001863
-000815
-000932
-002213
-003435
-004890
-007277
-008965
-007277
-004017
-003260
-003784
-001630
0000989
-000641
-004133
-004657
-002736
-000990
0000000
-000292
-001281
-002096
-001980
-000292
0001920
0002386
0002153
0003550
0005588
0005821
0004482
0002561
0000873
0000465
0000814
0000349
-000466
-000350
0000058
-000815
-001805
-000524
0001222
-000524
-003435
-002736
0000465
0003725
0004889
0001280
-004250
-006345
-005298
-003901
-002620
-001630
-001223
-000583
-000757
-003901
-007219
-005589
-001514
-000815
-002562
-002969
-002504
-002969
-003668
-003319
-002154
-000583
0000698
0001047
0000873
0001106
0001629
0001746
0001979
0003783
0005879
0006112
0004598
0002270
0000407
0000407
0001862
0003376
0004191
0003667
0002153
0000756
-000059
0000232
0000349
-002096
-005123
-004483
-001921
-001630
-003260
-004657
-005531
-005647
-005647
-007451
-009023
-006753
-002853
-002038
-003260
-002620
-001339
-002445
-004192
-003260
-000932
-000350
-000990
-000815
-000117
-000233
-000350
0001746
0004074
0003201
0000232
-002096
-002736
-001281
0001397
0003434
0004365
0004598
0003783
0001280
-001107
-000466
0001688
0002037
0000814
-000233
-001223
-002853
-004075
-003086
-001223
-000874
-002387
-005705
-008150
-005007
0000407
0001338
-001048
-002213
-002154
-002038
-001980
-002620
-003027
-001107
0001280
0000465
-001689
-000641
0001629
0000465
-001805
-000059
0003143
0002153
-001048
-001456
0000000
0000523
0000058
-001107
-002329
-002562
-002038
-001281
-001048
-002154
-003784
-004075
-003086
-001048
0000698
-000059
-002096
-002213
-001630
-003551
-006287
-006404
-004832
-004366
-004250
-002504
-000699
-001514
-003959
-005705
-005763
-003319
0000116
0001571
0001746
0003492
0005297
0004191
0001629
0000582
0001455
0004249
0006577
0004249
0000174
0000523
0003725
0004947
0004540
0004307
0003667
0001571
-000815
-001572
-001223
-001398
-001572
-000350
0001280
0001397
0000116
-001514
-002795
-002562
-001514
-001339
-001747
-001689
-001572
-002562
-003493
-002387
-000175
0001106
0001047
-000583
-002678
-002911
-002096
-002562
-003260
-001863
0000291
0000116
-000874
0000465
0003259
0005180
0006228
0007392
0007683
0005413
0002561
0002968
0004773
0003318
0000349
0000000
0001222
0001106
0000000
-000932
-001048
0000523
0002386
0002037
0000116
-001398
-001689
-000059
0002386
0003376
0002735
0000523
-001165
0001338
0004773
0002561
-002736
-005181
-004483
-001689
0000640
-002038
-006811
-007451
-005414
-005763
-006986
-005181
-002213
-001980
-003144
-002271
0000174
0002910
0004482
0003492
0000873
-001165
-001514
0000756
0003550
0002444
-000350
0000873
0003434
0000873
-003377
-001689
0002735
0002095
-000990
0000640
0003783
0000698
-004192
-001398
0004365
0002037
-004075
-003377
0000989
0000407
-002504
-000699
0002386
-000641
-006054
-005589
-001456
0000349
0000174
0000582
0001455
0002212
0002910
0004074
0004540
0002212
-001107
-002445
-001689
-000117
0001280
0001164
0000407
0001629
0003667
0004424
0004016
0003492
0003085
0003085
0003318
0003434
0002852
0000523
-001980
-002154
-000757
-000175
-000292
-000350
-000059
0000989
0002328
0003085
0002968
0002095
0000640
-001048
-002562
-003842
-004483
-004541
-003726
-001805
0000465
0001746
0002153
0002561
0003318
0005238
0006810
0005413
0002561
0001513
0002212
0003434
0004598
0004656
0004074
0004249
0004831
0005297
0005238
0004598
0003434
0001629
0000232
0000523
0001920
0003201
0003667
0003434
0002153
-000524
-002504
-000641
0002677
0002444
-000292
-001689
-002096
-003086
-003959
-003086
-001805
-002911
-004832
-003959
-001747
-001689
-003086
-004483
-004308
-000350
0004191
0003201
-000990
-002213
-001107
-000466
0000058
0001280
0002794
0004016
0004656
0004715
0004656
0005762
0006927
0006519
0004365
0000698
-002329
-001456
0001629
0003085
0003026
0003492
0003783
0002503
0000291
-001980
-003027
-001339
0000989
0000000
-002911
-004017
-003551
-003202
-002911
-002504
-002096
-001980
-001863
-001281
-000524
-000292
-000524
-000815
-001281
-002329
-003493
-004133
-003202
0000756
0005180
0005122
0002852
0004191
0006927
0005530
0002503
0003201
0006112
0007159
0006636
0005937
0005762
0007392
0008848
0006112
0002153
0003259
0006927
0007392
0004715
0000465
-002969
-001921
0001455
0002677
0001106
-002853
-006345
-004541
-000117
0000582
-001456
-002445
-002562
-003027
-003260
-002213
-001281
-002853
-004890
-002736
0000582
-001165
-005181
-004948
-001921
-000757
-000466
0002212
0005122
0004307
0001397
0000407
0001280
0002910
0003958
0002561
0000174
-000350
0001047
0003492
0005297
0003841
0000582
-001223
-001456
-001398
-000932
0000291
0001513
0001513
0001106
0002153
0003259
0001338
-001514
-000874
0001571
0002037
0000349
-002736
-005414
-004890
-002445
-001398
-002096
-004657
-007102
-005938
-002853
-001689
-002213
-002678
-002387
-000233
0002270
0002270
0000756
0000640
0001222
0000174
-001165
-000292
0001804
0002735
0002386
0001338
0000291
0000232
0000989
0001804
0002037
0000814
-001165
-002271
-002271
-001107
0000523
0001571
0002153
0002794
0003434
0003900
0003783
0002444
0000291
-001747
-003377
-005181
-005763
-002853
0001164
0001513
-000583
-001281
-001048
-001863
-002445
-000815
0001920
0003259
0003201
0002852
0002328
0001164
0000407
0001397
0003143
0003318
0002561
0002794
0003201
0001920
0000174
0000291
0001629
0002328
0002270
0001804
0001047
0000000
-001281
-003144
-004657
-004657
-003319
-001223
0000116
-001689
-004774
-005472
-004017
-002038
-000350
0000582
0000291
-001281
-002911
-002620
-001281
-001223
-002271
-003551
-004425
-004541
-003319
-000408
0002852
0004482
0004424
0003550
0002619
0002444
0003143
0004191
0004715
0003026
0001222
0003492
0007509
0008673
0006810
0003143
-000292
-000408
0001862
0003667
0004249
0003259
0001455
0000407
0000058
-000641
-001514
-002271
-002736
-002795
-002853
-003610
-004716
-005356
-005414
-005123
-004308
-002911
-001514
-000524
-000408
-001165
-002795
-005298
-007044
-005822
-003027
-002038
-002038
-000175
0002153
0002153
0000349
-001863
-003027
-001281
0001571
0001397
-000117
0001862
0004482
0001338
-003784
-002911
0001397
0001513
0000232
0005006
0010361
0005646
-003435
-004017
0000698
0000989
-001107
0000116
0003026
0003783
0002677
0001164
-000350
-001980
-002678
-001223
0001047
0001688
0000582
-001339
-003144
-003319
-002504
-002387
-002911
-003377
-003842
-005239
-005647
-002096
0002735
0003841
0001222
-003668
-007510
-005647
-000757
0000582
-000874
-001456
-001514
-002387
-003435
-004075
-003610
-001107
0001804
0002561
0001571
0000756
0000465
0000582
0000523
-001456
-003610
-002911
-000524
0000523
-000175
-002969
-005239
-002213
0002386
0000814
-003784
-003668
-000641
0000407
-000757
-003086
-005239
-005356
-003435
-000641
0002037
0003900
0004249
0002561
0000582
0001979
0004424
0002794
-001339
-004425
-005123
-002562
0001106
0001979
0000523
-000699
-001398
-001747
-001572
-001107
-000699
-000815
-001514
-002620
-003726
-004483
-004366
-002736
-000990
-001630
-003842
-005763
-006520
-005705
-004250
-004483
-005472
-004774
-002911
-001630
-000815
0000698
0001571
-000641
-003842
-004250
-002154
0000814
0003143
0002794
0001106
0001862
0003376
0001455
-001223
0001397
0005879
0005122
0001397
0000756
0002212
0002444
0001629
0000291
-000815
-000699
0000058
0000232
-000175
-000699
-001048
-000990
-000757
-000524
-000874
-002620
-004716
-005414
-004774
-002969
-001689
-003260
-006054
-006695
-005298
-003202
-001689
-002445
-004308
-004425
-003260
-002271
-001747
-001747
-002096
-002736
-002620
-000350
0002852
0005122
0005413
0003201
0000174
-000408
0000931
0002328
0002910
0001222
-000583
0002095
0005762
0003376
-001456
-000117
0004016
0002444
-002096
-002853
-001339
-001863
-003319
-002795
-001281
-000524
-000990
-003086
-005123
-004075
-002154
-004657
-008208
-005298
0000058
-001630
-005705
-000874
0006170
0000582
-009722
-007219
0002095
0003085
-000874
0000640
0004365
0002619
-001339
-000233
0003609
0004016
0002619
0004307
0006810
0005064
0001804
0003259
0006461
0004482
0000058
-000292
0001571
0000349
-002096
-001689
0000756
0003550
0004889
0002503
-001456
-002387
-001456
-002504
-004657
-005822
-005822
-004948
-003901
-003842
-004599
-005298
-005472
-004774
-003144
-000932
0000698
0000349
-001514
-003551
-004716
-003784
-001747
-000641
-000408
-000408
0000116
0003026
0006053
0005413
0002328
0000582
0000232
0000291
0000698
0001047
0000814
-000699
-002562
-003435
-003493
-003784
-003901
-003086
-001572
0000349
0001397
-000932
-003784
-001863
0002619
0004598
0003725
0000989
-002038
-003377
-002678
-000757
0000989
0000465
-001281
-001107
-000815
-004890
-009955
-009547
-005239
-001805
0000232
0001455
0001804
0001513
0000931
0000640
0000698
0000814
0001047
0001455
0001688
0001106
0000174
-000175
-000059
0000465
0000349
-002154
-004832
-003260
0000116
-000059
-002620
-003610
-003377
-003493
-003377
-001689
0000523
0001397
0000989
0000698
-000757
-005880
-010595
-007975
-001223
0001862
0001397
0000582
-000350
-000815
-000757
-000350
0000349
0001222
0002095
0002735
0003085
0003318
0003550
0004191
0004598
0003550
0001979
0001746
0002677
0004074
0005064
0004598
0002794
0000058
-001921
-000815
0001862
0002619
0001862
0001571
0001397
0000814
-000233
-001747
-002620
-001281
0001222
0003026
0002677
-001165
-005996
-006986
-005007
-003726
-003202
-002795
-003202
-006054
-008732
-007219
-003319
-001572
-002213
-004075
-005763
-004483
-002445
-004716
-008034
-005589
-000292
0000931
-000350
0001047
0003434
0002735
0001280
0004656
0009139
0007043
0001862
0002270
0005297
0003376
-000932
-001572
0000407
0001629
0002095
0002561
0002735
0002386
0001338
-001107
-003086
-001630
0001106
0000640
-002096
-004716
-005705
-003319
-000175
-001630
-005589
-006578
-005589
-005822
-006695
-006753
-006113
-005298
-004192
-002445
-000932
-001339
-002620
-002562
-001805
-002329
-002911
-000757
0002561
0003841
0003550
0003376
0003376
0003143
0003143
0004482
0005355
0002503
-001456
-001107
0001920
0003201
0002735
0001862
0001106
0001397
0002095
0001455
0000582
0002095
0003609
0000582
-004075
-003901
-000641
0000640
0000698
0002910
0004831
0001746
-003377
-004366
-002445
-001747
-001805
-001048
0000232
0001746
0002386
0000523
-002038
-002038
-000059
0001920
0003026
0002503
0001222
0001513
0002095
0000232
-002329
-001980
0000000
0000232
-000874
-001689
-001805
-001048
-000059
-000524
-001339
-000059
0002328
0003841
0004016
0002968
0001513
0001397
0001920
0001164
0000000
0000291
0001106
0000582
-000932
-002504
-003551
-004017
-003784
-003086
-002096
-000757
0000291
-000175
-000815
0000756
0003259
0004132
0003434
0002328
0001513
0001862
0003085
0004307
0004831
0004132
0002677
0001979
0001979
0001920
0002212
0003958
0005588
0004831
0002503
0000931
0000174
-000699
-001339
-001456
-001223
-000932
-001048
-002329
-003726
-002853
-001456
-002969
-005531
-004832
-002213
-000815
-000990
-002504
-003784
-002154
0000232
-001107
-004308
-005356
-003901
-000757
0002619
0004540
0004365
0002444
0000232
0000174
0001804
0003434
0004132
0002968
0000756
-000815
-000932
0001164
0003783
0004132
0003143
0003609
0004773
0004132
0003143
0005297
0007625
0003609
-002038
0000931
0006752
0002619
-006171
-006986
-002504
-001281
-002096
-000466
0001397
-000583
-003959
-003551
-001048
-000641
-002445
-005472
-008092
-007684
-005181
-003144
-002329
-002853
-003959
-003610
-002445
-002445
-002911
-001980
-000233
0001164
0002095
0002735
0003550
0005646
0007916
0008498
0007276
0004656
0002270
0002503
0004249
0004773
0004016
0002968
0001571
-000350
-002154
-003144
-002911
-001165
0001047
0002270
0002619
0003259
0003550
0002386
0000523
-000583
-001572
-004425
-006869
-004948
-000874
0000465
-000641
-002387
-003319
-001863
0000873
0002153
0002212
0002153
0002212
0002444
0002735
0002503
0002386
0003434
0004715
0004656
0002968
-000524
-003842
-003959
-001689
0000582
0001746
0000931
-001165
-003027
-003610
-002213
0000232
0002037
0002328
0000116
-002329
-000583
0002503
0000640
-003319
-002445
0000931
0001455
-000466
-002911
-004250
-002213
0000698
-000641
-004133
-004366
-002504
-001689
-001805
-001689
-001630
-002736
-003610
-001689
0001106
0000465
-001689
-000641
0001862
0001338
-000583
-000175
0000931
-001107
-004017
-003377
-000292
0002386
0003318
0001455
-001165
-000874
0001338
0002444
0002037
0000116
-001747
-000641
0001688
0001164
-001107
-002271
-002213
-001514
-000466
0000232
0000407
-000117
-001048
-001863
-002329
-002154
-001572
-000990
-000874
-001572
-002678
-003202
-002853
-001630
0000407
0003550
0005821
0003725
0000349
0002153
0006112
0004947
0001280
0001688
0004482
0004831
0003434
0002735
0001804
-001514
-005298
-006404
-005298
-003901
-003144
-003668
-004832
-004425
-003959
-006986
-010711
-010013
-006404
-003959
-003144
-003610
-004192
-001921
0000698
-001863
-005880
-002969
0002153
-001107
-008092
-007801
-003027
-002038
-003260
-001863
0001047
0002910
0003376
0002794
0001862
0001979
0002968
0004540
0005588
0004947
0003376
0002910
0002794
0001047
-000815
0000291
0003026
0004773
0004540
0002095
-001398
-003668
-004774
-006229
-006869
-004541
-001456
-001980
-004308
-004133
-001630
0001920
0003958
0000407
-005239
-005705
-003435
-005356
-008907
-008266
-005239
-004075
-005007
-007393
-009664
-009314
-007160
-006171
-005531
-003435
-000466
0002619
0004307
0002561
-000059
0001746
0005704
0006403
0004598
0003143
0002794
0004424
0006286
0004831
0001746
0000582
0001280
0003026
0004249
0002677
0000232
0001513
0004191
0002735
-000524
-000233
0001920
0002153
0000582
-001165
-002620
-003202
-003086
-003319
-003144
-000815
0001746
0001106
-001572
-003260
-003726
-003027
-002445
-004017
-006171
-005472
-002795
-000524
0000523
-000350
-001805
-000874
0001513
0002503
0002852
0004889
0006577
0004365
0000000
-002853
-003668
-003551
-002736
-001805
-001107
-000641
-000524
-000641
-000641
-000292
0000640
0002444
0003958
0003143
0000756
-001398
-003202
-005472
-006753
-005123
-001863
0000407
0001338
0001804
0001804
0001338
0000698
0000000
-000699
-001572
-002096
-001456
-000117
0000931
0001979
0004191
0006228
0006053
0004715
0004889
0006228
0007509
0007916
0006461
0003958
0001920
0000931
0000989
0001513
0001571
0000465
-003027
-006287
-004599
-000466
0000582
-000932
-001921
-002271
-002620
-002445
-001165
0000174
-000408
-002154
-003027
-003260
-003784
-004483
-005007
-005356
-005996
-006229
-004774
-002969
-002969
-004192
-005239
-004599
0000465
0005646
0002968
-002562
0000582
0007334
0005588
-000350
0000349
0004132
0002212
-002038
-000524
0003783
0004074
0001746
0001455
0002212
0001513
0000291
0000523
0001979
0003841
0004889
0003201
0000523
0000407
0001513
0000174
-001921
-001165
0000989
0001222
-000059
-000990
-001805
-003202
-004541
-005123
-004774
-003959
-003202
-003319
-003726
-002620
-001339
-003144
-005414
-003319
0001164
0003085
0002968
0003725
0004424
0003376
0001862
0002444
0004540
0006519
0007800
0007974
0007567
0008091
0008789
0008207
0006461
0004191
0002037
0000582
0000000
0000058
0000582
0001106
0001688
0003259
0004249
0002153
-000874
-000583
0001455
0001106
-001107
-003668
-005065
-003202
-000408
-001630
-004599
-004192
-002038
-003086
-005356
-004308
-001863
-002795
-004832
-003027
0000407
0000232
-001514
0000116
0003259
0003725
0002328
0001222
0001047
0002095
0003667
0004132
0003900
0004715
0005588
0004074
0001804
0002153
0003143
0000232
-003610
-002038
0002095
0002095
-000117
0001047
0003550
0003492
0000989
-002736
-005531
-004425
-000990
0000523
0000232
-000699
-001456
-001048
0000058
0000523
0000116
-000932
-002096
-002562
-002620
-003493
-003959
-001863
0001513
0003434
0003725
0002852
0001979
0003201
0005006
0004249
0001979
0000698
0000989
0003143
0005588
0005704
0003958
0002270
0000698
-001456
-003319
-004075
-003086
0000174
0003550
0003725
0001746
0001222
0001571
0000756
-000059
0001222
0003026
0001920
-000583
-001107
-000117
0000814
0001164
0000640
-000350
-000524
-000699
-003086
-005647
-004832
-001456
0002212
0004482
0003492
0000756
-000059
0000989
0002561
0003841
0004307
0003259
-000408
-003610
-000699
0004365
0002619
-002154
-001107
0002968
0002735
0000523
0002968
0005646
-000699
-009256
-005880
0003492
0004424
-000175
-000990
0000465
-000874
-002911
-000583
0002444
-001398
-007626
-006811
-001223
0002561
0004016
0004365
0003725
0003259
0002503
0000116
-001630
0001455
0006286
0006403
0003492
0002561
0003085
0002677
0002037
0002444
0003376
0003376
0002852
0002735
0003318
0005006
0006461
0005704
0003201
0000116
-001921
-000932
0001688
0002852
0002503
0001629
0000465
-000583
-001281
-001398
-001339
-002038
-002795
-002271
-001572
-003144
-005356
-004657
-002329
-001747
-002271
-001630
-000524
-000408
-001165
-002096
-002795
-003260
-002562
0000640
0004365
0004889
0003376
0003434
0004191
0002852
0000698
-000408
0000640
0004947
0009488
0009197
0005937
0004598
0005122
0006228
0006228
0002561
-002096
-002271
0000291
0000291
-000757
0000873
0003492
0003318
0001688
0001804
0002794
0002328
0000756
-000932
-001863
-001048
0000232
-000815
-002969
-003668
-003086
-002271
-001863
-002853
-004425
-004774
-004133
-003610
-003435
-003842
-004017
-002445
0000232
0002794
0004016
0002386
-000524
-001398
-000466
0001106
0002095
0000523
-001689
-000466
0002444
0003085
0001920
0000814
0000116
-000117
-000059
-000408
-000641
-000117
0001164
0003259
0004540
0001862
-001747
-000350
0003259
0002619
-000932
-003610
-004250
-001863
0001455
0001920
0000116
-001514
-002504
-002736
-002387
-002329
-002387
-001863
-001398
-002038
-002678
-001107
0001455
0002444
0002270
0002444
0003143
0004191
0004889
0003725
0002153
0002968
0004831
0004715
0002910
0000931
-000175
0000989
0003201
0004074
0002910
-001048
-005239
-005472
-003319
-003551
-005298
-006113
-005705
-004366
-002504
-000583
-000117
-003202
-006811
-004483
-000466
-004832
-011584
-007859
0000756
0000873
-003668
-002620
0001629
0002503
0001862
0004773
0008557
0007218
0003725
0004773
0008033
0008033
0005821
0004249
0004132
0006403
0008964
0008033
0004773
0002444
0001164
-000117
-001281
-002271
-002853
-002853
-002504
-002620
-002911
-002678
-002329
-002678
-003493
-004541
-005414
-005531
-005356
-005763
-006113
-004657
-002969
-003435
-005472
-006928
-007102
-005705
-003086
0000116
0001920
-000524
-004366
-004250
-000815
0002968
0005413
0004656
0002444
0002852
0004889
0005995
0005704
0004074
0001862
-000117
-000641
0001513
0004947
0007218
0007509
0005879
0003667
0003841
0005064
0004249
0002037
0000058
-001165
-001514
-001107
-000292
0000116
-000932
-002562
-002853
-002154
-001514
-001630
-002969
-004948
-006637
-006753
-003551
0000232
-000524
-003784
-004192
-002504
-001514
-000932
0000756
0002153
0000582
-001921
-001165
0001164
0000698
-001107
-000757
0001164
0002619
0003550
0004307
0004482
0003492
0001862
0000232
-000757
-000466
0000523
0000407
-000059
0001047
0002561
0002270
0000814
-000117
-000059
0001804
0003318
0001106
-002969
-004425
-003726
-003027
-002562
-002445
-002678
-003086
-003493
-004017
-004599
-005822
-006869
-006578
-005123
-003144
-001572
-001630
-002445
-002213
-001339
-001165
-001281
-000408
0000582
0000756
-000466
-003842
-006637
-004133
0000989
0002968
0001746
-000874
-003144
-002271
0000582
0002503
0002444
-000641
-003901
-001921
0001746
-001281
-007102
-007044
-003319
-002038
-003086
-004774
-005938
-005181
-002736
-000059
0002037
0002968
0002561
0001280
-000932
-005065
-008383
-006869
-002387
0000000
0001222
0005122
0008324
0004656
-001747
-002445
0000873
0002794
0003259
0003900
0004191
0003259
0001629
-000292
-001223
0000465
0003143
0003259
0001862
0002270
0003318
0002444
0000465
-000874
-001048
0000407
0002153
0001455
-000641
-001747
-001921
-002387
-002562
-001107
0000465
-000175
-002445
-004890
-005996
-003493
-000117
-001572
-005472
-006462
-004599
-002038
0000465
0002270
0002386
0000058
-002154
0000349
0004831
0004947
0002735
0003725
0006519
0007451
0006519
0005122
0003550
0001862
0000523
-000233
-000350
0000000
0000814
0002095
0003201
0003085
0002095
0001397
0000756
0000000
-001281
-003959
-006695
-007743
-006811
-003901
-001339
-002736
-006520
-008790
-008732
-006345
-003144
-002038
-002736
-003551
-003726
-001980
0000349
0000931
0000174
-000524
-000408
0001455
0003725
0003725
0002561
0002735
0003900
0005064
0005355
0003201
0000698
0002095
0004947
0003376
0000174
0001688
0005413
0005355
0002968
0002328
0002735
0002037
0000814
0000291
0000407
0000640
0000989
0001688
0001979
0000582
-001456
-002154
-001572
-000059
0000989
-000699
-003377
-003435
-001980
-002096
-003144
-003842
-003842
-003377
-002329
-000524
0001164
0001629
0000931
0000058
-000990
-002620
-003959
-004075
-002736
0000232
0003434
0004715
0004424
0004249
0003900
0002444
0000756
0000000
0000698
0003376
0005471
0002561
-002329
-002678
-000292
-000583
-002329
-001980
-000408
0000407
0000291
-000466
-001514
-002387
-002620
-001630
-000117
0000640
0000465
-000350
-001339
-001572
-001107
-000408
0000407
0001222
0001862
0002270
0001979
0000116
-001689
-000874
0001397
0001979
0001280
0000523
0000582
0003434
0005355
-000641
-008907
-008034
-001456
0001047
0000931
0004191
0007567
0004831
-000874
-002504
-001398
-002620
-004308
-002620
0000232
-000408
-002387
-000059
0003667
0002444
-001398
-002271
-000874
0000291
0000465
-000757
-002213
-001630
0000407
0001979
0002794
0003026
0002503
0001047
-000292
0000407
0002095
0002212
0001513
0001688
0002503
0003026
0003318
0003958
0004191
0002619
0000756
0001862
0004365
0004715
0003201
0000989
-000641
0000349
0002328
0001746
-000233
-000466
0000465
0000465
-000292
-001165
-001921
-002096
-002154
-002853
-003551
-002445
-001107
-002969
-005880
-005123
-002445
-002387
-003784
-003726
-002504
-000874
0000407
0000058
-000641
0001047
0003841
0005064
0004715
0003609
0002852
0004715
0007159
0006228
0003725
0004074
0005879
0005355
0003841
0004482
0006053
0005588
0003725
0001688
0000756
0002503
0005180
0005471
0003725
0001629
-000059
-000757
-000408
0000698
0001338
-000641
-003959
-005763
-006520
-008383
-010246
-010129
-008325
-006113
-004192
-003027
-002445
-001514
-000641
-000466
-001281
-003377
-005414
-005414
-003610
-001223
0001106
0002852
0003259
0001455
-001048
-001630
-000292
0002153
0004249
0004307
0002852
0001338
0000756
0002153
0004074
0003900
0002095
0000640
0000000
0000232
0001106
0002037
0002503
0002270
0001397
0000116
-000699
0000058
0001338
0001106
-000292
-001630
-002445
-002504
-002154
-002096
-002329
-002038
-002154
-004599
-006928
-004308
0000523
0001920
0000989
0001979
0003725
0003550
0002212
0001338
0001397
0002677
0004307
0004715
0004307
0004831
0005006
0002561
-000699
-001398
0000058
0001571
0002619
0002503
0002153
0004074
0005530
0001455
-004890
-006869
-004890
-001980
0000116
-000932
-003319
-002213
0000465
0000058
-002038
-002038
-001223
-003493
-005589
-000466
0006286
0003259
-004425
-004599
-000175
0000058
-001514
0001513
0006112
0005937
0003026
0002561
0003783
0003958
0003259
0002968
0002444
0000058
-002038
0000116
0004016
0004656
0002619
0000698
-000524
-000815
-000408
0000232
0000465
-000524
-002154
-003610
-004133
-003377
-001572
0000931
0002328
-000350
-004308
-003842
-001456
-003377
-007102
-006695
-003726
-002678
-003260
-003842
-003901
-002911
-001048
0000814
0002386
0004016
0004773
0003667
0001164
-001689
-003377
-002271
0000582
0003026
0004191
0003900
0002910
0002794
0003783
0005646
0007043
0005762
0003318
0003085
0004598
0006286
0006636
0003259
-001398
-002562
-001281
-001165
-001863
-001921
-001689
-002154
-002445
-000874
0001164
0000756
-000932
-001281
-000466
0000640
0001513
0001455
0000873
0000873
0001164
0001047
0000814
0000989
0001280
0000465
-000233
0001513
0004132
0004540
0003201
0001862
0001338
0002561
0004307
0004016
0002444
0001920
0002095
0001688
0001280
0001862
0002735
0002561
0001862
0001920
0002328
0001862
0000582
-001281
-003086
-004017
-003784
-002329
-000641
-000233
-000583
0000000
0000465
-001921
-005065
-004890
-003202
-004308
-007102
-008965
-009489
-009140
-008034
-006171
-004366
-003377
-003086
-002213
-001398
-002213
-003260
-001980
0000407
0001338
0000931
0000523
0000349
0000407
0001047
0002444
0003609
0002968
0001513
0001920
0003085
0002328
0000698
0000232
0000873
0001862
0002212
0000116
-002620
-002620
-000583
0000989
0001338
0000058
-001921
-002387
-001805
-002038
-002329
-000874
0000931
0000465
-001398
-002096
-002504
-005007
-007568
-006229
-003377
-004657
-007568
-006229
-002795
-002736
-004133
-001863
0001280
-000815
-004890
-003260
0000640
-001805
-006637
-004716
0000756
0002095
0000582
0001222
0002212
-000292
-003493
-002154
0001746
0003318
0002852
0002735
0002735
0002444
0001862
0000640
0000058
0002095
0004715
0004307
0001280
-002736
-005472
-003726
0000349
0001979
0001338
0000582
-000292
-001398
-002329
-002620
-002911
-004657
-006113
-003784
0000058
0000756
-000815
-001921
-001689
0000349
0002968
0004191
0003259
-000350
-003901
-002329
0001455
0000698
-002329
-001747
0000407
-000699
-003377
-003668
-002620
-003610
-005298
-004716
-002678
-001223
-000583
-000408
-000699
-001165
-001921
-003435
-004890
-005181
-004250
-002271
-000233
0000698
0000291
-001339
-002795
-001921
0000232
0000989
0000582
0000291
0000349
0000931
0001338
0000116
-001514
-001514
0000465
0004598
0007916
0005646
0000349
-002096
-001572
0000000
0001222
-000292
-003202
-004541
-004425
-004192
-003610
-001630
0000291
-000175
-001921
-001921
-000990
-001223
-002154
-002445
-002213
-001863
-001630
-001921
-002562
-003610
-004308
-003610
-002096
-001107
-000990
-001863
-002911
-002387
-001281
-001805
-002853
-001747
0000116
-000641
-002329
-001747
0000698
0003026
0004540
0004424
0003667
0004773
0006053
0004074
0000873
0000640
0001979
0000989
-000699
0000756
0003259
0002561
-000059
-001165
-000757
0000232
0000931
-000175
-002271
-003319
-003260
-002387
-001572
-002096
-003435
-004133
-004075
-003377
-002678
-002620
-003435
-005239
-006753
-005880
-003959
-004075
-005414
-005880
-005298
-004366
-002911
-000466
0001455
0000349
-001747
-000524
0002386
0003143
0002328
0002444
0002619
0000465
-001921
-000874
0001979
0001979
0000698
0002153
0004016
0000931
-003260
-000524
0004831
0002794
-002678
-001863
0002444
0002794
0001222
0003550
0006519
0003783
-001747
-003435
-002387
-002853
-004133
-004890
-004133
-000408
0003609
0003259
0000174
-001630
-001572
-000233
0001513
0001979
0001629
0002212
0003026
0002212
0000756
0000931
0001629
0000174
-001572
0000349
0003550
0003143
0000989
0001629
0004016
0005762
0005471
0001280
-003377
-002329
0001746
0002212
0000116
-001281
-001514
-000699
0000174
-001339
-003086
-000641
0003085
0001920
-001572
-001281
0001222
0001513
0000582
0001397
0002444
0000349
-002678
-002096
0000407
0000640
-000292
0000465
0002153
0002735
0002328
0001688
0001047
0000465
0000407
0001513
0003143
0003958
0003783
0002910
0001804
0001164
0000814
0000407
-000292
-001689
-002504
-000292
0002968
0003783
0002328
-000059
-001747
-000524
0002095
0003201
0002212
-000466
-003144
-002562
-000815
-002620
-005705
-004948
-002329
-002853
-005065
-005239
-003842
-002678
-002038
-002271
-002329
-000117
0002968
0004074
0003143
0000931
-000641
0001629
0005413
0005879
0003725
0001688
0000756
0001920
0003958
0004249
0003667
0004831
0006403
0006112
0003900
0000407
-002271
-000757
0002503
0001746
-001165
-001048
0000640
0000116
-001165
0000407
0002503
0000465
-003086
-002329
0000640
0000698
-001223
-002445
-002736
-002620
-002445
-003319
-004308
-003319
-001398
-001398
-001863
0000640
0004016
0004424
0002095
-001223
-003610
-002504
0001164
0004482
0006577
0007159
0006577
0006403
0005995
0004016
0001804
0002037
0003550
0003143
0002037
0003085
0005355
0006927
0007043
0004947
0002503
0003201
0004540
0000931
-004599
-005647
-003144
-001281
0000232
0003609
0005238
-001165
-009314
-006869
0000291
-002387
-009431
-007219
-000524
-000874
-005007
-004308
-000815
-000641
-001980
-000524
0002095
0002095
0000698
0001280
0002503
0000814
-001165
0001862
0006694
0006636
0003259
0001222
0001455
0004249
0006636
0002619
-003377
-002154
0002794
0002270
-001165
-000583
0002095
0002270
0000873
0000465
0000814
0000931
0000523
-000932
-001980
0000116
0003143
0002910
0000465
-001048
-001514
-001572
-001514
-001921
-002213
-001281
0000465
0002095
0002735
0001047
-001281
-001223
0000407
0000582
0000291
0001688
0003259
0002095
-000292
0000116
0001397
-001048
-004483
-003260
0001164
0005122
0006694
0004249
-000350
-002911
-003319
-003260
-002853
-002853
-002562
-000583
0001746
0001862
0000349
-001165
-001805
0000174
0002153
-000874
-005705
-005239
-001456
0000116
-000292
-001398
-001980
-000233
0002444
0003201
0002503
0002561
0002503
0000407
-001980
-001805
0000116
0001164
0001629
0002503
0003143
0002444
0000873
-000408
-000874
-000233
0001280
0002619
0003900
0005937
0006927
0003841
-000932
-002853
-002504
-003144
-003493
-000641
0002503
0000000
-004716
-004366
-001107
-000524
-001980
-002562
-002620
-002911
-003435
-004250
-004832
-004774
-003842
-001514
0000698
0000407
-001281
-001456
-000466
0000407
0000814
0000174
-000641
-000233
0001222
0003318
0004947
0004773
0003725
0004191
0005355
0005064
0003841
0003143
0002968
0003259
0002735
-001223
-005414
-004075
0000291
0001920
0000814
-001281
-003668
-005822
-006869
-006811
-005123
-000990
0002619
0000873
-003610
-004657
-003435
-003901
-005065
-004425
-003377
-004599
-006753
-006520
-004890
-004599
-004948
-004133
-002154
0001338
0003434
-000815
-006404
-003319
0004074
0004889
0001746
0002444
