-002969
-000699
0001338
0000349
-002096
-002504
-001048
0000582
0001804
0002328
0001688
-000932
-003319
-001863
0001571
0002852
0001862
-000408
-002096
-000059
0002968
0001106
-002736
-001689
0002153
0003492
0002561
0001455
0000756
0001571
0002503
0000349
-002620
-001980
0001164
0003550
0004249
0002444
0000407
0002677
0006636
0006577
0003492
0000698
-000990
-001339
-000990
-001980
-003086
-001339
0001513
0001746
0000407
0000640
0001280
-000350
-002969
-003842
-003027
-001398
0000407
0002270
0002968
0001222
-001339
-001398
0000058
-000233
-000699
0002503
0006286
0004482
0000349
0001397
0004656
0002561
-001281
0001338
0006403
0004424
-000117
0003725
0010477
0007858
0000465
-001048
0002037
0004249
0004656
0003085
0000756
0000349
0001222
0001164
0000465
-000292
-000874
-000990
-000990
-001863
-002853
-002736
-002096
-002213
-003086
-004716
-005763
-004133
-001339
-000350
-000641
-000292
0000523
0001222
0001804
0002735
0003550
0003900
0003492
0001804
0000232
0000873
0002503
0002444
0001280
0001164
0001571
0000756
-000175
0001106
0002794
0000989
-001863
-000699
0002794
0004249
0004132
0004773
0005238
0004249
0002037
-000757
-002620
-001514
0000640
-000408
-002911
-002911
-001048
0000407
0000931
0000000
-001456
-001107
0000116
-000117
-001165
-001514
-001398
-002096
-002620
-001165
0000756
0000000
-002504
-004599
-005239
-003493
-000757
0000232
-000175
-000117
0000349
0000582
0000989
0002735
0003958
0001397
-001747
0001397
0006286
0002852
-004250
-004599
-000350
0001804
0001455
-000059
-001980
-002620
-002271
-002329
-002620
-002678
-002795
-003319
-003726
-003144
-001980
-001398
-001107
-000233
0000523
-000408
-001514
0000407
0003201
0002386
-000059
0000640
0003259
0004482
0004074
0003085
0001513
-000699
-002096
-000641
0002270
0003900
0003841
0002503
0001280
0003201
0005879
0004656
0001280
0000582
0001513
0001106
0000291
0001804
0003318
0000640
-003377
-002736
0000756
0002561
0001862
-001339
-004774
-004599
-002038
-000990
-001281
-001456
-001398
-001456
-001514
-001805
-001747
-000408
0001222
0001280
0000232
-000699
-000350
0003318
0006927
0004598
-001281
-005181
-005938
-004599
-001630
0001862
0003609
0000407
-004250
-003319
0000640
0000000
-002329
0000931
0005879
0004424
-000350
-000583
0002212
0003201
0002852
0003085
0003085
0001047
-000990
0000873
0003725
0001338
-003901
-006345
-005938
-004716
-003086
-001107
0000000
-001048
-002911
-003027
-001863
-001456
-001165
0000756
0002677
0001746
-000757
-001630
-000815
0000291
0001688
0003783
0004889
0002677
-000990
-002562
-002213
-001398
-001048
-002562
-004250
-002795
0000232
0001397
0000873
0000523
0000232
-000350
-000699
0000291
0001397
0000116
-002387
-003842
-003726
-002154
-000292
0000116
-001107
-003726
-006054
-005763
-003784
-002853
-003086
-003842
-004716
-005065
-004948
-004774
-004308
-003144
-001689
-000874
-000583
-000292
0000232
0001629
0002619
0000873
-001630
-000699
0002095
0002852
0001688
0000058
-001805
-003959
-005298
-004832
-002911
-000815
0000756
0001280
0000931
0000582
0000291
-000350
-000815
-000292
0000989
0002619
0003725
0003259
0001397
-001281
-003435
-003260
-001514
-000175
0000116
-000932
-002853
-004832
-005996
-005356
-003784
-003027
-003260
-003784
-003901
-002387
-000117
0001106
0001629
0003085
0004307
0003259
0000756
-001281
-002271
-002154
-001107
-000059
0000989
0002503
0003609
0002677
0000873
0000640
0001513
0001629
0001629
0003725
0005471
0002095
-003144
-003551
-000932
-001048
-002445
-001398
0000465
-000117
-002096
-003260
-002620
0000756
0004365
0003783
0000523
-001048
-000990
-000699
-000350
-000408
-000350
0001222
0003434
0004889
0004947
0003201
0001047
0000873
0001862
0001688
0000291
-002329
-004017
-001165
0003318
0003841
0001513
0000116
-000233
0000000
0000174
-001281
-002795
-001398
0001455
0002503
0001222
-002271
-006171
-007393
-006287
-004890
-003319
-000874
0001164
0001106
-000815
-003668
-005705
-004774
-002154
-000990
-001339
-002154
-003260
-005181
-006113
-003260
0000873
0000756
-001398
0000116
0003085
0002444
0000058
0000058
0001920
0003667
0004482
0003725
0001920
0000407
-000117
0000931
0002677
0003434
0003143
0002386
0001513
0000873
0000814
0002037
0003201
0002270
0000174
-001223
-001223
0000931
0002852
0000232
-004192
-004075
-001398
-001398
-003202
-004017
-003668
-002271
-000583
-000175
-000524
-000233
0000232
-000408
-001514
-001863
-001805
-002736
-003493
-002213
0000116
0001280
0001280
0001106
0000058
-003901
-006695
-001398
0007334
0010128
0007218
0002444
-001689
-001514
0001164
0001164
-000292
0000349
0002328
0003609
0003841
0003143
0001804
0000291
-000757
-000583
0000349
0000640
0000058
-001630
-003610
-004657
-004657
-004250
-003319
-001223
0000698
0000582
-000757
-001048
-000641
-000815
-001281
-001339
-000874
0000407
0001688
0001513
0000873
0001746
0003318
0003783
0003259
0002968
0002852
0002444
0002153
0002503
0002852
0002095
0000582
-000815
-001572
-001572
-000350
0002677
0005413
0004889
0002561
0002852
0003783
0000116
-004541
-003027
0001629
0002095
-000408
-001456
-001805
-004425
-006869
-004890
-000583
0001047
0000582
0000523
0000640
0000232
-000641
-001747
-002678
-003319
-003027
-000699
0001746
0000756
-001747
-001514
0000814
0002852
0003900
0003667
0002328
0000640
-000990
-003086
-004017
-001165
0002735
0002619
0000000
-000583
0000465
0001629
0002037
0000116
-002154
-000990
0001862
0002212
0000814
0000232
-000175
-002096
-004250
-004657
-003493
-002096
-000990
-000408
-000583
-001747
-002969
-002969
-002038
-001223
-000699
-000292
-000350
-001281
-002562
-003086
-003260
-004250
-005181
-004657
-002853
-000408
0001629
0001164
0000523
0004424
0009546
0009313
0005530
0003376
0002910
0002444
0002037
0001979
0001455
-000874
-003551
-004192
-003027
-001281
0000058
-000233
-001456
-001980
-000932
0002794
0006403
0005064
0000931
-000466
-000175
-001980
-004250
-003551
-001223
-000466
-000990
-001281
-001572
-002853
-003551
-000233
0003725
0001920
-002562
-002620
0000407
0002270
0002735
0003085
0002910
0001804
0000640
0000931
0002037
0002270
0001629
0000465
-000757
-001281
-000932
0000698
0002212
0001338
-000815
-001805
-001281
0000465
0002037
0000989
-001572
-003086
-003551
-004366
-004890
-004075
-002504
-001048
-000175
0000174
-000292
-001630
-003493
-005763
-007102
-005880
-003086
-001223
-000466
-000175
-000292
-000524
-000350
0001338
0003201
0003085
0001338
-000757
-001689
0000465
0003900
0005297
0004307
0001629
-000583
0000931
0004132
0004307
0002444
0001397
0001338
0002270
0002968
0000756
-002271
-001630
0000465
-001398
-004832
-004541
-002096
-001689
-002387
-001339
0000465
0000931
0000058
-001805
-003202
-001572
0001222
0001455
-000175
-001107
-001572
-002736
-003726
-003202
-001514
0000640
0002270
0002270
0000814
-001514
-002969
-000757
0002561
0001397
-001980
-002445
-000874
0000000
-000583
-003726
-006637
-004075
0001280
0003725
0003143
0001688
-000117
-001747
-003202
-005705
-007568
-006637
-003784
-001107
0000116
-001514
-004657
-006811
-006986
-004250
-001048
-001921
-004774
-004308
-001689
-000117
-000117
-001572
-003086
-001921
0000291
0000349
-001689
-004599
-006811
-006054
-003435
-002038
-001980
-002271
-002678
-002853
-002678
-002562
-001921
0000814
0003143
0000756
-003551
-003377
-000990
-002795
-005996
-004657
-000990
-000641
-001863
0000291
0003026
0000116
-005239
-006520
-004366
-002445
-001107
-000059
-000059
-001805
-004133
-004948
-004192
-002911
-001921
-002678
-003959
-003493
-001630
0000349
0001804
0002037
0001629
0002153
0002968
0002561
0001338
0000232
-000292
-000059
0000873
0002095
0002852
0001979
0000465
0000698
0001629
0000931
-000699
-001339
-001339
-001921
-002504
-002213
-001281
-000059
0000349
-001921
-005065
-006171
-005414
-004308
-003668
-004716
-006229
-005589
-003726
-002911
-002678
-001281
-000117
-001921
-004716
-004657
-002387
-000117
0001280
0001164
0000407
0001571
0003318
0002735
0000582
-001630
-002504
-000175
0003026
0002561
0000349
0001513
0004132
0003492
0000989
-000059
0000523
0002212
0003550
0002037
-000932
-002154
-001863
-001747
-001398
0000465
0001804
-000699
-004483
-004250
-001223
0001106
0001455
-001572
-005531
-005763
-003551
-003202
-003842
-002620
-001107
-002795
-005298
-003726
-000292
-000117
-002038
-002736
-002154
-001223
0000058
0001920
0003376
0002677
0001164
0001629
0002852
0001804
-000466
-001689
-001456
0000232
0001920
0000873
-001281
-000874
0001571
0004307
0005937
0004656
0002153
0002444
0004132
0003434
0001979
0003318
0005413
0003667
0000000
-001514
-001107
-000466
-000466
-002678
-005589
-005938
-004483
-003901
-003668
-002678
-001398
-000757
-001048
-002271
-003202
-001747
0000407
-000466
-002795
-002678
-000932
0000116
0000000
-001107
-002620
-003551
-003202
-000757
0002095
0002386
0001164
0001455
0002910
0004424
0004889
0002270
-000815
0000873
0004598
0004424
0001804
0001455
0001804
-000932
-005007
-007102
-006869
-004774
-002795
-004366
-006928
-005123
-000990
0000756
0000989
0003318
0005646
0004365
0001164
0000000
0000407
0000232
-000117
0000291
0000814
0000582
-000292
-001281
-001980
-001863
-000932
0000931
0002444
0001397
-000583
-000233
0001862
0003841
0004598
0003085
0000465
-000932
-000757
0000465
0002037
0002735
0002095
-000350
-002678
-001456
0001164
0000000
-002795
-002154
0000291
0000349
-001339
-002620
-002853
-001281
0000640
-000059
-002096
-002853
-001747
0001222
0004365
0004947
0003492
0002153
0001338
0001106
0001106
-000175
-001165
0000989
0004365
0005064
0003725
0002794
0002561
0002852
0003143
0002095
0000407
-000699
-000932
-000466
0000174
-000117
-000583
0000989
0002968
0002212
0000349
0001455
0003492
0001280
-002329
-001223
0001920
0000349
-003260
-002329
0000814
0000814
-001514
-003610
-004774
-004657
-003551
-002096
-000524
0001222
0002677
0003667
0003201
-000350
-003842
-001747
0003376
0005704
0005238
0004540
0003318
0000465
-001921
-000292
0003026
0002677
0000174
-000408
0000698
0002270
0003550
0003376
0002153
0000640
-000175
0000989
0002852
0002910
0001164
-001980
-004425
-003086
-000059
-000641
-003144
-003260
-001747
-000932
-000699
-000350
-000059
0000291
-000408
-004250
-008150
-006637
-001980
0000407
0000232
-001456
-003144
-002445
-000233
0001222
0001629
0001164
0000465
0000814
0001513
0000931
-000583
-002562
-003610
-001921
0001222
0003259
0003318
0000640
-002504
-002038
0000523
0000814
0000174
0002444
0005006
0002852
-001747
-003726
-003027
-001165
0000698
0000582
-000524
0000116
0001804
0002968
0002561
-000583
-004657
-007102
-006986
-004366
-000874
0000814
0000873
0001338
0001455
-000874
-003319
-001747
0001920
0003085
0002212
0001455
0001280
0001804
0003026
0004831
0005879
0003958
0001280
0002852
0005471
0002037
-003668
-003551
0000582
0003259
0003783
0003026
0000989
-002271
-004133
-000699
0004773
0005588
0003201
0002794
0003318
0001746
-001048
-003260
-004192
-003668
-002562
-002736
-003377
-002562
-000932
0000000
0000407
0001222
0002037
0001804
0000814
-000233
-000990
-001339
-001339
-001863
-001863
0000640
0003492
0002968
0000349
-000583
-000117
0000465
0000523
-000874
-002620
-002329
-001165
-001805
-003202
-003027
-001747
-000932
-000757
-001398
-001921
-000350
0001629
0000698
-001805
-002678
-001805
-000292
0001164
0001397
0000407
-001398
-002620
-001107
0001629
0002212
0001164
0000407
0000232
0000873
0001513
0000523
-001107
-000990
-000117
-000815
-002271
-002620
-001863
-000350
0000931
0000756
-000408
-000583
-000292
-001048
-001921
-001456
-000350
0000349
-000059
-002620
-005007
-002795
0001338
0001629
-000932
-002678
-003435
-003726
-003551
-003086
-002795
-003260
-004075
-004308
-004133
-004075
-004425
-005996
-007451
-005996
-003493
-003784
-005531
-005065
-003377
-003027
-003493
-003027
-001921
-000350
0000058
-003726
-008208
-006986
-001980
0001571
0002794
0002153
0000291
-000932
-001281
-000874
-000350
-000874
-001747
-001456
-000524
-000292
-000350
0000698
0001804
0000873
-001223
-002678
-003260
-003551
-003202
-001630
-000292
-001863
-004716
-005181
-004017
-003551
-003842
-004541
-005239
-005298
-004308
-001747
0000523
-000641
-003551
-004250
-003493
-004366
-005298
-003144
-000059
-000874
-003027
-000292
0003667
0001047
-004774
-005880
-003144
-000175
0001629
0000814
-001339
-001630
-000932
-002387
-004308
-003959
-001747
0000465
0002153
0003725
0004191
0002735
0000582
0000174
0000756
-000059
-001572
-001805
-001630
-003086
-004541
-002620
0000523
0000232
-001863
-001747
-000408
-000641
-001630
-001339
-000466
-000641
-001398
-001630
-001863
-003551
-005705
-006404
-005414
-002620
-000117
-001630
-004425
-002853
0001106
0002503
0001280
-001165
-002969
-001048
0002270
0001571
-001223
-001281
0000465
0001571
0001455
-000408
-002853
-004250
-003493
0000465
0004307
0001688
-003493
-002911
0001164
0001920
0000465
0000349
0000814
-000059
-001514
-002096
-001630
-000583
0000698
0001862
0002561
0002386
0001920
0002386
0003259
0003609
0003085
0001280
-000932
-002096
-001921
-001048
0000058
0000407
0000291
0000640
0001222
0001920
0001513
-002271
-006171
-004483
0000116
0001047
-001048
-003319
-004832
-004425
-003202
-003784
-004425
-000757
0003550
0001455
-003901
-004774
-002504
-001805
-002038
-001165
0000116
0000232
-000699
-002387
-004017
-004948
-004483
-002271
0000407
0001047
0000465
0001571
0002677
0000116
-002795
0000523
0005937
0004365
-000932
-001630
0000698
0001106
0000000
-000699
-001107
-001863
-002271
-001223
0000582
0001979
0002095
-000059
-002678
-002562
-000408
0001629
0002212
-000292
-003784
-004075
-002387
-002329
-002853
-000292
0001804
-003260
-010304
-009023
-002504
0000814
0001164
0002153
0002794
0000698
-001747
-000175
0002852
0001455
-001689
-000117
0003609
0003550
0000873
-001048
-001747
-001514
-000699
-000292
-000292
-000408
-000350
0000582
0001920
0002677
0002910
0003259
0003376
0002968
0002212
0001222
0000523
0000756
0001164
0000232
-000874
0000465
0002270
0000756
-002562
-004133
-003901
-002795
-001456
-000466
-000466
-001630
-002678
-000874
0001629
0000582
-002387
-002969
-001572
-000292
0000756
0001804
0002328
0001455
0000291
0001164
0002852
0003143
0001804
-000583
-002562
-002271
-000117
0001979
0003201
0002910
0001979
0002852
0003900
0001571
-001747
-001223
0001571
0002212
0001455
0002153
0003492
0003550
0002794
0002677
0002619
0001629
-000059
-002038
-003493
-004017
-003377
-002038
-000757
-000524
-001223
-002096
-002678
-002736
-002213
-001339
-000350
0000640
0001455
0002153
0002503
0002444
0001804
0000058
-001223
0000465
0003259
0003318
0001338
-000699
-001630
-000292
0001688
0000814
-001281
-000932
0000814
0001222
0000756
0000873
0001571
0002503
0002910
0001746
-000699
-004192
-006054
-002213
0003550
0003201
-000466
0000291
0003143
0002328
-000874
-003493
-004425
-002795
-000175
-000175
-001456
-000117
0001920
0000174
-002853
-002096
0000814
0001106
-000175
-000117
0000523
-000408
-001630
-001165
0000814
0003492
0005064
0002503
-001514
-001630
0000873
0002270
0002386
0001979
0001280
0000465
0000232
0001862
0003085
-000408
-005647
-007102
-005065
-002096
0000174
-000350
-002620
-003784
-003610
-002445
-001398
-002853
-004774
-003260
0000058
0001222
0000756
0000232
0000814
0004540
0007974
0004482
-002271
-004250
-002445
-001281
-001048
-001689
-002096
0000232
0003434
0003958
0002852
0003026
0003667
0002735
0000698
-001165
-002329
-002445
-001514
0000000
0001455
0001746
0001280
0001804
0001688
-002445
-007393
-006986
-003144
-001223
-000524
0002444
0004947
0001862
-003260
-002911
0000407
-000059
-002736
-003377
-002387
-001339
-000583
0000058
0000000
-001281
-003027
-003842
-003435
-002038
-000292
0000640
0000523
-000990
-002096
-000059
0003376
0003958
0003201
0005646
0008731
0006985
0003318
0004249
0007276
0006403
0003201
0002386
0002619
0000000
-003086
-002329
0000756
0002037
0001397
-000233
-001863
-001805
-000757
-000641
-001223
-001630
-001398
0000000
0001338
0000291
-001921
-002911
-002678
-002271
-001514
0000349
0002095
0001979
0001047
0002037
0003783
0003201
0001571
0001804
0002910
0002619
0000989
-001339
-003260
-003260
-001980
-001514
-001630
-001107
-000641
-001398
-002504
-002213
-001281
-001514
-002387
-002445
-001689
-000350
0000931
0001106
0000407
-000699
-001514
-001165
-000699
-002271
-004366
-003901
-001980
-001514
-001689
0000232
0002037
-000350
-004308
-004774
-002445
-000292
0000523
-001339
-004366
-005705
-004657
-001281
0001688
-000815
-005239
-003668
0001397
0003550
0002735
0000640
-001339
-000699
0000873
-000641
-003377
-003027
-000583
0001164
0001571
0000582
-000641
0000582
0002212
-000233
-004133
-004133
-001165
0001862
0003492
0002212
-000466
-001048
-000233
-000117
-000874
-002038
-003551
-005414
-006811
-006753
-005822
-005589
-005356
-003319
-000757
-000175
-000757
-000292
0000582
0000116
-000466
0001513
0003958
0002619
-000583
-000641
0000698
-001281
-003959
-001980
0001979
0001979
-000815
-002678
-003319
-003319
-002620
-001398
-000117
0000698
0000640
-000815
-002445
-001921
-000408
-000932
-002096
-000583
0001571
0000000
-003610
-005531
-005531
-005007
-004250
-004017
-003784
-002213
-000350
0000058
-000699
-001281
-001980
-003726
-004890
-002387
0001629
0003085
0002270
0001222
0000698
0001513
0003085
0004307
0004540
0003841
0002037
-001048
-003435
-002154
0000989
0001455
0000174
-000117
0000698
0002037
0003609
0005471
0005995
0002735
-001630
-001747
0000989
0002852
0002852
0000407
-002911
-004075
-003319
-002387
-001805
-001980
-002504
-002213
-001747
-002853
-004017
-001921
0000989
0000000
-003319
-004890
-004075
-001048
0002212
0002212
0000407
0000640
0002153
0002153
0001455
0001804
0003026
0004656
0005180
0001688
-002678
-001980
0001746
0003026
0002386
0002328
0002386
0001688
-000175
-003784
-006869
-005356
-001514
-000292
-001747
-004308
-006578
-006404
-004832
-004425
-004774
-004075
-002562
-000815
0000582
0000989
0000465
-000175
-000815
-001863
-002445
-001398
0000465
0001338
0000814
-001165
-003551
-004366
-003842
-003086
-001980
0000058
0002037
0002968
0002270
-000408
-003202
-002969
-001048
-001107
-002096
-001107
0000640
0000523
-000466
0000174
0001513
0001688
0000582
-001456
-002736
-000524
0002619
0001688
-001281
-001223
0000465
-000117
-001747
-001630
-000175
0001047
0001688
0001979
0001862
0001222
0000756
0002037
0003492
0002212
-000175
-000408
0001338
0003783
0005413
0004307
0001455
-000524
-000932
0000349
0002270
0002677
0002037
0001629
0001804
0003259
0004598
0003201
0000582
0000291
0001338
0001397
0000407
-001689
-003086
-001048
0002503
0003667
0002270
-000757
-003202
-001048
0003201
0004249
0002328
-000524
-003027
-003668
-002911
-002504
-002736
-003901
-004599
-002038
0001338
0000465
-002096
-000233
0003667
0004249
0002328
0000931
0000465
0001106
0001979
0001338
-000292
-001223
-001223
-000408
0001047
0002968
0004482
0004656
0003318
0000814
-001281
-000874
0001280
0003550
0004540
0002503
-000699
-001456
-000641
-001630
-003086
-002096
-000292
-001165
-003086
-002445
-000117
0001571
0001746
-000175
-002620
-002736
-001456
-001921
-003144
-002678
-001339
-001165
-001165
0001164
0003783
0002619
-000466
-001048
0000407
0001804
0002095
-000175
-003319
-004133
-002445
0000989
0003958
0003259
0000465
-000524
0000349
0001513
0002386
0002153
0001106
0000291
-000292
-001223
-001223
0001862
0005588
0005588
0002968
0001629
0001222
0000640
-000350
-002445
-004366
-004192
-002911
-002911
-003668
-003901
-003202
-001514
0000116
-000292
-002154
-004017
-004541
-002096
0001571
0003143
0002386
0000349
-001514
-001048
0000931
0001979
0002037
0001920
0001688
0001571
0001455
0001280
0000814
-000757
-002329
-002271
-001048
-000175
0000465
0001688
0002561
0001688
-000175
-001456
-002096
-003260
-004017
-003144
-001514
-001107
-001223
0000000
0001280
0000349
-001747
-002387
-001747
-000408
0000640
0000349
-001048
-002271
-002911
-002620
-001747
-000874
-000233
0000582
0001047
0000407
-000583
-000292
0000640
0000523
-000059
0000349
0001106
0000873
0000407
0001513
0002968
0001920
0000174
0001920
0004773
0003783
0000349
-001689
-001689
0000058
0001979
0001222
-000874
-000757
0000814
0001455
0001280
0000931
0000232
-000990
-002154
-002562
-001805
0000465
0002153
-000059
-003959
-004948
-002853
0001280
0004656
0003259
-000699
-002096
-001107
0000232
0001338
0001280
0000291
-001281
-002329
-001339
0000407
0000000
-001048
0001222
0003841
0000814
-004075
-002504
0002503
0003783
0002095
0000407
-000408
0000989
0002444
-000524
-004774
-003726
0000407
0002153
0001571
0000814
-000175
-002271
-003551
-001223
0002386
0002794
0000349
-002213
-004366
-005996
-006054
-003726
-000292
0001862
0002735
0003783
0004424
0003609
0002270
0002153
0002735
0002153
0001688
0004016
0006519
0003958
-000757
-001107
0001338
0001688
0000523
0000116
0000116
-000641
-001572
-001514
-001281
-002678
-004308
-003377
-001165
-000408
-001456
-004192
-006578
-005414
-002736
-003377
-005996
-007277
-006520
-003435
0000000
0000116
-001863
-002096
-001747
-003959
-006637
-006054
-003202
-001048
-000175
-000815
-002096
-002329
-001689
-001223
-000874
-000408
-000408
-001921
-003784
-003668
-002329
-001980
-001805
0000465
0002852
0001920
-001107
-003435
-004366
-004075
-003260
-003144
-003435
-002853
-001921
-001980
-002678
-002853
-002736
-002969
-003027
-001747
-000408
-001165
-003086
-004133
-004017
-002795
-001514
-002271
-004192
-005065
-004832
-004250
-003027
-000524
0001804
0001688
-000175
-001689
-002096
-000932
0001047
0002153
0001979
0000232
-001339
0000407
0003667
0004773
0004016
0003609
0003318
0002561
0001804
0001688
0002095
0002852
0003318
0002735
0001338
0000116
-000699
-000815
-000583
-000990
-001689
-002096
-002271
-002678
-003144
-003493
-003202
-001281
0000582
-000699
-003726
-005298
-004948
-002620
-000466
-002271
-005531
-004716
-001281
0000465
0000523
0000349
-000059
-000815
-001281
-000466
0000989
0001920
0001804
0000523
-001048
-001863
-001107
0002270
0005530
0004249
0000931
0001571
0004365
0004773
0002794
-000583
-003493
-002795
-000583
-002038
-004599
-002387
0002095
0003376
0001862
0000232
-001165
-002678
-003319
-001863
0000116
-000408
-002096
-001514
0000174
-000350
-001398
0001106
0004831
0005180
0003026
0001397
0000291
-001223
-002154
-001223
0000582
0001280
0000756
-000466
-001572
-001339
-000408
-000350
-000990
-001689
-001921
-000990
0000698
0002619
0003376
0001164
-002620
-005356
-006113
-004366
-002271
-003668
-006578
-006695
-004133
-000175
0002735
0001397
-002504
-004366
-004483
-004890
-004890
-002969
-000583
-000350
-001339
-001223
0000000
0001746
0003492
0004773
0005122
0004365
0003259
0003259
0003609
0002386
0000349
-000757
-000757
0000174
0001397
0001629
0001280
0002095
0002677
0000349
-002736
-002445
0000058
0000989
0000931
0002037
0002444
-001630
-006811
-006637
-003319
-002562
-003610
-003260
-002329
-002795
-003668
-003144
-002038
-002387
-003377
-002969
-002329
-003901
-006287
-006345
-004890
-004425
-004366
-003319
-001339
0000931
0003318
0006461
0007858
0003492
-002271
-000990
0004365
0006053
0004482
0002968
0001513
-000117
-001107
-000292
0001571
0003026
0003434
0002619
0000873
-001339
-003319
-005123
-005589
-002853
0000232
-001921
-005996
-004948
-000641
0002212
0002444
-000408
-004250
-005239
-003784
-002329
-001339
-000990
-001456
-002562
-003610
-003319
-001921
-000350
0001222
0002735
0004016
0004947
0005006
0003376
0001338
0000989
0001338
-000699
-002853
-000874
0002794
0003026
0001047
0000814
0001688
0001571
0001222
0002153
0003841
0005471
0005413
0001338
-003901
-005123
-002678
0000756
0003783
0005355
0004889
0002444
-000583
-002038
-001863
-000932
-000059
-000059
-001223
-003784
-005938
-004308
-001223
-001630
-004017
-004308
-002445
0001047
0003725
0001571
-002329
-001223
0002735
0004365
0003201
0000174
-002795
-002504
0000116
0002095
0003085
0003725
0003376
0001222
-000874
0000174
0002735
0003143
0001338
-001398
-003726
-003784
-002620
-002736
-003610
-003784
-003086
-001514
-000059
0000058
-000932
-001863
-002213
-001456
-000350
-000292
-000699
0000465
0001920
0001280
-000583
-001339
-001048
-000641
-000117
0000465
0000698
0000058
-000292
0001513
0004132
0004831
0003783
0001920
0000582
0001397
0003725
0005762
0006344
0003609
0000232
0001455
0005006
0005180
0003201
0002735
0003026
0001862
0000232
-000059
0000407
0000407
-000350
-001805
-003260
-003610
-003260
-003319
-003784
-004483
-004716
-003260
-001339
-001165
-002271
-002911
-003319
-004192
-004948
-004774
-004075
-004425
-004308
-000815
0003667
0004715
0003318
0003026
0003609
0003667
0003725
0004947
0005995
0004889
0002328
0000465
-000117
0001164
0002910
0002677
0001106
0000465
0000349
-000641
-001514
-000583
0000698
-000990
-003668
-003260
-000815
0000756
0001338
0001804
0001688
0000232
-000990
0001222
0004424
0003550
0000291
-001107
-000874
-000874
-001107
-001630
-001863
-000757
0001164
0003259
0004482
0003783
0002153
0002037
0002386
0000931
-001223
-001805
-000699
0001397
0003550
0004191
0003492
0002735
0002037
0001513
0001164
0000465
0000407
0002677
0005355
0005064
0002561
0000291
-001048
-001223
-000466
0000698
0001338
0000058
-001747
-001572
-000059
0000931
0001106
0000756
-000059
-000990
-001863
-002678
-003027
-002329
-001048
-000117
0000465
0001047
0001513
0002037
0002270
0001513
0000640
0001280
0002619
0002910
0002037
0000000
-001514
-000059
0002677
0002561
0000873
0001222
0002444
0001979
0000465
0000116
0000232
-000408
-001689
-003260
-003901
-001980
0001106
0002561
0002037
-000350
-002911
-002620
-000932
-001805
-003901
-003726
-002096
-000874
-000524
-001165
-002387
-003377
-003668
-003086
-002038
-001456
-001281
-001165
-000583
0001455
0003434
0002270
0000058
0001280
0003958
0003201
0000931
0001862
0004132
0003026
0000174
-000932
-000117
0002212
0004191
0002386
-000932
-000292
0002212
0001455
-001223
-002096
-001689
-001980
-002969
-004716
-006229
-006113
-004890
-003784
-003319
-003842
-004774
-004948
-003901
-001339
0000989
0000232
-002038
-001630
-000175
-001630
-004192
-003551
-001107
-000815
-001048
0002270
0006344
0005646
0002037
0000465
0000814
0001164
0001688
0002677
0003492
0002910
0001629
0000873
0000814
0001455
0002386
0003085
0003143
0002328
0000989
-000524
-001339
-000233
0001338
0000465
-001456
-001398
0000000
0001106
0000814
-002736
-006637
-005414
-001630
-001805
-004308
-004657
-003610
-003901
-004250
-002154
0000698
0001222
-000233
-001630
-002678
-003551
-003319
-000874
0001862
0001222
-000990
-000408
0001746
0001920
0001106
0001455
0002794
0004947
0005937
0002561
-001689
0000523
0005122
0003085
-002213
-002504
0000523
0001571
0001106
0001047
0001164
0000931
0000291
-001223
-002678
-002911
-002504
-003260
-004192
-002969
-000990
-001223
-002504
-001630
0000000
-000524
-002096
-001805
-000699
-001398
-002620
-001514
0000582
0000756
-000350
-000990
-001456
-002911
-003959
-002096
0000931
0001280
-000059
0000174
0000873
-000757
-002678
-000699
0003201
0004889
0004132
0002328
0000058
-002271
-003202
-000990
0002095
0001804
-000932
-002969
-003668
-002853
-001863
-003610
-006113
-004948
-001805
-000350
-000874
-002678
-004017
-001863
0001862
0003259
0002328
0000640
-001048
-002154
-001863
0000931
0003143
-000815
-006869
-006171
-001572
-000815
-002853
-003784
-003784
-003901
-003959
-003668
-003260
-002969
-002853
-002969
-002504
-000292
0002735
0004598
0005180
0005530
0005180
0003259
0001222
0001804
0003026
0000291
-003726
-003260
-000583
-001339
-004075
-005298
-004716
-002853
-000641
0000523
0000931
0002037
0003318
0003958
0004016
0004365
0003958
0000465
-003493
-003377
-000408
0001571
0002212
0002095
0001397
0000232
-000233
0001804
0004947
0006636
0006694
0005995
0004831
0003492
0002619
0003085
0003725
0002503
-000117
-003027
-004716
-003435
-000641
0000232
-000583
-001980
-003086
-002911
-001921
-001630
-001980
-002678
-003319
-003377
-003202
-003610
-003959
-002795
-000990
-000292
-000466
-000699
-000350
0001513
0003318
0002095
-000350
-000117
0001746
0002212
0001513
0000931
0000407
-000524
-001281
-001398
-000408
0002386
0005238
0005821
0004365
0002386
0000640
-000524
-000815
-000408
0000407
0001222
0001397
-000117
-001980
-001630
0000058
0001106
0001047
-000059
-001514
-002096
-001805
-001514
-001048
0000232
0001164
-000059
-002096
-001980
-000699
-000757
-001689
-001980
-001689
-001048
-000350
-000350
-000292
0001222
0002968
0002212
0000349
0000582
0001862
0001222
0000058
0001862
0004598
0004074
0001688
0001280
0002153
0001979
0001338
0002153
0002619
-000815
-005356
-004948
-002038
-002736
-005123
-003959
-000932
0000582
0000116
-001863
-004192
-005589
-005239
-002736
0000000
-000583
-003027
-003901
-003086
-001572
-000292
-000932
-002620
-003435
-003202
-002445
-001165
0001280
0002153
-003319
-009780
-006695
0001280
0002619
-000233
0000349
0002444
0001688
-000874
-002795
-003086
-001223
0001397
0002561
0001746
-001048
-003842
-003202
-000641
-000175
-000757
0000756
0002910
0002619
0000407
-002096
-004017
-004657
-004133
-003668
-002562
0000814
0004482
0005006
0003143
0001629
0001222
0002561
0004598
0004947
0003841
0002153
0001047
0002270
0004191
0003318
0000873
0000174
0000756
0000523
0000582
0002910
0005704
0005471
0003318
0002212
0002386
0003201
0003783
0002677
0000523
-001165
-001980
-002038
-001689
-001921
-001980
-000059
0002270
0002095
0000291
-000641
-000583
-000757
-000466
0001688
0003550
0001280
-002969
-004657
-003959
-002620
-001456
-001630
-002329
-001456
-000117
-000874
-002154
-000757
0001571
0001047
-000815
0000058
0002212
0002561
0001571
0001280
0001629
0002095
0002619
0003201
0003259
0001746
0000058
0000582
0002270
0002561
0001629
0000523
-000233
0000349
0001164
-000059
-001863
-000990
0001047
0000523
-001456
-002154
-001980
-002271
-002736
-003027
-003086
-002795
-002329
-002213
-002387
-002678
-003027
-003610
-003668
-001921
0000232
0000000
-001689
-002504
-002387
-001863
-001223
-001223
-001165
0000582
0002794
0003318
0001979
-000990
-003668
-003319
-000466
0002561
0004482
0004424
0002619
0000291
-001747
-002504
-002795
-005123
-007393
-005880
-001689
0001979
0004074
0004132
0002386
-000350
-002736
-003260
-002562
-002504
-002969
-003260
-003668
-005007
-005938
-003959
-001107
-001281
-002911
-001747
0000407
-000699
-003027
-002213
0000582
0002503
0002677
0000232
-002620
-001863
0000407
-000583
-003144
-002911
-000757
0000698
0001455
0002444
0003085
0002153
0000640
0000523
0001164
0000465
-000524
0000349
0001862
0001804
0000232
-001921
-003726
-004366
-003551
-001514
0000407
0000116
-001339
-000757
0000058
-002736
-006811
-007451
-005589
-004657
-004483
-003842
-003493
-005123
-006986
-005472
-002445
-002038
-002795
-000350
0002561
0000291
-003668
-001456
0003434
0002619
-001165
-000699
0002037
0001629
0000000
0001455
0004540
0006344
0005646
0001047
-004366
-005298
-002562
0000407
0002270
0001862
0000000
-000932
-000990
-001456
-002154
-002736
-003260
-003784
-003842
-003086
-002154
-002329
-003435
-004832
-005531
-004017
-001339
0000000
-000117
-001165
-002329
-002387
-001281
0000407
0001629
0000989
-000874
-002562
-003202
-002038
0000058
0001164
0001455
0002270
0002910
0002153
0000640
-000292
-000524
-000641
-000699
-001107
-001339
-000466
0000698
0000407
-000524
0000116
0001106
-000059
-001921
-001165
0000873
0000756
-000583
-000757
-000583
-002329
-004133
-002213
0001106
0001106
-001281
-003086
-004017
-004716
-004832
-003901
-002795
-003377
-003959
-000641
0003609
0002968
-000408
-001107
0000582
0003026
0004482
0001804
-002213
-002038
0000756
0002037
0001455
-000408
-002329
-002504
-001514
-001398
-001805
-001805
-001339
-000117
0000814
-000408
-002562
-003202
-002736
-002678
-003610
-005938
-008790
-010828
-011177
-009372
-006753
-005472
-005414
-005763
-005472
-003260
-000117
0001862
0002444
0002037
0001047
0000174
-000524
-001689
-002620
-002154
-001048
-000990
-001572
-001630
-001165
-000757
-000292
0000640
0001455
0001164
0000698
0002037
0003841
0003434
0001513
-000233
-000990
0000349
0001862
0000058
-003377
-004599
-003901
-003377
-002795
-001107
0000058
-002504
-005880
-004483
-000583
0000232
-001223
-001805
-001281
0000756
0001979
-002154
-007684
-007219
-002562
0000756
0002095
0002153
0001455
0001629
0001862
-000175
-002445
-000757
0002503
0001979
-000641
-000815
0000407
0000407
-000583
-002096
-002911
-001339
0001688
0004307
0005646
0005413
0004016
0002153
0001397
0004365
0007858
0005588
0000523
-000583
0001338
0002212
0002153
0002328
0002212
0001397
-000059
-002154
-003726
-002969
-000815
0001047
0001746
0000582
-001398
-001689
-001048
-001107
-002096
-004075
-005298
-002736
0001338
0002561
0001455
0000756
0000582
0000349
0000174
0000174
0000116
-000466
-000990
-000466
0000465
0000174
-000583
0000058
0000931
-000292
-002445
-003260
-002504
-000699
0001164
0001920
0001222
-000641
-002562
-003202
-002329
-000641
0001338
0003376
0004132
0002270
-000932
-003144
-003551
-002271
-000175
0000814
0000349
-001223
-003086
-004075
-003493
-000932
0002386
0004540
0005297
0005821
0005646
0003958
0002037
0002444
0004016
0003783
0002386
0002037
0002037
0000465
-001165
-000292
0002153
0004249
0004947
0003492
0000989
-000117
-000117
-000117
-000466
-001339
-002387
-002387
-001921
-001805
-002329
-003610
-004716
-003784
-002038
-001980
-003027
-003202
-002911
-003027
-003260
-002678
-001572
-000350
0000582
0001222
0000931
-001223
-003493
-003144
-001165
-000641
-000699
0001455
0003841
0002561
-000175
0000698
0003667
0004656
0003609
0001746
-000175
-001398
-001223
0000931
0003783
0005238
0004947
0003434
0001455
0000116
-000524
-000874
-000990
-000815
-000408
0000349
0000465
-001747
-004716
-005589
-004890
-004890
-005007
-004017
-002504
-001805
-001339
0000174
0001804
0001688
0000640
0000640
0001222
0000698
-000175
-000233
0000582
0001746
0003318
0005995
0008149
0007392
0004598
0001920
0000465
0001338
0003085
0002444
0000465
-000233
0000116
0000465
0000465
-000641
-001281
0002153
0005821
0002328
-004308
-005123
-001980
-001048
-001514
-000641
0000698
0000232
-000699
0001106
0003725
0002794
0000407
0001280
0003841
0004424
0003259
0001164
-000175
0001862
0005297
0006170
0004889
0003492
0002561
0002910
0003550
0001862
0000000
0002503
0006344
0005238
0001688
0001979
0004598
0005355
0004773
0004773
0004831
0003783
0002503
0002794
0003667
0003026
0001164
-000990
-002504
-002038
-000815
-001514
-002969
-002445
-001048
-001165
-002271
-002853
-002969
-003493
-003319
-000466
0002735
0001979
-000932
-000815
0000582
-001107
-003610
-002154
0001397
0002677
0001804
0000349
-000990
-001398
-000583
0001397
0003026
0001920
-000932
-002795
-003260
-002736
-001863
-002096
-003027
-003086
-002387
-001398
-000408
0000407
0000407
-001514
-003435
-001572
0001862
0002095
0000058
-000815
-000815
-001514
-001805
0000349
0003085
0002910
0000582
-001630
-002969
-002736
-002271
-004599
-007510
-006986
-003784
-000175
0001979
0000523
-002678
-003202
-001921
-002038
-002678
-001339
0000465
0000058
-001398
-001281
0000000
0001106
0001688
0001280
0000814
0002328
0004365
0004191
0002212
-000233
-001921
-001398
0000058
-000466
-001689
-000757
0000989
0000582
-000990
-001339
-000408
0001106
0002153
0000873
-001514
-002504
-002329
-002445
-002329
-000932
0000582
0000291
-001165
-002154
-002329
-001572
-000466
-000292
-000757
-000932
-000699
0000058
0001047
0001979
0002037
-000117
-002329
-000699
0002677
0002968
0001280
0001222
0001513
-000932
-004133
-004250
-002213
-000757
-000466
-001281
-002562
-003027
-002213
0000698
0003259
0001513
-002678
-004716
-005181
-006869
-007801
-004250
0000814
0001979
0000465
0000523
0001338
0000756
-000815
-002213
-002853
-002096
-000932
-001398
-002736
-003144
-002213
0000116
0002910
0004656
0004947
0003492
0002153
0004249
0007974
0009255
0007916
0005180
0002095
-000524
-001456
0000640
0003085
0000523
-003319
-000292
0005646
0005471
0001455
-000175
0000523
0001746
0002503
0001571
-000699
-003260
-004832
-004075
-001747
0000756
0002037
0000698
-002213
-004308
-005298
-006113
-006287
-005007
-003202
-002562
-002562
-001223
0000232
-000524
-002154
-001456
0000116
-000932
-002969
-002329
-000292
0000058
-000757
-000699
-000350
-001456
-002620
-001398
0001280
0002619
0003085
0004773
0005704
0002328
-002213
-001281
0002328
0002153
-000641
-002038
-002038
-001630
-001339
-002096
-002911
-001805
0000465
0002444
0003085
0001222
-002038
-004250
-005007
-005123
-004075
-000990
0002386
0003259
0001979
0000407
-001281
-003260
-004541
-004250
-002736
-000874
0000116
-001747
-004192
-002853
0000756
0002852
0003085
0002503
0000989
-002154
-004541
-002504
0001164
0000523
-002562
-002795
-001048
-000059
0000291
0000931
0001629
0002153
0002095
0000873
-000466
-000292
0000640
0000756
-000466
-003901
-006811
-004366
0000116
-000874
-004832
-005298
-003260
-002154
-001980
-002096
-001747
0000407
0002968
0003085
0001979
0003143
0004540
0001629
-002387
-000815
0003783
0005122
0003550
0001571
-000059
-000350
0000349
0000989
0001106
0000465
-000233
0000232
0001571
0003026
0003958
0004016
0003143
0001688
0000291
-000350
-000524
-001223
-002154
-002504
-002504
-003377
-003842
-001572
0001047
-000117
-003726
-006811
-007219
-002795
0002968
0003259
0000349
0000640
0002852
0003143
0001920
0000931
0000174
-000932
-001398
0000232
0002328
0001397
-000408
0001397
0004831
0005413
0004016
0003550
0004132
0005646
0006694
0005122
0002386
0001571
0002619
0004947
0006461
0003725
-000815
-001514
-000350
-002329
-005531
-006287
-004483
-000874
0002270
0001688
-000815
-000699
0001047
0001920
0001571
0000116
-001863
-003260
-004017
-004716
-005065
-004774
-003842
-002096
-000932
-002678
-005065
-003551
0000058
0001571
0000873
-000815
-002620
-003319
-002678
-000932
0001397
0004074
0005530
0003783
0000640
-000175
0000873
0001455
0001397
0000814
0000058
0000000
0000232
-000175
-000757
-000815
-000059
0001804
0003550
0003259
0001338
-000583
-002096
-002911
-002678
-001398
0000232
0001280
0001455
0001047
-000175
-003202
-005531
-002911
0001688
0002270
-000059
-001339
-001398
-001456
-000874
0001047
0003609
0006228
0006810
0002270
-003493
-002736
0001688
0002212
-000117
-001339
-001281
-000874
0000058
0001979
0003725
0003783
0002561
0001106
0000465
0002037
0004132
0003026
0000291
0000174
0001338
0000232
-001805
-002154
-001165
-000699
-000350
0001280
0002794
0001571
-000874
-001165
-000117
-000233
-000641
0000291
0002212
0004540
0006228
0006286
0005064
0003841
0003026
0003318
0003434
0000756
-002620
-002969
-000524
0003318
0006170
0004715
0000931
-000117
0000814
0000407
-000117
0002153
0004947
0004191
0000931
-001514
-002504
-001630
-000292
-001107
-003377
-005356
-005880
-003842
-000524
0001746
0002270
0001280
-000466
-001863
-001921
-000059
0002444
0003026
0002270
0001746
0002212
0004482
0006927
0006344
0003958
0003259
0003667
0003259
0001920
-000699
-002387
0000931
0005762
0004947
0000873
-000466
0000698
0002153
0003376
0004074
0003900
0002852
0001280
-000815
-001980
0000116
0002968
0001455
-002329
-003086
-001805
-001921
-002387
-000874
0000931
-000699
-003377
-001805
0001804
0001920
0000116
0000698
0002561
0002910
0001862
0000058
-001339
-000350
0001338
0000291
-002620
-005414
-005996
-001747
0004016
0005180
0002619
0000174
-001223
-000641
0000814
0000989
0000000
-001398
-002387
-002096
-000874
-000350
-000059
0001746
0003259
0001571
-001398
-001456
0000174
-000175
-001689
-002387
-002620
-003726
-004366
-001630
0001222
-002154
-008034
-008150
-004716
-004250
-005414
-004133
-001805
-001398
-002213
-002329
-001863
-001805
-001630
-000175
0001629
0002328
0001862
0000582
-000408
0000698
0002328
0000523
-002213
-000699
0002794
0003550
0001688
-000757
-002853
-003668
-003319
-003202
-002911
-001398
0000640
0002095
0002561
0001629
0000174
-000233
-000292
-002387
-004483
-002445
0000931
-000175
-003668
-003901
-002271
-002329
-003668
-005007
-005414
-003726
-001281
-000815
-001805
-002620
-002678
-001630
-000466
-001514
-003260
-002795
-000932
0000116
0000465
0001222
0001746
0000814
-000699
-001165
-000524
0000582
0001222
0000058
-001805
-002038
-001223
-001398
-001980
-001281
-000117
-000117
-000815
-000932
-000292
0001280
0002270
-000466
-004017
-002504
0001047
-001048
-005356
-004716
-000874
0001164
0000931
-001165
-003493
-003086
-001165
-000699
-001514
-002154
-002213
-001630
-000233
0002270
0004365
0003725
0001571
0000640
0001455
0004132
0006519
0004947
0001338
0000349
0001222
0001164
0000116
-001863
-003668
-003435
-001689
-000117
0000873
0001571
0001222
-001107
-003493
-002504
-000175
-001398
-004366
-004832
-003377
-001747
-001514
-004948
-009081
-008092
-004017
-002154
-002154
-001572
-001223
-002387
-004366
-005996
-006113
-003319
0000698
0002968
0003434
0003376
0003318
0004307
0005180
0003318
0000640
0001222
0003376
0003143
0001455
0000756
0000756
-000117
-000524
0001629
0004482
0004482
0002561
0001629
0001047
-001398
-004075
-004308
-003202
-003260
-004075
-004308
-003668
-002096
-000583
-000583
-001630
-001980
-002445
-005414
-008092
-005531
-001048
-001805
-005472
-005822
-003668
-002387
-001747
-000583
0000582
0001688
0001979
0000523
-001339
-001165
0000116
-000117
-001281
-001747
-001398
-000641
0000000
-000699
-001805
-001805
-000699
0000931
0001746
-000524
-003610
-003144
-000350
0001106
0001455
0002735
0003201
-000292
-004716
-004250
-001165
-001281
-003493
-004774
-004366
-001921
0001106
0002095
0001280
0000873
0000000
-003493
-006753
-005123
-000874
0000232
-000874
-001107
-000292
0000931
0002386
0004132
0005122
0003900
0001688
0000873
0001455
0002270
0002968
0003725
0003550
0000989
-001805
-000932
0001804
0001455
-000524
0000058
0001571
0000465
-001805
-001572
0000349
0002270
0003143
0002153
-000059
-002387
-003551
-002096
0000349
-000059
-001689
-000757
0001280
0000989
-000815
-002271
-002562
-000815
0000989
-001456
-004716
-001339
0005006
0006286
0003667
0001688
0001164
0002677
0004715
0004249
0002095
0000349
-000059
0001862
0004424
0004947
0003201
-000583
-003610
-000874
0003609
0001222
-004308
-004075
-000408
0000174
-000757
0001513
0004598
0003958
0000756
-001630
-002736
-002911
-002445
-001980
-002154
-004017
-005822
-004425
-001281
0000349
0000698
0001222
0001979
0003376
0004365
0003550
0001688
0000523
0000232
0000349
0000931
0002153
0002852
0001222
-001456
-002620
-002096
-000874
0000814
0003143
0004656
0002968
0000640
0002910
0006810
0005821
0002153
0001629
0003026
0002794
0001338
0000174
-000524
-000874
-000874
-000815
-001048
-001630
-002387
-002620
-002504
-002736
-003027
-003027
-002911
-003086
-003202
-002853
-002329
-002678
-002853
-000815
0001979
0002095
0000989
0002153
0003900
0002619
-000233
-001514
-000874
0000814
0002619
0003026
0002561
0002852
0003085
0001338
-001339
-003319
-003726
-002096
0000523
0002037
0002037
0000989
-000408
-000990
-000757
-000408
-000175
0000058
-000233
-001921
-003784
-004017
-002445
0000582
0003143
0002386
-000466
-002504
-003027
-001572
0000058
-001572
-004657
-004890
-003144
-002387
-002038
-000524
0001280
0002095
0001979
0001629
0001164
0000814
0000582
0000465
0000698
0001920
0002852
0001222
-001048
-000233
0002735
0005006
0005995
0006170
0004889
0001280
-002387
-002678
-000408
0001571
0002503
0001688
0000000
-000524
-000233
-000583
-001456
-002504
-003086
-001921
-000117
0000523
-000233
-002154
-003726
-002504
0000232
0001397
0001164
0000814
0000523
0000698
0000756
-000990
-002853
-001398
0001397
0000931
-000815
0000873
0003900
0003783
0001629
0000582
0000756
0001571
0001920
-000524
-003551
-002678
0000523
0002037
0001746
0000989
-000059
-001107
-001398
-000175
0001338
0000640
-001339
-001921
-001747
-002620
-003551
-002271
-000059
0000465
-000175
-000466
-000583
-001107
-002154
-003901
-005298
-005065
-003551
-002445
-001339
0000523
0002619
0004016
0004424
0003783
0002968
0003085
0003900
0004831
0005180
0004249
0002561
0001455
0001106
0001047
0001280
0001746
0001862
0000873
-000641
-001689
-001863
-000815
0000407
0000116
-001223
-002329
-002562
-001107
0000523
-000350
-002329
-002038
-000466
-000757
-001689
0000116
0002037
-001223
-005996
-004541
0000407
0002328
0001222
-000815
-002620
-002271
-000524
-000059
0000232
0002735
0005646
0005588
0003434
0001629
0000698
0000756
0001047
-000350
-002096
-001805
0000232
0003201
0005471
0004656
0002386
0003026
0004424
0001629
-002969
-004425
-003027
-000699
0000873
-000524
-003027
-002387
-000350
-001223
-003202
-001572
0001164
-000117
-003784
-005763
-005705
-004483
-002620
-000990
0000174
0001804
0002095
-001572
-006229
-006229
-002853
-000583
0000232
0000407
-000059
-001107
-001747
-000932
0001222
0004074
0006112
0005413
0002852
0000465
-000583
0000814
0003376
0004016
0003026
0001920
0000698
-001689
-003144
-000641
0003550
0004889
0003376
0001280
-001398
-005647
-008732
-006928
-002329
0000291
0000756
0001280
0000989
-001980
-005123
-004541
-001514
0000349
0000174
-002562
-005531
-004308
-000641
0000931
0000756
0001222
0001746
0001222
0000116
-000466
-000524
-000641
-000757
-001107
-001456
-001456
-001456
-002038
-002911
-003784
-003610
-000233
0003492
0002503
-001107
-002213
-001281
-001107
-001398
-001165
-000990
-001805
-002911
-003319
-002562
0000174
0002212
-001107
-006345
-006113
-002562
-001980
-003319
-003202
-002213
-002096
-002038
-000175
0002270
0002735
0001571
-000292
-001165
0001513
0005238
0005122
0002794
0002968
0004365
0003667
0001629
0000465
0000116
-000466
-000932
-000350
0000000
-002213
-005589
-006986
-006811
-007277
-007801
-007160
-005589
-003726
-002213
-001863
-002271
-002445
-002620
-003842
-004948
-003726
-001921
-003435
-005938
-004075
-000641
-002213
-005705
-004192
0000000
0000756
-000932
-001689
-002213
-004832
-007219
-005763
-001921
0000465
0001397
0002503
0003143
0002328
0001280
0002968
0005006
0002619
-001863
-003377
-002445
-001339
-000466
-000175
0000000
0001455
0003434
0005122
0005180
0002095
-002329
-004774
-004890
-003319
-001339
-001048
-001863
-001747
-001165
-001514
-002329
-002678
-002620
-002504
-002678
-003668
-004657
-003842
-002154
-002038
-002445
-000990
0000989
0000465
-001223
-001165
0000116
0000640
0000931
0002212
0003725
0004365
0003841
0002503
0000698
-001281
-002154
-000117
0002677
0001804
-000990
-001281
0000582
0002852
0004540
0004365
0002735
0001222
-000175
-002329
-004017
-003319
-001514
-001339
-002096
-001572
-000350
-000175
-000641
-000583
0000058
0001455
0002503
0001397
-000583
-000524
0000640
0000465
-000583
-001456
-001398
0000640
0003201
0003783
0002794
0001862
0001455
0001688
0002386
0002794
0003376
0005238
0006519
0003434
-001223
-001863
-000175
-001107
-003202
-002853
-001048
-000815
-000990
0001397
0003783
0001164
-003493
-003435
-000874
-001747
-004425
-004774
-003726
-004425
-004948
-000932
0004016
0003492
-000932
-004483
-006171
-005705
-004599
-006113
-008208
-006695
-003027
-000990
-000641
-000583
-000990
-002329
-003319
-001805
0000407
-001107
-003319
-000059
0005646
0007276
0005471
0003143
0001513
0002095
0003550
0002910
0001106
0000698
0001571
0003085
0004365
0004365
0003201
0001746
0000582
0000523
0000523
-001980
-004832
-004192
-001456
-000524
-000583
0001047
0002968
0002270
0000116
-000874
-000699
-000699
-000233
0002153
0004424
0003026
-000117
-000874
0000174
0000349
0000407
0002852
0004831
0001106
-003959
-000990
0005180
0003609
-002271
-003435
-001747
-003726
-006171
-002504
0003609
0004656
0002153
0001338
0001862
0001804
0002212
0005646
0008964
0006752
0001571
-000815
-000466
0000291
0001455
0003434
0004598
0002735
-000583
-001805
-001107
-000175
0000640
0001280
0000931
-001398
-003842
-002678
0000291
0000814
-000292
-000583
0000058
0001106
0002037
0001513
0000814
0002910
0005937
0006752
0005122
0001804
-001165
-000350
0001746
-000641
-004541
-003319
0000582
0001047
-000292
0001106
0003492
0003318
0001164
-001223
-002736
-002038
-000408
-001048
-002504
-001572
0000291
-000175
-001980
-002329
-001805
-002038
-002562
-002154
-001398
-001689
-002154
-001456
0000116
0001979
0002735
0000174
-003202
-002562
0000407
0001164
0000291
0000407
0000873
0000291
-000175
0001455
0004132
0005937
0005762
0002095
-002271
-002736
0000174
0004191
0006461
0003026
-002387
-001689
0002968
0006228
0006344
0002444
-002736
-004017
-001980
0000523
0001862
-000059
-003144
-002678
-000524
-001572
-003610
-001281
0002212
-000175
-005414
-006637
-004599
-002387
-000757
-000059
-000350
-001398
-002504
-002445
-001514
-000292
0000640
0000582
0000116
0000116
0000814
0002153
0003318
0003085
0001571
-000233
-001630
-001863
-000699
0001455
0003143
0002037
-000641
-002271
-002271
-000815
0000931
0000873
-000175
0000232
0001164
0000058
-001689
-001223
0000523
0001164
0000698
-000117
-001048
-001921
-001747
0001571
0005238
0004016
0000232
-000466
0000931
0000873
-000117
-000292
-000233
-001398
-002445
-000641
0001862
0000465
