-003435
-002562
-000699
0000523
0001280
0002270
0003026
0002968
0002503
0002386
0002503
0002444
0002037
0001222
0000232
-000466
-000815
-000990
-000699
0000407
0001979
0003609
0004482
0003609
0002153
0002677
0003958
0003492
0001280
-002038
-004425
-002271
0001455
0000407
-003027
-002795
-000350
0000116
-000757
-000815
-000699
-002096
-003610
-002620
-000641
-001165
-002736
-001863
0000407
0001804
0001513
-001398
-004541
-003959
-001165
-000059
-000408
-000990
-000757
0002328
0005238
0002212
-002562
-000757
0005064
0008265
0008440
0007683
0005762
0001920
-001165
0000582
0004656
0005530
0003492
0000814
-001281
-001398
-000175
0000058
-000350
-000117
0000291
-000175
-000699
0000407
0002386
0003550
0003492
0002095
0000232
-000292
0000174
0000058
-000175
0000931
0001862
-000524
-003726
-002969
0000000
0000407
-000466
0001164
0003667
0003550
0002095
0002095
0003434
0004715
0005530
0005297
0004482
0004074
0004016
0004365
0004074
0001280
-001747
-000757
0002386
0003085
0001920
0001571
0001513
0000232
-001281
-001223
-000583
-001398
-002620
-001805
-000117
-000408
-001921
-003027
-003202
-002271
-000815
0000291
0000000
-003260
-006345
-004075
0001338
0004598
0005064
0004307
0002095
-002154
-005239
-002620
0003434
0007858
0008848
0005762
0000582
-002911
-003260
-000350
0003958
0006403
0006112
0003143
-000059
0000814
0003725
0003085
0000698
0001571
0003609
0002212
-001107
-002853
-003144
-003493
-003668
-003610
-002969
-001223
0000407
-000524
-002154
-000408
0002503
0002153
-000059
-000175
0000989
0001164
0000174
-002329
-004308
-002562
0001338
0004132
0004715
0003143
0000232
-002445
-003493
-001165
0002037
0001280
-002154
-004541
-005531
-006345
-005123
0001746
0009139
0008091
0002561
0002677
0005762
0004424
0000873
0000989
0002910
0002037
-000524
-002445
-002853
-000932
0001280
-000117
-003027
-002795
-000583
0000291
-000292
-002154
-003784
-002387
0000058
-000757
-002853
-001572
0001804
0004424
0005006
0002444
-001398
-003144
-002038
0002328
0005937
0001338
-006462
-007219
-002445
0002328
0004715
0002270
-002387
-003493
-002096
-002213
-003027
-002562
-000757
0002677
0005064
0002095
-003377
-005647
-004425
-001048
0002212
0001920
-000990
-003319
-004133
-002795
-000874
-001107
-002969
-004657
-005356
-004716
-003144
-001805
-001630
-003784
-006578
-006986
-005239
-002969
-001281
-001805
-002853
-000757
0002270
0001746
-000815
-001689
-001107
-000292
0000291
-000117
-000292
0002852
0006228
0004074
-000699
-001456
0000814
0002270
0003026
0004307
0004715
0002037
-001514
-001689
-000059
-000990
-002795
-001281
0001222
-000233
-003901
-005763
-005705
-005531
-004948
-003086
-001456
-002271
-004366
-004890
-004308
-004948
-005531
-003726
-001339
-002096
-004657
-006229
-005880
-003319
0000232
0002735
0003725
0004016
0003550
0002328
0001222
0001338
0002212
0002270
0002270
0003958
0006170
0007392
0006228
0001106
-004308
-004075
0000523
0005122
0007800
0007043
0003783
0000523
-001863
-003377
-003842
-004017
-003377
-000932
0001513
0001047
-001281
-002736
-003202
-003726
-004017
-004017
-003319
-001165
0000640
-001048
-004250
-004599
-002736
-001165
-000292
-000292
-000524
0000873
0002503
0001688
-000524
-001398
-001398
-002096
-002736
-001398
0000407
-000059
-001747
-002038
-001456
-002038
-003202
-003435
-003144
-003319
-003551
-003144
-002329
-001398
-001048
-001863
-003260
-004075
-003901
-002678
-001048
0000174
0000349
-000874
-002445
-002329
-001339
-001514
-002271
-002154
-000874
0002095
0004831
0004831
0002852
0001455
0001571
0004132
0006810
0005238
0001629
0001571
0003376
0002270
-000524
-002154
-002038
-000117
0002270
0003143
0002503
0001455
0000174
-001980
-003493
-002562
-000175
0001338
0001338
-000408
-002445
-002096
-000583
-001281
-003027
-003027
-002096
-002795
-003668
-001456
0001164
-001223
-005123
-002620
0003026
0004540
0002735
0001455
0001164
0001571
0002735
0004307
0005762
0006636
0006461
0004715
0002386
0000756
0001047
0004831
0009022
0008149
0004307
0002794
0003434
0004831
0005704
0004365
0001397
-001630
-003202
-001456
0001513
0001571
-000350
-001572
-001398
0000465
0002095
-000117
-004192
-005763
-005123
-004308
-003726
-003901
-004366
-004250
-003319
-001398
0000465
0000814
-000408
-002562
-004541
-005298
-004483
-002271
-000292
-001398
-004075
-005123
-004017
-000932
0002386
0002968
0001688
0000814
0001280
0004191
0007276
0006112
0002619
0001513
0002153
0001746
0000989
0001688
0002503
0001164
-001281
-002445
-001863
0000407
0003026
0003667
0002561
0000989
-000408
-001165
-000699
0002153
0004307
0000232
-005763
-005181
-000233
0002270
0002212
0001455
-000175
-003668
-006287
-003610
0000814
-000874
-005181
-003493
0001164
0001338
-001398
-002620
-001747
0001047
0004540
0006810
0007334
0006344
0004598
0003783
0003434
0001804
0000232
0000989
0003026
0003609
0003143
0003318
0003783
0003958
0003725
0003318
0002852
0002503
0002386
0002794
0002503
-000641
-004716
-006171
-004890
-002096
0000465
0000349
-002038
-005065
-006928
-005356
-001630
0001106
0001920
0000349
-001572
0000349
0004132
0005006
0003667
0002794
0001862
-000932
-003377
-001572
0002212
0002619
0000814
0000407
0001047
0001047
0000931
0001688
0002677
0002968
0001979
-001630
-004541
-001223
0004365
0003958
-000524
-003377
-003668
-001514
0001338
0001571
0000000
-000524
-000175
-000059
0000058
0001222
0001629
-002154
-006520
-005298
-000175
0003725
0005355
0004947
0002735
-000699
-003144
-001921
0001571
0003841
0004191
0002794
0000814
0000582
0001397
0001164
0000291
-000059
0000349
0001804
0002794
0000698
-002969
-005181
-004890
-001747
0002619
0006286
0007101
0003143
-002678
-004716
-003610
-003086
-003377
-004948
-005938
-002911
0001455
0001513
-001107
-001980
-001339
-000524
-000524
-003144
-006113
-005181
-001863
-000117
-000292
-001747
-003493
-003842
-002795
-001456
-000059
0001164
0001979
0002037
0001746
0001862
0002037
0001164
-000117
-000874
-000233
0002852
0006344
0006810
0004773
0002328
0000465
0000291
0001571
0003085
0004307
0004831
0003958
0000698
-002969
-003784
-002969
-004599
-006637
-004774
-001339
-001514
-003493
-002678
-000641
-001339
-003435
-004017
-003086
-001572
-000641
-002271
-004716
-004832
-002678
0000291
0003201
0005471
0005821
0002561
-001281
-000583
0003026
0004715
0005122
0007800
0009313
0003085
-004832
-002562
0005238
0007101
0004482
0003143
0002910
0002153
0001746
0003085
0004831
0004482
0002561
0000349
-000466
0002619
0006636
0005937
0002794
0003259
0005471
0004307
0001397
0001047
0001979
0000814
-000990
-000466
0001513
0002794
0002444
-000233
-002969
-001339
0002270
0002386
0000000
-001689
-002620
-003784
-004308
-002795
-000117
0002270
0003376
0002677
0001106
0001047
0001571
-000117
-002271
-001805
-000117
-000757
-002562
-002911
-001921
-000233
0001338
0002153
0001688
-000117
-001980
-001630
0000465
0002677
0003667
0001455
-001572
-000350
0002619
0001571
-001630
-001747
-000466
-001921
-004075
-002271
0001222
0001746
0000058
-001281
-001223
0000989
0003841
0004074
0002852
0004016
0005413
0002503
-001805
-001339
0001804
0002444
0000523
-002736
-005356
-004133
-001107
-000757
-002154
-001747
-000699
-001339
-003202
-005298
-006345
-004599
-001980
-002387
-004716
-005472
-005239
-006462
-006869
-002154
0003550
0002270
-002213
-000757
0003725
0003841
0000523
-002795
-004483
-002853
0000465
0001629
0001164
0001338
0001862
0002095
0001862
0000814
0000116
0001688
0003841
0003434
0001455
0000698
0000989
0000989
0001222
0002794
0004191
0003143
0000582
-001339
-002096
-001572
-000466
0000000
-000175
-000641
-001281
-002096
-003086
-004250
-005298
-005822
-005822
-005822
-005647
-004774
-003726
-003260
-003144
-002678
-002038
-001747
-001921
-002795
-002969
0000407
0004773
0004947
0002619
0002328
0003434
0003841
0003492
0002910
0002270
0002037
0001979
0001746
0001629
0002212
0003318
0004773
0005646
0004598
0002677
0001629
0001920
0003900
0005413
0002444
-001921
-001165
0002794
0004773
0004715
0004715
0003783
-000117
-004133
-003551
-000175
0001164
0000349
-001398
-003551
-005763
-006869
-005763
-003551
-002562
-002795
-002795
-002736
-003086
-003319
-002562
-001339
-001165
-001456
-000815
0000116
-000059
-000583
0000523
0002037
0001629
0000174
0000058
0000582
-000175
-001398
-001165
-000175
0000116
-000350
-001398
-001921
-000059
0002677
0003085
0001979
0002328
0002677
0000000
-003668
-004948
-003493
0000058
0003318
0002561
-000757
-002853
-003493
-003377
-003202
-004425
-005531
-003377
-000175
-000524
-002678
-002154
-000350
-001223
-002620
0000291
0004656
0004365
0001338
0000232
0001397
0004424
0007159
0005995
0002619
0001338
0001571
0000640
-000874
-001747
-001689
-000350
0000756
-001107
-003842
-002969
0000000
0001280
0000640
-001165
-003027
-003668
-003027
-001863
-000815
-000524
-001223
-003435
-005356
-004133
-001339
-000757
-001863
-002445
-002271
-001165
0000116
-000117
-000990
-000757
0000698
0002852
0004656
0004656
0003434
0002561
0002503
0003841
0005530
0005297
0004191
0004947
0006344
0005821
0003958
0002270
0001338
0001164
0001513
0001804
0001688
0000407
-000815
0000291
0001862
0000174
-003144
-004541
-004017
-002853
-002038
-002853
-004599
-005356
-005065
-004425
-003435
-001980
-000699
-000641
-001689
-003610
-005298
-005531
-004366
-002445
-000932
-001572
-002911
-001805
0000523
0000640
-000175
0001164
0003725
0005413
0006053
0006694
0006286
0002910
-000466
0001571
0006344
0007625
0005762
0002968
0000873
0002037
0004715
0005238
0003900
0001920
0000523
0000989
0002619
0003783
0003492
0000523
-002969
-003027
-000815
0000756
0000582
-002154
-005589
-006287
-004657
-003202
-001747
0001222
0002852
-001863
-008034
-006229
0000232
0003026
0002561
0002386
0002328
0001455
0000873
0002270
0004365
0004307
0003201
0003900
0005355
0004831
0003550
0004191
0005588
0005064
0003201
0001746
0001047
0001164
0001979
0002910
0003725
0004249
0004540
0005355
0005355
0002037
-002562
-004774
-004890
-005065
-005356
-005647
-006113
-007160
-008150
-008383
-007510
-005298
-003202
-003726
-005181
-004075
-001048
0001862
0003667
0003900
0002677
0000814
-000990
-002329
-002853
-002504
-001689
-001398
-000815
0001804
0004831
0004831
0003201
0003667
0004715
0002794
-000175
0000000
0002153
0003259
0003318
0003550
0003201
0001222
-000990
-001107
0000407
0001920
0001920
-001921
-006404
-005531
-001223
0001222
0001688
0002153
0002153
0000931
-000583
-000874
-000175
0000698
0000989
-000292
-001747
-000815
0001455
0002794
0002561
0001047
-001048
-002504
-002678
-001630
0000640
0004249
0006461
0002794
-003202
-004250
-001514
0000349
0000814
0000000
-000932
0000349
0002561
0002677
0001280
0000465
0000349
0001280
0001746
-000874
-004657
-006054
-005007
-002853
-000524
0001222
0001455
-001107
-003842
-002213
0002153
0005122
0005413
0002328
-001863
-002562
-000874
-000874
-000990
0002386
0006752
0007858
0005704
0001629
-001921
-002038
0000407
0001920
0002270
0001629
0001222
0003026
0005704
0006344
0005180
0003725
0002153
0000349
-001165
-002445
-002562
-000641
0001862
0001920
0000698
0001979
0003376
0000058
-004832
-004774
-001514
-000175
-000524
-000583
-000641
-001456
-002445
-002387
-002038
-002853
-004425
-005996
-006229
-003319
0000465
0000582
-001339
-001223
0000698
0003201
0004773
0003026
0000000
0000232
0002503
0003318
0002910
0002677
0002561
0002677
0002794
0002619
0002153
0001164
0000698
0002386
0004773
0005006
0003492
0001571
0000640
0002561
0005355
0004773
0002095
0000232
-000059
0001804
0004016
0003318
0001047
0000640
0001862
0003434
0004307
0002968
0000465
-000874
-001107
-001339
-001165
0000174
0001571
0000756
-001281
-002329
-002562
-002736
-002678
-002096
-000990
0000640
0002212
0003434
0003900
0003550
0002561
0001455
0000640
0000873
0001746
0002212
0002095
0001571
0000814
0000000
-000117
0001513
0003609
0004424
0002968
-001630
-006520
-007393
-004366
0001047
0005064
0002328
-004075
-007393
-006637
-002853
0001397
0001338
-000932
0000116
0002735
0002328
0000407
0000756
0002037
0001106
-001398
-003551
-004366
-002911
-000117
0002212
0003143
0002037
-000117
-001456
-001572
-000524
0000465
-000757
-002562
-001223
0001106
-000641
-003901
-002504
0000756
0000116
-003202
-005938
-006287
-001921
0002852
-000524
-007393
-007335
-002678
-000350
-000583
-002387
-004075
-002795
0000349
0002735
0003259
0001280
-001572
-002562
-001572
0000232
0001513
0000174
-002213
-002387
-000757
0001047
0002037
0001571
0000058
-001339
-001398
0001804
0005937
0006577
0004598
0002794
0001629
0000756
0000582
0001106
0001979
0002619
0002968
0003318
0003667
0003783
0003609
0002794
0001804
0001397
0001106
-000292
-001805
-001572
-000583
-001456
-003202
-003842
-003319
-002387
-001747
-002154
-003086
-002969
-001921
-000175
0001106
-000350
-002038
0001106
0005704
0005006
0001047
-000583
0000232
0001979
0003783
0004191
0003550
0002852
0002619
0003609
0004482
0002794
0000000
-001107
-000408
0001455
0003259
0003376
0001979
-000059
-001805
-002562
-001165
0004132
0009139
0007159
0000349
-005065
-007626
-007975
-005531
0000174
0004947
0002270
-004366
-006695
-005298
-004017
-003377
-003610
-004250
-004483
-003435
0000232
0003725
0002328
-001747
-002678
-001339
-000757
-000815
-000874
-000932
-000932
-000990
-001572
-001689
0001106
0003958
0002212
-002445
-005356
-006054
-005414
-003842
-001980
-000699
-000641
-001398
-001514
-001398
-002096
-003144
-003551
-003842
-005414
-007160
-007335
-005531
-001339
0002677
0002677
-000117
-001689
-002329
-003435
-004308
-003842
-002562
-001456
-001223
-002620
-004308
-004133
-002504
-001165
-000059
0001397
0002386
0001222
-000699
-000641
0000291
-000757
-002445
-001747
0000814
0004016
0006170
0005297
0002852
0002270
0002852
0002095
0000698
0000407
0000407
-001339
-003842
-005589
-005938
-004483
-002562
-002504
-004075
-005938
-006986
-005763
-003202
-001223
-000699
-002096
-004250
-004483
-003377
-003086
-003086
-001747
-000408
-001339
-003027
-001863
0000523
0000523
-000932
-001281
-000233
0002328
0004307
0002212
-001572
-002154
-000233
0001164
0001397
-000059
-001863
-001281
0000582
0000814
0000407
0002212
0004307
0003026
0000000
-001689
-001223
0001920
0004482
0000756
-005589
-006637
-003260
0000407
0002852
0002968
0000873
-001921
-004599
-006520
-006578
-003086
0000989
0000465
-002329
-001107
0001804
0000931
-001921
-002562
-001630
-001223
-001048
-000408
0000756
0002677
0004365
0004249
0002910
0001804
0001047
-000059
-000350
0002037
0005064
0005238
0003085
0000698
-001165
-002213
-002213
-001572
-000466
0001164
0001979
-000175
-003493
-004832
-003959
-002504
-000583
0002037
0003550
0001397
-002562
-004716
-004308
-001689
0001746
0004191
0003900
-001281
-007335
-007277
-002620
0001222
0003376
0004365
0003958
0002677
0001571
0002677
0003958
0000814
-002911
0000174
0006519
0008498
0005821
-000117
-005007
-001980
0005180
0008033
0006228
0001571
-002736
-001921
0001920
0003201
0001979
0000523
-000990
-002736
-003726
-002795
-001572
-003319
-005822
-004308
-000990
-000874
-002620
-002504
-001165
-000874
-001223
-001107
-000815
-001223
-001747
-001514
-000466
0001513
0003259
0002910
0001338
0000989
0000989
-000990
-002911
-000815
0003085
0003900
0002619
0002386
0003259
0005064
0006344
0004889
0001455
-002213
-004133
-001921
0002153
0003609
0002561
0000873
-000641
-000583
0000174
-000524
-002154
-003202
-003726
-003959
-003959
-004133
-004017
-002736
-000815
0000814
0001920
0002852
0003026
0001979
0000116
-001863
-003260
-003319
-002154
-000350
0001397
0002328
0002386
0001688
0001222
0002852
0004889
0003841
0001513
0002328
0004249
0002386
-000699
0000989
0004424
0003318
-000466
-001921
-001339
-000583
0000116
0000640
0001397
0003376
0005297
0004773
0002910
0002444
0002852
0002386
0001338
0000756
0000232
-000932
-002154
-002562
-002213
-001514
-000990
-001339
-001689
-000233
0001746
0001571
0000174
0000349
0001164
0000349
-000757
0000582
0002794
0002852
0001338
-000175
-001048
-001339
-000641
0001222
0003201
0004132
0003958
0003492
0003259
0004249
0004947
0002619
-000932
-002329
-001398
0000814
0002968
0003259
0001979
0000640
-000524
-001689
-002387
-002678
-002387
-001048
0000058
-001107
-002853
-001514
0000989
0000116
-002504
-002853
-001514
-000583
-000233
-000292
0000116
0003026
0006344
0006519
0004191
0001047
-000815
0000931
0004598
0006461
0006228
0005238
0003609
0000873
-000990
0000931
0004191
0003667
0000814
-000233
0000291
0001047
0001106
-000815
-002795
-000990
0002677
0003841
0002794
0001688
0000989
0000873
0000931
0000000
-001398
-002213
-002445
-002562
-002795
-003377
-004308
-005414
-006113
-005472
-003901
-002038
-000932
-001514
-003202
-004774
-005123
-003027
-000059
0000000
-001048
0001397
0005180
0005995
0004191
0002037
0000000
-002154
-003319
-002911
-000932
0001979
0004191
0003667
0001222
-000932
-002038
-001805
-001165
-002038
-003551
-003610
-003027
-004366
-005822
-003551
0000174
0000756
-000757
-000815
-000408
-002096
-004541
-005065
-004075
-003377
-002620
-000524
0001397
0000232
-002445
-003319
-002736
-002038
-001689
-002562
-003202
-000583
0002852
0001979
-000815
-000175
0002910
0005064
0005762
0005122
0003492
0002037
0000814
-000175
-001107
-003144
-004308
-001107
0003550
0004132
0001688
0000174
-001048
-004425
-007743
-007451
-004308
-000815
0001338
0000465
-001921
-002562
-001339
0000698
0002386
0001455
-000524
0000000
0001338
-000757
-003493
-001572
0003143
0006461
0006694
0002910
-002213
-003901
-002038
0001629
0005122
0005471
0003725
0003201
0003259
0001688
-000292
-000233
0001106
0001804
0001804
0001513
0000407
-002969
-005822
-003144
0002212
0003783
0002037
0000000
-001572
-002271
-001572
0000814
0002910
0000931
-002853
-003551
-002038
-001398
-001921
-003027
-004366
-005123
-005531
-006404
-007102
-006287
-004599
-003435
-002795
-002038
-001514
-001980
-002504
-001165
0000698
0000116
-001107
0001397
0004889
0004016
-000117
-004250
-006578
-005763
-002387
0002270
0005355
0003492
-001514
-005822
-007219
-004308
0000873
0004482
0004773
0000582
-004657
-004308
-000641
0000058
-001339
-001398
-000874
-001689
-003202
-003551
-003377
-004308
-005239
-003901
-001805
-002678
-004425
-002853
0000640
0002677
0002677
0000873
-000990
0000582
0003085
0000989
-002678
-001223
0002677
0002735
0000756
0002503
0004656
0000523
-006054
-007102
-004425
-003610
-004425
-004890
-005356
-006869
-007859
-005531
-001165
0003143
0004831
0000465
-005414
-004250
0001106
0002968
0000931
-003319
-007917
-010071
-009314
-006520
-003027
-000524
0000407
0000465
-000699
-003551
-006287
-006229
-003842
-001223
0000640
0000640
-000408
-000408
0000349
0000698
0000873
0001688
0002328
0001338
0000291
0002503
0005297
0003318
-000699
-000233
0002619
0002212
0000000
-000233
0000582
-000117
-001747
-002853
-003377
-003901
-004133
-003726
-002795
-001398
-000757
-002678
-005239
-004832
-002678
-002096
-002620
-002329
-001747
-002329
-003726
-005065
-006113
-006695
-007044
-007917
-007917
-004308
0000582
0002735
0001862
-000583
-003260
-004425
-003726
-001689
0000640
0001455
0001338
0002444
0004132
0004947
0004773
0003609
0002386
0002910
0003667
0001338
-002213
-003144
-001689
0000174
0001629
0001397
0000523
0001804
0003609
0002735
-000059
-002736
-004425
-004890
-004425
-003959
-003784
-004250
-004716
-003551
-002271
-003842
-006229
-004948
-001863
-001456
-002736
-002911
-002038
-001048
-000059
0001280
0001804
0000000
-002853
-003959
-003260
-001689
0000000
0000698
0000873
0002270
0003667
0002619
0000232
-000874
-000757
-000233
0000058
-001165
-003086
-004192
-004425
-004075
-003842
-005356
-006753
-004483
-000815
-000583
-002562
-003027
-002329
-002620
-002620
0000465
0003900
0003026
-000757
-003610
-004541
-003784
-001689
0000873
0002153
-000466
-003784
-001398
0003958
0005588
0004132
0002794
0002270
0003725
0005297
0002968
-000641
0000174
0003201
0002561
-000233
-001107
-000408
0000058
0000058
-000175
-001107
-004017
-006171
-002795
0002619
0003201
-000292
-003901
-006287
-006462
-004657
-002329
-000815
-001689
-003726
-004192
-003493
-003784
-003901
-001281
0001746
0001164
-001572
-003027
-002038
0002677
0007218
0004656
-001339
-001921
0001397
0003318
0003725
0003492
0003201
0004132
0005064
0003143
0000291
-000059
0001629
0003318
0004191
0003376
0001513
0000000
-000059
0002561
0005355
0003201
-001165
-001747
0000232
0000465
-000757
-002271
-003435
-003377
-002387
-001223
-000466
-000583
-001107
-001223
-000524
0001688
0003492
0001571
-001921
-002271
-000408
0000814
0001047
0000174
-000757
-000233
0001513
0003958
0005355
0003085
-000815
-001921
-000815
-000059
0000698
0002968
0004598
0001746
-002154
-000350
0004365
0005355
0003492
0002328
0002386
0003376
0004773
0005530
0005180
0003318
0000931
-000583
-000757
0000291
0001164
-000641
-003610
-004366
-003377
-002795
-002504
-001805
-000990
-000408
0000232
0001979
0002968
-000175
-005123
-007335
-006287
-002678
0001222
0001804
0000465
0001571
0003318
0001106
-002271
-001630
0001688
0003900
0004540
0004365
0003550
0002503
0001979
0002968
0004715
0006170
0006053
0002968
-000757
-000524
0001920
0002037
0000523
-000059
-000292
-001980
-003493
-002038
0000814
0001688
0000582
-001456
-003027
-002154
-000059
0000174
-000990
-001689
-002154
-003784
-004774
-002271
0002037
0005006
0005180
0001338
-003319
-003144
0000698
0004482
0007101
0008731
0007800
0001804
-004774
-004308
0000582
0002328
0001338
0000814
0000640
0000116
-000059
0001629
0003725
0003259
0001688
0002503
0004016
0002153
-000757
0000116
0003318
0005471
0005821
0004424
0002386
0001920
0002444
0002095
0001106
-000059
-000815
-000641
0000407
0001920
0002852
0001338
-001107
-001572
0000000
0002386
0004482
0004831
0003609
0001804
0000232
-000466
0000174
0002444
0004947
0005646
0004773
0003492
0002561
0002735
0003143
0001688
-000641
-001921
-002096
-002038
-001456
0000698
0002444
-000117
-004192
-003842
-001514
-003668
-006753
-002969
0003259
0002386
-002445
-003260
-001339
-001456
-002678
-003027
-002329
-001048
0000931
0004365
0006752
0004074
-000408
0000523
0003900
0002735
-001048
-002562
-001630
0000873
0003434
0003434
0002386
0003841
0006577
0007742
0007451
0006868
0006461
0007101
0007276
0004132
-000175
-001339
-000233
0000000
-000350
-000059
0000232
-000583
-002154
-004075
-005239
-004308
-002154
-000524
-000292
-002213
-004541
-004425
-002329
-000117
0000873
-000350
-003144
-006229
-007393
-003726
0001688
0002794
0000582
-001281
-001921
-000757
0000465
-002213
-005414
-002620
0002910
0004074
0001629
-000466
-001223
0000291
0003201
0005413
0006170
0005530
0003841
0001688
0000291
0000873
0002677
0003900
0004074
0002852
0001746
0003783
0006344
0004191
-000408
-002213
-001048
0001688
0004016
0002561
-001165
-003551
-004133
-003377
-002445
-003668
-005298
-003493
-000350
-000233
-001863
-001398
-000059
-000699
-002271
-002445
-001572
-000932
-000757
-001281
-001630
0000000
0002212
0002503
0001338
0000349
-000059
-000117
0000640
0003609
0005704
0001338
-004716
-003319
0002968
0006403
0007276
0008673
0008848
0004656
-000699
-001048
0001455
0000989
-001048
-000699
0000756
0000058
-001572
-001107
0000349
-000233
-001456
-000117
0002270
0001979
0000232
-000466
0000291
0002386
0004307
0003900
0001513
-001281
-003493
-005007
-004425
0000232
0005471
0004947
0001106
0000291
0001629
0001513
0000640
0000523
0000640
-000350
-001980
-003377
-003901
-002853
-001165
-000466
-001165
-003202
-004948
-003319
-000350
-000583
-002445
-001456
0000465
-001223
-004541
-005647
-004017
0000232
0004249
0003376
-000350
-001223
-000059
0000232
0000000
0000058
0000465
0001047
0001746
0002270
0002735
0003434
0003609
0002037
-000408
-002213
-002271
0000582
0003841
0002794
-000466
-001107
0000814
0003667
0005646
0003958
0000291
-000990
-001165
-003726
-006753
-006578
-003959
-001107
0000756
0000931
-000699
-002853
-005123
-007510
-008732
-007160
-004425
-003668
-004599
-005763
-006287
-005356
-003435
-001630
-000757
-001689
-003668
-004832
-005007
-005007
-004483
-003319
-001921
-001048
-000350
0001338
0003143
0003609
0003143
0002910
0002677
0001571
0000232
-000524
-000641
-000583
-000117
0001688
0002561
-001514
-006520
-004541
0001164
0002677
0000931
-000350
-000932
-001398
-001456
-001339
-000815
0000931
0001804
-002154
-007626
-008092
-004832
-001689
-000932
-005589
-011177
-008674
-002271
-002213
-005880
-005938
-003202
-001048
0000582
0002735
0004074
0002619
-000408
-002620
-003202
-001921
0000000
-000117
-001107
-000350
0001280
0002037
0001338
-001281
-003784
-002795
0000523
0003201
0004249
0003434
0001222
-001339
-003202
-003551
-002678
-002096
-001689
-001048
-000350
0000873
0001047
-002969
-007277
-005123
0000814
0004249
0004074
0001164
-003260
-007335
-009081
-006928
-002504
0000582
0001164
-001456
-004948
-004948
-002213
0000174
0002037
0003725
0004831
0005297
0004831
0003376
0001688
0000873
0000698
0000174
-000583
-001281
-001456
-000175
0001513
0001746
0000931
0000582
0000582
0000465
0000116
-000990
-002154
-001980
-000699
0001047
0002328
0001979
0000407
-001630
-002853
-001747
-000175
-002154
-005880
-007219
-006287
-004599
-002853
-002271
-002387
-001921
-000990
-000292
0000174
0000174
0000058
0000989
0001629
-000350
-002853
-002038
0000989
0002735
0003492
0004947
0005588
0002852
-000932
-001107
0000931
0001047
-000292
-001107
-001572
-001921
-002329
-003435
-004308
-003435
-001747
-001223
-001689
-002154
-002853
-004774
-005996
-003260
0000989
0001804
-000350
-003260
-005414
-005298
-002620
0002503
0006461
0003318
-002562
-001281
0003841
0004249
0001571
0000582
0001338
0002503
0003900
0005297
0005762
0004074
0001571
0000756
0001629
0003085
0004482
0005064
0004307
0002037
-000699
-002213
-002504
-002387
-002038
-001107
-000583
-001689
-003551
-004075
-003610
-003027
-003435
-007160
-010246
-005414
0002561
0003841
-000466
-005065
-007451
-004832
-000059
0000814
-001456
-003784
-004657
-002329
0001455
0003318
0002852
0001222
-000815
-002271
-002329
-000059
0003085
0004598
0004249
0002619
0000989
0001338
0002735
0002735
0001804
0001047
0000873
0001862
0002910
0001746
0000349
0003085
0006927
0006053
0002037
-000757
-001514
-000117
0001629
0000349
-002445
-002795
-001980
-003610
-005705
-004425
-001223
0000756
0001164
0000756
-000059
-000641
-000641
-000408
0000116
0001106
0001571
-000350
-002736
-002329
0000523
0004482
0007451
0006985
0003900
0000931
-000466
0001106
0003900
0004307
0002910
0001920
0001338
0000698
0000349
0000582
0001047
0000465
0000058
0001920
0004831
0006403
0006053
0003550
0000814
0001106
0002968
0002444
0000407
-000757
-001107
-001747
-002096
-001339
-000350
-000757
-001980
-002620
-002736
-002969
-003027
-002213
-000932
0000232
0000640
-000350
-001572
-000292
0001513
-000815
-004017
-001048
0004656
0005471
0003085
0003259
0004074
0001280
-003027
-004832
-004133
-002562
-001165
-001514
-002736
-002387
-001281
-001048
-001572
-001514
-002038
-006345
-010013
-005531
0002852
0006228
0004132
-000932
-005996
-006462
-003668
-002038
-001572
-000757
-000233
-000932
-002271
-003319
-003377
-001980
0000407
0002852
0003900
0001338
-001980
-000408
0003376
0002910
0000058
-000466
0000814
0001629
0002328
0004249
0005879
0004715
0002212
0001979
0002910
0001920
-000175
-001223
-001398
-001456
-001398
-001630
-001630
-000641
0000640
0001047
0000465
-000815
-001747
-000583
0000931
-000757
-003901
-004657
-003319
-001339
0000291
0000756
0000291
0000174
0000058
-001514
-002969
-001398
0001455
0002037
0001164
0001688
0003259
0005006
0005821
0004191
0001397
0000232
0000814
0002503
0003958
0003143
0001280
0001222
0002503
0003259
0003725
0004831
0005471
0004016
0001513
0000174
0000291
0001513
0002328
0000058
-003551
-005239
-004832
-003202
-001863
-003668
-006462
-005414
-002620
-003086
-004832
-003260
-000233
0000523
-000699
-001572
-002154
-003202
-003435
-000874
0002852
0004715
0004365
0002619
0000465
-000699
-000059
0003085
0006286
0005238
0001920
0001164
0003143
0007276
0010128
0005879
-001107
-001456
0002386
0002503
0001280
0005471
0009779
0003900
-006113
-007393
-002271
0001222
0002270
0002095
0000465
-002795
-005181
-002504
0002037
0001455
-002038
-002795
-001281
0000232
0000814
-001165
-003260
-000757
0003318
0002561
-000583
-000117
0002503
0003550
0003026
0002153
0001455
0001979
0002794
0002153
0000465
-001107
-001921
-001747
-000350
0002677
0004773
0001804
-003435
-005123
-003610
-001689
-000292
-000699
-001980
-001921
-001223
-002038
-003144
-001689
0000407
-000990
-003842
-003493
-000874
0001513
0002328
0000116
-003202
-004250
-002969
-000815
0000756
-000466
-003086
-003901
-002969
-001572
-000466
-000466
-000932
0000058
0001629
0001979
0001571
0002270
0002561
-000932
-005239
-005007
-001456
0001629
0003318
0003783
0002852
0000698
-001281
-000932
0000873
0002212
0002037
-000641
-003726
-003842
-001689
0000291
0000814
-001398
-004657
-005414
-004250
-003842
-003901
-003202
-002213
-001689
-001514
-001165
-000583
0000582
0001164
-001048
-003610
-002038
0002037
0004598
0005180
0004016
0002619
0003667
0005762
0005238
0003026
0001629
0001164
0000814
0001222
0003900
0006461
0005006
0001397
0000291
0000989
0000756
-000466
-002504
-003901
-002038
0000349
-002038
-006637
-008208
-006229
-000990
0003667
0001804
-003784
-006229
-005531
-004308
-002736
-000874
0000232
-000757
-002620
-002620
-001863
-003144
-004832
-003493
-000524
0000989
0000989
0000174
-000175
0002270
0005180
0003958
0000407
-001339
-000932
0001106
0003376
0003725
0002270
0000058
-001630
-000932
0000989
0001338
0000640
0001047
0001164
-001630
-005065
-005007
-002271
0000582
0001513
-001456
-006229
-008325
-007859
-007044
-006054
-004890
-003726
-002213
-001165
-001514
-002562
-002213
-001747
-004366
-007102
-004075
0001222
0001513
-001398
-001921
-000466
0001513
0002503
0000465
-002736
-003027
-001514
-002096
-002969
-000175
0003434
0002095
-001747
-002096
0000058
0001280
0001280
0000232
-001107
-001165
-000466
-000350
-000874
-002504
-003086
0001106
0006344
0005821
0000698
-005007
-008790
-008325
-004832
-001689
0000116
0000291
-000815
-002096
-003202
-004133
-004599
-004599
-003784
-001747
0000291
0000116
-001514
-002445
-001921
0000989
0003900
0002444
-000990
-000815
0001513
0002037
0000698
-001456
-003086
-002154
0000349
0002153
0002561
0001222
-001165
-002736
-003319
-003202
-002562
-001805
-000932
0000873
0002095
0000291
-002562
-002562
-000583
0000465
0000407
-000408
-001630
-002736
-003086
-001689
-000408
-003202
-006637
-003493
0002677
0003900
0001629
0000756
0001047
0000989
0000640
0000000
0000058
0002735
0005937
0006170
0003841
0000756
-001689
-001689
-000117
0000698
0000989
0001920
0002677
0001571
0000174
0002153
0004773
0002619
-001805
-002853
-001398
-000466
-000466
-001165
-002154
-002096
-001689
-002387
-003493
-003610
-002678
-001281
0000116
0001280
0001629
0000407
-000874
0000756
0003318
0002386
-000408
-000990
-000117
-000408
-000408
0003201
0007509
0007451
0004307
0002095
0001571
0002735
0004831
0006519
0006461
0002968
-001107
-000815
0002270
0003259
0002503
0001979
0001629
0000582
0000058
0001746
0004598
0007101
0007334
0003376
-001863
-002969
-000932
-000059
-000408
-001281
-002213
-002387
-002038
-002038
-002387
-002795
-003377
-004541
-005123
-003435
-000350
0002619
0003783
0000756
-003144
-001572
0002852
0003609
0000814
-004017
-007859
-006520
-001107
0005355
0009080
0005180
-002154
-004250
-001689
0001222
0003609
0004889
0004831
0004074
0002561
-000175
-002445
-002329
0000000
0003550
0005937
0003900
-000583
-002445
-002154
-001980
-001980
-001980
-001921
-001572
-001048
-000641
-000292
0000000
0000407
0001397
0001920
-000175
-002678
-001281
0001571
0000291
-003027
-003493
-001572
0000873
0002270
0000756
-002213
-003435
-002795
-001980
-000757
0001455
0003026
0001047
-001980
-000757
0002794
0004074
0003318
0002328
0001804
0002619
0004132
0005355
0005355
0003026
0000058
-000641
0000174
-000408
-000932
0001920
0005530
0005122
0001746
-001339
-002853
-001863
0000116
-000059
-002038
-004308
-005356
-003086
0000058
-000990
-003959
-003610
-001048
0000116
0000000
-000292
-000524
-000292
0000116
0000058
0000000
0000873
0002561
0004947
0006344
0004365
0000814
-000641
-000059
0001397
0002735
0002095
0001338
0004482
0008731
0008091
0004715
0004074
0004656
0002095
-001572
-002445
-001048
0000407
0001164
-000175
-001747
0000174
0003085
0001397
-002678
-003842
-002620
-001805
-001689
-002795
-003668
-001223
0002444
0003259
0001746
0000349
-000408
-000408
0000407
0001862
0002910
0001804
0000756
0004540
0009488
0008207
0003376
0001804
0003026
0004365
0004889
0003492
0001397
0001629
0002794
0001513
-000757
-000932
0000640
0001979
0002910
0003725
0003143
-000932
-005298
-004192
0000232
0002444
0001862
-000874
-003901
-004133
-002038
0000058
0001688
0002677
0002561
0000756
-001048
0000116
0002444
0001804
-000757
-002678
-002911
-000699
0002153
0001862
0000000
0000931
0002852
0001629
-000699
-000059
0002444
0003900
0003900
0002794
0000931
-001456
-002853
-001805
0001397
0006344
0008848
0002968
-006462
-009722
-006869
-001863
0002677
0003667
0001513
-001048
-002969
-003377
-002504
-001456
-000757
-000815
-001630
-002504
-003086
-002795
-002504
-004541
-006578
-004425
0000116
0002968
0003841
0003958
0003318
0002153
0000989
0000232
0000058
0000116
0000465
0001222
0002095
0002794
0002968
0002386
0001571
0001513
0001746
0001338
0000989
0001862
0003492
0004889
0005413
0004132
0002212
0001688
0001862
0000931
-000757
-002562
-003668
-003086
-001630
-001048
-000990
0000000
0000407
-002562
-006113
-004483
-000990
-002911
-007102
-005938
-001863
-001048
-002387
-002445
-001689
-002096
-002329
0000174
0003318
0002968
0000582
0000291
0000931
-000524
-002562
-002271
-000117
0002328
0003609
0001804
-001398
-002387
-001572
-001281
-000990
0000814
0002503
0001455
-000932
-001281
-000699
-001921
-003726
-003027
-001107
-000757
-001165
-000175
0001397
0001979
0001455
0000058
-001514
-001747
-001689
-003668
-005880
-005123
-002038
0001280
0003318
0002503
0000349
0000058
0001280
0002503
0002910
0001164
-000699
0001571
0005006
0003026
-001281
-000815
0001920
0000116
-003027
0000000
0005006
0003434
-001980
-003959
-003027
-002678
-002096
0001106
0004365
0003841
0000698
-001572
-002678
-003435
-003842
-004308
-003901
-000641
0002968
0002503
-000292
-001281
-000699
-000699
-000757
0000407
0001222
-001572
-005007
-003551
0000523
0001629
0000465
0000407
0000814
0000465
-000350
-000757
-000874
-000932
-001165
-002213
-002678
-000292
0003259
0004889
0004016
0001106
-002387
-004541
-004250
-000932
0002503
0001164
-002678
-003493
-002038
-001281
-001689
-003260
-005356
-006637
-006928
-006811
-005414
-000757
0003550
0001688
-003901
-007219
-007160
-003842
0000582
0002619
0001688
-001805
-004832
-002329
0002735
0003609
0001804
0001920
0003667
0005530
0007043
0007742
0007101
0004540
0001106
-001863
-003027
-001281
0001513
0001804
0000582
0001222
0002153
-000292
-003319
-001805
0002328
0004598
0004365
0002212
-000466
-001456
-001339
-002154
-003959
-006404
-008383
-008092
-006229
-004657
-003493
-001921
-000874
-001456
-002853
-003319
-002969
-002445
-002445
-004483
-006287
-004075
0000116
0001338
0000873
0002619
0005122
0005471
0004249
0003143
0002503
0002444
0002852
0002852
0002503
0002153
0001513
-000233
-001572
0000407
0003609
0003667
0002328
0004656
0007451
0004132
-001689
-002271
0000523
0000465
-001048
-000524
0001047
0001688
0000640
-003319
-006637
-003086
0003085
0002444
-002562
-004890
-004541
-003377
-001863
-000874
-000117
0001455
0002794
0002328
0000523
-001630
-002620
-000350
0003318
0005180
0004715
0002386
-000292
-000466
0000232
-002504
-006171
-005589
-002213
-000059
0000873
0001862
0002735
0003841
0004365
0002910
0000756
0000582
0001106
-000699
-003493
-004657
-004366
-003784
-003435
-004017
-004133
-000757
0002968
0001338
-003901
-007859
-009081
-006986
-003435
-002562
-003319
-002038
0000174
0000756
-000175
-002329
-003842
-001572
0002270
0003318
0001513
-001747
-004425
-004133
-000990
0003376
0006577
0005530
0001513
-001921
-003260
-001514
0001688
0002677
0002153
0002270
0002910
0003085
0002910
0002503
0002386
0003201
0004132
0003492
0001571
-000583
-002096
-002154
-001339
-000990
-001281
-002329
-002911
-000757
0002270
0002153
0000407
0001106
0003201
0004191
0003667
0001688
-000524
-001339
0000058
0004598
0008673
0005937
-000292
-002678
-001456
0000523
0002444
0003667
0003550
0002212
-000292
-004017
-006462
-003959
0001106
0002852
0002386
0003900
0005471
0003143
-000932
-002445
-001805
-001514
-001572
-001281
-000932
-001165
-001048
0001746
0004307
0001571
-003901
-006113
-005414
-004483
-003086
-000059
0002386
0001047
-002271
-003086
-001805
-000466
0000698
0002095
0003026
0002619
0001804
0002270
0003434
0003900
0003143
0000640
-001630
-000117
0003026
0002852
0000698
-000059
0000582
0001455
0002386
0003201
0003376
0002561
0001280
0000698
0000931
0001804
0002212
0000407
-002271
-002911
-001630
0000640
0001920
-001048
-005181
-004017
-000175
-000233
-002620
-002504
-001223
-001805
-003086
-002271
-000059
0001513
0002153
0002328
0001397
-001689
-004425
-001980
0002386
0001862
-001514
-002329
-000815
0000873
0002328
0003201
0003318
0003026
0002270
0000873
-000059
0001164
0003318
0003783
0003143
0003434
0003609
0001338
-001281
-000175
0002561
0002095
-000292
-001048
-000641
-000874
-001398
-000874
-000583
-003260
-006229
-004716
-000757
0000640
-000292
-001456
-002795
-004425
-005822
-006637
-006054
-002678
0001222
0001920
0000174
-001514
-001630
0001397
0005704
0007334
0006694
0006519
0005704
0001455
-003202
-003027
-000117
0000174
-001572
-003027
-003551
-002620
-000583
0001688
0003550
0005122
0004831
0000582
-004541
-004948
-001689
0001455
0002794
0000291
-003319
-002795
0000756
0004307
0005937
0003492
-000757
-002504
-001572
0000116
0002037
0003900
0005006
0004715
0003609
0003201
0002735
0000058
-002911
-002795
-000757
0000058
-000292
-001165
-001107
0002444
0006344
0004656
0000000
-001514
-000233
0001397
0002794
0004016
0003667
-000233
-004774
-004308
-001165
-001456
-003144
-000990
0002444
0001804
-001281
-002213
-001689
-002562
-003551
-002445
0000174
0002968
0004598
0003900
0001571
-000117
-001281
-003610
-005239
-003260
0000349
0001222
0000349
0000698
0002386
0005762
0007800
0003318
-003144
-002329
0002503
0002503
-000583
-001630
-000874
0000174
0001338
0002677
0003259
0001804
-000175
0000465
0002619
0003376
0002503
0000407
-001747
-002329
-001281
0000640
0002328
0002503
0001047
-001514
-003610
-002736
-000350
-000117
-001165
-000990
-000117
0000291
0000000
-001514
-003027
-002154
0000000
0000582
0000407
0001688
0003434
0003725
0002910
0002503
0002561
0003318
0004016
0003376
0002270
0002561
0003841
0005064
0005122
0002444
-000932
-001456
0000349
0002328
0003201
0001397
-001223
-000815
0001338
0002095
0001338
0000116
-000815
0000058
0001629
0001455
0000000
-000990
-001572
-002445
-003202
-003610
-003668
-003551
-003493
-003493
-003842
-005007
-006054
-005298
-003260
-000874
0000582
-000408
-002213
-001805
0000756
0004598
0007625
0007101
0003783
0000291
-002387
-004075
-003901
-001165
0002037
0002386
0000349
-001689
-002795
-002329
-000757
0000756
0001280
-000350
-002445
-001863
0000349
0001455
0001338
0000698
-000175
-000990
-001456
-001339
-000757
-000292
-000175
-000408
-001281
-003551
-005123
-002445
0001746
0001338
-001630
-001805
-000117
0000465
0000116
-000117
-000757
-003144
-005181
-003202
0000407
0000116
-001689
0001047
0005413
0005355
0002212
-000350
-001281
-000408
0001455
0002095
0001629
0001106
0000465
-000641
-002213
-004890
-006462
-003493
0001397
0002968
0001571
-000175
-001514
-001921
-001048
0001513
0003492
0001047
-003493
-004948
-003784
-002504
-001456
-000583
-000175
-000059
0000000
0000873
0001746
0000989
-000175
0000698
0002212
0001397
-000350
0000116
0001920
0002619
0001979
0000174
-001572
-001165
0000407
0000523
0000349
0002968
0005937
0005238
0001571
-002387
-004890
-004366
-001921
-000292
-000175
-001456
-003319
-004075
-003842
-003493
-003202
-003377
-003144
-000757
0001920
0001629
-000815
-002911
-004133
-005007
-004890
-003260
-001165
-000583
-000874
-000292
0000756
0000989
0000349
-001107
-002445
-002387
-000932
0001571
0003259
0001513
-001863
-003144
-002271
-000932
0001106
0004889
0007683
0005122
0000058
-001456
-000233
0000000
-000292
0000232
0000931
0000232
-001165
-001747
-002154
-004133
-006869
-008616
-009198
-009780
-008965
-004250
0000349
-002445
-008441
-008499
-004483
-002678
-002678
-002329
-001863
-001921
-002213
-002445
-002213
-000990
0000349
0000407
-000757
-003027
-004657
-003086
0000000
0000698
-000059
0001106
0002852
0002503
0001047
0000756
0001280
0001513
0001280
0000174
-001048
-000815
0000291
0001047
0001106
0000756
-000583
-003551
-006404
-006695
-004366
-000292
0002852
0001338
-002504
-003086
-001630
-002213
-003493
-001921
0000000
-002795
-007160
-006637
-002911
-000699
-000466
-001456
-002329
-000524
0002677
0004424
0004307
0002212
0000000
0000407
0002852
0005006
0006170
0006112
0004598
0001397
-001805
-003027
-001980
0000698
0003376
0003841
0002561
0001338
0000756
0001106
0001804
0001222
-000233
-001689
-002562
-001980
-000874
-000932
-002154
-004483
-005589
-001398
0003958
0002444
-003027
-005356
-003901
0000349
0004074
0001862
-003377
-004774
-002969
-001398
0000232
0003318
0005995
0005064
0002561
0003026
0004482
0001862
-002038
-001107
0001804
-000059
-003959
-003435
-000408
-000233
-001107
0001688
0005064
0003143
-001456
-002387
-001281
-003202
-005356
-002038
0002968
0002270
-001805
-002853
-001514
-000990
-001107
-001048
-000757
-000117
0000174
-000990
-002795
-003551
-003493
-003842
-004425
-004657
-004308
-002795
-001165
-001223
-002096
-001630
-000175
0001455
0002677
0002910
0002386
0002037
0001979
0002270
0002212
0000756
-001339
-002445
-002387
-001863
-000932
0000407
0001920
0003434
0004249
0003492
0001629
0000058
-001514
-004541
-006928
-005298
-001223
0001688
0001804
-002154
-007277
-008150
-005880
-005239
-004948
-001398
0002386
0000989
-003435
-005880
-005181
-000699
0004307
0004191
0001047
0000698
0002095
0001920
0001047
0001571
0002794
0003259
0002852
0001455
0000291
0001280
0003550
0005122
0004947
0002153
-001165
-001223
0000756
0001164
0000523
0000931
0001979
0002619
0002677
0001979
0001106
0001222
0001571
0000523
-001165
-001514
-001223
-002387
-004017
-004308
-003610
-002562
-002096
-003377
-005181
-004948
-003319
-002213
-001630
-000466
0000582
0000174
-000583
0000291
0002037
0002561
0001979
0001047
0000698
0002037
0004307
0005762
0005762
0004249
0002386
0002852
0003609
0000000
-004308
-002271
0003143
0004715
0003376
0003143
0003667
0004424
0004074
0000116
-004075
-002154
0002212
0000058
-004483
-001630
0004424
0004249
-000117
-002853
-003668
-004017
-003668
-002329
-000815
0000174
0000291
-000699
-001572
0000291
0002852
0002270
-000117
-000990
-000292
0001047
0002270
0002270
0001513
0001513
0002153
0003318
0004016
0002735
0000814
0000407
0002037
0006112
0009313
0005937
-000524
-002329
-000641
0000116
0000000
0000291
0000174
-001572
-004075
-005589
-005531
-003551
-000524
0001920
0003143
0003434
0002503
0000232
-002038
-002213
-001107
-000757
-001048
-001048
-000408
0001571
0003492
0003085
0001455
0001047
0001804
0002852
0003667
0003550
0002619
0001222
0000232
0000756
0002037
0002270
0001280
-000524
-002562
-004308
-004483
-001514
0001862
0000698
-002853
-003319
-001514
-000757
-000757
-000175
0000058
-001863
-004366
-004366
-003027
-003377
-004948
-006520
-007219
-006113
-003901
-002213
-001107
-000059
0000582
-000059
-000466
0002386
0005413
0002794
-002795
-005298
-004250
-001048
0002677
0004132
0003550
0002735
0002270
0002503
0003609
0005297
0006577
0006461
0005006
0003201
0001804
0001746
0002619
0003201
0003434
0004191
0004482
0002619
0000058
-000757
-000175
-000059
-000524
-001165
-002096
-003319
-004425
-004832
-004890
-005822
-006869
-006404
-005298
-005589
-005822
-002969
0000582
-000059
-003144
-004366
-003610
-001921
0000232
0002677
0003900
0001688
-001456
-000524
0002794
0004540
0004307
0002794
0000873
0000232
0000814
0001571
0002153
0002444
0001746
-001223
-003842
-001747
0002735
0004715
0003958
0002037
0000116
0000349
0001513
0000058
-002213
-001107
0000989
-001281
-005472
-006054
-003726
-001398
0000058
-000059
-000990
-000699
0000058
-000990
-002678
-003144
-002154
0000174
0002270
0001979
-000059
-001689
-001980
-000059
0002677
0003376
0002561
0002619
0002852
0001513
0000349
0003085
0006810
0005297
0001164
0000756
0002386
0001047
-000932
0001338
0005413
0006344
0004540
0001688
0000174
0004016
0008673
0005297
-002096
-004425
-002213
0000232
0002270
0004307
0004831
0002212
-001805
-003668
-003493
-002911
-002329
-002213
-002387
-001980
-001107
0000058
0001047
0001280
0000931
0001047
0000756
-002038
-005065
-004483
-001339
0001164
0002212
0001688
0000291
-000583
-000350
0001047
0002794
0003783
0003783
0003259
0002328
0000989
-000292
-001747
-002154
0000523
0003318
0000756
-003784
-002504
0001222
-000757
-005531
-006520
-004657
-003784
-003726
-003551
-003086
-002154
-001165
-000466
-000757
-003027
-005763
-006520
-005181
-002911
-000175
0002910
0004424
0002328
-001514
-003319
-002562
-000175
0002328
0001920
0000349
0001571
0004132
0004307
0002794
0001979
0001455
-000583
-002620
-002504
-000641
0001746
0003026
0001106
-002329
-003435
-003202
-004774
-006578
-005647
-003610
-004366
-006404
-006404
-004948
-003959
-003901
-005007
-006113
-005123
-002969
-002038
-002213
-002620
-002911
-002911
-002329
-000757
0000873
0001280
0000931
0001222
0002153
0003318
0003900
0002503
0000465
0000756
0002037
0000523
-001805
-000815
0001688
0001397
-000699
-001921
-001572
0000989
0004074
0004773
0003318
0000931
-001165
-001572
-001223
-002911
-005181
-005123
-003377
-002096
-001572
-001572
-002504
-004890
-007160
-006695
-004483
-002911
-002853
-005414
-008034
-006345
-001747
0002153
0003783
0001920
-001456
-002795
-001689
0000756
0003783
0006228
0006985
0005122
0002328
0001862
0002794
0002153
0000756
0000698
0001804
0004132
0005530
0002153
-002620
-001921
0002095
0003783
0003143
0001920
0000698
0000582
0000873
0000174
-001863
-006113
-009605
-007684
-002620
0000582
0001106
-000408
-002736
-003901
-003551
-001980
-000233
0000174
-000874
-003144
-004483
-002038
0002677
0006461
0007159
0002153
-003726
-000990
0005762
0005355
0000698
0000116
0001746
0000116
-002969
-003260
-001980
-002911
-003901
-000583
0004307
0005122
0002852
0000756
-000175
0001338
0002968
0000349
-004017
-004599
-002504
-001223
-001223
-002096
-003784
-006345
-007859
-005065
-000990
-001281
-004890
-008092
-009140
-006171
-001107
0002212
0002677
0000000
-003435
-003377
-000874
0000523
0000931
0001629
0001920
0000640
-000815
0000174
0002619
0004191
0004424
0003841
0002444
0000116
-001514
0000407
0003143
0000640
-003901
-002969
0000698
0000523
-002154
-002678
-002154
-003493
-005123
-004366
-001921
0000523
0001920
0001571
0000058
-001398
-001921
-000524
0001397
0000640
-001281
-001107
0000291
0000058
-000641
0000756
0002444
0000756
-002154
-001223
0001397
0000640
-001572
-000641
0002444
0004831
0005413
0003259
0000000
-001107
-000408
-000233
0000232
0003434
0006344
0003841
-001223
-002445
-000874
-000757
-001456
-001223
-000175
0001455
0002794
0003026
0001688
-001630
-004774
-004541
-001863
0000465
0001106
-001689
-004890
-002795
0001746
0001979
-000699
-002329
-002445
-001223
0000407
0000291
-000466
0000640
0002735
0004191
0003958
0000873
-002911
-004017
-001805
0003318
0008207
0008033
0004598
0003143
0003201
0002037
0000931
0002270
0004715
0005646
0004540
0001164
-002213
-002154
0000349
0001862
0002561
0004191
0005413
0004249
0001629
-000408
-001048
0000058
0002153
0004074
0004540
0002212
-001223
-002620
-001863
-000408
0000931
0001164
0000407
-000175
-000874
-002562
-003959
-003319
-001048
0001629
0003667
0004249
0003900
0004482
0005413
0004947
0004540
0008033
0011060
0005355
-003610
-005007
-000059
0005238
0008848
0009430
0006577
0000989
-004541
-006637
-005065
-001339
0002095
0002212
-000350
-002911
-004716
-006171
-006171
-003493
0000116
0001629
0001280
0000989
0000640
-000292
-001223
-001747
-001398
0000232
0001920
0001338
-000350
-000699
0000232
0001571
0002328
0000814
-001165
-000233
0002328
0003318
0002561
0000698
-001747
-004075
-004716
-001689
0002503
0003201
0001455
0001106
0001455
0000465
-000932
-001223
-000350
0001455
0002328
-000990
-005123
-003493
0001338
0003085
0001979
0000814
-000350
-001689
-002562
-002445
-001456
-000059
0001106
0001571
0001106
0000116
-001107
-002387
-002678
-000292
0002677
0002386
0000407
0000989
0002910
0003143
0002619
0003841
0005588
0005006
0003143
0002386
0003259
0006053
0008557
0006868
0003143
0002328
0003492
0003550
0002619
0001280
0000232
0000523
0001222
0000116
