-005647
-004133
0001280
0000058
-004133
-002038
0003434
0005238
0004016
0003201
0002561
0000931
-000175
0002037
0004889
0003143
-000350
0000814
0004016
0003376
-000466
-004716
-007684
-007801
-005356
-002038
0000873
0001979
0001222
-000583
-002271
-002504
-001456
-000059
0000698
-000583
-002736
-003551
-002504
0000349
0003085
0002328
0000058
0001222
0003783
0002503
-000059
0001164
0004598
0006286
0005646
0002968
0000174
0000582
0002794
0002735
0001338
0001164
0001455
0000523
-000990
-001689
-001456
-000408
0000349
-000583
-002795
-004948
-005996
-004774
-002620
-002504
-003842
-005123
-005705
-005356
-004425
-003726
-003668
-004657
-005822
-005763
-004890
-005007
-005123
-003144
-000292
0000989
0000523
-001223
-002736
-001630
0000756
0001047
-000233
-000932
-001048
-001165
-000524
0002037
0005297
0007276
0007334
0005413
0002794
0001164
0001164
0002503
0004132
0003900
0002328
0000873
-000292
-001689
-002387
-000990
0001280
0002503
0001280
-004133
-009547
-007684
-001921
-000874
-002853
-002445
-001165
-002678
-005298
-005298
-004075
-005123
-006695
-004483
-001048
-001980
-004832
-004192
-001107
0001571
0002503
0000582
-002271
-002329
-000175
0002037
0003550
0003550
0002852
0003492
0004656
0004365
0003318
0003259
0003318
0001746
-000408
-001223
-000757
0000116
0000465
-000932
-002562
-000874
0001746
0000523
-002562
-002213
-000466
-002562
-005589
-003260
0001397
0001397
-001456
-002271
-001630
-001747
-002271
-002096
-001805
-002329
-003260
-003726
-003144
-001107
0001513
0003026
0003085
0001804
0000174
-000059
0000873
0002037
0002503
0000698
-001398
0000523
0004307
0004715
0003609
0006403
0009197
0004424
-003260
-004250
-000583
0000582
0000116
0001338
0002852
0001979
0000116
0000232
0001455
0001629
0001222
0002095
0003085
0001920
-000466
-001398
-002038
-005472
-008616
-005472
0000814
0003609
0002968
0001280
-000059
0000873
0003143
0004307
0004132
0003550
0002503
0001047
-000292
-000932
-000757
-000059
0001047
0002677
0003900
0003609
0001629
-002445
-005589
-003377
0001629
0003259
0002328
0002212
0002794
0003550
0003841
0002444
0000523
0000000
0000873
0002328
0003434
0002794
0001338
0001571
0002095
0000058
-002969
-003551
-002504
-002096
-002562
-003610
-004599
-004192
-002562
-000408
0001106
0000291
-001339
-000699
0001746
0004656
0006810
0006694
0005355
0005180
0005821
0005821
0005122
0003841
0002735
0003259
0004424
0004074
0002619
0001338
0000756
0001047
0001629
0000931
-000292
0000058
0000756
-000699
-003027
-003319
-002329
-002562
-003027
-001281
0000756
-000641
-003901
-005414
-005065
-003784
-002562
-003027
-004366
-004657
-003784
-002620
-001281
-000059
0000465
-000641
-002329
-002853
-001805
0000931
0003609
0003434
0001862
0002212
0004191
0006519
0007800
0005821
0002794
0003376
0005937
0006170
0004773
0003783
0003259
0002619
0002328
0003143
0003958
0002677
0000640
0001106
0002735
0002270
0000814
0001280
0002444
0001397
-000641
-001165
-000583
-000466
-000524
-000175
0000349
0000582
-000233
-003377
-006054
-003144
0002095
0002444
-000350
-001223
-000641
-001223
-002038
-001339
0000232
0001629
0002328
0001688
0000873
0002386
0004424
0003318
0000756
0000989
0002794
0002968
0002153
0002561
0002910
-000233
-003086
0001862
0009546
0010245
0005355
0000407
-002562
-001921
0001047
0003143
0003783
0003143
0002212
0003318
0004540
0001513
-002911
-003086
-000466
0000640
0000523
0000756
0000989
0000058
-000583
0002037
0005297
0003958
-000233
-003144
-003726
-001980
0000873
0002328
0002328
0002153
0002328
0003609
0005064
0004540
0003026
0002852
0003259
0002328
0000756
0000291
0000058
-002271
-004541
-002620
0001164
0001862
-000233
-002969
-004599
-002853
0000931
0003609
0004365
0003026
0000523
-001630
-002736
-002795
-002329
-002678
-003086
-001689
0000116
-000524
-002213
-001805
0000000
0000814
0001164
0002328
0003550
0003201
0002095
0002503
0003201
0001455
-000466
0002153
0006286
0005006
0000873
0000174
0001571
0000814
-000815
-000583
0001280
0004191
0005704
0002037
-003784
-005996
-004657
-002329
-000175
0000291
-000466
-000408
-000233
-001572
-003610
-004832
-005123
-005123
-005007
-005356
-005065
-002154
0001629
0003143
0002444
0000640
-000815
0000349
0002735
0002735
0001804
0003783
0006694
0006694
0004482
0002328
0000931
0000523
0000931
0001455
0002037
0003201
0004424
0005297
0005297
0003725
0001804
0001688
0003201
0005471
0006694
0003958
-000233
-000757
0000989
0000756
-000874
-001805
-002038
-002213
-002154
-001630
-001339
-002911
-004774
-004250
-002504
-002678
-004075
-004425
-003959
-003551
-003377
-003435
-003319
-002387
-000641
0001862
0003143
-000059
-004366
-002562
0001979
0001164
-002445
-002387
0000174
0001688
0002386
0004074
0005530
0004773
0002852
0001862
0002095
0003201
0004249
0003318
0001862
0003201
0005122
0003026
-000874
-001630
-000175
0000058
-000059
0001746
0003609
0002328
-000233
0000174
0001979
0000814
-001048
0001455
0005588
0005413
0002328
0000407
-000117
-000466
0000523
0005122
0008964
0003783
-004366
-003493
0003376
0007218
0007218
0005064
0001455
-002678
-005298
-004192
-000815
0001804
0002503
0000640
-002096
-002504
-001281
-001165
-001514
-000233
0000989
-001048
-004133
-003144
-000874
-004017
-008092
-004133
0003259
0003900
-000059
-001747
-001863
-003610
-005239
-003668
-000408
0000931
0000582
0000058
-000175
0000814
0001688
-000350
-003377
-003842
-002154
-000292
0001106
0001513
0001164
0001280
0001397
0000058
-001572
-001630
-000641
0000116
-000175
-002213
-004541
-004425
-002736
-001747
-002038
-003901
-005996
-005880
-004308
-003493
-003202
-002271
-001572
-002969
-004890
-004366
-002213
-000932
-001107
-003144
-005531
-006171
-004366
-000117
0003725
0002270
-002096
-003493
-002620
-002736
-002853
-001107
0001455
0003026
0003201
0002444
0001164
0000058
-000175
0001280
0003143
0002968
0002153
0004016
0006810
0006927
0005006
0002910
0001455
0001513
0002386
0002677
0002037
0000174
-001514
-001107
0000465
0000814
-000059
-001223
-002678
-004599
-005938
-005181
-003493
-003086
-004133
-006287
-007743
-005647
-002387
-003027
-005763
-005472
-003610
-004308
-005822
-004483
-001107
0002852
0005180
0003026
-000932
-001165
0001047
0001746
0001455
0001979
0003026
0004249
0004831
0004016
0002037
-000583
-002329
-000815
0002037
0001746
-000292
-000175
0000989
0000873
-000408
-002562
-003726
-001107
0003201
0004773
0003841
0002968
0001629
-001456
-004483
-004541
-002387
0000174
0001338
-001107
-005065
-006462
-005181
-002678
-000350
-000117
-001281
-001165
-000641
-002445
-004483
-002445
0000349
-002853
-008092
-006986
-001456
0003143
0005413
0005588
0003783
0000931
-000932
0000465
0004307
0008848
0011409
0008673
0003085
-000117
0000000
0002735
0005704
0004947
0001455
-001572
-002911
-001223
0001455
0000931
-001805
-004075
-004832
-003144
-000466
0000582
0000000
-000641
-001398
-002620
-003493
-002911
-001165
0001047
0002677
0002212
0000873
0001338
0002619
0002386
0001513
0001862
0003026
0003783
0003841
0002852
0001920
0003143
0004773
0003085
-000059
-000408
0000582
-001165
-003668
-002795
0000000
0001222
0000756
-000408
-001863
-002678
-003086
-003901
-004192
-002445
-000117
-000117
-001456
-001689
-000874
0000407
0001338
0000931
-000874
-004541
-007219
-004890
0000000
0001746
0001106
0001862
0002910
0001629
-000233
0000523
0003376
0006752
0009139
0009197
0007043
0003609
0001047
0002561
0005937
0006519
0004365
0001047
-001689
-001805
0000116
0002503
0003667
0001338
-002271
-002736
-000699
0000931
0001804
0002444
0002037
-000408
-002969
-002271
0000058
-000233
-001805
-000699
0000989
-000990
-004541
-005065
-003319
-002154
-001805
-001863
-002678
-005007
-006520
-003377
0002037
0004889
0004715
0002561
0000174
0000465
0001920
-000175
-002853
-000350
0004482
0004889
0002677
0003143
0005064
0005064
0003958
0003725
0004132
0003958
0003900
0005122
0006810
0007276
0006519
0005704
0004074
0000349
-003377
-003435
-001223
-000757
-001398
-001048
0000174
0001920
0002735
0000116
-003435
-003144
-000175
0002212
0002910
0001164
-001048
0000291
0003085
0002968
0000640
-001630
-002620
-001339
0001862
0005995
0008557
0005704
0000989
0001571
0005355
0006344
0005006
0003434
0002503
0002910
0004307
0005588
0006170
0005821
0004831
0003958
0003143
0001513
0000349
0001920
0004307
0003841
0000873
-003086
-005181
-001863
0004191
0007334
0006636
0002503
-001863
-000932
0002444
0000814
-002969
-002387
0000640
0000756
-000932
-001281
-000466
0000407
0001164
0001688
0001804
0001455
0001222
0002503
0004249
0004773
0003318
-001165
-005880
-006520
-003726
-000059
0002735
0002910
0001397
0001047
0001338
-000117
-001863
-001572
0000058
0001455
0001804
0001047
-001165
-005414
-008616
-005763
-000059
0001746
-000292
-003726
-006229
-004425
-000408
0000931
-000233
-001747
-003086
-003959
-003842
-002504
-000874
-000932
-001747
-001048
0000640
0001979
0002095
-000699
-003610
-001630
0002386
0001920
-001339
-002969
-002620
-001281
0000931
0004132
0006053
0003259
-001107
-000292
0003376
0003725
0002270
0003085
0004831
0004424
0002444
0000582
-000757
-001223
-001339
-002562
-003610
-001980
0000523
0000291
-001339
-000932
0000465
0000407
-000874
-002445
-002969
-000117
0003667
0003958
0001746
0000523
0000291
-000059
-000117
0000349
0001397
0003318
0004773
0003143
0000640
0001920
0005297
0007159
0006577
0002910
-000932
0000931
0004656
0001746
-004017
-003493
0000291
-000641
-003784
-002853
0000232
0000873
-000350
-000932
-001048
-001572
-002038
-001980
-001398
-000466
0000000
-000990
-002969
-004483
-005181
-005065
-004192
-002969
-001921
-001863
-001805
0000873
0004424
0005762
0004947
0003259
0001455
0000349
0000698
0002852
0005646
0007043
0006636
0004715
0002270
0000873
0000523
0000523
0000698
0000989
0001571
0003376
0005006
0004074
0001979
0001571
0002503
0003026
0003085
0002677
0002153
0002037
0001979
0001455
0000232
-002329
-004483
-003202
-000583
-000932
-003435
-005531
-006695
-007277
-006520
-003493
0000000
0000756
-000408
-001048
-001107
-001339
-000932
0001746
0004889
0005471
0003841
0001920
0000058
-002154
-003202
-000815
0002910
0004365
0003434
0001862
0000116
-001281
-001747
-000757
0000873
0001513
0000931
-000874
-002445
-001747
0000814
0003376
0005064
0005646
0004482
0001222
-002038
-001805
0000698
0001979
0001979
0002037
0002153
0002619
0002794
0001280
-000583
0000116
0001979
0001746
0000174
-000233
-000292
-002271
-004599
-004716
-002911
-000641
0001280
0002270
0001513
-001980
-005647
-005181
-002271
-001630
-002504
-002329
-001514
-001165
-001689
-004017
-006171
-005065
-002038
-000175
0000116
-000466
-001572
-003144
-004075
-003027
-001572
-003144
-005996
-006113
-004366
-003144
-002620
-002038
-002038
-003668
-005472
-005239
-003377
-001514
-000233
0000174
0000000
0000523
0000989
-000350
-002271
-002562
-001339
0000291
0001164
-000524
-003086
-002969
-001048
0000058
0000640
0002153
0003085
0000640
-003144
-004250
-003027
-001339
0000058
0000698
0000640
0000640
0000756
0000873
0000814
0000116
-000990
-002038
-002678
-002678
-002736
-004832
-007102
-005938
-003144
-003027
-004192
-002736
-000059
0001047
0001106
0001920
0002968
0002852
0002095
0001920
0002270
0002968
0002968
0000116
-003260
-003260
-000408
0003201
0005762
0004715
0002444
0004016
0007392
0008207
0006577
0004016
0001571
0000291
-000059
-001048
-001863
-000874
0000873
0001688
0000873
-002154
-005589
-006287
-004890
-003668
-002795
-001514
-000815
-001980
-004075
-005239
-005356
-005123
-004832
-004948
-005007
-003842
-002096
-001223
-000757
0000698
0001862
0000291
-002271
-001921
-000117
-000641
-002504
-003086
-002736
-003260
-003144
0000873
0005413
0004191
-000524
-003319
-003144
0000000
0003900
0005180
0003259
-001398
-005880
-005705
-002387
-000583
-000408
-000932
-001630
-001689
-001572
-002678
-003726
-002271
0000058
0000000
-001689
-002678
-003027
-004192
-004657
-001630
0002270
0002328
-000757
-004774
-006928
-003493
0002328
0003201
0000756
0000000
0000814
0002037
0003085
0003609
0003201
0001513
-000175
0000232
0001979
0002910
0002677
0001222
-000524
-001165
-000408
0001629
0003667
0004016
0002386
-000932
-003784
-002911
0000174
0001688
0001513
0000873
0000174
0000523
0000640
-002271
-005298
-003435
0001106
0003026
0002270
0000814
-000350
0000291
0001513
0000465
-001980
-003551
-003668
-002329
-000175
0001571
0001746
-001281
-004541
-002620
0002037
0003259
0002095
0002153
0002910
0002968
0002444
0001862
0001280
0000582
0000232
0001047
0002153
0001862
0000989
0001222
0002095
0002619
0002386
0001455
-000059
-002038
-003551
-003668
-002911
-003202
-003493
-001456
0001106
0000756
-001223
-001456
-000350
0000407
0000814
0001746
0002328
0001164
-000292
0000989
0003492
0004074
0002794
0000291
-001048
0002619
0007683
0006927
0002852
0002386
0004424
0005413
0005180
0004132
0002619
0001222
0000465
0000931
0001688
0000523
-001339
-001165
0000349
0000989
0000989
0001397
0001455
-000524
-003027
-003319
-001921
-000583
-000175
-001863
-004250
-004774
-003901
-003435
-003377
-003319
-002911
-001398
0000174
-000233
-001398
-000641
0001455
0003318
0004074
0002735
0000465
-000874
-000641
0001571
0003667
0002153
-000990
-001048
0001047
0002328
0002561
0001804
0000989
0001979
0003609
0002852
0001164
0001688
0003143
0002212
0000174
-000059
0000931
0001804
0001688
-000524
-003260
-003784
-002445
-000757
0000582
0000989
-000059
-003260
-006637
-007102
-005007
-002620
-000524
0001164
0001455
-000524
-002969
-002213
0000349
0001164
0000640
0000407
0000756
0002270
0003492
0001513
-001456
-000524
0002328
0002386
0001280
0003259
0006461
0006752
0005180
0005180
0005821
0004831
0002910
0001571
0001280
0002328
0003434
0002444
0000407
-000408
-000292
-000583
-001456
-003319
-005181
-005531
-004308
-001805
0000058
-001689
-004948
-004948
-002795
-001689
-001630
-001805
-002154
-002853
-003027
-001514
0000582
0000814
0000116
0001106
0003318
0005530
0006810
0006112
0004307
0003492
0003259
0002270
0000989
0000116
0000349
0003259
0006228
0005297
0001513
-002154
-003842
-001398
0002270
0001455
-001514
-001107
0001746
0004016
0004540
0001862
-001805
-001921
-000292
-001805
-004075
-001689
0002270
0001164
-002620
-002969
-000815
0000756
0001513
0001688
0000873
-001514
-003842
-003260
-000815
0000291
0000582
0001979
0003609
0004191
0003026
-000932
-004716
-003144
0001106
0001397
-000815
-001048
0000116
0000582
0000407
-000059
-000757
-001630
-002154
-001456
-000292
-000466
-001456
-001863
-001863
-002387
-002853
-001980
-000699
-000990
-002154
-002620
-002620
-002969
-003377
-003260
-002911
-003144
-002969
-000408
0002444
0001397
-001805
-003551
-003086
-000466
0003085
0005821
0006461
0004191
0000582
-001223
-001514
-002678
-003202
-000059
0004074
0004424
0002037
0000058
-000524
0000873
0003259
0004307
0004074
0003550
0002328
-000583
-003260
-002620
0000058
0001280
0001106
0000814
0000116
-001630
-003319
-002795
-001107
-000815
-001398
-001281
-000815
-001223
-001980
-001863
-001165
-000059
0000116
-003086
-006462
-004599
0000698
0005180
0006577
0002852
-002504
-002154
0001222
0000291
-002387
-000641
0003434
0004889
0004191
0003841
0003609
0002444
0001338
0002037
0003725
0004424
0004132
0003550
0002444
0000582
-001398
-002678
-002969
-002736
-001980
-000699
0000291
-000408
-001921
-002096
-001456
-001456
-002562
-005647
-008208
-006171
-001921
-000524
-001689
-003493
-004425
-002678
0000349
0001338
0000640
0000116
-000350
-001747
-002329
0000756
0004598
0003259
-000932
-002387
-001398
-000408
0000058
-000699
-002038
-002736
-002736
-002387
-001398
0001106
0003492
0003026
0001106
0001164
0002444
0003026
0002561
0001222
-000350
-001107
-001630
-003784
-005647
-003435
0000349
0000640
-001398
-001863
-001514
-002736
-004366
-004192
-002969
-002445
-002504
-002795
-002504
0000465
0003376
0001047
-003377
-002911
0000349
0000873
-000117
0001338
0003725
0003783
0002095
0000640
-000292
-001048
-000874
0001222
0003376
0001920
-001398
-002445
-002445
-005123
-007684
-004948
0000058
0000873
-001281
-001863
-001398
-002271
-003377
-002504
-000874
-000874
-001805
-001281
-000524
-001980
-004192
-003842
-002678
-004832
-007801
-006229
-002271
-000641
-000874
-000175
0000873
0001280
0000814
-000641
-002154
-002387
-001630
-001165
-001456
-003144
-004774
-003842
-001223
0000989
0001688
-000175
-002969
-003668
-002562
-001572
-001165
-001805
-002504
-000874
0000989
-001456
-005531
-005880
-003377
-001514
-000641
-000292
-000466
-000641
-001339
-003726
-006113
-005589
-003260
-001921
-001223
0000232
0001920
0003143
0003085
0000873
-001572
-000524
0002153
0001746
-000466
-001048
-000350
-000292
-000175
0001106
0003085
0004889
0005413
0003259
0000232
-000466
0001106
0003958
0005821
0003259
-001223
-002795
-001572
0000291
0001804
0001920
0000640
-000874
-002387
-003901
-004774
-004425
-003319
-002387
-001747
-000874
-000292
-000932
-001747
-000757
0000931
0000640
-000233
0001746
0004249
0002794
-000524
-000524
0001397
0001688
0000756
0000058
0000291
0002386
0004773
0004540
0002794
0002619
0003201
0002212
0000523
-000175
0000465
0002503
0004540
0004191
0001862
-001456
-003726
-002562
0000523
0001397
0000814
0001338
0001862
-000117
-002445
-000932
0002503
0003900
0002794
-000233
-003551
-004716
-003784
-002038
-000641
-001339
-003202
-003901
-003668
-003784
-003842
-003086
-001980
-001281
-000874
0000232
0000989
-000466
-002678
-002678
-000815
0001629
0003609
0003958
0003085
0002444
0002328
0002910
0003259
0001397
-000874
-000408
0001920
0003550
0003900
0002735
0000989
0000523
0000640
-000524
-002271
-002969
-002853
-002562
-002736
-004599
-006171
-004017
-000408
-000350
-002329
-001980
-000874
-003027
-005822
-004308
-000175
0002386
0003085
0003201
0002561
0001047
-000408
-000466
0000523
0001571
0002095
0001455
-000292
-003086
-004657
-001689
0002968
0003725
0001397
-000466
-001398
-001398
-000583
0000465
0001455
0002794
0003201
0000582
-002678
-002562
-000117
0001455
0001629
0000582
-000699
-000233
0000931
0000000
-002096
-003377
-003435
-002213
-000466
0000582
0000407
-001223
-002969
-002620
-000932
-000117
0000116
0000873
0001804
0002444
0002677
0002677
0001920
-000466
-002562
-000757
0002677
0003143
0001455
0000873
0001164
0000698
0000349
0001571
0003376
0004132
0003783
0002852
0001804
0001338
0000931
-000874
-002795
-002504
-000932
0000174
-000524
-004774
-009198
-008325
-003551
0000873
0002794
0000349
-004716
-009140
-010537
-006986
-000990
0002212
0002503
0002444
0002153
0001338
0000931
0002619
0004598
0002735
0000116
0003259
0008731
0008964
0005821
0004947
0005471
0003900
0002153
0003958
0007392
0008673
0007334
0003783
0000232
-000292
0001629
0003609
0004540
0003318
0001338
0001862
0003609
0003259
0001629
0001455
0001513
-000874
-003377
-001281
0002735
0003143
0000116
-004308
-007975
-008034
-005065
-001048
0001455
-000874
-005647
-007568
-006753
-005880
-004366
-000583
0003201
0003143
0000931
0001280
0002735
0001629
-000583
-000292
0001629
0002910
0003492
0004191
0004424
0003085
0001513
0002153
0004249
0005646
0005937
0005413
0004365
0003725
0003143
0001746
0000349
0000465
0001280
0000931
-000466
-002504
-003959
-002795
-001048
-003027
-006695
-007277
-005589
-004366
-004017
-004716
-005705
-005298
-004075
-003319
-003319
-004133
-004425
-001281
0002153
-000292
-005356
-005996
-003202
-001165
0000232
0002503
0004074
0002561
-000757
-003377
-003842
-000641
0003550
0003492
0000931
0001047
0002444
0001397
-000874
-001630
-000815
0001338
0002968
0001047
-001747
0000756
0004889
0002619
-002911
-004075
-002213
-002387
-003086
-000874
0001746
-000815
-004774
-002154
0003143
0002561
-001863
-004366
-004308
-001980
0000873
0000931
-000350
0000989
0003434
0003725
0002037
-000350
-002271
-002271
-000932
0000407
0000873
-000292
-001747
-000699
0001513
0001280
-000233
-000117
0000989
0001513
0001338
0000582
-000524
-001572
-002038
-001165
-000175
-001863
-004192
-002911
-000233
-001398
-004425
-004890
-002969
0000058
0002444
0001455
-000990
-000874
0001571
0005122
0007276
0004598
-000524
-003260
-002736
0000698
0004540
0004656
0002037
0000232
-000583
-001689
-001689
0001746
0006112
0006868
0005064
0004598
0005006
0004482
0004016
0005821
0007858
0005937
0002794
0004773
0008324
0005297
-000699
-001398
0001280
0001862
0000465
-001165
-002445
-002911
-002096
0000291
0002386
0000931
-002445
-003959
-003842
-003551
-003551
-004774
-005472
-002038
0002212
0000814
-003435
-003842
-001805
-001456
-002213
-002038
-001107
-000408
0000174
0001397
0002153
0000698
-001514
-001980
-000757
0001106
0002503
0002095
0000756
0000407
0000931
0001397
0001688
0001629
0001397
0001513
0001571
0000756
-000175
0000465
0001106
-001223
-005181
-007859
-008616
-007277
-005123
-004541
-004890
-004192
-002911
-001921
-001747
-003027
-004832
-005414
-004832
-003784
-002969
-004017
-004948
-002213
0002212
0004656
0004365
0001746
-001514
-002795
-001863
0000232
0002095
0001862
0000349
0000174
0000407
-001572
-003726
-002154
0001047
0001397
-000641
-003027
-004250
-002154
0000756
-000874
-004308
-003202
0000116
-000466
-002911
-002213
-000117
-001223
-003493
-002504
-000292
-001805
-004716
-003435
-000466
-001689
-004541
-002911
0000814
0001397
-000292
-001398
-001514
-000466
0000291
-002038
-005123
-004192
-000874
0000523
0000407
0001106
0002212
0003318
0003900
0003318
0001862
0000058
-001281
-001223
-000175
0000931
0001513
0001047
0000000
-000757
-000757
0000058
0001280
0002619
0002910
0000465
-002387
-001398
0001746
0002561
0001222
-000292
-001572
-002271
-002329
-002154
-001805
-001223
-000757
-000641
-000641
0000174
0001397
0002328
0002794
0002794
0002037
-000233
-002445
-002213
0000407
0004656
0007625
0005006
-000292
-002213
-000699
0002037
0004598
0005471
0003318
-003668
-010304
-008092
-000990
0001222
-000641
-001747
-002154
-002795
-003144
-002911
-002213
-001805
-001223
0000756
0002212
-000175
-004017
-004541
-002795
-002154
-002504
-002678
-002329
-000757
0001047
0000873
-000175
0000523
0002212
0003085
0003318
0003667
0003841
0003201
0002212
0001629
0001106
-000233
-001572
-001398
-000524
-000990
-002038
-001863
-000350
0002270
0004132
0002270
-001921
-005589
-007044
-005065
-001689
-001107
-002969
-004832
-006113
-006578
-006054
-004774
-004075
-006578
-009955
-010013
-007510
-004890
-003027
-002504
-002853
-002911
-002911
-004075
-004832
-002504
0001280
0003026
0002735
0001455
0000465
0002037
0004482
0004074
0002037
0001920
0002503
0000640
-001630
-000350
0002619
0003026
0001513
0000465
-000117
-001165
-001689
0000058
0002212
0001164
-001398
-001165
0000291
-000757
-002969
-002969
-001921
-002445
-003610
-003027
-001456
-000699
-000757
-001165
-001398
-000408
0000407
-001572
-004483
-004774
-002795
-000583
0000814
0000116
-001863
-003202
-003377
-002329
-000524
0000989
0001571
0000465
-000815
0001164
0004016
0002619
-000583
0000465
0003376
0002561
-000524
-002445
-002736
-001630
-000292
-001048
-001980
0000931
0005122
0005122
0002794
0003143
0004715
0003783
0001280
-000641
-001456
-000757
0000116
-001456
-003784
-003377
-001281
-000350
-000292
0000174
0000523
0000000
-000757
-000350
0000640
0000582
-000117
-000524
-000466
0000407
0001164
0000407
-001048
-001281
-000524
0000291
0001047
0002212
0002386
-000292
-004308
-006928
-006637
-002154
0003550
0005297
0003143
-000874
-003959
-002387
0002386
0006868
0008382
0004132
-002562
-005065
-003493
-001107
0001397
0003550
0004074
0001571
-001514
-000524
0002561
0002968
0001571
0001688
0002270
0001222
-000466
-001107
-000408
0001106
0002910
0004598
0004598
-000059
-005007
-002154
0004424
0005471
0002619
0002386
0003259
0000989
-001572
0001629
0006577
0004773
-000524
-001281
0000756
0000698
-001281
-003551
-005414
-005996
-005356
-004483
-003202
-001165
0000640
0000698
-001107
-004657
-007743
-007102
-004075
-002329
-001980
-002038
-002038
-001281
0000058
0001571
0002328
0001455
-000292
-000990
-000524
0000523
0001688
0002503
0002794
0002852
0002968
0003609
0004307
0003667
0002735
0003376
0004598
0004424
0002852
0000232
-002038
-002445
-001107
0001106
0002794
0001804
-000408
-000408
0000931
0001455
0000989
-000175
-001514
-002271
-002387
-002329
-002329
-002736
-003377
-003551
-003901
-005996
-007684
-004774
-000059
0000465
-001805
-002736
-002387
-001747
-000990
-000350
0000523
0003026
0005064
0003259
-000292
-000932
0000873
0002852
0004482
0005471
0005588
0005530
0004598
0001222
-001747
0000698
0005238
0004540
0001222
0002444
0005530
0004365
0001164
0001338
0003318
0003376
0001513
-001165
-003086
-001514
0001513
0001862
0000174
-000990
-001398
-001223
-001107
-002795
-004716
-004250
-002154
-000874
-000350
0000058
0000116
-000466
-001281
-001921
-001572
0000698
0003085
0002037
-000466
-000408
0001455
0002037
0001979
0003434
0004540
0001746
-002154
-001630
0001455
0001920
0000523
0000058
0000523
0001397
0002328
0002561
0002444
0003143
0003492
0001222
-001689
-001863
-000175
0000523
0000465
0001047
0001746
0001571
0000756
-000292
-001165
-001863
-001630
0000058
0002444
0004307
0004365
0001397
-002504
-003668
-002038
0000582
0003492
0006752
0007916
0003201
-002736
-000815
0005297
0006810
0004715
0003783
0003201
0000582
-001921
-000815
0002444
0003841
0003609
0003841
0003434
-000117
-004599
-006345
-005472
-003551
-001630
-000583
-000583
-000815
-001223
-001921
-002329
-002096
-000990
0001164
0002794
0001629
-000815
-000874
0000931
0002561
0003201
0001804
-000524
-001339
-000641
0000640
0001862
0001979
0001804
0003026
0004715
0005238
0004191
0001513
-001165
-001281
0000291
0001164
0001338
0001862
0002212
0001629
0000814
0001455
0002444
0001629
-000524
-003260
-004774
-002213
0001047
-001456
-007044
-009489
-008558
-005996
-003027
-000757
-000583
-003842
-007743
-006928
-003610
-003551
-004716
-001572
0002968
0002852
-000117
-000932
0000000
0000349
0000407
0001222
0001979
0001164
-000059
0001047
0003201
0003318
0002270
0002444
0003434
0004424
0004540
0002444
-000466
-001630
-001107
0000407
0001804
0001804
0000814
-000059
0000116
0002852
0005704
0004424
0000523
-001805
-002329
-001863
-001107
-001689
-003144
-004192
-004541
-004017
-003144
-003144
-003842
-004599
-004890
-004017
-002911
-003668
-005065
-004250
-002096
-000815
-000641
-001107
-001339
0000756
0003085
0001106
-002329
-000990
0002561
0001862
-000874
-000408
0002037
0003376
0002852
0000291
-002853
-004250
-003435
-000583
0002561
0003783
0002852
0001047
-000874
-001805
-002096
-003319
-004657
-004657
-003610
-002911
-002271
-000757
0000698
0000814
-000466
-002911
-005007
-004133
-001980
-002213
-003959
-004716
-004133
-002154
0000174
0001455
0001280
-000292
-001630
0000232
0002968
0002095
-001048
-002678
-002038
0001222
0005355
0008033
0007800
0002968
-002213
-000350
0004947
0004889
0001106
-000932
-001630
-003377
-005007
-004657
-002911
-001689
-000874
0000698
0001513
-000583
-004017
-005298
-004832
-004425
-004425
-005298
-005880
-004133
-001223
0000873
0001106
-001514
-004716
-004599
-002038
0000349
0001397
0000174
-002038
-002504
-001572
-001048
-000932
-001107
-001223
-000641
0000465
0002153
0003201
0001804
-000699
-001339
-000641
-000292
-000408
-000874
-001165
-000233
0000640
-000990
-003668
-004366
-003610
-003377
-003726
-004133
-004716
-005705
-005996
-003610
-001165
-003435
-007801
-008092
-005589
-004425
-004250
-003377
-002154
-001048
-000059
0001222
0001629
-000990
-003784
-001048
0003841
0003318
-000059
-000059
0002444
0004598
0005122
0002735
-000815
-002329
-001223
0002212
0005762
0005821
0003434
0002444
0001862
-001107
-004017
-002271
0001571
0001338
-000990
0000232
0002677
0000989
-002969
-005239
-005181
-003202
-000699
0000000
-001048
-002678
-004541
-006695
-007626
-005356
-001805
-000699
-001863
-003784
-004948
-003086
0000174
0001164
0000349
0000058
0000116
-000350
-000874
-001107
-000175
0003318
0006927
0006286
0003318
0002794
0003900
0003492
0002503
0003143
0004191
0003376
0001629
0001571
0002386
0001979
0000582
-001107
-002445
-002969
-002096
0001338
0004656
0003143
-000641
-000583
0000989
-002213
-006578
-004599
0000407
0001164
-001281
-002853
-003027
-002096
-000699
-000408
-000874
-000641
-000292
-000932
-001689
-000292
0001804
0001920
0000640
-000466
-000524
0001397
0003900
0004482
0003201
0000989
-000932
-000524
0000931
0000407
-000990
-000583
0000989
0002386
0002735
0000640
-002213
-003610
-002329
0002619
0007334
0005238
-000641
-002795
-001281
0000698
0003259
0007858
0010477
0004598
-004192
-004774
-000408
-001107
-004483
-004541
-002329
-000932
-000641
-000641
-001281
-003260
-004133
0000523
0006985
0008033
0005006
0002968
0002619
0004074
0005530
0003550
-000233
-002213
-002038
-000233
0002095
0003318
0003550
0003609
0004132
0006636
0008848
0006694
0002212
-000175
-000641
-001456
-002271
-002329
-001863
-001048
-000408
-000408
-000699
-000292
0000407
0000232
-000524
-001048
-001107
-000233
0000873
0001513
0000756
-002853
-006404
-004425
0000465
0002328
0001280
-000350
-002038
-003027
-002853
-001281
0001106
0003667
0004947
0003376
0000291
-001456
-001048
0001746
0004889
0004889
0002852
0002619
0003143
0001804
-000175
-000059
0000873
-000466
-002969
-004541
-004133
-001107
0002503
0002910
0000989
0000116
-000059
-000990
-001863
-001107
0000814
0002735
0003725
0002794
0001106
0001047
0002212
0002968
0003609
0005122
0006112
0003667
0000465
0001804
0005471
0006053
0004249
0003143
0002328
0000582
-000583
0001688
0004773
0003026
-000233
0002619
0007974
0007800
0003667
0000698
-000524
-000466
0000174
0000058
-000583
-000699
-000757
-001456
-002329
-002445
-001863
-001630
-001223
0000523
0002153
0001106
-000990
-000408
0001688
0002212
0001280
-000466
-001921
-001630
-000292
0000058
0000000
0001106
0002735
0003376
0003492
0004074
0005006
0005995
0006636
0006694
0005530
0002037
-001514
-001630
0000640
0002095
0002503
0002735
0002270
0000640
-001339
-002678
-003144
-002795
-002620
-004308
-006345
-005763
-003377
-001398
-000524
-000932
-002096
-002736
-002562
-001165
-000350
-003086
-006986
-008034
-005414
0001571
0007218
0002270
-007102
-007626
-001456
0002968
0005122
0007334
0007159
0000989
-005938
-004192
0002735
0005646
0004656
0002503
0000465
0000058
0000814
0000465
-000175
0001164
0002677
0000814
-002445
-003086
-001689
-000699
-000059
0000756
0001513
0002037
0002153
0001338
0000058
-001048
-001281
-000117
0001629
0002153
0001455
0000291
-000990
-001863
-001805
-000233
0001688
0001920
0000989
0000756
0001338
0002444
0003492
0003609
0002968
0002386
0002037
0001746
0001862
0002968
0004249
0004074
0003318
0003900
0004947
0004598
0003376
0002619
0002386
0001979
0001746
0001920
0002270
0002153
0001746
0001746
0001629
0000407
-001281
-002329
-002678
-003144
-003144
-001514
0000465
0000698
-000350
-001281
-001398
0000465
0002386
0000931
-002154
-002562
-001339
-001747
-002795
-002096
-000059
0002328
0004365
0005355
0005530
0005704
0005879
0005821
0005297
0004191
0003026
0002561
0002794
0003318
0003550
0002328
0000465
-000292
-000466
-001747
-003377
-003901
-003260
-001805
-000466
-000641
-001339
-000175
0001397
0000058
-002678
-003260
-002271
-001747
-001572
-001165
-000524
0000407
0000989
-000059
-001398
-000175
0001688
0000000
-003493
-004948
-003959
-001048
0002095
0002444
0001047
0000582
0001455
0003900
0006403
0006985
0005588
0003376
0001106
-000583
-000932
0000465
0002095
0001164
-000874
-000408
0000989
-000874
-003493
-001456
0002735
0003841
0001629
-003144
-007044
-004948
0000407
0002619
0001571
-000524
-002562
-002678
-002096
-004250
-006928
-005996
-002911
-001223
-001456
-003202
-005531
-006753
-006462
-004832
-002911
-002562
-002911
-001747
0000640
0003783
0006053
0005355
0002619
0000465
-000175
0001106
0003725
0007101
0008498
0003958
-002562
-003435
0000116
0003318
0005530
0007974
0008382
0003318
-003319
-004425
-001863
-001223
-002445
-004250
-005414
-003959
-001747
-002853
-005298
-004774
-002504
-001456
-001863
-003027
-004250
-004017
-003086
-003551
-004366
-003726
-001921
0000058
0001455
0001397
0000116
-001398
-002329
-001514
0000000
0000000
-000641
0000116
0001979
0004249
0005530
0003900
0000756
-000641
-000641
-001048
-001630
-001572
-001339
-002096
-002736
-000874
0001513
0000465
-002329
-002329
-000757
-001048
-002213
-002154
-001165
-000175
0000232
-000524
-002154
-004250
-005880
-006171
-005239
-003610
-002096
-001572
-001572
-000757
0000232
-000350
-001281
-000292
0001688
0002561
0001979
0000000
-001514
0000640
0004656
0006577
0006344
0005413
0004249
0003550
0003259
0002852
0002212
0000989
0000174
0001746
0003318
-000059
-004774
-003726
0000814
0002794
0002212
0001047
-000466
-002038
-002736
-001398
0000582
0000465
-000932
-001456
-001572
-002853
-004366
-004250
-003086
-002504
-002620
-003377
-003668
-001630
0001106
0001338
0000407
0002561
0004947
0001979
-003086
-002911
0000640
0002503
0002386
0001862
0000814
-000583
-001514
-000932
0000814
0003026
0004365
0003143
0000873
0000989
0001629
-001805
-006054
-004657
-000175
0001106
-000292
-001398
-002445
-004366
-005996
-005123
-003144
-003027
-004017
-003610
-002678
-003086
-004483
-006345
-007044
-003726
0000523
-000350
-003493
-002038
0001979
0003900
0003376
0001338
-001048
-001398
-000874
-002853
-005065
-002504
0001920
0001804
-000757
0000116
0002270
0000698
-002504
-002213
-000117
-000175
-001689
-002271
-001747
-000117
0001804
0002910
0003201
0003492
0003434
0002561
0001397
0001106
0000756
-001921
-004890
-004541
-001514
0002212
0004540
0002852
-001281
-004774
-005880
-003435
0000582
0002328
0001513
-000757
-002911
-002213
0000174
0001106
0001397
0003550
0005937
0005413
0003143
0002212
0002386
0002270
0001746
0000407
-000350
0001804
0004831
0004831
0002270
-000815
-003086
-003260
-001805
-000175
0000931
0000873
-000117
-001223
-001863
-001281
-000524
-001747
-003610
-003260
-001689
-001514
-002038
-001165
-000117
-000815
-002504
-003260
-002853
-001514
0000000
0000640
0000465
-000233
-000524
0000814
0002968
0004132
0003900
0002328
0000465
-000059
0000232
-000350
-001339
-001223
-000815
-002096
-003377
-001165
0002503
0004016
0003143
0001047
-000815
0000058
0002095
0001513
-000583
-001398
-001165
-000990
-001048
-001223
-001456
-001689
-001630
-000932
-000117
0000116
-000350
-001107
-001921
-002736
-002678
-000641
0002153
0003667
0003434
0001746
-000350
-001572
-001398
0000116
0001688
0000931
-000815
-000408
0001338
0002095
0001862
0001106
0000407
0000407
0000989
0001571
0001746
0000756
-000583
-000932
-000408
0000116
0000640
0001455
0001862
0000931
-000583
-001107
-000699
-000524
-000233
0001280
0002212
-000408
-004192
-004192
-001921
-001339
-002329
-003610
-004075
-002213
0000582
0001688
0000931
-000641
-002504
-004017
-004250
-002620
0000000
0001979
0002910
0003201
0002968
0002503
0002212
0002619
0003259
0003259
0002561
0001513
0000698
0000873
0001455
0001047
0000000
-000583
-000699
-000583
0000174
0002619
0004889
0003841
0000873
-000699
-001107
-001921
-002795
-003027
-002620
-002038
-001107
0001164
0002503
-001398
-006637
-005472
-001223
-002271
-005938
-005763
-002213
0002677
0005879
0002677
-003086
-003202
0001164
0005297
0007858
0008615
0006519
0000640
-004832
-003086
0002910
0005180
0004540
0005471
0006403
0003900
0000349
0000349
0002212
0001164
-001048
0000116
0002328
0000523
-002911
-003027
-000932
0000058
-000059
0000291
0000000
-003144
-005705
-001630
0005064
0006403
0002735
-002795
-006986
-005239
-000874
-001747
-005298
-005181
-002504
-000466
0000232
-000699
-002271
-002678
-002213
-001980
-002038
-002504
-002154
0001804
0005937
0004074
-000990
-002271
-000699
-000117
-000059
0001397
0002794
0001513
-001398
-003551
-004017
-002445
0000232
0002037
0002503
0001746
0000582
0000465
0001222
0001920
0002386
0002619
0002212
0000698
-001048
-001805
-001572
-000932
-000641
-002096
-003784
-002795
-000466
0000291
-000583
-002445
-003610
-001572
0001804
0002444
0001222
0001338
0001862
0000640
-001223
-001398
-000524
-000408
-001223
-002445
-003551
-003668
-002911
-001863
-001514
-003260
-005647
-005531
-003784
-003319
-003319
-001572
0000698
0001455
0000931
0000349
-000233
-000583
-000757
-000757
-000815
-001107
-001398
-001223
-000641
-000117
0000116
0000000
-000641
-001630
-002504
-002329
-001456
-000583
0000000
0000465
0000698
0001047
0001455
0001979
0002328
0002619
0001979
-000990
-003668
-000757
0003900
0002328
-002562
-003260
-001281
-001048
-002213
-003260
-003959
-004192
-003726
-001805
0000116
-000117
-001921
-003377
-004075
-004017
-003144
-001281
0000349
-000233
-002329
-004017
-004425
-002911
-000699
0000058
-000757
-002387
-003901
-004192
-002736
0000814
0003900
0001920
-001805
-000233
0004074
0004773
0003201
0003492
0005122
0007101
0007567
0003841
-000874
-000466
0003259
0005471
0004889
0000931
-003668
-003901
-001107
0000523
0001106
0002503
0002852
-001165
-006287
-006054
-002853
-003202
-005647
-006520
-005880
-004716
-003784
-004075
-005065
-005007
-004948
-007451
-010187
-009081
-005938
-005356
-006404
-006113
-004716
-002678
-000990
-001281
-001921
0000523
0003900
0003667
0000989
-000233
-000233
-000815
-001107
0000465
0002619
0003318
0002735
0001979
0001571
0001920
0002677
0002910
0002212
-000292
-002504
-000524
0003201
0003026
0000174
-001980
-002387
-000059
0002386
0000465
-004308
-007917
-009256
-008266
-005880
-004017
-003260
-003784
-004541
-002969
-000874
-002213
-004890
-004890
-002562
0000407
0001920
-001223
-005938
-006054
-003144
-001630
-001630
-002329
-002911
-002213
-000815
-000408
-000466
0000174
0001047
0001280
0001106
0001338
0001397
0000000
-001398
-000175
0002037
0001455
-000815
-002038
-002096
-001747
-001165
-000874
-000641
0000116
0000873
0001047
0000465
-000466
-001805
-003901
-004948
-001921
0002328
0001920
-001223
-001921
-001281
-003144
-005298
-003726
-000233
0001280
0000756
0000116
-000699
-001980
-003086
-003319
-002678
-001689
-000874
-001339
-001980
-000233
0002153
0001397
-001165
-002445
-002562
-002853
-003086
-002795
-002504
-003260
-004250
-004366
-003260
-001048
0000640
-000932
-003959
-004541
-003027
-001165
0000349
0000698
0000291
0000465
0000407
-001980
-004366
-002504
0001629
0003550
0003201
0002503
0001397
-000059
-001107
-000757
0000465
0001106
0001629
0003841
0005413
0001979
-002736
-001281
0003376
0004132
0001862
0000000
-001048
-001107
-000583
-000524
-000641
-000350
0000698
0003085
0004831
0002735
-001689
-005763
-007277
-003435
0001629
-000292
-005472
-004774
-000466
0000756
0000465
0003725
0007218
0004773
-001281
-005414
-006345
-004017
-000233
0001571
0001338
0000640
0000174
0001397
0002852
0001513
-000641
0000989
0004074
0003376
0000989
0001746
0004424
0005297
0004656
0004307
0003667
0001513
-000350
0000989
0003958
0004947
0004191
0003201
0002735
0004191
0005064
0000291
-006229
-006928
-003784
-002853
-003842
-004832
-005007
-002969
0000058
0002212
0002153
-001398
-006113
-007917
-007044
-005531
-004075
-003260
-003144
-003260
-003551
-004192
-004192
-001747
0001280
0001804
0000116
-001747
-003260
-004483
-004599
-002969
0000058
0004132
0007159
0006694
0003725
0001164
-000117
0000174
0001280
0001571
0001338
0002270
0003085
0001047
-001630
-000524
0002328
0001804
-000175
0001397
0004132
0002852
-000815
-002387
-002213
-002620
-002853
-000990
0000931
-000699
-003668
-003144
-000815
-000874
-002387
-002504
-001921
-002504
-003551
-003668
-002445
0000640
0003725
0003725
0001280
-001456
-002911
-001339
0002037
0004365
0005471
0006636
0006868
0004715
0001397
-001572
-002271
0001920
0006985
0005297
0000174
-000117
0002444
0001979
-000117
0000174
0001455
0000000
-002213
-001398
0001106
0001746
0000814
-000583
-000990
0002212
0005995
0004191
-000292
-001107
0001106
0003376
0004540
0003201
0001164
0001979
0004424
0005355
0004831
0004249
0003259
0001106
-000815
-000233
0001920
0002910
0003318
0005413
0007392
0006286
0003085
0000232
-001223
-000408
0001106
-000117
-002213
-001398
0001280
0003143
0003376
0001338
-001572
-003144
-003027
-001747
-000524
-001689
-003493
-002213
0000873
0002677
0003143
0003201
0002794
0001804
0000814
0001222
0001513
-001456
-005065
-004483
-000757
0002561
0005064
0007567
0008207
0004016
-001339
-001514
0002503
0006403
0008673
0008207
0005530
0002444
0000698
0002619
0005937
0006053
0003841
0001979
0001804
0004831
0008324
0007043
0002852
0000582
0000291
0000349
0000349
-000757
-001689
0000465
0003085
0000814
-004017
-006229
-005472
-003202
-000350
0001629
0001920
0000116
-002969
-006171
-007626
-005007
-000524
0001397
0000989
0000465
0000058
-000292
-000175
0001047
0002619
0003085
0002619
0002037
0001629
0001629
0001979
0002444
0002852
0002561
0001920
0001338
0001280
0002386
0003900
0004365
0003958
0004016
0004016
0003318
0002095
0000640
-000292
0000174
0000989
-000117
-002038
-002678
-002271
-001630
-001689
-003842
-006229
-005356
-002911
-003086
-004832
-005181
-004250
-003144
-002154
-001514
-001223
-000699
-000641
-002504
-004250
-001689
0001979
0000465
-003610
-003726
-000990
0001222
0002386
0002386
0001804
0001862
0002561
0003725
0004249
0002153
-000757
-000990
0000698
0002095
0002444
0001280
-000990
-003551
-004832
-003144
0000116
0002386
0002735
0000756
-001921
-001863
-000466
-001863
-003668
-000815
0003667
0003841
0000873
-001398
-002038
-000524
0001920
0002677
0001979
0001106
0000232
-000699
-001048
-000175
0001222
0001862
0001979
0002212
0002735
0004074
0004715
0001804
-001980
-001572
0001455
0002852
0002677
0002444
0001862
-000117
-001747
0000116
0002910
0001338
-002387
-002853
-000990
-000350
-000117
0001920
0003492
-000059
-005007
-004017
0000291
0000873
-000874
-000059
0001571
0000349
-001689
0000232
0003667
0003085
0000523
0001222
0003318
0002270
0000116
0001280
0004132
0004715
0003841
0003958
0005122
0007218
0008382
0005762
0000698
-004017
-005880
-002387
0003667
0007625
0007101
0000523
-007277
-007451
-002504
-000175
0000058
0001746
0002619
-001107
-006520
-008034
-005938
-002795
0000058
0000582
-000233
0000640
0001862
0000349
-002620
-004133
-004075
-003551
-002329
0000291
0002444
0001455
-001281
-002678
-001980
0000873
0004365
0006519
0006170
0002852
-001048
-001514
0000756
0003259
0004307
0001746
-001921
-001572
0001164
0001920
0000756
-001514
-003319
-002445
-000466
-000990
-003027
-004017
-003377
-000932
0001455
0000582
-002678
-005763
-007102
-005007
-001572
-000990
-002504
-003377
-003319
-002562
-001223
0000523
0001513
0000407
-001456
-001281
0000116
0000465
0000058
-000117
0000407
0002735
0004482
0000989
-003726
-001281
0004191
0003201
-001514
-002911
-001281
0001222
0003434
0004016
0003492
0003841
0004074
0001804
-000815
0000582
0003201
0001047
-003493
-004890
-003784
-002911
-001921
0000640
0002677
0000698
-002911
-003027
-000990
-000757
-001863
-002329
-002620
-004075
-005007
-002795
0000640
0000989
-000466
-000233
0000931
0001164
0000465
-000815
-001689
-000233
0001979
0001804
0000232
-000117
0000640
0001397
0001862
0001804
0001513
0001746
0001862
0000407
-001339
-001339
0000116
0001862
0002503
-000175
-003726
-003377
-001048
-001572
-004017
-005472
-005705
-005239
-004250
-003202
-002504
-002271
-002213
-001281
-000641
-002853
-005763
-005181
-002445
-001281
-000932
0001047
0003259
0003550
0002328
0000989
0000116
0000116
0000465
0000232
-000175
0000116
0001280
0003667
0005471
0003958
0000756
-000699
-000292
0001280
0002386
0000465
-002562
-002154
0000291
0001280
0000407
-002154
-004657
-004250
-001863
0000232
0000640
-002329
-005938
-005239
-001398
0002212
0003958
0002677
-000815
-004774
-007335
-006637
-003493
0000000
0001979
0000407
-002620
-002445
0000291
0003201
0005413
0006985
0006752
0003318
-000757
-000990
0001629
0003841
0004365
0002503
-000350
-001281
-000699
-000466
-000408
0000756
0001862
0001455
-000117
-001980
-003144
-002271
-000524
0000058
-000292
-000524
-000583
0000000
-000292
-004541
-009081
-007451
-002387
-000641
-002154
-005123
-007277
-004948
-000350
0001338
0000640
0000174
-000583
-003260
-005763
-005123
-001456
0003900
0008207
0007683
0004307
0003085
0003725
0003958
0003958
0004249
0004307
0003259
0001979
0001746
0002852
0005064
0006752
0005413
0002503
0001164
0001979
0005297
0007800
0003434
-003319
-003202
0001280
0002852
0001397
-001398
-004425
-006520
-006520
-003901
-000233
0001862
0001397
-001980
-005880
-005705
-003260
-003842
-005298
-002387
0001920
0001688
-000641
0001338
0004831
0003841
0000407
-000699
0000523
0002153
0003841
0005238
0005704
0004424
0002619
0002619
0003550
0002968
0001513
0000582
0000523
0001222
0002095
0001920
0001164
0001164
0001571
0001338
0000814
0000698
0000873
0000640
0000232
0000232
0000174
-000815
-002154
-002562
-002445
-003086
-003726
-002853
-001339
-000990
-001863
-003726
-005181
-004075
-001630
-000874
-001165
-000932
-000117
0001222
0001979
0000291
-002213
-002795
-001223
0001920
0004424
0002910
-000408
-000932
0000756
0001571
0002095
0004249
0005646
0002095
-002562
-000641
0004540
0005238
0002561
0000698
-000117
-000292
0000116
0000989
0001397
-000175
-002387
-002562
-001747
-002504
-003901
-004133
-003027
-000641
0000989
-001980
-005531
-001630
0004715
0002270
-004425
-004366
0000058
0001629
0001047
0001629
0002270
0000582
-001980
-002620
-001572
-000408
0000756
0002095
0003143
0003376
0002910
0002328
0001804
0001164
0000873
0002095
0002910
-000466
-004483
-001805
0003376
0001688
-003551
-003959
-001281
-000583
-001339
-001689
-001921
-002911
-003959
-003842
-003202
-003551
-004657
-006229
-006986
-005414
-002445
-000175
0000931
0000756
0000174
0000989
0002095
0000640
-001630
-001107
0001106
0001688
0001280
0001280
0002095
0004307
0006403
0006170
0004132
0002037
0000640
0000291
0000814
0000989
0001222
0002619
0003725
0001746
-001223
-000350
0002153
0000989
-002154
-002736
-001514
-000757
-000583
-000524
-000932
-002154
-003202
-001921
0000116
-000233
-001572
-000292
0001513
-001165
-005123
-003842
-000233
-001223
-004017
-002271
0002212
0005297
0005588
0001746
-002678
-000699
0004191
0003783
0000349
0000291
0001862
0000058
-002795
-002096
0000640
0001455
0000756
0000232
0000291
0001164
0002503
0003841
0004191
0002153
-000408
0000000
0002153
0002968
0001979
-000932
-003901
-003784
-001572
-000292
0000058
0000931
0000989
-002096
-005763
-005239
-001863
0000349
0001338
0002677
0002968
-000350
-004192
-002795
0001222
0001397
-000815
-000815
0000523
0000931
0000931
0002037
0003434
0003725
0003026
0002503
0002153
0001979
0002095
0002735
0003434
0003900
0003318
0000640
-002387
-002969
-001107
0002212
0004773
0003376
-000233
-001514
-001107
-001514
-002154
-001514
-000175
0000931
0001397
0001280
0000465
-000990
-002038
-000757
0001164
0000640
-001689
-004250
-005356
-002445
0001280
-000990
-005414
-003260
0002503
0004365
0003085
0002386
0002386
0003026
0003667
0003026
0001164
-001689
-003668
-002096
0001629
0004540
0005471
0004365
0001571
-002038
-004017
-001048
0004191
0006228
0004715
0000989
-003086
-004716
-003842
-001805
0000232
0000756
-000233
-001921
-003377
-003027
-001863
-002154
-003260
-003435
-002620
-001223
0000174
0001164
0001222
-000059
-001456
-001048
0000291
0000465
-000408
-001398
-002096
-002387
-001980
-000874
0000291
0000407
0000349
0001920
0003841
0003376
0001688
0001746
0002095
-000524
-003726
-002736
0000523
0001746
0000873
-000699
-002562
-004541
-005181
-002329
0001338
0001280
-001630
-004774
-005938
-001921
0003201
0001629
-003202
-002504
0001397
0002212
0000523
-000641
-001107
-000990
0000058
0002677
0005355
0005821
0004715
0004598
0004947
0003900
0002619
0003376
0005064
0005297
0004307
0003201
0002270
0001338
0000989
0001862
0002677
0001047
-001514
-001689
-000175
0000931
0000989
-000583
-002562
-002853
-002038
-002038
-002445
-002445
-002271
-002271
-002969
-005414
-007102
-003027
0002444
0000640
-005007
-005647
-002969
-002562
-003435
-003144
-001863
-000641
0000174
0000465
0000291
0000058
-000059
0000116
0000582
0001397
0002153
0002444
0002328
0002444
0002852
0003492
0004074
0004424
0003783
0001164
-002096
-004308
-004774
-003901
-002213
-000641
0000465
0001280
0001047
-001048
-004017
-005880
-006345
-005647
-004716
-005239
-006345
-006404
-005007
-001456
0001629
0000116
-003901
-005531
-004774
-003610
-002620
-003144
-003901
-001747
0001455
0001920
0000465
-000175
-000350
-001165
-001863
-000932
0000756
0001862
0001688
-000292
-002271
-000757
0002444
0003434
0002677
0002619
0002677
0001222
-000233
0001688
0004249
0002212
-002445
-005298
-005181
-001456
0002503
0000873
-003842
-005822
-004250
0000291
0005122
0006286
0003783
-000466
-004308
-004890
-003202
-002620
-002795
-001630
-000466
-001805
-003493
-001398
0002328
0002561
0000756
0001338
0002852
0001571
-001281
-002853
-002969
-002096
-001107
-001689
-002504
-000641
0002212
0002503
0001106
0000640
0000640
-000466
-001921
-002038
-001630
-002620
-004192
-004366
-003551
-003086
-003086
-003493
-003901
-003901
-002504
0002212
