-000175
-001921
-003610
-002678
0000116
0002852
0003958
0001222
-002795
-003551
-001281
0002037
0004598
0004424
0002328
0000989
0000640
0001222
0002212
0002619
0002503
0002910
0002852
0000058
-002853
-000874
0002910
0001688
-001630
0000232
0003841
0001513
-003435
-003784
-000874
0000756
0001047
0000873
0000407
-000059
-000524
-001281
-001805
-000815
0000349
-001048
-003435
-003668
-002329
-001572
-001107
0000000
0000989
0000873
-000583
-003726
-006229
-004774
-000641
0003259
0005064
0003259
-000117
-000699
0000640
0000814
0000582
0002386
0004598
0004540
0002619
0000407
-000874
-000059
0002037
0003667
0003841
0001397
-001398
-000292
0003026
0004249
0003667
0003026
0002794
0003143
0003958
0004773
0004831
0003085
0000698
-000350
0000291
0002037
0003667
0003143
0001280
-000059
-000350
0000465
0001397
0000465
-001572
-003027
-003086
-000874
0002037
0002735
0001222
-001398
-003668
-003726
-001980
0000000
0001106
-000175
-002387
-002445
-000990
0000058
0000523
0000698
0001106
0002968
0004715
0003609
0000814
-000874
-000932
0000698
0002561
0002270
0000582
-000350
-000524
-000292
0000000
-000175
-000583
-000408
-000350
-002038
-003901
-003027
-000699
0000116
-000524
-001689
-002504
-002096
-000699
0001338
0001920
-002271
-007626
-007102
-003027
-001921
-002678
-001630
0000582
0001920
0002503
0003434
0003841
0001920
-000233
0001280
0004249
0003609
0000465
-002096
-003377
-003202
-002271
-002736
-002911
0000989
0005646
0004715
0000465
-001048
-000524
-000815
-002329
-005880
-009023
-007684
-003901
-002445
-002911
-002620
-001980
-002271
-001863
0002619
0007043
0004132
-002213
-002736
0000407
0000698
-000641
0000174
0002328
0003958
0004598
0003900
0002852
0003434
0004656
0004307
0002677
0001106
-000175
-001456
-001747
0000814
0003667
0001979
-001689
-001281
0001571
0002386
0001280
-000524
-001921
-001456
-000059
-000583
-001514
0000873
0003725
0001629
-002620
-002562
0000058
0000698
-000699
-002620
-004483
-005589
-005414
-003319
-001223
-002504
-005298
-005763
-004308
-002445
-001456
-002911
-005414
-006054
-004832
-002678
-000408
0000931
0001571
0002503
0003318
0003492
0003026
0002328
0001455
0000232
-000524
0000349
0002037
0002561
0001979
0000873
0000291
0001920
0003841
0002561
-000466
-001456
-000874
-000815
-000815
0000407
0001979
0002328
0001455
-000641
-002504
-002038
-000466
-000524
-001921
-003202
-004133
-004948
-005065
-003493
-001572
-002038
-003319
-001630
0000523
-001921
-006113
-005822
-002329
0000174
0001455
0002677
0003201
0002677
0001280
-000874
-002329
-001398
0001338
0004715
0006577
0004191
-000059
-000990
0000873
0003143
0004656
0004307
0002328
-000641
-002620
-000350
0003609
0004249
0002037
-000350
-002271
-003144
-003144
-003086
-003086
-003027
-002620
-000990
0000873
0001280
0000640
0000174
0000174
0000756
0001280
0000407
-000990
-001165
-000175
0001106
0002328
0003259
0003492
0002794
0001513
0000232
-000524
-000524
0000407
0002270
0003900
0003085
0001106
0000523
0001222
0002270
0003085
0002794
0002037
0001862
0002095
0001571
0000989
0001746
0002503
0000174
-003202
-003377
-001689
-001980
-003260
-003377
-002504
-001863
-001165
0000640
0001804
-000408
-004250
-006520
-006229
-003027
0000873
0002037
0000931
-000175
0000000
0003085
0006810
0006927
0004656
0003667
0003026
-000350
-003610
-001572
0003201
0004482
0002968
0001455
0000873
0002561
0004715
0003667
0000582
-001456
-002096
-001689
-000932
-001398
-002329
-001805
-000932
-001921
-003435
-002562
-000524
0000000
-000350
0000814
0002386
0002386
0001746
0002619
0003725
0002270
-000815
-003202
-004192
-003668
-001980
0000000
0001688
0002677
0003085
0003201
0003143
0002677
0001979
0001047
0000465
0001222
0002095
0000465
-001863
-000932
0001688
0002212
0001571
0002444
0004191
0005413
0005646
0004831
0003085
0001164
-000466
-001514
-001514
0000058
0001746
0000756
-001572
-002329
-001980
-002795
-003493
-001863
0000582
0000407
-000932
0000058
0002386
0003841
0003783
0001629
-001223
-002736
-002038
0001164
0004482
0003667
0000582
0000407
0001629
0000349
-001863
-001514
0000232
0000756
0000465
0001280
0002270
0001629
0000058
-000990
-000815
0001862
0004482
0002328
-001747
-001223
0002095
0003725
0002910
-000233
-003551
-003668
-001281
0000814
0002037
0002153
0001397
0000756
0000000
-001863
-003784
-004366
-003726
-002969
-002154
-000699
0000291
-000990
-002387
0000465
0004715
0004424
0001571
0001397
0003434
0005297
0006286
0005704
0004191
0003434
0003259
0002619
0001804
0001688
0002095
0002735
0002968
0001688
0000000
0000116
0000756
-001223
-003842
-002969
0000174
0002444
0003376
0003318
0002677
0002561
0002328
0000349
-001689
-001107
0001513
0004540
0006228
0004540
0000698
-002329
-003668
-003319
-001980
-001572
-001805
-001630
-001107
-000583
0000058
0001338
0002619
0003085
0002328
-000117
-002620
-002445
-000524
0000640
0000698
-000059
-001107
-001514
-000757
0001746
0004074
0002328
-001048
-000757
0002153
0004365
0004947
0003085
-000292
-003901
-005472
-002562
0002619
0005355
0005413
0004656
0003376
0002444
0001455
-000815
-002795
-001514
0001164
0000931
-000990
-001107
-000117
0000000
-000466
-000699
-000175
0001979
0004016
0002677
-000175
-000583
0001455
0005122
0007800
0005355
0000873
0000756
0003667
0005238
0005006
0003318
0001338
0001047
0002153
0003376
0003783
0001979
-000408
0000174
0001979
0000465
-002445
-002562
-000524
0001164
0001979
0001338
0000407
0001688
0003201
0000756
-002795
-001165
0002328
0000814
-003726
-006229
-005880
-002504
0001280
0000465
-002271
-000175
0003318
0000465
-004483
-002795
0003318
0007742
0008789
0005879
0000873
-003027
-003784
0000349
0005704
0005355
0001164
-001514
-001456
0002037
0005821
0003900
-000524
0000232
0003318
0001164
-003027
-002038
0001688
0002735
0001164
-001339
-003144
-001747
0001047
0001047
-000990
-002969
-004017
-003435
-002213
-002620
-003610
-002911
-001339
-000990
-001805
-003319
-004192
-002154
0000756
0000174
-002387
-002795
-001514
-000524
0000116
0000698
0001280
0002037
0002677
0002968
0002735
0002095
0000814
-001921
-004192
-003027
-000059
0000814
0000174
0000640
0001571
0001222
0000465
0000814
0001862
0003085
0003085
-000583
-004832
-003784
-000408
-001921
-005414
-003901
-000233
-000874
-003842
-003842
-002038
-001747
-002329
-001805
-000583
0000640
0001338
0000989
0000291
0000582
0001688
0002735
0003143
0001920
0000291
0000814
0001979
0000291
-002213
-001223
0001455
0001280
-000408
-000408
0001047
0002735
0003667
0002328
0000058
-000408
0000407
0000814
0000465
-000990
-002329
-001223
0001280
0002677
0002619
0001455
0000058
0000058
0000814
0000698
-000059
-000466
-000524
-000583
-000292
0001106
0002561
0002503
0001513
0001106
0001455
0002270
0003026
0002910
0002153
0001571
0001222
0000814
0000640
0000756
0001688
0004307
0007043
0007159
0005471
0004598
0004191
0003143
0001455
-001398
-003610
-002445
0000232
0000349
-001398
-002620
-002969
-002504
-001339
0000523
0001804
0000582
-001398
-000175
0002037
0000349
-002736
-001630
0001804
0003143
0002212
0000116
-001514
0000523
0003492
0001920
-001921
-002736
-000990
0000814
0002270
0003318
0003376
0002153
0000349
-001223
-001689
-000059
0001979
0000989
-001223
-000408
0002270
0004132
0004016
0000698
-003784
-006345
-006171
-003610
-000175
0001397
0001047
-000292
-001572
-001339
-000408
-000815
-002445
-004657
-006404
-006171
-004599
-003493
-003086
-002969
-003144
-003610
-003668
-001630
0000756
-000059
-001630
0001397
0005355
0002503
-003726
-005298
-002969
-000408
0001862
0004016
0005180
0004947
0003434
0000989
-001339
-002736
-002736
-001456
0000058
0000232
-000350
0000116
0001338
0002619
0003085
0001164
-001689
-003086
-002795
-001572
-000292
-000059
-000990
-002736
-004192
-003668
-002038
-001630
-001863
-000932
0000058
-000990
-003260
-005007
-005356
-004075
-001630
0000873
0002328
0002153
0000523
-001863
-003493
-002504
0000349
0002677
0004016
0004540
0003900
0001629
-000990
-001921
-001339
-000408
0000349
0000349
-000408
-001572
-002154
-000815
0001629
0003376
0003609
0001688
-000990
-001630
-000641
0000407
0000698
-000815
-002853
-003260
-002154
-000583
0000523
0000000
-001689
-003202
-003959
-003551
-002678
-003144
-004483
-005705
-005763
-002969
0000756
0002212
0001338
-000757
-002329
-000815
0002212
0003085
0002212
0001571
0001106
0000232
-000524
-000641
-000233
0000407
0001047
0001629
0001688
0000291
-001107
0000116
0002619
0003550
0002386
-001281
-004366
-001456
0003841
0003900
0000465
-001048
-000699
0000116
0000814
0000582
-000524
-002562
-003901
-001980
0000931
0000058
-003144
-004774
-004366
-001805
0000523
-001630
-005414
-004774
-001223
0000291
0000465
0002153
0003492
0001106
-002620
-002620
-000932
-003319
-006520
-003784
0001222
0000174
-003959
-003551
-000990
-002271
-005356
-005007
-002853
-003027
-004192
-003202
-000932
0000232
0000465
0001164
0001164
-001339
-004483
-005123
-003610
-001921
-000699
-000583
-001456
-002445
-003260
-004133
-004133
-001281
0001629
-000292
-004308
-004425
-001107
0003725
0006694
0003085
-003202
-003435
-000117
-000990
-003784
-002736
0000000
-000466
-002445
-002038
0000232
0002212
0003550
0004598
0004715
0003550
0001688
0000582
0000058
-000641
-001165
-001223
-000757
-000059
0000232
-000641
-002096
-003377
-003377
-000583
0002386
0000640
-003551
-004832
-003726
-002911
-002154
-000524
0000582
-001223
-004192
-004774
-003377
-002213
-001630
-002096
-002387
0000291
0003434
0002328
-000990
-001572
0000465
0003725
0006170
0004598
0000989
0000116
0001338
0002095
0002386
0002794
0002910
0001920
0000989
0001979
0003783
0004132
0003143
0001688
0000407
0000407
0000873
-000233
-001572
0000000
0002386
0000873
-002154
-001223
0001804
0002095
0000873
0001280
0002677
0003783
0003550
0000291
-003668
-004657
-002911
-000641
0000989
0000465
-001398
-002154
-001921
-001514
-000932
0000291
0001047
-000350
-002736
-003726
-003319
-002387
-001339
-000874
-000990
-002154
-001863
0004307
0011467
0010594
0004482
0001397
0000756
-001048
-002329
-000117
0003259
0003259
0001280
0001164
0002095
0001338
-000059
-000350
0000640
0003026
0004715
0002444
-001747
-003493
-002853
-001398
-000175
-001165
-002329
0000407
0004715
0005879
0004074
0001571
-000815
-002562
-002736
-000757
0001920
0002503
0001862
0002910
0004540
0004889
0003958
0002794
0001397
-000815
-002271
-000350
0002910
0003900
0002735
0001513
0000640
0000756
0001222
0000116
-001048
0000756
0003609
0003609
0001455
-000408
-001339
-001165
-000350
-000059
-000408
-001048
-001339
0000174
0001920
0000931
-000990
-000350
0001920
0003376
0003318
0001513
-000699
-000815
0000465
0001164
0001164
0000873
0000640
0001338
0001979
0000698
-000874
0000873
0003434
0001571
-002562
-003551
-002329
-001747
-001980
-002736
-002736
0000291
0004540
0006461
0005821
0003783
0001804
0002386
0004074
0003434
0000873
-002620
-005065
-003668
-000350
0000640
-000175
-000059
0000523
0000407
-000175
-001107
-001630
-000292
0001629
0001746
0000814
0001338
0002619
0003143
0003259
0004482
0005180
0002561
-001107
-001281
0001280
0004307
0005995
0004307
0000989
-000175
0000640
0001688
0002386
0002095
0001047
-000059
-000583
0000465
0001513
-000408
-003377
-003493
-001630
-000815
-000932
-000874
-000874
-001165
-001630
-001980
-002038
-001572
-000757
0000058
0000465
-000233
-000699
0001979
0005064
0002968
-001339
-001223
0001688
0002561
0001979
0002386
0003492
0004424
0004773
0004016
0002619
0001338
0001106
0003201
0005762
0005355
0002852
0000756
0000058
0001629
0003841
0003318
0001222
0001455
0002328
-000117
-003377
-002911
0000232
0002968
0003434
-000408
-005822
-007975
-005880
0000174
0006461
0007392
0003550
-001689
-005705
-005298
-002096
-000350
-000117
0000058
0000349
0000873
0001338
0001164
0000465
-000641
-001281
-000233
0001338
0000931
-000466
-000583
0000291
0000873
0001164
0001280
0001338
0001804
0002444
0003026
0003201
0002270
0000873
-000175
-000292
0001164
0002735
0001513
-001398
-003726
-004366
-001980
0000814
-001048
-004948
-005239
-002795
-000524
0000523
-000699
-002620
-002329
-000757
-000757
-001630
-001514
-000815
-000524
-000757
-001572
-002038
-000408
0001979
0002444
0001571
0001338
0001397
0000814
-000175
-000932
-001107
-000699
0000523
0002968
0004947
0003550
0000873
0001862
0004715
0005064
0003026
0000000
-002911
-004483
-004366
-002620
-000874
-002562
-004774
-001223
0004016
0002270
-003260
-004657
-002678
-000874
0000116
0000116
-000874
-002271
-003551
-003784
-003202
-002504
-002038
-002445
-002736
-000932
0001688
0003085
0002735
0000232
-002038
0000058
0004307
0005995
0004889
0002212
-000350
-000408
0000873
-000059
-001921
-001572
-000117
-000233
-001048
-000524
0000756
0001455
0001338
0000523
-000757
-002154
-003377
-004948
-005472
-002678
0000756
-000059
-003610
-005763
-005938
-004192
-001805
-001456
-002445
-002853
-002445
-001339
0000058
0000873
0000989
0000465
0000232
0001862
0004191
0004773
0003900
0003318
0002619
0000698
-001048
-000583
0001513
0003318
0004365
0004598
0004307
0004540
0004482
0002270
-000524
-001165
-000350
-000466
-001339
-002038
-002620
-003551
-003610
-000583
0002561
-000175
-004890
-002736
0002619
0002852
-000874
-004308
-006054
-005065
-002562
-001281
-001398
-002096
-002969
-003784
-003551
-000757
0001979
-000408
-004250
-001165
0004947
0005355
0001920
0000931
0001629
0000931
0000232
0002328
0005238
0005762
0003725
-000175
-003784
-004075
-002213
-001456
-001107
0001513
0004307
0003841
0001164
-000757
-001456
-001223
-000175
0001571
0002444
0000000
-003260
-002387
0000523
0000000
-002213
-002038
-000117
0001280
0001688
0001164
-000583
-004366
-007393
-005414
-001165
-000932
-002795
-001165
0001688
0001164
-001456
-002620
-002329
-001456
-000466
0000116
0000116
-000408
-001048
-001048
-000815
-001747
-002387
0000174
0003900
0004831
0003434
0002037
0000873
-000292
-001456
-003260
-004425
-002853
-000233
-000466
-002213
-001805
-000233
-000059
-000641
-000292
-000059
-002096
-004890
-005531
-004308
-002736
-001572
-001980
-002911
-001689
0000291
0000058
-001514
-001863
-001514
-002154
-002911
-002213
-000292
0002386
0004482
0004540
0002677
-000292
-002504
-001398
0001338
0001920
0000931
0000814
0001280
0001455
0001280
0000931
0000291
-001281
-002795
-002736
-001747
-001339
-001223
-000583
0000174
0000232
-000408
-001747
-002736
-001165
0000698
-001747
-005705
-005065
-001572
0000232
0000523
0000989
0001513
0001746
0001222
-001048
-003726
-004192
-003202
-003027
-003260
-002736
-001398
0000640
0002212
0001571
-000117
-000524
0000407
0002095
0002968
0000582
-003086
-004192
-002795
-000583
0001047
-000175
-002969
-004192
-003901
-003144
-001921
0000232
0001688
0000058
-003435
-006229
-007335
-006869
-004948
-002271
-000408
-001514
-004541
-007335
-008092
-004832
-000233
0000814
-000466
0000407
0001804
0000058
-002795
-002445
-000175
0000582
0000349
0001280
0002270
0000989
-000466
0002503
0006403
0004540
-000583
-002387
-001572
-001805
-001747
0001571
0005588
0006053
0003783
0001688
0000407
0000174
0000174
-001572
-003551
-002620
-000641
-001980
-004366
-002795
0000465
0000465
-001805
-003377
-003901
-003202
-001863
-000757
-000292
-000757
-001107
0001047
0003434
0001571
-002504
-003959
-003260
-002911
-002736
-002154
-001514
-001630
-001805
-000874
0000582
0000814
0000756
0002677
0004831
0004074
0001397
-000292
-000524
0000756
0002386
0002386
0001106
-000175
-000815
0000000
0001047
-000583
-002853
-001572
0001280
0001280
-000641
-001980
-002038
-000059
0001862
-000117
-004192
-006753
-006578
-002795
0001688
0001804
-001048
-002678
-002620
-001747
-000641
-000524
-001398
-002969
-004192
-003610
-001747
0000174
0001106
-000175
-002154
-001339
0000698
0000407
-000990
-000408
0001047
0000465
-000699
0000814
0003550
0004365
0003201
0001164
-000466
0000291
0002095
0001862
0000174
-000932
-001107
-000699
-000175
-000699
-001630
-001747
-001805
-003726
-005822
-004774
-001980
-000583
-000408
-000233
0000232
0001688
0002910
0001746
-000583
-001281
-000524
0000582
0001688
0002444
0002386
0000989
-000641
-000408
0000873
0001455
0001106
-000292
-000990
0002095
0005937
0004424
-000175
-001921
-001398
-001630
-001747
0000116
0002444
0002619
0000931
-001689
-003435
-001514
0001047
-002213
-007510
-006986
-002969
-001863
-002853
-002329
-001165
-000932
-001223
-001107
-000466
0000698
0001862
0002095
0002037
0003492
0005064
0004307
0002444
0002503
0003609
0003085
0001862
0001629
0002095
0002212
0002095
0002037
0001979
0001455
0000989
0001746
0002968
0003085
0002212
0000756
-000583
-000350
0000116
-001689
-004250
-004483
-002620
0000058
0001746
-000408
-003435
-001223
0003550
0004598
0002735
0001571
0000232
-003959
-007917
-006811
-002271
0001338
0002968
0002735
0001688
0002386
0003609
0002328
0000000
-000059
0001455
0002328
0002561
0002619
0002735
0003376
0003841
0002910
0001280
0000640
0000931
0001920
0002677
0001513
-000175
0000873
0002968
0002328
0000640
0001979
0004016
0001688
-002678
-004075
-002795
-001165
0000349
0001629
0001862
0000232
-002038
-002504
-001514
-000583
-000408
-001805
-003377
-002678
-000350
0001455
0002212
0002095
0000873
-001805
-004017
-002795
0000116
0000523
-000524
0000465
0002037
0000931
-000932
0000756
0004016
0004598
0003492
0004307
0005355
0002619
-001339
-001747
0000698
0003609
0005413
0004307
0001979
0002444
0003841
0001688
-001863
-002154
-000175
0000873
0000698
-000233
-001339
-001165
-000117
0000582
0000931
0001571
0001862
0000814
-000583
-000233
0000931
0000756
-000117
-000583
-000292
0001106
0002503
0002153
0000756
-000175
-000059
0001920
0003958
0003026
0000582
0000291
0001455
0001688
0001571
0003085
0004656
0003609
0000873
-001107
-001456
0000174
0002561
0003550
0003026
0001920
0000756
-000175
-000524
-000233
0000116
-000641
-002329
-004425
-005763
-004541
-001980
-001048
-001281
-000757
-000059
-000757
-001398
0000756
0003841
0004482
0002619
-000641
-003493
-003610
-001805
-000524
0000232
0001338
0002270
0002910
0002561
0000640
-001572
-001689
0000174
0002968
0005297
0005413
0003841
0002561
0001862
0001397
0001571
0002794
0003958
0003085
0000873
-001107
-002154
-001805
-000757
-000932
-001339
0000291
0002328
0001688
-000874
-003260
-004250
-002504
0000174
-000117
-001630
0000116
0002968
0002677
0000465
-000408
0000058
0000232
0001047
0004307
0007916
0007800
0005413
0004947
0005122
0002095
-001572
-001339
0001222
0001688
0000756
0000407
0000756
0001397
0002037
0002561
0002561
0001804
0001047
0001979
0003259
0001397
-000990
0001338
0005704
0006053
0003550
0002095
0001280
-000699
-002736
-003144
-002154
-000990
0000232
0001571
0002794
0003841
0003667
0000523
-003260
-003377
-001339
-001398
-002445
-001630
0000174
0000989
0000756
-000117
-000874
-000117
0001513
0002153
0002153
0002910
0003434
0001979
-000175
-000524
0000931
0003259
0004831
0002968
0000291
0002270
0006344
0006694
0003900
0000931
-000990
-000583
0001106
0001397
0000931
0002270
0003550
0001047
-002736
-002562
-000117
-000233
-002096
-003260
-003610
-003610
-003086
-002213
-000874
0001629
0004016
0004424
0003259
0001455
0000407
0002270
0004424
0001397
-003319
-002445
0001455
0001862
0000174
0000698
0002212
0001571
0000116
0000465
0001920
0002735
0002328
0000582
-001747
-003668
-003959
-001630
0001979
0004424
0004773
0002677
-000175
-000641
0000523
0001280
0000873
-001281
-003901
-004832
-003726
-001223
0001397
0001979
0000931
-000292
-001048
-000583
0000407
0000232
-000641
-000990
-000583
0001047
0002561
0001688
-000699
-002562
-003377
-002795
-001514
-000932
-001048
-001048
-001223
-002504
-003435
-001514
0001862
0003958
0004132
0002794
0000291
-003260
-005822
-004832
-001921
-000815
-000932
0000291
0001513
-000292
-003144
-003027
-001048
-000233
-000757
-002271
-003726
-003377
-001863
-000874
-000641
-001048
-001863
-002736
-002795
-000815
0001862
0002852
0002270
0001280
0000407
0000232
0000640
0000931
0001222
0002270
0002910
0001164
-001572
-003027
-002562
0000000
0002794
0002095
0000174
0002444
0006286
0006461
0003259
-000932
-004657
-006753
-006229
-002620
0001629
0002444
0000698
0000291
0000291
-001689
-003959
-003260
-001223
-001747
-003435
-003319
-001747
0000174
0001397
0000756
-000757
-000699
0000174
-000233
-001165
-000932
0000232
0001338
0002270
0003259
0003783
0003259
0002212
0001455
0000931
0000000
-001048
-001805
-001921
-000583
0000814
-000292
-002504
-003202
-002387
-000815
0000232
-001281
-003319
-001223
0002619
0003318
0001338
-000757
-002329
-002911
-002271
-000932
0000640
0002095
0002153
-000874
-004483
-004075
-001456
-001572
-003260
-003435
-002329
-001339
-000757
-000699
-000757
-000059
0000756
0000291
-000874
-001514
-001747
-002853
-003551
-001805
0000814
0001164
0000058
0000174
0000756
0000000
-001572
-002271
-002387
-002911
-003202
-002271
-000408
0002037
0003318
0001106
-002678
-004483
-004017
-002504
-000990
-000815
-001572
-001921
-001863
-001863
-001980
-002038
-002271
-002678
-003610
-005589
-006986
-004657
-000699
0000465
-000292
0000174
0001338
0002153
0002444
0002444
0002270
0002270
0001920
0000174
-001747
-001805
-000524
0000291
0000523
0000000
-000641
-000059
0000756
-000175
-002096
-003202
-003668
-005007
-005589
-002387
0002153
0003550
0002212
0000116
-001223
0000698
0002735
-001747
-008325
-008325
-003901
-001863
-001980
-002154
-002154
-001572
-000757
-000583
-000874
-000524
-000641
-003260
-006520
-007102
-005239
-002096
0000582
0000756
-000874
-002096
-002096
-000059
0002735
0003609
0002910
0002328
0001920
0001397
0000698
-000583
-001863
-002329
-001689
0000000
0001920
0002735
0001862
-001048
-004483
-005996
-005763
-005298
-004308
-001398
0000756
-002271
-007219
-007160
-003377
0000174
0001804
0000349
-003260
-007219
-008907
-004832
0001455
0002852
0000756
0000349
0001222
0001804
0001920
0001571
0001222
0002037
0002794
0000931
-001339
0000000
0003143
0003958
0002619
0000698
-000932
-001107
-000175
0000465
0001164
0002852
0004656
0005588
0005180
0003550
0001164
-001456
-002911
-001339
0001338
0001397
-000292
-000699
-000233
-000466
-001223
-002213
-003027
-003726
-003551
-001572
0000698
0000407
-001107
-000583
0000756
-000059
-001921
-001921
-001223
-002853
-004832
-003319
0000174
0001979
0002037
0001804
0001513
0001571
0001862
0001920
0001571
0000814
-000059
-000524
-000408
0000407
0001222
0000989
-000059
-000932
-001456
-002213
-002562
-001630
-000059
0000465
0000523
0001920
0003259
0001455
-001398
-001223
0000873
0001920
0001455
-000175
-001921
-002154
-001107
0000232
0000640
-001747
-004657
-003901
-001048
-000233
-001339
-003086
-004366
-003668
-001689
-000117
0000698
0000931
0000465
-000874
-001980
-000990
0001106
0001979
0001746
0001746
0001804
0001571
0000989
-000292
-000932
0001571
0004424
0002444
-001572
-001339
0001455
0002095
0001047
0000291
-000175
-000932
-001165
0000407
0002037
0000465
-002620
-003144
-001747
-000874
-000466
-000059
0000291
0000407
0000116
-001048
-001921
-000117
0002328
0001047
-001165
0002212
0007392
0006636
0002095
-000350
-000466
0000582
0001920
0001920
0000873
0000058
-000408
-000990
-001107
0000058
0001688
0002095
0001513
0001338
0001513
0001979
0001979
-000117
-002387
-001107
0001688
0001571
-000874
-003260
-004716
-004716
-003493
-002096
-000757
0001455
0002503
-000524
-004890
-004948
-001805
0001164
0002503
0000989
-001805
-002620
-000874
0003318
0007567
0008207
0005879
0003085
0000640
-001572
-002329
-000466
0002852
0005762
0006810
0004773
0001338
0000232
0000989
0001106
0001338
0003725
0006112
0004656
0001280
0000349
0001280
0001222
0000756
0001222
0001979
0001920
0001047
-000175
-000815
0000873
0002619
0000000
-004250
-004483
-001863
-000641
-000408
0000582
0001571
0001164
-000117
-001514
-001980
0000000
0002561
0002153
-000233
-002387
-002795
0000291
0004482
0005413
0003725
0002153
0001397
0002095
0002794
-000059
-003668
-002562
0001106
0001746
0000582
0001746
0003492
0001688
-001339
-000408
0002037
0000349
-003086
-002853
-000175
0001571
0001804
0000523
-001572
-003493
-004308
-003144
-001514
-002736
-005181
-004890
-003086
-002853
-003610
-003202
-002271
-002213
-002154
0000349
0003085
0002212
-000641
-001514
-000408
0001222
0002619
0003026
0002153
0000000
-002213
-002387
-001107
-000466
0000000
0001629
0003259
0002444
0000698
0001455
0003434
0003550
0002095
0000407
-000932
-001281
-001630
-004425
-007684
-007801
-005356
-002504
-000874
-002620
-005705
-005589
-003202
-001223
-000350
-001165
-002213
-000233
0002852
0003259
0001338
-000815
-002213
-001572
0000349
0001688
0002037
0001397
0000291
-000874
-000932
0001513
0004598
0005180
0003376
0000465
-001339
0001106
0004715
0002677
-002504
-004599
-003842
-002504
-001107
-000408
-000350
-000408
-000350
-000175
0000232
0001280
0001688
-000524
-003319
-002387
0000232
-000292
-002445
-002213
-000408
0000756
0000989
0000407
-000524
-000815
-000583
-000524
-000757
-001456
-001805
-000408
0001979
0003550
0004132
0004424
0003667
0000523
-002620
-001514
0001862
0002328
0000640
-001165
-001398
0002386
0007334
0008149
0005762
0003841
0002386
0000465
-001223
-001805
-001107
0000582
0002153
0001920
0000174
-002038
-003435
-002387
0000174
0002386
0003026
0000814
-002445
-003144
-001980
-001572
-001398
-000117
0001920
0003841
0005006
0004656
0003201
0001979
0001047
-000175
-000641
0001746
0004773
0004424
0002095
0001571
0002328
0002095
0001397
0001688
0002270
0001280
0000174
0002095
0004540
0002386
-002038
-003726
-002969
-002387
-001980
-001281
-000641
-000466
-000699
-001048
-001165
-000408
0000349
-000757
-002620
-002853
-001921
-001514
-001223
0000931
0002735
0000640
-003202
-004366
-002562
0001455
0005413
0005995
0003900
0002037
0000756
-000466
-001048
-000233
0001047
0000989
0000116
-000408
-000059
0001629
0003201
0001979
-000408
-000350
0001397
0002677
0002328
-001107
-005007
-004890
-001863
0000582
0001513
0000523
-001572
-002969
-003319
-002271
-001281
-002969
-005298
-003959
-000932
-000932
-002736
-002329
-001281
-003493
-006578
-005938
-002853
-000641
0000000
-000641
-001689
-001456
-000350
0000407
0000931
0001920
0002561
0001222
-000524
0000232
0002619
0004365
0004715
0003434
0001280
-000233
-000641
0000116
0001106
0000640
-000350
0000232
0001164
-000292
-002969
-004541
-004483
-003202
-001339
0000291
0000989
0000523
-000757
-002096
-002969
-003668
-003319
-000524
0002212
0000640
-003435
-005531
-005589
-005239
-004366
-002911
-001281
0000174
0000698
-000932
-002736
-000874
0002794
0004074
0002968
0001106
-000815
-001921
-001747
0000116
0002328
0003026
0002095
0000232
-001339
-000583
0001047
0000291
-001572
-001281
0000523
0002386
0002619
-001339
-005938
-004483
-000059
-000233
-003551
-005938
-006462
-004890
-002213
-000466
-000117
-000815
-002213
-003493
-003901
-002504
-000699
-001223
-003086
-003610
-002678
-000699
0000873
-000350
-002736
-003260
-001921
0000058
0001746
0001455
0000349
0001164
0002328
0000232
-003144
-003784
-002329
-001456
-000874
0000640
0001804
0000465
-002096
-003027
-002969
-004133
-005414
-004832
-003319
-003027
-003493
-003202
-002795
-003901
-005472
-005239
-004133
-004890
-005996
-004483
-001689
-000932
-001398
-000699
0000058
-001223
-003493
-004599
-004425
-003610
-002329
-000874
0000232
0000989
0001047
0000000
-000932
0000291
0002619
0003958
0003550
0000989
-001805
-001339
0001164
0002503
0002270
0001047
-000874
-003086
-004192
-002736
-000175
0000291
-000815
-001572
-001980
-002387
-002736
-002795
-003260
-005647
-008208
-008092
-005589
-001805
0001455
0002270
0000931
-001107
-002620
-002329
-001281
-002620
-004366
-002853
0000756
0004249
0005530
0002153
-002504
-001921
0001746
0002444
0001222
0001629
0002212
0000000
-003144
-003377
-001572
-000233
-000175
-002387
-004948
-004541
-001223
0004132
0008615
0008265
0004191
-000059
-003027
-004133
-003726
-004017
-004075
-001805
0000756
-000466
-003551
-004599
-003377
-001165
0001164
0002561
0002910
0003550
0003550
0001047
-001514
0000523
0004132
0002794
-000815
-000117
0003026
0004132
0003318
0002153
0001397
0002561
0004191
0003376
0000756
-002038
-003319
-000583
0003376
0002794
-000175
0000232
0002503
0002677
0001222
0000058
-000175
0001338
0002968
0001222
-001863
-001339
0000407
-002271
-006695
-007277
-004541
-001281
0001397
0002677
0002212
0000523
-001747
-003901
-004948
-003784
-001572
-000699
-000932
-000932
-001107
-002562
-003435
-000757
0003434
0005413
0004540
0001280
-002504
-004308
-003377
-000059
0003609
0004482
0002852
0000698
-000932
-000932
0000116
0000523
0000349
-000059
0000000
0001688
0003376
0001862
-001048
-001398
-000292
-000699
-002096
-002795
-002736
-001921
-001107
-001689
-002271
0000000
0003201
0003376
0001222
-000990
-002038
-000583
0001455
-000233
-003086
-001689
0001920
0002444
0001513
0003434
0005762
0003143
-001514
-002038
-000059
-000175
-001223
0000232
0002270
0000814
-001572
0000989
0005122
0003434
-001514
-003784
-002969
-000350
0002503
0002619
0001047
0000873
0001280
-000175
-001980
-000757
0001338
-000583
-003959
-003260
-000641
-001805
-004133
-001863
0002386
0002270
0000000
0001688
0004249
0000523
-005123
-003319
0002328
0003085
0000814
0001164
0003085
0003609
0003085
0003026
0002794
0001106
-000815
-000874
0000174
-000175
-000757
0001106
0004132
0005646
0005530
0004598
0003376
0002677
0002037
-000233
-002795
-003377
-002445
-001689
-001398
-001630
-002096
-002096
-001456
0000116
0001222
-000466
-002969
-002271
-000117
-001107
-003435
-003144
-001339
-000990
-001514
-001048
-000117
0000058
-000117
0000232
0001047
0002095
0003143
0004074
0004132
0002212
-000059
0000465
0002212
0001397
-000699
-000583
0000873
0001746
0001746
0000931
-000117
-000583
-000350
0000349
0001455
0002852
0003725
0002794
0001222
0001629
0002735
0001629
-000815
-002387
-003144
-004541
-005123
-002504
0001047
0001280
-000990
-002736
-003377
-002911
-001630
-000059
0001047
0000640
-000117
0001571
0003667
0002037
-001514
-002795
-002213
-002213
-002096
-000117
0001920
0000814
-002096
-003260
-003144
-003610
-004017
-002445
-000699
-002504
-004774
-001165
0004715
0005646
0002561
-000641
-002678
-002795
-001107
0001455
0003376
0003143
0001106
-001223
-002911
-003202
-002504
-002154
-002154
-001980
-001980
-002329
-002911
-003610
-003493
-000932
0002037
0001455
-000932
-000466
0001862
0003085
0003201
0003143
0002561
0000349
-001456
0001164
0004831
0003143
-001689
-004017
-003551
-001572
0000640
0000814
-000292
-000699
0000116
0002328
0004540
0004656
0002561
-001107
-004483
-004948
-003086
-001107
0000116
0000116
-000757
-001048
-000874
-000757
-000757
-000932
-001223
-001339
-001456
-001572
-001630
-001630
-001281
-000408
0000640
0000931
0000756
0001164
0001629
0000989
0000349
0002212
0004482
0002968
-000350
-001048
0000291
0001222
0001629
0001629
0001571
0002444
0003201
0001804
-000466
-001281
-000583
0000989
0002095
0000582
-002096
-002678
-001689
-000583
-000292
-001863
-004133
-005239
-004425
-001107
0002386
0002095
-000350
-000408
0000989
0000640
-000292
0001222
0003201
0001571
-001630
-002096
-000233
0001629
0003201
0004540
0005297
0005413
0005180
0005180
0005180
0004540
0003259
0001106
-000641
-000175
0001455
0001397
0000523
0001688
0003550
0003259
0001513
0000000
-000408
0001280
0003085
0000989
-002329
-001048
0002561
0003376
0001513
-001398
-003784
-003144
-001223
-002213
-004366
-003901
-001689
-000408
-000350
-001921
-003260
-001107
0002095
0000814
-002620
-002736
-000350
0001571
0002153
0000756
-001514
-002678
-001980
0000873
0003841
0003143
0000582
0000640
0002153
0001862
0000640
0000814
0001513
0000640
-000990
-001514
-000990
-000233
0000465
0000814
0000989
0001804
0002386
0001513
-000815
-004832
-007801
-005298
-000524
-000583
-003901
-005239
-004890
-005007
-004425
-000815
0002735
0000873
-003959
-005938
-004774
-001572
0001746
0002212
0000814
0000291
0000756
0001455
0001804
0000640
-000874
-000117
0001746
0002503
0001804
-000757
-003202
-002620
0000000
0001455
0001688
0000989
0000873
0004365
0008091
0005471
-000059
-000815
0001280
0000640
-001572
-001630
-000641
-001281
-002620
-002504
-001514
-001339
-001689
-001398
-000757
-000350
-000233
-000117
-000117
-000699
-000990
0000582
0002328
0000640
-002445
-002678
-000641
0001629
0002910
0001746
-000583
-001281
-000408
0000931
0001455
-001281
-004657
-003959
-000757
0000582
0000291
-000292
-000408
0001629
0003841
0002735
-000292
-001689
-001689
-001572
-001921
-004075
-005938
-003377
0000814
0001106
-001456
-003260
-004308
-005880
-006869
-005705
-003493
-002329
-002620
-003842
-005239
-005414
-004250
-002213
-000175
0000814
0000640
-000350
-001223
-000524
0000931
0000989
0000465
0000814
0002386
0005413
0007451
0004540
-000583
-001921
-000524
-000233
-000583
0000291
0001222
0000232
-001398
-000524
0001746
0003259
0003318
0001513
-000815
-001048
-000350
-001805
-004192
-005007
-004075
-001921
0000174
0000291
-000990
-001514
-001339
-000932
-001223
-003784
-006928
-007568
-006287
-005414
-004483
-001572
0001338
0001047
-000757
0000232
0002270
0000814
-002213
-002736
-001572
-001398
-001921
-001921
-001805
-003027
-003784
-000699
0003609
0004191
0002328
0001979
0002503
0001746
0000407
0000000
0000407
0001047
0001455
0001164
0000349
-000059
-000757
-003086
-005647
-006229
-004716
-001572
0001047
-000059
-003260
-004308
-003493
-002562
-002038
-001921
-002853
-005996
-008325
-004716
0001455
0003201
0000756
-003493
-006404
-003959
0001920
0006752
0008265
0004947
-000641
-003901
-003842
-001107
0002153
0002037
0000465
0002677
0006170
0005238
0002037
0002386
0003900
0001047
-003260
-003377
-000641
0000698
0000989
0002386
0002852
-001339
-006462
-005356
-000699
0000291
-001281
-001223
-000233
-000059
-000524
-001107
-001572
-001747
-001456
-000350
0000756
0000582
-000175
0000174
0000931
0000291
-000699
0000174
0001862
0002444
0001979
0001222
0000407
-000699
-001281
0000058
0001688
0000698
-001980
-004425
-005065
-002213
0001862
0002852
0001106
-001048
-002445
-001863
-000175
0000640
0000116
-001980
-003551
-001107
0002852
0003085
0000058
-003842
-006637
-005996
-002969
-000641
0000640
0001571
0002444
0004191
0005762
0005646
0004132
0002212
0001047
0001862
0003841
0004889
0004773
0003609
0002328
0002386
0003318
0003550
0002968
0002095
0001106
0000058
-000408
0000814
0002386
0002153
0000465
-001165
-002329
-002736
-002911
-004425
-005647
-003842
-000641
0000814
0000000
-002736
-005589
-005705
-003726
-002038
-001048
-000874
-000990
-000292
0000873
0001862
0001804
-000932
-004017
-003319
-000466
0000465
-000117
-000117
0000000
-001398
-002329
0000698
0004889
0004424
0001397
0001455
0003434
0003609
0002153
-000233
-002329
-002562
-001398
-000524
-000524
-002620
-004366
-000699
0004307
0002328
-003435
-005007
-003435
-003086
-003551
-003610
-003260
-002562
-001921
-001630
-001805
-002620
-003202
-002154
-000699
-001689
-003435
-001921
0000640
-000117
-002736
-003842
-002678
0000989
0004424
0002735
-001339
-001281
0001455
0002212
0001513
0001047
0001164
0002444
0003609
0002852
0000349
-003144
-005239
-002387
0002444
0003318
0000873
-001514
-003202
-004192
-003319
0001222
0005821
0003841
-001456
-002795
-000874
0000814
0001571
0001047
-000175
-000408
-000466
-002678
-004890
-002911
0001047
0002270
0001338
0001222
0001746
0002212
0002153
0000756
-000524
0000814
0003085
0002677
0000349
-001514
-001921
-000175
0002503
0003550
0003318
0003667
0003958
0003201
0001397
-001223
-003784
-005239
-005239
-004017
-001630
0001979
0005006
0005762
0003958
0000000
-003435
-002213
0001455
0002095
0000465
-000466
-000117
0001920
0004074
0003143
0000814
0001106
0002852
0003026
0002095
0001979
0002212
0001222
0000116
0001106
0002968
0003026
0001862
0001222
0001047
0000291
-000175
0001047
0002619
0001979
0000523
0001222
0003085
0003958
0003026
-000408
-004017
-003726
-000874
0000582
0000873
0001746
0002328
0000989
-001048
-001630
-000874
-000059
0000407
0000116
-000524
-000641
-000350
0000174
0000174
-001165
-003202
-005065
-005414
-002096
0002095
0001804
-000874
-000815
0001397
0003259
0004307
0004889
0004365
0001862
-000524
0000931
0003783
0002677
-000641
-001689
-000874
0000058
0000873
0001629
0002037
0001746
0001047
0000465
0000058
-000350
-000292
0001106
0002794
0002794
0001455
0000058
-000757
-000350
0000814
0001397
0000931
-001456
-004017
-003784
-001572
0000000
0000640
0000698
0000756
0002677
0004249
0001338
-003435
-004890
-003202
-000641
0001397
0001455
0000116
-000757
-001048
-001107
-001107
-001398
-001456
-000117
0001280
-000175
-002445
-001572
0001047
0001920
0001629
0002270
0003143
0002386
0001455
0003143
0005297
0003667
0000232
-000117
0001629
0002561
0002328
0001862
0000465
-003202
-006113
-002969
0002095
0000523
-005123
-008092
-008150
-007044
-005181
-003377
-001630
0000989
0003143
0002619
0001106
0002910
0005122
0001746
-003668
-003610
0000291
0003259
0004482
0003900
0002270
0001746
0001862
0001106
0000291
0001222
0002677
0001920
0000116
-000408
0000291
0001397
0002619
0003609
0004016
0003550
0002677
0002619
0002735
0001397
-000466
-001339
-000815
0001571
0004074
0003492
0001455
0002444
0004307
0002444
-001281
-002620
-001863
-001223
-000583
0001047
0002037
-000699
-004425
-004017
-001107
0000116
-000292
-001107
-001514
-000350
0001106
0000174
-001630
-001165
0000873
0002677
0003259
0001222
-001572
-001863
-000175
0001455
0002212
0001397
-000408
-001689
-002038
-001514
-000524
0000174
0000174
-000874
-001980
-001165
0000465
0000058
-001165
-000466
0001164
0001338
-000059
-002853
-005414
-005705
-003784
-000641
0001688
-000059
-003493
-003551
-001630
-002038
-003493
-002213
0000058
-000117
-001456
-000292
0002037
0002677
0002095
0002095
0001804
-000641
-003377
-003086
-000699
0000873
0001222
0000232
-001165
-001572
-000990
0000000
0000465
-001223
-003086
-000874
0002794
0002503
-000292
-001339
-001223
-002329
-003493
-002562
-001048
-002795
-005065
-002213
0002677
0003026
0000291
-000990
-000990
-001456
-002096
-002853
-002853
-000815
0001979
0003550
0003085
-000059
-003610
-003959
-001921
0000000
0001047
0000582
-000350
0000349
0001804
0001746
0001106
0002270
0003783
0002444
0000000
0000174
0001397
-000233
-002969
-003260
-001456
0000523
0001629
0000640
-001572
-003027
-003202
-002329
-001048
-000350
-000757
-002620
-004483
-003610
-001281
-000815
-001805
-002969
-003551
-002795
-001223
-000059
0000582
0001222
0001397
0000000
-001572
-001223
0000582
0002095
0003085
0003900
0003550
0000000
-002853
0002095
0009721
0009080
0003783
0003841
0006577
0004307
-000059
0000058
0002561
0002328
0000291
-000699
-000524
0000407
0001804
0003434
0004016
0001455
-002154
-002736
-001223
-000699
-000583
0001164
0002910
0001455
-001689
-002969
-003027
-004133
-005065
-003493
-000757
0000174
-000059
0000407
0001688
0003783
0005297
0004656
0001979
-001863
-004483
-002911
0001280
0004540
0005588
0003841
0001164
0001513
0003085
0001338
-001980
-003202
-002271
0000465
0002561
-000059
-004308
-003726
0000232
0003318
0004191
0002561
-000874
-004366
-006287
-004832
-001921
-001456
-002795
-003435
-003551
-004017
-004483
-005007
-004483
-001048
0002328
0000407
-004308
-005822
-004541
-003493
-002387
-000233
0001571
0000756
-001281
-001281
0000058
0000116
-000757
-001398
-001747
-002154
-001980
-000292
0001920
0002852
0002619
0002328
0002037
0001746
0000989
-001339
-003726
-003784
-002154
-000583
0000465
0000814
0000756
0001455
0001688
-000990
-004250
-003842
-001456
-001572
-002969
-002736
-001572
-001398
-002271
-004075
-005472
-003959
-001107
-000059
-000350
0000407
0001338
0000873
-000583
-002038
-002504
-000874
0002095
0005122
0006519
0004016
-000059
-001572
-000466
0001513
0003434
0004132
0003259
0000814
-001456
-001048
0001222
0003026
0003667
0003318
0001920
-000233
-001921
-001630
-000699
-002329
-005123
-006287
-005938
-005065
-004017
-003202
-002620
-001980
-001398
-000990
-000874
-000757
-000815
-000990
-001514
-003086
-003901
-000815
0003434
0003725
0001455
0001047
0002386
0004482
0005937
0004947
0002910
0003201
0004715
0004482
0002910
0001571
0000291
-001980
-003726
-002620
0000000
0001513
0001397
-000175
-001921
-001747
-000175
0000756
0001164
0002153
0002619
0000873
-002038
-004017
-004250
-002213
0000640
0002153
0001979
0000174
-001456
0000058
0002561
0000931
-002154
-000757
0002735
0002503
0000232
0000000
0001513
0003201
0004424
0004482
0003725
0003434
0003085
0001047
-000990
-000233
0002212
0003376
0003492
0004132
0004482
0003143
0001222
0000698
0001280
0001629
0001862
0002444
0002677
0001164
-000990
-001281
-000466
-000583
-001281
-001805
-001747
-000408
0000873
-000932
-003668
-003202
-000990
-001339
-002504
-000292
0002735
0001280
-002271
-001921
0000349
-000524
-002678
-002154
0000349
0002852
0004016
0002328
-000117
0000582
0003026
0003259
0001746
-000059
-000990
0000349
0002503
0002095
0000116
-000699
-000524
-000815
-000757
0001513
0004132
0003609
0001280
0000407
0000349
-000990
-003086
-005123
-005938
-003959
-000990
-000583
-001863
-001339
-000350
-002445
-004774
-002213
0002677
0004132
0002677
0001397
0000407
-000815
-001398
-000117
0001746
0002095
0000698
-001980
-004192
-003086
0000000
0001629
0001746
0001688
0001338
0000465
0000058
0001920
0004424
0004656
0002968
0001106
-000874
-003610
-005298
-003144
0000698
0002153
0000989
-001689
-004017
-002969
-000641
-001921
-004774
-004133
-001747
-001980
-003319
-002329
0000174
0001979
0002677
0002328
0001455
0001455
0001862
0001629
0001106
0001106
0001513
0001862
0002212
0002677
0003085
0003201
0003434
0004773
0006112
0005238
0004132
0007159
0011351
0011118
0007276
0002910
-000059
0000523
0003201
0004482
0003900
0001688
-000815
-001689
-000583
0002444
0005180
0004191
0001280
0000523
0001513
0002503
0002212
-001572
-005763
-004483
0000116
0002561
0002619
0001804
0000931
0001397
0002968
0004656
0005530
0004191
0001513
-000932
-002038
-000583
0001920
0002444
0001397
0000582
0000000
-000815
-001223
-000524
0000756
0001513
0001746
0001688
0001513
0001106
0001513
0004365
0007276
0005588
0001979
0002619
0005238
0003900
0000291
-001339
-001339
-001630
-002096
-002795
-002911
-001107
0001106
0001164
-000466
-002213
-003027
-001339
0000989
0000058
-002096
-000466
0002503
0000814
-002271
0000116
0004947
0005413
0002328
-001048
-003377
-003726
-002329
-001165
-000059
0001746
0003259
0002794
0001106
-000233
-000699
0000116
0001280
0000582
-000524
0001222
0004074
0004656
0003376
0002619
0002095
0000465
-000874
0000232
0002444
0003259
0002386
0000407
-001921
-003901
-004425
-001921
0000931
-000932
-004192
-001048
0004249
0002212
-003086
-001572
0003318
0003143
-000233
-001805
-001456
-000408
0000523
-000233
-001921
-002795
-002271
0000174
0002910
0003259
0001629
-000117
-000990
0000349
0002328
0001397
-000990
-001514
-000583
0000174
0000174
-001398
-003319
-003901
-002969
-000990
0000698
0000291
-001223
-001048
0000407
0001629
0002270
0002153
0001513
0000989
0000756
0000814
0000989
0000407
-000117
0000873
0002212
0001338
-000641
-000990
-000175
0000174
0000174
0000349
0000640
0000989
0001629
0003143
0004482
0003900
0002270
0002153
0002503
0000465
-001921
-000932
0001688
0001862
0000698
0001804
0003085
0000407
-003901
-004716
-003202
-002911
-003086
-001107
0001280
0000756
-001281
-001514
-000641
-001048
-002154
-002387
-002096
-001805
-001863
-002678
-003610
-003668
-002795
-001398
0000407
0002968
0004773
0004016
0001455
-000815
-001689
-000059
0002095
0000873
-002096
-002736
-001980
-003027
-003668
0000814
0007043
0009371
0006868
0000291
-006229
-006229
-001630
0001688
0002968
0003201
0001862
-001921
-005298
-003784
0000000
0000174
-002329
-003959
-003959
-002038
0000814
0002968
0003376
0001746
-000932
-002620
-002795
-001514
-000059
-000757
-002678
-003551
-003260
-002329
-001165
0000058
0000814
0000756
0000407
0001280
0002270
0000873
-000932
0001338
0004889
0003958
0000349
-001398
-000815
0001688
0004074
0002852
-000350
-001223
-000757
-001980
-003668
-003319
-001689
-000699
-000233
0000814
0001513
0000640
-001048
-001921
-001747
-000466
0000523
-000990
-003784
-005181
-005181
-005298
-004948
-002795
-000583
-001107
-002795
-001572
0000407
-001863
-005647
-005414
-002445
-000466
0000174
-000059
-000292
0001746
0003841
0001047
-003260
-002445
0001338
0002968
0001979
-000583
-003144
-003086
-001048
0000698
0002037
0003492
0004191
0003492
0001571
-000699
-002678
-003842
-003901
-002795
-001398
-001398
-002154
-002096
-001223
0000000
0001164
0002153
0001920
-001456
-005531
-005938
-004425
-006171
-008558
-005996
-001048
0000349
-000699
-000175
0001164
0001455
0000931
0000465
0000116
-000524
-001048
-001048
-001048
-002213
-003144
-000990
0002270
0002852
0001397
0000582
0000174
-000932
-001747
-000641
0001338
0001979
0001164
-000583
-002154
-001980
-000990
-001572
-002620
-001398
0000291
-001339
-004250
-003842
-001863
-002387
-004250
-004832
-003784
-000990
0001571
0000756
-001980
-003086
-002620
-002387
-001921
-000466
0000814
-000350
-002387
-001921
0000174
0001455
0001862
0001804
0001979
0003900
0005413
0002561
-002387
-004890
-004948
-004599
-003319
0000174
0003201
0001513
-002562
-003959
-002271
0001629
0005297
0005064
0001513
-002562
-005531
-005822
-003959
-001980
-000641
-000408
-000874
-000990
-000641
0000058
0000582
-000233
-001398
-001048
0000058
0000058
-000699
-001165
-001107
-000233
0000814
0001222
0000814
-000292
-001223
-000583
0000989
0001920
0001688
0000058
-002038
-003319
-003086
-001107
0001106
0000989
-000815
-002329
-002736
-001048
0000873
-000757
-003551
-002038
0001164
-000059
-003435
-003260
-001107
-001165
-002736
-004192
-004425
-002271
0000640
0001920
0000698
-003144
-006986
-006520
-003086
-000874
0000116
0000931
0001688
0002910
0004307
0005995
0006461
0003841
0000058
-001165
-000175
0001106
0001571
-000466
-002969
-001980
0001106
0002735
0002503
0001106
-001048
-003435
-004483
-002504
0000989
0003492
0003492
0000116
-004366
-005472
-003959
-003435
-003086
-000990
0001047
-000175
-003319
-005007
-005356
-005996
-006287
-005472
-003901
-002213
-001223
-001747
-002678
-001747
0000174
0001047
0001106
0001629
0002095
0001338
0000116
-000059
0000291
-000175
-000874
-000583
0000232
0000349
0000232
0000931
0001804
0001920
0001746
0002968
0004307
0003318
0001106
0000465
0000756
-000466
-001747
-000292
0002270
0003434
0001862
-004075
-009722
-006928
-000117
0000174
-003668
-004890
-003610
-001805
-000350
-000408
-001339
-001456
-000932
-000466
0000116
0001222
0002503
0003376
0003667
0003376
0002212
-000466
-002620
-001048
0002328
0003259
0002095
0000756
-000175
-000408
-000233
-000815
-001339
-000408
0001106
0001688
0000523
-003377
-006695
-003842
0002037
0004016
0002444
0000523
-001223
-003144
-003842
-001339
0001571
-000466
-004832
-005414
-003027
-000699
0000465
-000233
-001689
-001398
0000640
0004132
0006752
0005122
0001571
0001746
0003609
0001804
-001339
-000874
0001920
0003376
0003318
0002153
0001280
0003143
0005704
0004715
0001862
0001164
0002037
0002212
0001688
0000349
-000233
0002910
0006403
0003725
-001572
-001630
0001688
0002794
0002095
0001862
0001397
-000699
-003435
-005472
-005996
-004948
-002736
-000175
0001397
0000698
-001572
-003551
-004425
-003726
-002329
-002154
-003027
-003784
-004075
-003377
-001863
-000175
0001397
0002677
0003492
0003958
0003725
0001862
0000058
0001222
0003667
0003492
0001862
0001979
0003143
0003318
0002270
-000175
-002445
-002096
0000058
0001804
0002328
0000465
-001921
-001223
0001222
0002270
0001397
-001747
-004948
-004890
-002620
-001339
-001048
-000583
-000292
-000466
-000874
-000524
-000117
-001223
-002795
-003144
-002271
-001165
0000116
0001979
0003318
0002270
0000814
0002619
0005937
0006636
0005122
0003783
0002735
0001455
0000582
0000989
0001862
0001571
0000931
0001338
0002968
0005937
0007974
0005471
0001106
0000814
0002910
0002794
0001164
0000349
0000116
-000408
-001281
-002504
-003202
-001630
0000407
-000932
-003493
-002620
0000523
0003143
0003958
0002037
-001165
-002969
-002562
-000059
0003143
0005006
0004889
0002735
0000407
0000640
0002561
0003783
0003725
0002212
0000640
0001455
0003259
0002503
0000698
0001629
0003376
0001629
-001805
-002853
-002096
-001747
-001689
-001398
-001223
-002271
-002969
-000350
0002852
0001338
-002329
-002329
0000291
0002095
0002561
0001629
0000523
0001688
0003376
0001979
-001398
-004366
-005239
-002445
0001688
0002212
0000116
-001048
-001863
-004192
-006695
-007743
-006462
-002271
0002386
0004016
0002794
0000756
-000466
0001222
0004715
0008033
0009022
0005122
-000757
-003027
-001747
0000698
0003201
0004540
0004307
0002910
0001338
0000873
0001338
0001629
0001629
0001338
0000640
-000292
-000874
0000058
0001629
0002095
0001397
-000117
-001572
-001747
-001107
-001281
-002038
-002853
-003086
-001980
0000232
0002794
0004424
0003492
0001164
0000174
0000407
0000931
0001513
0001746
0001979
0003085
0003958
0002735
0000873
0001338
