0004191
0003783
0002852
0002968
0003085
0001164
-001223
-000757
0001338
0002037
0001688
0001862
0002270
0001979
0001629
0002852
0004249
0003434
0000931
-001514
-003319
-004308
-004250
-003027
-001339
0000174
0000523
-001048
-003319
-004075
-003027
-000175
0002095
-000466
-004832
-004832
-002387
-003842
-005763
-001048
0005995
0005995
0002212
0003783
0007159
0004074
-001980
-003202
-000990
0000000
-000350
-001281
-001980
-001281
0000000
0000232
-000699
-002853
-004133
-001223
0003259
0004482
0002444
-001048
-003901
-003027
-000175
0000232
-001281
-002620
-003144
-002504
-001223
-000583
-000815
-001689
-002562
-002329
-001630
-002329
-003668
-003668
-003144
-003901
-004948
-003959
-002038
-002096
-002562
-000233
0003026
0003376
0001629
0000232
-000117
0000814
0002270
0002794
0002561
0002677
0003026
0003318
0003026
0001455
-000350
-000699
0000232
0001397
0002561
0004540
0005297
0001513
-003086
-001456
0003434
0004773
0002735
-000059
-002271
-001980
-000524
-001398
-003435
-004017
-003435
-002736
-001980
-000874
0000116
0000349
0000349
0001280
0002386
0002444
0001688
0000756
0000174
0000465
0001106
0000698
0000000
0000814
0002619
0003900
0004307
0003259
0001804
0002037
0002794
0000873
-001281
0001338
0005879
0005937
0003492
0004249
0005937
0002968
-001863
-002795
-000932
0000058
-000233
-001921
-003784
-003784
-002445
-002038
-001630
0000989
0003609
0002212
-001398
-002736
-001921
-000757
0000465
0001338
0001920
0002677
0002852
0000814
-001398
0000407
0003783
0003550
0000989
-000233
-000117
0000582
0000989
-000524
-002620
-002853
-001689
-000583
0000465
0001746
0003318
0005995
0007742
0005064
0000989
0001688
0005006
0005180
0003259
0002503
0002619
0002212
0001455
0001047
0000407
-001514
-003668
-004890
-004599
-002445
-000524
-002562
-006345
-007044
-005239
-003784
-002853
-002096
-001689
-001863
-002038
-001398
0000058
0001979
0003143
0001804
-000874
-002678
-002969
-001805
-000117
0000931
0000058
-004075
-008499
-007859
-003784
-001223
-000117
0001047
0002153
0003376
0003900
0002444
0000698
0002095
0004831
0005413
0003725
0001106
-001689
-004075
-005239
-004250
-002911
-004890
-007684
-006054
-002154
-001339
-002504
-001689
-000233
-001456
-003551
-002620
-000059
0000582
-000117
-000350
0000000
0000640
0001746
0003667
0005064
0004249
0001397
-002445
-005531
-005647
-003493
-001630
-000350
0000989
0001397
-000408
-002853
-002504
-000641
-000059
-000874
-002562
-003784
-002387
0000465
0002095
0002328
0002037
0001338
0000291
-000524
-000350
-000059
-001398
-003260
-003435
-002154
-000466
0000523
-000059
-002271
-006113
-008907
-006578
-001747
-000233
-001281
-001572
-001398
-002329
-002736
0000349
0004773
0006694
0006344
0005821
0005064
0003434
0001688
0001164
0001222
0000582
-001048
-004075
-006462
-004890
-001223
-000059
-000583
0000174
0000989
-000932
-003493
-002853
-000350
0000174
0000116
0002968
0006112
0003958
-000408
-000233
0002212
0000814
-002620
-003959
-003377
-002504
-002096
-003435
-004541
-001398
0002852
0001455
-002620
-002329
0000523
0000640
-000117
0002852
0007043
0007043
0004889
0005879
0008091
0006868
0003841
0003259
0003783
0002270
-000292
-001980
-002213
-000990
0000582
-000292
-001514
0001629
0005762
0004249
-000699
-003086
-003260
-004250
-004890
-002853
-000350
-001339
-004308
-005414
-004541
-002154
0000000
-000699
-003086
-004366
-003959
-001456
0000407
-003726
-009372
-007160
-000990
-000466
-003901
-006171
-006287
-003610
-000641
-002329
-005705
-003668
0000873
0000698
-001980
-001456
0000640
-000059
-002620
-004774
-005589
-004250
-002038
-001339
-001863
-001863
-001689
-002736
-003435
-001165
0002095
0002153
0000116
-000583
-000757
-003260
-005938
-004541
-001456
-002154
-004774
-004366
-002154
-001398
-001398
0000000
0001513
0000873
-000815
-001165
-000583
-000699
-001281
-002038
-002213
-000932
0000640
0000116
-001514
-001747
-000815
0000349
0000873
-000350
-002445
-004075
-004192
-001689
0001397
0001106
-001048
-000815
0000465
-000641
-002911
-003959
-003551
-002445
-000990
0000174
0000756
0000698
-000059
-001747
-003435
-003551
-002736
-002911
-003551
-003027
-001805
-000699
0000058
0000349
0000232
-000059
0000174
0002153
0004307
0003492
0001280
0001688
0003085
0001455
-001107
-000292
0002386
0003434
0002561
0000116
-002329
-002562
-001165
-000175
0000465
0001804
0002794
0001862
0000174
0000465
0001338
-000350
-003435
-005589
-006229
-005007
-003144
-002911
-003551
-002271
-000699
-001863
-004599
-005996
-005763
-005007
-003435
-000757
0001688
0001397
-000117
0000523
0002095
0001513
0000116
0001280
0003085
0001222
-001747
-000583
0002619
0002619
0000814
0000698
0001920
0002852
0002968
0001222
-000874
-000699
0000989
0002386
0002386
-000408
-003959
-004308
-002387
-001048
-000699
-000874
-001689
-002969
-004017
-003319
-002038
-002562
-004250
-004832
-004948
-006287
-007684
-007102
-005181
-003493
-002620
-002795
-003144
-002096
0000000
0001979
0003492
0004889
0005064
0002735
-000117
0000582
0003259
0004074
0003143
0001571
0000058
-000815
-000815
-000524
-000175
-000466
-001107
-001339
-001281
-000874
-000641
-001689
-002678
-001339
0001106
0001862
0001571
0002503
0003550
0002270
-000117
-001223
-001165
-001048
-000699
0000407
0001222
-000233
-002387
-001689
-000233
-003144
-006986
-004483
0000523
-000874
-005007
-003144
0001920
0003783
0002910
0002386
0002212
0002212
0002153
0001513
0000814
0001629
0002153
-001398
-005356
-002504
0003492
0004540
0001746
-000175
-001398
-003493
-004774
-002620
0001164
0003026
0003259
0003841
0004307
0003958
0002735
0000756
-001339
-002795
-002911
-001165
0001397
0002794
0002503
0000523
-001805
-001863
-000641
-000583
-001514
-002445
-002969
-002504
-001572
-001456
-001630
-000524
0000756
0000349
-000815
-000524
0001106
0003725
0005413
0003259
-000699
-002387
-001572
0000640
0002677
0001804
-000524
-000757
0000174
-000583
-002038
-002096
-000990
0000116
0001047
0001979
0002386
0001688
0000291
-000990
-001689
-001398
-000990
-002213
-004250
-005472
-005356
-003610
-001456
-001281
-001980
-001107
0000931
0002794
0003900
0004016
0003085
0001688
0000232
-000932
-001281
-000350
0001571
0003609
0005064
0005471
0004831
0003085
0001688
0002677
0004773
0005122
0003958
0002968
0001629
-001456
-004483
-004832
-002562
0001106
0004424
0005530
0004132
0001455
-001689
-004657
-006171
-005181
-003027
-002911
-003842
-002795
-001456
-003784
-007277
-006928
-004017
-002271
-001863
-001805
-002038
-002387
-002445
-001921
-000990
-000292
0000232
0001222
0001920
0001106
-000059
0001222
0003259
0001920
-000175
0002619
0006519
0003550
-002387
-002795
0000582
0001804
0001338
0001629
0001862
0000407
-001514
-001689
-000524
0000523
0001222
0001979
0001920
-000059
-003027
-005705
-006811
-004774
-001747
-001980
-004425
-005589
-005647
-005647
-005647
-005647
-005181
-003202
-001048
-001339
-002562
-001398
0001047
0002095
0001338
-001456
-004425
-004774
-002620
0001164
0003783
0000989
-003610
-002445
0001920
0002561
0000989
0001571
0003434
0004249
0003900
0002503
0001338
0002677
0005064
0005762
0004132
-000059
-004425
-005298
-003784
-004017
-004425
-001223
0002735
0001920
-001339
-001514
0000523
0001164
0000873
0001338
0001629
0000058
-002387
-004075
-004250
-002387
0000174
0000873
0000291
0000640
0001397
0001455
0000989
0000698
0000523
0000000
-000117
0001629
0003900
0004249
0003259
0002794
0002503
0001280
-000233
-001165
-001398
-001107
-000524
0000000
0000582
0001746
0002910
0003609
0003201
0001047
-001630
-002620
-001805
0000291
0002328
0002619
0000931
-003144
-005589
0000756
0009313
0007043
-001339
-003435
-001048
-000757
-001689
-001456
-000175
0001455
0002735
0002561
0001397
0000523
0000349
0001280
0002386
0002095
0001164
0001629
0002735
0002503
0001688
0001920
0002561
0001746
0000349
0000058
0000756
0001804
0002328
0001222
-000815
-001805
-002271
-004017
-005647
-004366
-001980
-002620
-004192
-001689
0001979
0000931
-002795
-003959
-003027
-002445
-002329
-002678
-003377
-004366
-004716
-003260
-000699
0002037
0003841
0003550
0002153
0001920
0002386
0002270
0001222
-001281
-003260
-001689
0002095
0005064
0006112
0004656
0001804
-000408
-001048
0000582
0002677
0001979
-000350
-001339
-000757
0001106
0002561
0000640
-002853
-003959
-003435
-003959
-004716
-003901
-002504
-002736
-003668
-002678
-001107
-001980
-004366
-005938
-006345
-005531
-004250
-004017
-004017
-002096
0000116
-000233
-002387
-004250
-004716
-002387
0000756
0000756
-000583
0001804
0005006
0003318
-000757
-000932
0001106
0000756
-000524
0000873
0003492
0004540
0003725
0001862
-000466
-002736
-003784
-002445
-000874
-003435
-007626
-008092
-005239
-001165
0001979
0001047
-001689
-001048
0001047
-000699
-003784
-002445
0000640
-000292
-003551
-004017
-003202
-005065
-007277
-004716
-000175
0000756
-000815
-001514
-000757
0001746
0003783
0001222
-002853
-001805
0002270
0003958
0003318
0001979
0000814
0001106
0002619
0004074
0005122
0005413
0004831
0003492
0001920
0001047
0000465
-001107
-002911
-003842
-003202
0000116
0003492
0002619
-000990
-003551
-004133
-002911
-000757
0000814
0001047
-000059
-002096
-004832
-006113
-002736
0001979
0001571
-001980
-002911
-002038
-002154
-002795
-002620
-001805
-000757
0000000
-000292
-000874
-000175
0001513
0003550
0004831
0004016
0001979
0001106
0001106
0000698
0000232
0000640
0001513
0002270
0002561
0002095
0000873
-000757
-002387
-003901
-004133
-001223
0002444
0002677
0000291
-002096
-003551
-003551
-002795
-003202
-004250
-004483
-004017
-003144
-002387
-002678
-003027
-001398
0001164
0002503
0002503
0001397
0000291
0000873
0002270
0002212
0001222
0000698
0000698
0000814
0000989
0001280
0001804
0003201
0003667
-000292
-005239
-005007
-001339
0000523
0000349
-000815
-002387
-003726
-003959
-002387
-000408
-000583
-002154
-002911
-003086
-004133
-005065
-004192
-002620
-002969
-004017
-003260
-001165
0000698
0001804
0002619
0002328
0000000
-002736
-003202
-002096
-002096
-002387
-000990
0000582
-000874
-003493
-002969
-000815
-001281
-002387
0000523
0005297
0007916
0007392
0004016
-000292
-002969
-002853
0000523
0004424
0004307
0001571
0000814
0001397
0000931
-000175
-000815
-001165
-001514
-001921
-002504
-003202
-004075
-004599
-003842
-002154
-000175
0001047
0000232
-001747
-002620
-002562
-003202
-003435
-000815
0002444
0002153
0000407
0002095
0005064
0004132
0001338
0001397
0003609
0005821
0006927
0005995
0004016
0003318
0003259
0002037
0000523
0000116
0000814
0001571
0002561
0004715
0005995
0003026
-001107
-000408
0003259
0004715
0004132
0003259
0002386
0001862
0001047
-001805
-004425
-002387
0001164
-000292
-004133
-003901
-001048
0000291
0000116
-000292
-001165
-003202
-004541
-002038
0001920
0002153
0000465
0002095
0004773
0003318
-000466
-002620
-002969
-002736
-001980
-000583
0000931
0002270
0002619
0001106
-000874
-000699
0001047
0002503
0003434
0004365
0004656
0003900
0002328
0000873
-000466
-001805
-002562
-001572
0000000
0000349
-000350
-000874
-001281
-002038
-002620
-002038
-000990
-000815
-001281
-001689
-002038
-003086
-003435
-000524
0002852
0001047
-003086
-002504
0000349
-000292
-002969
-003784
-002445
0000640
0003841
0004482
0003259
0002619
0002037
-000350
-002678
-002038
0000582
0002328
0003201
0004482
0004947
0002735
-000292
-000233
0001920
0002852
0003026
0004132
0004773
0002153
-001514
-001980
-000233
0000174
-000641
-001921
-003377
-004832
-005647
-005181
-004017
-003377
-003377
-003377
-003377
-003901
-003668
-000757
0002794
0003318
0001688
0001106
0001222
0000116
-000932
0000116
0002270
0003434
0003259
0001804
0000174
0000407
0001455
0000640
-000874
-000350
0000989
0000232
-001339
-000815
0001106
0002735
0003376
0002794
0001280
-000699
-002271
-002620
-002096
-001747
-001863
-002271
-002969
-004017
-005065
-006054
-006113
-004133
-001165
0001164
0001979
0000291
-001805
-000292
0003026
0003376
0002153
0003376
0005355
0004540
0001920
-000059
-000641
0000291
0002095
0003376
0003318
0000698
-001980
-000350
0003376
0003783
0001979
0001397
0002153
0003841
0005006
0003201
0000116
-000699
0000465
0002037
0002968
0001746
-000641
-002038
-002154
-001165
-000175
-001572
-003551
-002504
0000000
0000058
-001630
-002504
-002911
-004425
-005414
-003260
0000058
0000349
-001514
-002853
-003202
-002736
-001339
0000698
0002212
0000931
-001107
0000523
0003492
0002561
-000466
-001281
-000117
0001222
0001629
-000641
-003726
-004017
-001921
0000873
0002735
0001862
-000815
-002911
-003668
-002329
-000292
-000117
-000932
-000175
0001280
0001338
0000640
0000931
0001455
0000698
-000641
-000815
-000874
-003027
-006113
-008092
-007859
-004366
-000059
0000814
-000757
-001747
-001514
0000058
0001862
0001862
0000523
-000233
-000699
-001863
-002445
0000058
0003026
0001222
-002736
-002911
-000699
-000466
-001630
-002154
-002213
-002387
-002504
-002154
-001514
-000874
-000699
-001805
-003086
-002154
-000175
0000523
-000350
-002795
-005356
-005705
-004366
-003144
-002562
-002853
-003435
-002736
-001863
-003319
-005007
-002620
0001629
0002852
0001513
-000117
-001339
-001223
-001048
-004483
-007743
-003319
0004016
0004656
0000000
-004657
-006869
-004075
0000989
0002386
0000582
-001805
-003551
-003144
-001456
-000874
-000699
0001397
0003492
0001746
-001572
-001456
0000698
0000465
-000990
-000408
0000756
-000524
-002678
-001980
0000232
0000291
-000757
-000408
0000640
0000349
-000524
0000116
0000873
-001572
-004890
-004192
-001223
-000059
-001107
-004133
-006637
-004250
0000174
0000232
-001980
-000583
0002561
0003143
0002037
0002212
0002852
0002153
0000174
-003260
-005647
-002795
0001979
0001513
-001747
-001107
0001338
-000292
-003202
-001223
0002735
0002037
-000990
-000292
0002095
0001280
-001281
-001747
-001281
-003086
-005356
-004599
-002271
-001921
-002329
0000058
0002794
0001222
-002678
-004192
-003086
-000117
0003259
0004773
0004715
0005471
0005588
0001746
-002271
0000756
0006868
0007392
0003609
-000059
-002038
-000990
0001571
0002270
0001455
0001280
0000931
-001514
-003784
-001747
0002095
0002386
0000000
-001689
-002562
-003551
-004250
-004192
-003959
-005007
-006462
-006695
-005705
-004366
-002620
0000174
0002561
0002852
0001222
-001339
-003551
-004366
-003319
-000583
0002561
0004307
0004424
0003667
0002794
0003143
0004016
0004132
0003725
0004016
0004307
0003085
0001222
0000291
0000349
0001047
0001862
0002212
0002095
0001862
0001629
0002037
0002037
-000641
-003435
-001747
0002212
0003492
0002037
-000583
-003202
-004366
-003842
-002038
-000175
-000524
-001863
-001572
-000117
0001047
0001164
-000932
-003027
-000699
0003026
0001688
-001805
-000699
0003026
0003900
0002444
0001047
0000116
0000232
0000814
0000523
-000175
-000233
0000116
0000291
-000059
-001456
-002969
-003377
-002329
0000523
0003026
0001629
-001630
-001980
0000000
0002212
0003143
0000640
-002795
-001805
0001513
0001920
0000000
-002154
-003435
-002853
-000699
0001804
0003434
0002503
0000232
-000233
0000465
0000349
-000233
0000000
0000756
0001280
0001455
0001106
0000523
0000291
0000582
0001397
0001979
0000931
-001048
-002213
-002038
0000000
0002270
0001862
-000117
-000874
-000350
0000873
0001862
0001164
-000059
0001047
0002910
0002328
-000059
-002387
-003726
-003260
-001805
-001805
-002736
-003027
-002678
-002271
-001630
-001107
0000174
0003900
0007159
0004656
-000292
-000408
0002270
0001571
-000466
0000640
0003434
0004773
0004598
0003841
0003492
0004947
0006868
0006286
0004249
0003492
0003609
0002561
0001222
0000931
0001397
0001629
0001455
0000989
0000116
-001514
-002853
-002154
-000583
-000583
-001223
-000059
0001397
0000232
-002096
-002038
-000874
-002096
-004250
-004308
-002620
-000583
0000640
-000699
-002678
-001165
0001979
0002619
0000989
-001398
-003144
-002213
-000292
-001107
-003144
-002853
-001398
-001514
-002736
-003842
-003842
-001514
0001920
0004831
0005704
0003259
0000000
0001047
0003725
0001746
-002154
-001339
0002153
0003259
0002794
0003725
0005238
0005588
0004656
0002328
-000117
-000699
-000117
-000233
-001165
-002504
-003377
-002562
-000874
-000059
-000059
0000232
0000058
-002387
-004716
-002504
0001338
0000116
-003086
-001048
0003085
0002037
-001805
-002329
-000583
-000292
-000466
0001629
0003841
0001804
-002213
-003668
-002213
0001280
0004889
0005879
0004598
0002910
0001338
0000232
-000059
0000407
0000931
0000174
-001165
-001630
-000466
0003783
0008149
0007509
0003900
0002677
0003259
0003026
0001804
-000524
-002562
-002329
-000757
-000408
-001281
-002387
-003260
-003319
-002271
-000059
0001804
0000814
-001630
-002271
-001456
-000815
-000757
-001630
-002911
-003668
-003086
0000000
0003259
0002794
0000116
-000466
0000582
0000640
0000698
0003026
0005530
0004656
0001513
-000874
-001747
-000815
0000814
0000989
-000233
-001980
-003493
-003668
-003144
-003610
-004483
-004192
-003260
-002795
-002795
-003144
-003435
-003493
-002620
0000349
0003550
0003434
0001629
0001571
0003085
0005180
0006228
0004074
0000523
-000408
0000640
0000931
0000989
0002153
0003550
0003376
0002444
0003201
0004715
0005180
0004365
0002852
0000640
-002678
-004948
-002678
0001280
0001047
-001689
-002271
-001456
-001630
-002445
-002853
-002736
-001863
-000874
-001048
-001514
-000408
0001164
0000814
-000815
-001921
-002387
-002795
-002504
-000233
0001920
0000232
-003202
-003551
-001747
-000757
-000292
0000698
0001804
0002386
0002037
0000407
-001921
-004017
-004948
-003319
-000757
-000874
-001863
0000349
0003841
0004424
0002735
0001280
-000059
-002096
-003726
-002969
-000990
-000175
-000874
-002504
-004483
-005996
-006637
-006113
-005123
-005298
-005822
-004774
-003260
-003784
-005239
-005239
-003901
-001863
-000408
-000932
-002853
-004657
-005414
-004308
-002736
-003435
-005065
-004483
-002329
-000524
0000523
0000407
0000116
0001571
0003201
0001455
-001339
-000524
0002212
0002444
0001222
0001397
0002386
0002328
0001338
0000058
-001281
-002795
-003610
-002387
-000466
-000350
-001339
-001281
-000524
-000175
-000350
-000583
-001456
-003435
-005880
-008034
-008325
-004483
-000059
-001456
-005589
-004774
-001048
-000233
-001107
-000350
0000989
0000407
-001223
-001689
-001048
-000059
0000349
-001456
-003551
-001921
0001455
0002735
0001629
-001107
-003551
-002969
-000175
0002270
0003376
0002677
0000523
-002504
-004366
-002795
0000873
0003434
0004074
0003026
0000814
-001165
-002271
-001921
-000815
0000000
-000117
-001630
-003668
-005007
-004425
-000233
0004307
0003841
0000000
-002620
-003551
-003842
-003493
-002853
-002387
-002678
-003027
-001805
-000059
0000232
-000815
-001863
-002853
-004075
-004483
-003202
-000583
0002444
0004424
0003958
0001513
-001456
-003551
-003726
-002271
-000583
0000058
-002445
-005531
-004483
-001223
-000874
-002387
-002271
-001572
-002911
-004599
-003086
-000524
-001689
-004774
-005007
-003435
-003202
-004017
-004948
-005123
-003027
-000408
-000408
-001747
-001281
0000640
0002677
0003783
0002503
0000349
0000116
0001222
0001571
0001513
0002270
0002735
0000291
-002504
-000932
0002794
0003609
0002095
0000814
-000117
-001165
-001630
-000699
0000640
0000174
-001281
-001572
-001339
-002213
-003493
-003842
-003726
-004541
-005647
-005763
-004541
-001514
0001164
0000058
-003144
-004599
-004308
-003377
-002678
-003842
-005065
-002969
0001047
0003550
0004715
0006752
0007974
0005355
0001222
0000349
0001280
-000175
-002562
-002736
-001107
0000465
0001629
0002794
0003434
0003085
0002386
0002503
0003085
0003026
0002735
0003434
0003958
0002095
-000757
-001456
-000699
-000874
-001456
-000757
0000349
0000291
-000524
-000524
0000000
0000465
0000058
-002271
-004832
-004483
-002213
-001339
-001107
0000931
0003143
0002852
0000756
-000932
-001747
-001805
-001398
-001514
-001805
-001223
0000058
0001920
0002968
0000931
-002329
-003784
-002445
0002328
0007043
0005995
0001920
0001746
0003492
0001629
-001456
-000408
0002794
0003725
0002503
0000349
-001107
0001222
0004191
0001106
-004308
-004017
-000175
0001280
0000291
-002038
-004250
-003726
-001630
-000699
-000699
-000408
-000059
-000233
-000699
-000815
-000292
0001280
0003026
0003900
0003783
0003085
0002153
0001746
0001338
-000408
-002213
-001747
0000000
0000465
0000349
0001629
0003085
0002037
0000174
0001397
0003783
0003201
0000407
-002271
-003551
-002096
0000291
0000291
-001689
-003202
-004425
-006578
-008092
-006695
-003668
-001921
-001863
-002795
-004133
-004541
-004075
-003435
-002329
0000000
0001862
0000756
-001980
-003493
-003260
-001456
0000931
0002328
0002212
0000407
-001921
-002736
-002329
-002271
-001805
0000523
0003143
0003201
0001164
-001572
-003260
-001689
0001164
0000814
-001048
-000059
0002270
0002386
0000523
-002096
-004308
-004657
-004017
-004541
-005880
-006986
-007335
-006287
-004483
-003202
-002795
-003260
-004017
-003959
-003086
-002038
-001048
-000699
-000699
-000350
-000408
-002911
-005414
-003726
0000582
0004016
0005180
0003667
0000640
-001048
-001339
-001805
-001747
0000291
0002794
0003201
0002095
0001688
0001513
0000174
-001281
-001165
0000058
0000582
0000698
0001164
0001513
0001047
-000233
-001863
-003610
-005589
-006520
-004308
-000815
0000291
-000175
0000931
0001920
-000524
-003959
-003784
-000815
0002270
0003900
0002910
0000232
-001747
-002562
-002736
-001747
0001571
0004831
0003841
0000640
-000117
0001106
0002095
0002270
0000814
-000757
0000465
0002794
0002561
0000873
0000640
0001920
0004016
0005821
0005821
0004482
0003376
0002328
0000349
-001339
-000524
0000931
-000990
-004308
-004075
-001805
-001514
-002387
-002213
-001339
-000874
-000874
-001107
-001339
-001339
-000990
-000175
0000232
-001398
-003842
-004948
-004425
-002853
-001048
0000000
0000058
-000583
-000932
0001280
0004016
0003085
0000523
0000989
0003143
0003376
0002619
0004016
0005413
0002386
-001921
-001048
0002619
0003085
0001106
-000524
-001048
0000232
0001338
-001747
-006578
-008034
-006637
-005065
-003842
-003260
-003377
-003551
-003842
-004483
-005065
-005181
-004774
-004425
-003784
-002096
-000815
-002795
-005414
-003202
0000698
-001281
-005181
-001980
0004307
0004598
0001222
0001164
0002794
0001397
-001398
-002154
-001281
-000583
-000117
0000465
0001164
0002386
0003201
0002095
-000059
-001398
-001747
-001398
-001107
-002445
-004192
-003842
-002504
-002736
-004250
-005763
-006345
-004890
-002329
-000641
-000059
-000117
-000699
-001572
-002387
-002969
-002504
0000698
0003900
0002153
-002096
-003260
-001339
0002561
0005297
0002037
-003435
-002736
0000989
-000699
-005123
-005647
-003319
-001747
-000990
-000233
0000349
0000989
0001280
0000465
-000699
-000583
-000466
-003202
-006695
-007393
-005356
-001980
0000756
-000175
-002853
-002853
-001339
-001398
-002736
-003842
-004192
-003144
-001398
0000174
0000640
-000815
-002620
-001165
0001455
0000698
-001921
-002620
-001805
-001689
-001398
0000640
0003550
0005821
0006286
0003783
0000873
0002619
0006112
0004598
0000523
-000175
0001804
0004016
0004773
0001979
-002213
-003377
-002038
-001339
-000990
0000174
0001164
0000582
-001339
-004192
-006462
-006113
-004425
-004716
-005822
-004890
-003086
-002853
-003784
-004657
-004425
-001689
0001397
0000931
-002154
-005065
-006637
-006345
-004133
-000699
0002386
0003318
0002444
0001629
0001164
0000873
0000814
0001164
0001804
0003026
0003492
0000814
-002678
-002620
-000233
0001047
0000756
-000641
-002329
-002678
-001747
-000233
0000640
-001165
-003901
-003901
-002096
-001572
-002038
-001805
-001747
-003784
-006520
-007160
-006637
-008034
-009372
-006637
-002038
0000116
-000583
-003202
-005880
-005822
-003842
-002911
-002271
0000582
0003609
0003550
0000756
-003493
-006695
-005938
-002213
0001571
0003725
0003085
0000465
-001980
-002969
-001398
0001106
0001513
0000116
-001514
-002795
-003551
-003319
-002154
-000117
0002910
0005238
0004482
0001629
-000350
-001048
-000815
0000116
0001455
0001920
-000233
-003377
-004075
-003027
-002795
-003027
-003260
-002678
-000059
0002561
0001513
-001339
-001514
-000350
-001281
-003668
-006113
-006986
-004017
0000174
0000640
-001165
-001107
0000407
0001629
0002444
0003492
0004016
0003085
0001455
0000756
0000698
-000117
-000641
0001338
0003841
0003376
0000989
-000175
-000408
-000990
-001456
-001223
-000524
0000232
0000640
-000175
-001048
0000232
0001862
0000174
-003027
-003610
-002213
-001456
-001223
-000874
-000524
0000000
0000989
0003259
0005122
0003492
0000523
0000640
0002910
0004132
0004249
0003841
0003376
0003318
0003783
0004365
0005064
0005995
0006286
0004074
0001338
0001571
0003609
0004715
0004191
0001804
-001048
-001863
-000932
0000640
0001455
-000815
-004017
-003668
-001630
-002678
-004832
-003726
-000757
0000640
0000523
0000058
-000524
-000990
-001281
-002154
-002271
0000698
0004249
0003550
0000523
0000349
0001746
0000523
-000990
0002153
0006927
0007683
0004831
0000756
-002620
-003144
-001398
0000174
0001222
0001979
0001979
0000756
-000757
-001107
0000116
0003143
0005821
0004947
0001455
-002096
-004192
-003260
-001165
-002213
-004599
-004308
-002154
-000641
-000350
-001514
-003435
-005123
-005822
-005123
-003901
-003959
-004599
-003842
-002445
-002154
-002736
-002911
-002969
-003901
-004075
-000350
0004889
0007392
0007043
0005413
0003259
0001222
0000232
0001047
0002386
0001571
0000174
0002212
0005297
0004715
0002212
0002212
0003783
0004191
0003434
0002212
0001106
0000698
0001047
0002386
0002619
-001747
-007219
-006753
-003027
-003027
-005065
-004366
-002329
-002213
-002969
-001863
-000292
-001572
-003551
-001514
0001979
0001222
-001572
-000757
0001629
0000640
-001630
-000583
0002037
0001397
-000408
0001629
0005064
0004831
0002270
0001688
0001979
0000291
-001747
-000874
0001629
0002677
0002037
0000291
-001223
-000117
0001804
-000117
-003202
-002038
0001688
0003667
0003318
0000523
-002213
-000874
0002444
0002444
0000523
0000407
0001222
0000349
-000874
0000465
0002677
0001804
-000117
0001571
0004889
0005413
0003783
0002444
0001979
0002910
0004365
0004249
0003376
0003900
0005006
0004831
0003376
0001106
-000524
0000640
0003085
0003143
0001629
0001106
0001455
0002153
0002561
0001571
0000116
0000465
0001746
0001979
0001106
-000757
-002096
-000524
0002095
0001513
-000641
-000059
0001629
0000698
-001514
-001863
-000641
0001106
0002328
0002095
0000814
-000524
-000874
0001106
0003550
0002910
0000931
0002270
0005006
0005064
0003085
0001280
0000465
0001338
0002852
0002794
0001513
0000174
-000408
0000640
0002037
0001164
-000699
-000641
0000465
0000174
-001107
-002445
-003144
-002154
-000815
-001921
-003959
-003493
-001630
-001339
-002154
-002853
-003144
-002504
-001863
-002911
-004541
-004308
-003551
-005472
-007684
-005647
-001572
-000583
-001921
-003027
-003086
-001048
0001455
0001222
-000757
-001339
-001107
-001980
-002620
-000466
0002794
0003900
0003259
0002852
0002794
0002735
0002677
0002212
0001571
0001397
0001106
-000175
-001572
-001281
0000174
0001455
0002037
0001688
0000698
-000059
-000292
0000582
0001222
-000815
-003842
-004425
-003202
-002678
-002329
-000292
0001338
-001281
-005356
-005181
-001921
0001222
0002037
-002562
-008092
-006171
-000233
0000640
-001630
-000932
0001047
0000291
-001456
0000232
0002968
0001455
-001805
-000932
0002212
0003026
0002095
0002328
0002328
-000699
-003959
-002038
0002561
0004249
0003026
0000873
-001107
-001456
-000990
-002096
-003551
-002969
-000815
0001397
0002619
0002270
0000291
-003260
-006113
-005123
-001863
-000292
-000408
-001223
-001863
-000815
0000814
0000756
0000000
0001571
0003783
0003085
0001164
0002037
0003841
0002619
0000000
-000583
0000756
0003201
0005064
0004132
0001455
-000175
-000874
-001980
-002736
-001281
0000349
-001689
-004716
-003260
0000873
0003318
0003376
0001571
-000757
-001339
-000699
-001165
-002154
-002154
-001456
-000815
-000466
-000175
-000233
-000641
-001747
-004541
-006928
-005123
-001398
-000932
-002562
-002678
-002038
-002562
-003726
-004483
-004425
-003493
-001863
0000116
0001455
0000814
-000990
-002329
-002853
-003027
-002620
-001339
-000059
-000233
-001223
-001572
-000990
0001106
0002677
-000059
-003901
-002213
0002153
0002677
0000058
-002562
-004483
-005647
-005996
-005763
-005531
-006695
-007393
-004075
0000349
0000349
-002911
-005996
-006869
-003144
0002095
0002677
0000174
-000874
-000292
0000931
0002095
0001862
0000756
0000291
0000349
0000116
0000291
0002153
0004482
0005238
0004132
0001222
-001398
-000292
0002503
0002095
-000292
-000932
-000757
-002387
-004716
-005531
-004774
-002853
-001281
-002911
-005531
-004599
-001747
-000874
-001747
-002387
-002678
-002445
-001921
-001514
-001107
-000466
0000640
0003085
0005006
0003376
-000175
-002213
-002096
-000059
0002328
0001920
-000059
-000466
0000174
0000000
-000524
-000932
-000292
0003259
0006519
0003900
-001514
-002562
-000757
-000990
-001921
0000000
0002328
-000350
-004075
-000699
0005762
0006344
0002735
0000349
-000350
0000291
0001397
0000931
-000699
-002154
-003144
-004075
-004250
-003086
-001281
-000350
-000292
-000524
-000524
0000582
0001804
0000873
-000757
0000000
0002037
0002270
0001513
0001746
0002444
0002153
0001338
0000814
0000640
0000407
0000232
0000640
0000931
-000292
-001747
-000524
0001280
-000583
-003959
-004192
-002271
-001689
-001456
0001047
0003609
0002328
-001223
-003493
-004075
-003842
-002853
-001689
-000990
-001456
-002329
-001456
-000175
-001514
-003202
-000292
0004307
0004365
0001571
0000756
0000931
-001572
-004075
-001281
0003609
0003841
0001338
0001397
0003026
0002852
0001746
0001688
0002212
0001688
0001047
0002153
0003143
0000349
-003959
-005239
-004250
-003784
-003726
-003377
-002271
0000698
0003492
0002735
-000117
-001165
-000641
-000466
-000699
-001514
-002329
-001921
-001107
-001572
-002504
-002213
-001339
-001572
-002271
-001863
-000932
-001165
-001572
0000174
0002677
0002968
0001862
0001979
0002503
0001571
-000292
-001980
-002736
-001805
0000000
0001455
0002095
0001629
0001047
0002037
0003550
0003318
0001979
0001280
0001397
0001979
0002619
0002677
0002153
0001455
0001338
0003259
0005238
0003201
-000583
-001281
0000058
-000292
-001223
-000059
0001513
-000233
-003260
-003435
-001165
0002095
0004016
0001688
-002736
-004657
-003842
-001572
0000756
0000814
-000466
-000233
0000814
0000291
-000699
0000291
0001920
0001629
0000000
-001339
-001339
0001804
0005238
0003900
0000174
0000291
0002270
0000523
-002504
-001805
0001106
0002444
0001920
0000523
-000990
-000757
-000233
-002562
-005531
-004948
-001863
0000640
0001513
-000117
-002620
-002329
-000466
-000699
-001398
0001513
0005122
0003725
-000117
-000175
0001804
0000814
-001223
0000232
0003550
0005064
0005064
0005704
0006112
0004598
0002386
0001920
0002794
0003783
0004307
0004074
0003376
0003201
0003143
0002503
0001455
0000523
-000350
-001689
-002213
-000059
0003143
0003958
0003143
0003783
0004365
0001571
-001863
0000058
0003958
0002328
-002096
-003027
-001107
0000989
0001688
-001107
-004657
-003260
0000640
0000931
-001456
-003260
-003610
-001689
0000814
0000523
-001514
-002562
-002213
-000699
0001164
0001979
0001688
0000407
-000466
0000873
0003318
0004074
0003201
0001571
0000174
0000873
0001920
-000466
-003726
-002562
0000873
0001513
0000058
-000466
-000641
-001863
-003377
-003842
-003551
-003901
-004017
-001805
0000349
-002096
-006404
-006637
-004192
-003493
-003551
-001223
0001629
0001571
-000292
-000699
-000292
-000524
-001339
-002213
-002504
-001223
0000698
0001397
0000931
0000349
-000175
-000350
0000058
0001455
0003085
0003783
0003667
0003376
0003085
0002794
0002619
0002503
0002212
0001513
0000465
-000699
-001747
-002271
-002969
-005705
-008208
-006171
-002387
-002853
-005705
-005880
-004250
-003610
-003551
-002853
-001863
-001398
-001572
-002329
-002795
-001630
0000523
0002619
0003492
0001920
-000466
-000641
0000989
0002503
0003201
0002386
0001047
0001746
0002910
0001397
-001572
-003086
-002911
-001339
0000058
-001456
-003377
-000350
0004365
0003667
-000233
-001456
-000990
-002213
-004192
-005123
-004541
-002213
0000058
-000699
-002795
-001921
0000582
0001979
0001513
-001398
-004192
-002387
0001804
0003318
0002503
0002037
0001338
-001456
-004075
-002445
0001222
0002037
0000931
0000756
0001513
0002619
0003900
0005238
0006112
0005821
0004598
0002677
0001222
0002037
0003609
0002444
0000116
0000465
0001979
0001047
-001281
-002969
-002911
-000175
0003376
0004132
0002677
0001164
0000116
0000116
0000174
-001689
-004425
-005763
-005356
-003668
-001223
0001338
0002968
0002619
0001222
0001222
0001280
-001805
-005531
-005181
-002504
-002038
-002795
-002154
-000524
0000523
0000873
0000640
0000116
-000583
-000699
0000873
0002677
0001629
-000874
-001514
-000699
0000116
0000523
0000116
-000524
-000117
0000931
0001222
0000873
0000349
-000059
-000059
0000174
0000232
-000292
-001980
-004075
-005472
-005763
-004774
-003493
-004017
-005007
-003435
-001398
-003842
-007568
-005996
-001398
0000523
0000000
-000815
-001048
0000756
0002619
0000640
-002562
-001281
0002095
0001688
-000350
0001106
0004249
0005355
0004016
0000873
-002154
-002387
-000466
0001047
0001920
0002968
0002968
-000059
-003726
-003493
-000815
0000523
0000349
0000058
-000932
-003610
-006287
-006113
-004250
-003668
-003726
-002213
-000641
-001805
-004657
-007277
-007684
-003435
0002153
0002619
-000175
-000524
0000640
0000640
-000292
-001689
-002096
0000814
0004773
0005297
0003026
0001047
-000059
-000175
0000407
0000640
0000582
0000582
0000989
0002794
0004132
0001513
-002387
-001980
0001047
0001629
0000814
0001746
0002677
0000407
-003260
-004832
-004075
-002271
0000058
0002677
0004074
0002794
-000408
-003668
-005647
-004890
-002911
-003377
-005065
-004716
-002911
-001572
-000524
0001106
0002095
-000117
-002795
-000757
0003492
0003550
0001280
0001513
0003026
0002677
0001338
0001397
0002444
0003376
0003725
0003318
0002212
0000989
-000117
-001107
-001339
-000524
0001920
0007218
0011292
0007451
0000116
-001107
0001746
0001571
0000116
0002037
0004831
0003609
0000174
-000874
-000175
-000117
-000524
-000757
-001048
-001805
-002387
-001398
-000175
-001339
-002969
-000641
0002735
0001047
-002853
-002329
0001222
0003550
0004598
0005413
0005530
0004424
0002503
0000291
-001107
0000000
0001862
0001106
-000932
-000932
0000349
0000523
-000059
-000350
-000350
-000524
-000641
-000292
-000059
-001223
-002620
-001921
-000466
-001165
-003144
-003842
-003202
-001630
0000000
0000349
-000408
-001223
-001805
-001514
-001630
-004774
-008325
-007160
-003319
-001281
-001398
-002795
-003901
-002038
0001106
0001920
0000698
-000815
-001863
-001980
-000932
0000989
0002852
0003492
0002968
0002328
0001571
0000989
0000407
-000466
-001165
-001107
-000641
-000932
-001281
0000291
0002212
0001455
-000583
-000583
0000349
-000699
-002213
-001107
0000989
0000291
-002154
-003551
-003784
-003842
-003377
-001805
-000408
-001398
-003260
-002329
0000000
0000058
-001048
-000408
0001280
0002095
0002503
0003783
0004715
0003026
0000291
-000117
0001338
0002910
0003725
0003143
0001979
0002619
0003492
0001629
-001339
-001921
-000757
-000175
-000117
0000058
0000407
0001106
0001688
0001280
0000407
0000291
0000582
0000349
-000583
-002445
-003784
-002096
0001047
0002153
0001688
0002095
0002328
0000465
-002736
-006404
-007859
-003144
0003492
0003958
0000349
-000815
0000174
0001222
0002270
0003841
0004598
0002328
-000699
0000000
0002503
0001862
0000000
0001397
0004191
0003725
0001862
0002968
0005006
0003085
-000466
-000524
0001629
0002328
0000989
-002795
-006404
-005472
-002213
-002038
-003319
-000990
0002444
0002153
0000000
0000582
0002561
0002212
0000465
-000117
-000175
-001281
-002853
-003726
-003202
-000757
0002153
0002968
0002328
0002619
0003259
0002852
0001804
0000640
0000349
0001979
0004074
0003492
0001455
0000698
0001280
0002735
0003783
0002444
0000058
-000408
0000058
-001456
-003377
-002329
0000116
0000640
-000466
-001572
-001921
-000641
0000931
0000058
-001863
-001223
0000174
-002038
-005647
-005647
-003610
-003668
-004599
-003493
-000932
0001571
0002561
0000000
-003610
-003027
-000350
-000583
-002562
-002969
-002038
-001281
-000815
-001107
-001048
0001629
0004773
0004598
0001804
-001223
-003086
-002154
0000232
0000931
0000174
-000757
-001281
-000699
0000523
0001397
0001338
-000524
-002678
-002329
-000815
-001281
-002620
-001514
0000582
0000349
-001281
-001689
-001747
-003726
-005356
-002387
0002444
0003609
0001629
-000757
-002387
-002213
-000874
-000292
-000699
-001805
-002445
-000583
0002619
0004715
0004656
0001571
-002154
-002271
0000116
0001513
0001746
0001629
0001106
-000059
-001107
-001048
-000292
-000350
-000175
0003026
0005879
0002153
-003726
-002387
0002852
0003434
0000582
-001514
-002213
-001165
0000349
-000233
-002271
-003842
-004250
-002795
-000641
0000407
0000349
0000116
-000117
-000524
-000408
0001455
0003492
0003259
0001338
-000350
-001048
-000059
0001571
0001571
0000814
0001571
0002910
0003201
0002386
0000640
-000641
0000931
0003434
0002677
0000058
-000815
-000175
0000465
0000989
0001455
0001513
0000989
-000059
-001398
-002387
-002329
-001456
-000408
0000232
-000292
-001456
-001921
-001863
-001805
-001980
-002562
-002911
-001630
-000117
-001747
-004133
-002154
0001222
-000874
-005007
-003784
0000465
0001222
0000116
0001455
0004016
0004889
0004424
0004191
0003550
0001106
-001921
-004017
-004075
-001398
0001746
0001106
-001514
-001281
0000349
-000292
-002096
-002329
-001572
-001630
-002213
-002038
-001747
-002504
-003493
-002969
-001863
-002271
-003842
-005414
-006345
-005996
-004832
-004133
-003726
-002736
-001514
-000408
0000116
-000175
-001165
-002562
-003610
-003551
-002504
-000932
0000523
0001222
0000873
-000757
-002853
-004483
-004657
-002329
0000582
0000582
-001572
-003610
-004075
-000874
0003201
0002910
-000117
-001339
-000815
-000233
0000523
0001746
0002503
0001280
-000990
-002213
-002678
-003551
-004075
-002562
-000466
-001107
-002853
-001514
0000523
-002445
-006869
-005589
-001223
-000408
-001747
-000815
0001222
0001338
0000465
0001222
0002503
0002095
0000698
0000058
-000292
-001921
-003901
-004541
-004017
-003202
-002562
-002562
-002969
-003377
-002969
-000524
0002677
0004365
0004132
0002561
0000232
-001689
-002678
-002911
-002329
-001281
-000524
-001339
-002387
-000874
0001804
0002619
0001571
-000641
-002853
-003551
-003144
-003144
-003086
-001689
0000174
0001222
0001222
0000756
0000116
-000408
-000350
0001164
0003085
0003609
0003143
0003376
0003609
0002444
0000756
0000582
0001164
0000465
-000699
-000583
0000698
0002212
0003492
0004132
0003841
0002619
0001106
0000291
0000407
0000873
0001688
0003085
0003667
0001280
-002329
-004308
-003551
0000582
0004598
0002328
-003435
-006171
-005589
-003551
-001456
-001747
-002795
-000815
0002386
0002794
0001106
-000175
-000990
-001689
-002562
-005065
-006928
-004541
-000175
0001338
0000291
-000815
-001805
-003144
-003668
-001863
0000582
0000058
-001863
-001107
0000873
0000174
-001456
0000000
0002561
0001513
-000874
0001106
0004365
0002619
-001689
-002562
-001107
-001107
-001630
0000000
0001979
0000873
-001398
-000175
0002619
0002328
0000000
-001805
-002096
-000175
0002794
0004482
0004365
0003085
0001106
-000641
-001223
0000000
0002212
0004249
0004715
0001455
-002329
-000641
0003376
0001979
-001805
-000466
0003259
0002794
-000175
-000990
-000175
0000407
0000582
0000058
-000408
0000873
0002386
0001629
-000524
-001747
-001863
-001223
-000466
-000524
-001572
-003377
-004774
-004133
-001980
0000000
0001338
0002328
0002270
0000000
-002271
-000641
0002852
0003318
0001688
0001222
0001338
0000291
-001223
-001980
-001339
0001804
0005122
0004656
0002386
0003376
0005704
0005006
0002444
0001513
0001571
0000523
-000466
0000232
0002619
0006344
0008906
0006927
0002328
-000757
-000990
0002270
0006286
0006228
0003143
0000756
-000932
-003144
-005065
-006229
-005531
-001514
0002968
0003026
0000058
-001514
-001689
-002096
-001921
-000117
0002735
0005530
0007159
0006868
0004773
0001804
-000641
-001107
0000232
0002444
0004365
0004889
0004191
0003900
0003259
0000698
-002096
-001863
0000349
0001862
0002270
0001513
0000756
0002095
0004132
0003434
0001280
0000698
0000931
-000641
-002329
-000641
0002212
0001280
-001339
-000408
0002212
0001979
-000175
-001514
-001747
-001048
-000059
-000292
-000932
0000058
0001513
0001397
0000232
-000466
-000117
0002037
0004307
0003841
0001222
-001747
-003668
-003202
-001223
0000000
0000407
0001047
0001397
0000931
-000117
-001107
-001514
-000699
0000407
-000233
-001689
-002271
-001747
-000059
0000814
-002562
-006869
-004948
-000117
-000175
-003144
-003260
-001689
-001980
-002213
0001804
0006286
0004191
-001398
-002678
-001048
-001572
-002678
-000408
0002735
0001920
-000815
-000292
0001862
0001222
-000874
-001456
-000932
-000990
-000874
0000989
0003259
0003550
0002270
0000873
0000465
0002503
0004947
0003725
0000523
-000757
-000292
0000523
0001164
0001455
0000698
-001630
-004483
-006462
-006520
-003435
0000291
0000349
-001805
-001689
-000757
-002911
-005647
-003784
-000059
-000524
-003144
-002736
-000699
-001048
-002387
-001165
0001164
0001397
0000465
0001164
0002444
0002095
0000523
-000815
-001630
-002096
-001630
0000523
0003026
0003492
0002619
0002794
0003026
0000873
-001456
0000291
0003609
0002735
-000466
-000874
0000582
0000756
0000407
0001397
0002386
0001106
-001747
-004425
-005531
-003319
0000058
-000059
-002271
-002271
-001048
-001339
-002271
-002213
-001281
0000174
0001164
0000291
-001805
-003726
-004716
-004483
-003260
-002096
-001223
-000292
0000465
0001047
0001280
0001164
0000523
-001107
-002154
0000058
0003259
0002212
-000292
0002270
0006810
0006868
0003492
0000174
-001398
0000582
0004191
0005704
0004889
0003318
0001338
-000233
-001572
-003901
-005472
-003668
-000583
-000641
-002795
-003668
-003435
-003435
-003435
-003086
-002795
-003144
-004250
-006345
-007801
-005763
-002445
-002620
-004133
-001747
0001979
0001106
-002271
-003086
-002213
-003144
-004541
-003784
-001572
0000640
0001571
-000117
-002620
-002387
-000117
0001979
0002677
0000989
-002038
-004425
-005239
-003842
-001747
-002096
-003668
-002678
-000932
-002329
-004250
-000641
0004598
0004074
-000583
-003959
-005181
-004832
-002562
0002677
0006694
0002735
-004483
-004366
-000175
-000932
-003959
-002445
0001280
0001629
0000232
0001629
0003841
0002968
0000232
-001398
-001572
-001048
0000465
0003841
0006636
0004598
0000058
-002038
-001456
0000174
0001746
0001804
0000407
-001398
-002853
-002969
-002213
-001980
-001805
-000233
0001397
0000465
-001863
-002969
-002678
-001514
-000524
-001747
-003610
-002795
-001048
-002038
-004308
-004366
-002911
-002271
-001980
-001048
0000116
0000349
0000349
0001571
0002910
0002386
0000640
-000583
-001048
-001107
-000815
-000175
0000407
0000232
0000174
0002270
0004191
0001397
-002969
-002387
0000989
0001222
-000466
-000350
0001047
0002212
0002444
0000873
-001339
-001747
-001223
-002504
-003726
-000990
0002910
0002386
-000292
0000640
0002852
0000640
-003726
-005822
-005123
-002504
0000349
0000814
-000408
-001107
-000990
-000059
0000989
0000465
-000117
0002212
0005355
0005122
0002794
0001513
0001746
0002968
0004074
0002968
0000465
-001281
-002213
-003493
-003784
-000699
0003492
0004074
0002619
0003841
0005355
0001571
-003901
-003726
-000408
-000466
-002504
-001980
-000524
-001805
-004250
-004483
-003260
-003202
-004017
-005007
-005705
-005356
-004599
-005356
-005531
-000815
0004365
0001397
-005298
-005880
-002329
-001398
-002213
-002038
-000757
0001513
0003376
0002386
0000291
0000989
0003085
0002910
0001338
0000582
0000931
0002328
0003434
0001862
-000699
-000583
0001047
0001688
0000873
-001165
-003027
-002096
-000117
-001281
-004133
-004948
-004075
-003086
-002387
-002387
-003202
-004657
-005822
-005472
-003726
-001048
0001164
0000931
-000815
-001572
-001398
-001223
-000874
0000058
0001047
0001920
0002095
0001106
-000350
-001048
-000815
0000523
0001629
0000523
-001572
-001747
-000932
-001863
-002795
-000117
0004074
0006112
0005238
0001688
-002154
-002445
0000000
0002270
0002852
-000350
-004366
-003377
0000174
0000000
-002329
-002678
-001048
0002153
0004424
0001804
-002853
-003260
-000932
-000990
-002271
-001863
-000233
0001513
0002444
0001513
-000233
-000641
0000174
0001280
0001979
0001106
0000116
0001804
0004947
0007101
0007392
0004889
0001513
0000814
0001513
-000350
-003027
-003086
-001456
-001223
-001456
0000058
0002561
0004482
0004947
0003085
-000059
-002445
-003668
-004483
-004075
-001339
0001804
0002037
0000465
0000407
0001106
0000582
-000466
-000583
0000116
0000931
0001222
0000116
-001165
-000350
0001746
0003026
0003201
0002270
0001862
0005006
0008789
0007509
0003609
0003492
0005238
0003900
0000756
-000757
-000815
-001165
-001165
0000698
0002852
0002386
-000059
-003027
-004657
-002562
0001280
0002619
0001455
-000233
-001921
-003086
-003377
-003027
-002562
-003377
-004425
-003377
-001921
-003959
-006928
-005705
-002329
-001689
-002620
-001281
0000698
-000059
-001747
0000058
0002910
0001688
-001339
-001107
0001280
0002444
0002270
0001106
0000000
0000698
0002095
0001571
0000058
-000233
0000000
-001805
-003435
-001048
0003318
0005704
0005122
0001222
-003377
-003901
-001805
-001863
-003086
-002504
-001165
-001048
-002038
-003202
-003610
-001921
0000407
0000058
-001689
-001980
-001107
-000408
-000233
-000641
-001339
-001689
-001398
-000059
0001106
-000350
-002038
0001164
0005588
0003783
-001223
-001980
0000000
-000059
-001165
-000175
0001280
-000233
-002562
-001456
0001979
0005006
0005995
0002735
-001165
0001804
0007043
0004249
-002445
-003086
-000350
-001747
-004890
-004017
-001165
-001048
-002795
-003435
-003027
-002445
-001863
-001398
-001165
-000990
-000466
0001746
0003376
0000116
-004774
-004657
-001165
0000349
0000756
0003143
0005471
0003725
-000117
-001689
-001165
-000175
0000640
0000523
-000117
-000059
0000640
0001688
0002444
0002444
0001629
0000407
-000874
-001398
-001630
-003027
-004192
-002154
0000814
0000116
-002504
-002620
-001107
-000699
-001048
-000815
-000059
0000931
0001397
0000523
-001456
-004425
-006404
-004133
-000292
-000233
-002329
-002387
-000408
0003026
0005238
0001222
-004483
-002678
0003143
0004016
0002037
0003376
0005995
0005180
0002444
0001629
0001920
0000640
-001048
-000699
0000756
0001571
0001280
-000059
-001398
-001223
0000000
0000814
0000931
0000640
-000583
-003377
-006054
-005763
-003435
-001921
-001398
-000990
-000699
0000116
0000407
-001572
-004541
-005880
-005414
-003842
-001921
-000175
0000232
-002038
-004890
-004425
-001863
-001223
-001456
0000465
0002852
0002503
0000582
-000117
0000349
0001106
0001222
-001107
-003726
-002096
0001746
0003550
0003085
0001513
-000233
-000524
0000174
0000407
0000465
0001397
0002561
0002794
0001920
-000350
-002387
-001339
0000582
-001281
-004890
-005472
-003784
-002795
-002213
-000233
0000989
-002445
-007219
-006986
-003377
-000874
-000117
-000117
-000874
-002213
-002736
0000058
0003550
0002910
-000117
-000990
0000058
0001629
0002794
0002444
0001164
0000407
0000291
0000582
0000698
-000292
-001747
-002387
-001921
-000466
0000814
-000059
-002154
-003144
-002678
-000757
0001338
0001513
0000407
0000291
0000407
-001339
-003319
-003086
-001165
0000756
0001047
-002736
-007277
-006229
-002096
-001805
-003319
-001048
0002852
0003841
0002619
0001629
0001164
0001106
0001280
0001455
0001338
0000582
-000175
0000116
0001338
0003085
0004132
0002386
-000408
-000815
0000756
0002153
0002852
0002095
0000756
0000814
0001513
0000465
-001048
-000699
0000407
-000117
-001805
-003260
-004017
-003959
-002969
-000990
0001047
0001862
0001047
-001398
-003842
-003377
-001339
-001456
-002853
-003202
-002387
-000408
0001338
0000523
-001223
0000232
0002910
0002503
0000407
0000174
0001222
0001629
0001397
0001106
0000640
-000059
-000699
-000699
-000350
-000583
-001281
-001805
-001980
-001747
-000990
0000640
0002153
0001746
0000291
-000292
-000233
-000466
-001107
-002271
-003435
-004133
-004366
-004657
-004250
-001398
0001338
-000233
-004133
-005880
-005239
-003551
-001572
0000174
0000523
-001805
-004483
-003086
-000059
-000932
-003668
-002620
0000058
-000466
-002620
-002445
-000524
0000989
0001920
0002386
0002212
0001280
0000698
0002270
0004365
0003725
0001280
-000292
-000641
-000233
0000407
0000640
0000174
-000815
-002154
-003784
-005007
-004832
-003551
-002329
-001281
0000058
0000931
0000174
-001165
-001223
-000408
-000292
-000117
0002677
0005064
0001280
-004716
-004832
-000757
0001979
0003026
0003259
0003026
0003376
0004191
0005413
0006053
0004307
0002153
0003318
0006344
0007392
0006519
0005064
0003376
0001979
0000814
-000699
-002096
-002853
-002504
-000350
0002095
0002386
0001222
0001164
0001571
0000698
-000524
-000175
0000989
0001397
0000814
-000757
-002154
-001921
-000524
0000232
0000407
0000756
0001047
0001047
0000349
-002038
-004192
-002969
0000465
0003376
0004598
0003318
0000873
0000349
0000873
-000583
-002329
-001048
0001979
0003783
0004074
0003376
0002503
0003085
0004365
0004715
0003900
0001455
-000408
0001746
0005530
0005821
0003841
0003958
0004831
0003783
0001513
0000000
-000757
-001630
-002445
-003319
-003668
-002562
