0007101
0004715
0001979
0002212
0003667
0002270
-000699
-002096
-001398
0001571
0004482
0003550
0000407
-000524
0000582
0002503
0003259
-000350
-005181
-005065
-001747
-000350
-001107
-002736
-004657
-005880
-005880
-004541
-002911
-003144
-004133
-003202
-001398
-000815
-000990
-000059
0001106
0000523
-000583
0000465
0002561
0002852
0001979
0002095
0002444
0001280
-000059
0001164
0003259
0002212
0000174
0002328
0005762
0004191
0000174
-000350
0001397
0001688
0000989
0000582
0000814
0002619
0004074
0001920
-001572
-001456
0000931
0002212
0001571
-001514
-004832
-004133
-001630
-002620
-005181
-004541
-002795
-004599
-007568
-005938
-002504
-003610
-006171
-002911
0001979
-000583
-006113
-004366
0001688
0004424
0004307
0004540
0004424
0002561
0000465
0000873
0002270
0000756
-001630
-000292
0002735
0002852
0001397
0002328
0004307
0004540
0003434
0002328
0001047
-001572
-003726
-002620
0000291
0001629
0001397
0001338
0000756
-001630
-004192
-004425
-002445
0000873
0003434
0002503
-000990
-004541
-006637
-006462
-004308
-001805
0000291
0001106
0000989
0001222
0001804
0002444
0003026
0003434
0003434
0002677
0001571
0000582
0000465
0002561
0005180
0005821
0004016
-000583
-004716
-002795
0001862
0001746
-001456
-002504
-001863
-001630
-001514
-000874
0000058
0000756
0001222
0001688
0002037
0001979
0001862
0002794
0003725
0002619
0000582
-000524
-000059
0003085
0005879
0002852
-002213
-001281
0002968
0003609
0001571
0000000
0000000
0002735
0006286
0006694
0005413
0006228
0008033
0008149
0007101
0006519
0006053
0004889
0003841
0004307
0005180
0003783
0001746
0002794
0005006
0003609
0000465
-000466
0000174
-000059
-001281
-003959
-006171
-004657
-001456
-001339
-003027
-002911
-001456
-000641
-000175
0001106
0001688
-001281
-004948
-003959
0000174
0003318
0004365
0003026
0000989
0002095
0004307
0002794
-000233
0000174
0003259
0006112
0007974
0008498
0007858
0007392
0006344
0003085
-000059
0000989
0004598
0006636
0006868
0006694
0005588
0002503
-000466
-000233
0001629
0000814
-001398
-002387
-001689
0000814
0003318
0003201
0000873
-002096
-004192
-003493
-001456
-001223
-002678
-004541
-006054
-006637
-005880
-003260
-000699
-001572
-003377
-000583
0003667
0002910
-000757
-001863
-000583
0001571
0003376
0002735
0001280
0002910
0005704
0005355
0003143
0002561
0003376
0004191
0005006
0006286
0006985
0005471
0002794
0001629
0001338
-000524
-001689
0001571
0006577
0008207
0006694
0004656
0003026
0002794
0003492
0003900
0003550
0001920
0000465
0002037
0004424
0003085
-000350
-001805
-001747
-002096
-002678
-003086
-002678
-000175
0002386
0001338
-001107
0000582
0003667
0001688
-001921
0000523
0005588
0005413
0001862
-000059
-000059
0001397
0002852
0001920
-000292
-000757
-000117
-000408
-000932
-000408
0000931
0002735
0004132
0004132
0002852
0000756
-000757
0000873
0003085
0000582
-003726
-003610
-000641
0000523
-000117
-001223
-002096
-001398
0000058
0000640
0000349
-000350
-001223
-001572
-001572
-001980
-001572
0001513
0005704
0007916
0007800
0006286
0004307
0003318
0003550
0004482
0004889
0002444
-000699
-000641
0001746
0004132
0004773
0001629
-002562
-002504
0000291
0001047
0000465
0000873
0001746
0002037
0001862
0002037
0002212
0002212
0001571
-000699
-002969
-002562
-000757
-000757
-001863
-002271
-002038
-001863
-001805
-001805
-001805
-001747
-001281
0000814
0002794
0001513
-000757
0000523
0003900
0005646
0005355
0003550
0001571
0002037
0003667
0003609
0002619
0002968
0004074
0004540
0004307
0003609
0002444
0000407
-001339
-001339
-000466
-000815
-002096
-002620
-002911
-004483
-006113
-006113
-004716
-003027
-002038
-003027
-005065
-006113
-006113
-005996
-005531
-004425
-003260
-002911
-003319
-004017
-004716
-004832
-004541
-004541
-004483
-003959
-002387
0001280
0004656
0004191
0001397
0000058
0000873
0004191
0007392
0005879
0002328
0003259
0006752
0008091
0006868
0003841
-000175
-004425
-006404
-002445
0003143
0001629
-003493
-003319
0000174
0000756
0000291
0004424
0008498
0003609
-004716
-004599
0000000
-001863
-006345
-003842
0001688
0001164
-002329
-000874
0003085
0003841
0002270
0001455
0001338
0001513
0001513
0000756
-000233
-000408
0000174
0000698
0001280
0002444
0002910
0000058
-003260
-001456
0003026
0005006
0004191
0002095
0000232
0001106
0003376
0003434
0002270
0002794
0003434
0000873
-002678
-002911
-000699
0000873
0001164
0000000
-002038
-003726
-004308
-003260
-001339
0000000
0000407
-000350
-000990
0001455
0004132
0001571
-003202
-003493
-000932
-000233
-000990
-001339
-001048
-000233
0000814
0001455
0001513
0000873
0000174
0000465
0001397
0002270
0002503
0001746
0000174
-001980
-003202
-000641
0002444
-000292
-005472
-005123
-001630
-001339
-002795
-001572
0000756
0001106
-000466
-003144
-005065
-003610
-000408
0000814
-000117
-002329
-004774
-005589
-005065
-004308
-003726
-003493
-003784
-004774
-005647
-005414
-003959
-001281
0000931
-000059
-002387
-002096
-000408
-001107
-002271
0000000
0003841
0005413
0004773
0003609
0002619
0002677
0003434
0003900
0003318
0000756
-002038
-001980
-000408
-000990
-002678
-002795
-001921
-001514
-001863
-003086
-004483
-004657
-003901
-002969
-002678
-003842
-005705
-006869
-006578
-004541
-001863
-000524
-000466
-000524
-000524
-000583
-000466
0000232
0000523
-001165
-003551
-004133
-002795
-000175
0002444
0003259
0003026
0004249
0005588
0004307
0001979
0002212
0003667
0002735
0001106
0002619
0005180
0004191
0000989
-000990
-001747
-002795
-003144
-000641
0002037
-000117
-004192
-003901
-000524
0001746
0001979
-000583
-004133
-004948
-004716
-007917
-012050
-012283
-010013
-009780
-009896
-005996
-001514
-003144
-007219
-004948
-000408
-003260
-008441
-004716
0002910
0002503
-002271
-001747
0001920
0003026
0002212
0002212
0002619
0001804
0001222
0004074
0007276
0004773
0000000
0000349
0004016
0006112
0005937
0004132
0001280
-001514
-003260
-003086
-001921
-002271
-003086
-002154
-000350
0000407
0000116
-000641
-001747
-003202
-004250
-003610
-002504
-003551
-005647
-006462
-006229
-006404
-006578
-005938
-004308
-001456
0001106
0001106
-000408
-000699
0000291
0002444
0004074
0002270
-000466
0000814
0004598
0006519
0006577
0006403
0005821
0004831
0003609
0002677
0001688
-000292
-001863
-000524
0001979
0002153
0000640
-000466
-000583
0000698
0002270
0002037
0001280
0002852
0005355
0005704
0004365
0003143
0001862
-000408
-002562
-003319
-002911
-002504
-002096
-001456
-000583
0000582
0001222
-000466
-002562
-001339
0001222
0000116
-002271
-000874
0002735
0004482
0003841
0001047
-001921
-002096
0000291
0003550
0005355
0002735
-002213
-005007
-005123
-003493
-001630
-002154
-003668
-002387
0000000
0000174
-001689
-004017
-005531
-004366
-001514
0000756
0001571
0000407
-001805
-003260
-003377
-002387
-000874
-000175
-000292
-000524
-001107
-002562
-003901
-003493
-001921
-000699
-000117
0000174
0000232
0000116
0000523
0002444
0004365
0003492
0001629
0002794
0005530
0006344
0005413
0004132
0002852
0001571
0001047
0002386
0004191
0003841
0001979
0000291
-000583
-000350
0000116
-001223
-003086
-002736
-001165
-000990
-001281
0000407
0002095
0000407
-003435
-006520
-007684
-006229
-003202
-000932
0000174
0000291
0000058
0001513
0003085
0001804
-000932
-002096
-001747
-001281
-001223
-002911
-004308
-001339
0003318
0003609
0002212
0006112
0010943
0007683
0000931
0001397
0005879
0005762
0002386
0000465
-000117
-000932
-001107
0001106
0003550
0002386
-000466
-000466
0001397
0002095
0001397
-000524
-002736
-004017
-003784
-001805
0000407
0000174
-001572
-002504
-002736
-003377
-004017
-003842
-003493
-004716
-005705
-003202
0000582
0001047
-000932
-002329
-002329
-000175
0002270
0001280
-001048
0000232
0003492
0004482
0003900
0004424
0005180
0004132
0002095
0000232
0000000
0003783
0008149
0007101
0002968
0001920
0002794
0001804
-000292
-001805
-002213
-001165
0000407
0001222
0000989
-000059
-001456
-002620
-003144
-002911
-002038
-000699
0000407
0000523
-000466
-002213
-003959
-004599
-003842
-001281
0001397
0001222
-000350
-000059
0001804
0004365
0005821
0003783
0000407
0000465
0002677
0003376
0003143
0004191
0004947
0002852
-000874
-003726
-004599
-002445
0000873
0001920
0000931
0000232
-000175
-000641
-000874
-000524
-000175
-000990
-002213
-001980
-001048
-001281
-001805
-000583
0001164
0001047
-000292
-000815
-000990
-002329
-004017
-004599
-003842
-001863
0000349
0001047
0000989
0002677
0004540
0002968
0000291
0001397
0004307
0004307
0003026
0004773
0007334
0005704
0002153
0001571
0003085
0003841
0003550
0002561
0001280
0000407
-000059
-000699
-001339
-001572
-002154
-004599
-006811
-004948
-001048
0000407
-000292
-001048
-001630
-001921
-001805
-001398
-001048
-001339
-002271
-003668
-004716
-004832
-003319
0000814
0004307
0001688
-003726
-004832
-002271
0000465
0002270
0002037
0000349
-000932
-000932
0001455
0004598
0005530
0004132
0001513
-001107
-001805
-001107
-000757
-000699
-000466
-000408
-001398
-002329
-001165
0000931
0001629
0000756
-001223
-003493
-005589
-005880
-001921
0003085
0002852
-000524
-001223
-000117
-000292
-001048
0000000
0001338
0000116
-002154
-002795
-001223
0002386
0005821
0005762
0003259
0001920
0001688
0001338
0001164
0001455
0002328
0004365
0006053
0004656
0002503
0004831
0008440
0006577
0002212
0002328
0004831
0004773
0002270
-001630
-004716
-003959
-000874
0000640
0000756
0001338
0001280
-001863
-005589
-005647
-003319
-002154
-002387
-003260
-004308
-004250
-003959
-005007
-006578
-006695
-005822
-005647
-005589
-004541
-002853
-001398
-000583
-000699
-000874
0000582
0002735
0003550
0003026
0001746
0000640
0000931
0001920
0001629
0000873
0001688
0003085
0002561
0001397
0002794
0004598
0002852
-000757
-002213
-001630
-001048
-000408
0000465
0001222
0001629
0001629
0001338
0000931
0000989
0000814
-000815
-002853
-003202
-002271
-001281
-001107
-002911
-005065
-004250
-002271
-003610
-005938
-004133
-000466
0000174
-001921
-005181
-007102
-003901
0001222
0001688
-001165
-003027
-002969
-000350
0002852
0003201
0001629
0001513
0002095
0001338
0000232
0000989
0002561
0002677
0001513
-000059
-001398
-002213
-001805
0000640
0003376
0003492
0002153
0002328
0003026
0001513
-001107
-002620
-003144
-003668
-004017
-003668
-003319
-004308
-005414
-004017
-001630
-001223
-001980
-001107
0000058
-001165
-003435
-003842
-003086
-003551
-003842
-000757
0003376
0004365
0003085
0002503
0002270
0000873
-000815
-001223
-000815
-000874
-001281
-001630
-001630
-000408
0000407
-001689
-005123
-006462
-005880
-005065
-004133
-002853
-001689
-000699
-000757
-002911
-005938
-007510
-007626
-007510
-006986
-005414
-003901
-003901
-004599
-003260
-001980
-005356
-009605
-007160
-001398
-000641
-002154
0001338
0006286
0005238
0001164
0001571
0004132
0002503
-000233
0002852
0007800
0006228
0001047
-000874
0000349
0002735
0004656
0004191
0001455
-002562
-005589
-004599
-001456
-000641
-001747
-002795
-003493
-003901
-004017
-004308
-004541
-004133
-003493
-003319
-003726
-004774
-005705
-005414
-004541
-004425
-005007
-005938
-006404
-005065
-003435
-004774
-006520
-003726
0001804
0005821
0006985
0004656
0000931
-000233
0000756
0001513
0001862
0002503
0002852
0001979
0001047
0002677
0005064
0004656
0002212
0000000
-001281
-001281
-000292
0000698
0001338
0001222
0000465
-001107
-002213
-000466
0001397
-002271
-007917
-007743
-004599
-005647
-008441
-006811
-003027
-002387
-003726
-003144
-002271
-005007
-008441
-007219
-003435
-002562
-003377
-001456
0000989
-000641
-003726
-002969
0000349
0002561
0003492
0004249
0004307
0003201
0001513
0000291
0000174
0001804
0003900
0004540
0003725
0002328
0001338
0001979
0003318
0003085
0001222
-001805
-004657
-005705
-005181
-005065
-004599
-001747
0000931
-000699
-004890
-007335
-007510
-006229
-003726
-000117
0002153
-000350
-004483
-003551
0000349
0001688
0001047
0000756
0001106
0002444
0004016
0004307
0003492
0002037
0000873
0001222
0002212
0001920
0000814
0000407
0000523
0000116
0000349
0003841
0007043
0003376
-003144
-003784
-000350
0001280
0000756
-001514
-003493
-001805
0001746
0003259
0002270
-000524
-004017
-006753
-007451
-005239
-001980
-001223
-002504
-003668
-003901
-002213
0000000
-000175
-001339
0000465
0003143
0002153
-000408
-000059
0002212
0003783
0003725
0001164
-001805
-001281
0001280
0002095
0001571
0001688
0001397
-001863
-005007
-001689
0003376
-000059
-006753
-004541
0002328
0003259
0000407
0000291
0002095
0003085
0002677
0000523
-002562
-005298
-006171
-004017
-000292
0002153
0002561
0000698
-001689
-001630
0000000
0000349
-000408
-000874
-001165
-001572
-002038
-002213
-002329
-003610
-003901
0000873
0006927
0007101
0003376
0001862
0002503
0003783
0004947
0004831
0003783
0003143
0003085
0003725
0004598
0004831
0004249
0002794
0001280
0001338
0001629
-000524
-003551
-003959
-002736
-002795
-003610
-003493
-003202
-004890
-006287
-003027
0001688
0001629
-001980
-005007
-006462
-006171
-005123
-005880
-007219
-005996
-003377
-001980
-001456
-000466
0001047
0003434
0005588
0006170
0005355
0004132
0002968
0001979
0001804
0003609
0005762
0005471
0003841
0003667
0004715
0005762
0006112
0004889
0002910
0001862
0001804
0002561
0003201
0002386
0000640
-000815
-001281
-000059
0001280
-000583
-003493
-002795
0000058
0001629
0001106
-001863
-005239
-005356
-002911
-000466
0000814
-000408
-002504
-001747
0000174
-001223
-003668
-002387
0001047
0002561
0001920
-000408
-002969
-003435
-002329
-001863
-001689
-000757
0000931
0003318
0005238
0005006
0003783
0004656
0005879
0003376
-000466
-000815
0001164
0001804
0001222
0000756
0000291
-000466
-000757
0000989
0003026
0001804
-000874
-000932
0000756
0001513
0001513
0002037
0002153
0000523
-001689
-001805
-000757
-000990
-001747
-000874
0000407
-000408
-002038
-001456
0000582
0001979
0002503
0002095
0001629
0002677
0003783
0001513
-001689
-000932
0002095
0003085
0002095
0000698
-000350
0000291
0001746
0001862
0000814
-000757
-001805
-000815
0000640
-001107
-003551
-001107
0002619
0000058
-005065
-003959
-000175
-002154
-006404
-004657
-000059
-000059
-002911
-003901
-002736
-000292
0002503
0004365
0005064
0005122
0005006
0005937
0006170
0002153
-002504
-000583
0004773
0005646
0003958
0005821
0008498
0005879
0001513
0002735
0007392
0009779
0009255
0006636
0003201
0001338
0000523
-001281
-003319
-004017
-003493
-002329
-001630
-003086
-004890
-003319
-000699
-002271
-005589
-005007
-002911
-004948
-008965
-009955
-008383
-006404
-005239
-006578
-008325
-006054
-001689
0000116
0000058
0001455
0002794
0001106
-001630
-001572
0000756
0003026
0004715
0005646
0005530
0004598
0003900
0005355
0007800
0008848
0008324
0006636
0004889
0004947
0005762
0004715
0002386
-000059
-001456
-000641
0001338
0002561
0002153
-000815
-003726
-001805
0002503
0003550
0001804
0000291
-000932
-002096
-003027
-004366
-005181
-003784
-001805
-002445
-004483
-005007
-004366
-004599
-004657
-002678
0000116
0001397
0001106
0000000
-001398
-002154
-001689
0000232
0003143
0006519
0008673
0007800
0004889
0002677
0001397
0000349
-000059
0000756
0001862
0001862
0000989
0000523
0000407
-000117
-000117
0001804
0004191
0004424
0002794
0000814
0000000
0002444
0005530
0004365
0000116
-003435
-004948
-003551
-001107
-001747
-003551
-001514
0001513
-000292
-004425
-005472
-003901
-002620
-001863
-001398
-001572
-002911
-003784
-001281
0002212
0001920
-000583
-000874
0000640
0002619
0003783
0001979
-000524
0001222
0004540
0003318
-000466
-001689
-000583
0000756
0002212
0003783
0004773
0004424
0002852
0000407
-001863
-002562
-002213
-002678
-003260
-002562
-000815
0001513
0002561
-000524
-004948
-005007
-002271
-001456
-001572
0001047
0003609
0000698
-003668
-000757
0004773
0001979
-004017
-001514
0005762
0008557
0007683
0007800
0007567
0004016
-000059
0000291
0003434
0004656
0004249
0004016
0003667
0002444
0001397
0002328
0003900
0003434
0001338
-000815
-002213
-001514
0000116
0000174
-000292
0001513
0003550
0001513
-002387
-003726
-002969
-002678
-003086
-004366
-005123
-002969
0000349
0001513
0000989
0000698
0000640
0000116
-000175
0001047
0003026
0004191
0004307
0003609
0002794
0003026
0003900
0003958
0003900
0005530
0007451
0007276
0005471
0003783
0002677
0002328
0002328
0002037
0001338
-000117
-001165
0000058
0001979
0001804
-000408
-003668
-006287
-005647
-003319
-003377
-005065
-005938
-006520
-008325
-009780
-008092
-004890
-003610
-004250
-005531
-006113
-003551
0000174
0001338
0000349
-001165
-001805
0000349
0002968
0001164
-002271
-001165
0002561
0003841
0003318
0003550
0004191
0004598
0004598
0004249
0004074
0005530
0006752
0004715
0000931
-001339
-001339
0001397
0003841
0000582
-005123
-005996
-003202
-001048
-000292
-001398
-003202
-003202
-002271
-002853
-004192
-004308
-003726
-003610
-003842
-003551
-003610
-005822
-008266
-007102
-004075
-003551
-004366
-003668
-001863
-000292
0000582
0000116
-000874
-000350
0000756
0000407
-000524
-000117
0001164
0002037
0002037
0000407
-001281
0000058
0002968
0004656
0004540
0002677
0000873
0002444
0005471
0005762
0003841
0002037
0000640
-000699
-001281
-000292
0001164
0001047
-000292
-001747
-002562
-002213
-000815
0001629
0003085
0000582
-003493
-003784
-001980
-002504
-004483
-005181
-005181
-006462
-007568
-005589
-003202
-006171
-010770
-008849
-003202
-001572
-002096
0001338
0005006
0001804
-004250
-004017
-000524
-002038
-005705
-004483
-001281
-002795
-006404
-006113
-003144
-001165
-000175
0001455
0002444
0000931
-002038
-004425
-005414
-005123
-003319
0000232
0003492
0003434
0000873
-001165
-002213
-002678
-002038
0000582
0002910
0000989
-002620
-001980
0001106
0001338
0000523
0003201
0006927
0006461
0004016
0005355
0008033
0006752
0003201
0001571
0001513
0001222
0000523
-000641
-001572
-001339
-000466
-000524
-001398
-002445
-003610
-005123
-006054
-004890
-002969
-003086
-003610
-000466
0003492
0003259
-000233
-003435
-005472
-006229
-005298
-002213
0000640
-000292
-003260
-003842
-002445
-000815
-000117
-002096
-004716
-003959
-000932
0001338
0002095
0001047
-000466
0000232
0002386
0003550
0004365
0006810
0009255
0009022
0006810
0004947
0003900
0003609
0003550
0002328
0000582
-000292
-000583
-001223
-001863
-001398
-000815
-002038
-003842
-003726
-002387
-001747
-001805
-001980
-002213
-002504
-003202
-005007
-007044
-008034
-007743
-006404
-005123
-005938
-006928
-004192
-000292
-000524
-003086
-003435
-001921
-000583
0000407
0000814
0001338
0003434
0005530
0004831
0002677
0002677
0003550
0002212
0000058
0000000
0001862
0004540
0006112
0003492
-000932
-002154
-001107
-001281
-002154
-002096
-001281
0000232
0001164
-000583
-002853
-001223
0002444
0004016
0002968
0000058
-003027
-003493
-002504
-003551
-005007
-003493
-000292
0002270
0002794
-000059
-004075
-005065
-004075
-004774
-006113
-005705
-003551
-000292
0002735
0003492
0002677
0002503
0002852
0002503
0002095
0003201
0004307
0002735
0000000
-000466
0000000
-002096
-005007
-005589
-003784
-000699
0002386
0004132
0003841
0001513
-001339
-002504
-001514
0001688
0004365
0001804
-002736
-002154
0001280
0001746
0000174
-000175
-000117
-001747
-003319
-001281
0002270
0003376
0002619
0002561
0002852
0002270
0001455
0002095
0003259
0003026
0001979
0001629
0001746
0001280
0000756
0001047
0001920
0002852
0003318
0003085
0002270
0001571
0001222
0001455
0001397
-000757
-003144
-002562
-000233
0000640
-000292
-002096
-004192
-005996
-006404
-003784
-000292
-000059
-001747
-001805
-000757
0000000
-000583
-004425
-008266
-006113
-000874
0000814
-000524
-001805
-002445
-002038
-000990
-000466
-000059
0001164
0002794
0004249
0004773
0002910
0000698
0001862
0004715
0005355
0004365
0003958
0003609
0001979
-000117
-001165
-000874
0000873
0002619
0001979
-000117
-001107
-001048
-000699
-000583
-001339
-002154
-001048
0000814
0001338
0000291
-002387
-004483
-002504
0001164
0001513
-000466
-001514
-001456
-000990
-000117
0001047
0001571
0000116
-001747
-000757
0001804
0002677
0002386
0003085
0004016
0003143
0001804
0002386
0003958
0004016
0002968
0002386
0002444
0003143
0004074
0004773
0004424
0001862
-001165
-001398
0000058
0000407
-000408
-001456
-002271
-002445
-001863
-000292
0000698
-001107
-004599
-007219
-008034
-006578
-004250
-004250
-005472
-004832
-003726
-005239
-007859
-008674
-007393
-004250
-001456
-003260
-006462
-004192
0001047
0003318
0002503
0000349
-001805
-001863
-000699
-001165
-001630
0001397
0005704
0007043
0005762
0004307
0002852
0000989
-000233
0000582
0002153
0001280
-000292
0000989
0003609
0003900
0002794
0003085
0003958
0003259
0001397
-000932
-002271
0000000
0002677
-000466
-006520
-009023
-007917
-005356
-002387
0000116
0001106
0000058
-001398
0000000
0002386
0001862
-000641
-002504
-002387
0001280
0005762
0005995
0003318
0001629
0001397
0001804
0002444
0002212
0001920
0003318
0005297
0005937
0004947
0002444
0000291
0001338
0004132
0005006
0003900
0001629
-000524
-000757
0000523
0001920
0002968
0003609
0003900
0004482
0004365
0001571
-001863
-002387
-001107
-001281
-002329
-002387
-001921
-002387
-002911
-001805
0000116
0001047
0001455
0002677
0004016
0004365
0003318
0000698
-001689
-000874
0001688
0002153
0001222
0001513
0001979
-000059
-002620
-002038
0000349
0001106
0000465
-000466
-000990
0000291
0002095
0001862
0000407
0000232
0000523
-001107
-003086
-002504
-000583
-000117
-000932
-001456
-001630
-001107
-000932
-003144
-005647
-004308
-001165
-001456
-003144
-001514
0001571
0001746
-000117
-001339
-001514
-001107
0000232
0002852
0005355
0005413
0003958
0003725
0004249
0003667
0003201
0005122
0007567
0006636
0003900
0003201
0003550
0002153
-000175
-001689
-002213
-002154
-002096
-002969
-004192
-004425
-003668
-002096
-000641
-000932
-002038
-001805
-000583
0000407
0000640
-000117
-001514
-002620
-003202
-003144
-002911
-003202
-003901
-004425
-004716
-005472
-005007
-000292
0004889
0003958
-000641
-002678
-002096
-000583
0001280
0002561
0003201
0003492
0003609
0004074
0004598
0005122
0004889
0002794
0000640
0001746
0004249
0003609
0001164
0000349
0000756
0000756
0000116
-000815
-002038
-003319
-004425
-005414
-005123
-001398
0002677
0001513
-002445
-003202
-001863
-002795
-004541
-004192
-002853
-003319
-005007
-006520
-007277
-007044
-005996
-004657
-003202
-001339
-000292
-001805
-003668
-000932
0003259
0002037
-001165
0001979
0007101
0004249
-001223
0003318
0011118
0007683
-001223
-001281
0003667
0003143
-000292
0000523
0003085
0001280
-002096
-000815
0002735
0002852
0000465
-001281
-002038
-002329
-001863
0000232
0001920
-000350
-003959
-003144
0000174
0001164
-000117
-002329
-004192
-003784
-002213
-002736
-003784
-002038
0001047
0002444
0002503
0003143
0003492
0001979
-000466
-002096
-002271
-000350
0001629
-000059
-003144
-002562
0000407
0002619
0002852
-000059
-003668
-003435
-000699
0000523
0000174
-000874
-001689
-000815
0000698
0000523
-000641
-001339
-000990
0000814
0002561
0001397
-001165
-001514
-000524
-001572
-002678
0000349
0004074
0002037
-002969
-004366
-002271
0001571
0004715
0003143
-000466
-000117
0002619
0003201
0002037
0000873
0000582
0002212
0004540
0005006
0003900
0002910
0002037
0001047
0000174
-000583
-000874
-000175
0000232
-002213
-005589
-006113
-004425
-002562
-001456
-002329
-004250
-005356
-005298
-004425
-003493
-004017
-005531
-007160
-007859
-006753
-004599
-003027
-002096
-000815
0000058
-000117
-001281
-003493
-005007
-003027
0000465
0001397
0000349
-000233
0000232
0002153
0004307
0004132
0002561
0002037
0002735
0004132
0005413
0005238
0004598
0006403
0008440
0006636
0002561
0000058
-000699
-000932
-000524
0000698
0001804
0001571
0000232
-001514
-002504
-000990
0001280
0000756
-001048
-000292
0001513
0001164
-000932
-003435
-005123
-004366
-002911
-005065
-008092
-006229
-002096
-001805
-003551
-002096
0001106
0002794
0002619
0000873
-001165
-001339
0000174
0001920
0003201
0003318
0002503
0001338
0000756
0002212
0004191
0003725
0001455
-000757
-001805
-000350
0001979
0001571
-000175
0000814
0002328
-000874
-004716
-000757
0005995
0004307
-001630
-001223
0002212
-000117
-005356
-006811
-005239
-004250
-003726
-002678
-002096
-003726
-005705
-004832
-001980
0000582
0002095
0002037
0001222
0001804
0002852
0001571
0000058
0002677
0006577
0005821
0002212
0000407
0000989
0003550
0006053
0004831
0001920
0002037
0004307
0006112
0006112
0002910
-001048
-000699
0001746
0000814
-001863
-002387
-000757
0002270
0004540
0003085
-000757
-003842
-005239
-005007
-003435
-001107
0000756
0001047
0000000
-001398
-002271
-001456
0000000
0000116
-000699
-000990
-000583
0000582
0001979
0002677
0002968
0004132
0005413
0005530
0004831
0004365
0004191
0004132
0004191
0004074
0003492
0002386
0000523
-002795
-005647
-005531
-003377
-001980
-000990
0001455
0003725
0003085
0000873
0000174
0001047
0002619
0003492
0001746
-001689
-004657
-006113
-005705
-004133
-003260
-003086
-002853
-002620
-002911
-003319
-003260
-002736
-002154
-001398
-000175
0001106
0001746
0002212
0004424
0006344
0003958
0000291
0001513
0005297
0005355
0003318
0003434
0004540
0003725
0001804
0000873
0001106
0002153
0003259
0003318
0002619
0002328
0001629
-001339
-004716
-005181
-003726
-003144
-003202
-002853
-002329
-002096
-002504
-004075
-005472
-004366
-001980
-000641
-000815
-002620
-004716
-005356
-004133
-001223
0001688
0001920
0000698
0001222
0002735
0003143
0002852
0003201
0003783
0003900
0003667
0003667
0004074
0005355
0006286
0005122
0002561
0000291
-000932
-001048
0000407
0003900
0006752
0004598
-000059
-002038
-001107
0001397
0003259
0000582
-003726
-003784
-000757
0002037
0002270
-003319
-010071
-009664
-004657
-002678
-003435
-004133
-004890
-006229
-006404
-002213
0002503
0000291
-004716
-003086
0002212
0003318
0001397
0000582
0000407
-001165
-002620
-001630
0001455
0005471
0008906
0009895
0008848
0007858
0006985
0006170
0005006
0002619
0000291
0000232
0001571
0001920
0001746
0002735
0003841
0003550
0002095
0000465
-000699
-000932
-000699
-001339
-002562
-003551
-003842
-002969
-001689
-001456
-002445
-004308
-005822
-004657
-002504
-002911
-004599
-004483
-002911
-001339
0000000
0001164
0001862
0002095
0001513
-000815
-002911
-001456
0001862
0003143
0002619
0002212
0001920
0001222
0000407
-000466
-000641
0001338
0003725
0003026
0000756
0000698
0001746
0000756
-000874
0000000
0001629
0000174
-002678
-003027
-001863
-002213
-003144
-002562
-000932
0000582
0001047
-000641
-002736
-002038
0000523
0002444
0002910
0001571
-000641
-001863
-002038
-002154
-001921
-000874
0000756
0003259
0004889
0003026
0000116
0001397
0004831
0005355
0004074
0004831
0005355
0000523
-005065
-002911
0003434
0005355
0003550
0002095
0001222
0001164
0001106
-001107
-003668
-003319
-001281
-000815
-001805
-003027
-003726
-002853
-001456
-002038
-003202
-001339
0001222
-000175
-003377
-003435
-001514
-000932
-001107
0000058
0001571
0001688
0000756
-000466
-000641
0002328
0005762
0004365
0000873
0001920
0005122
0004656
0002386
0003492
0005646
0004132
0000349
-002504
-003027
-000233
0003841
0005588
0004249
0000291
-004133
-005589
-004425
-003319
-002154
-000350
0001164
0001280
0000349
-000117
-000583
-002736
-004832
-003551
-001048
-002096
-004716
-004133
-002038
-002096
-003784
-005705
-006287
-003435
0000232
-000524
-003551
-003551
-000699
0003318
0006461
0006286
0003434
0000116
-001630
0001222
0005471
0004773
0001455
0001455
0003201
0002270
0000174
0000698
0002503
0002386
0001047
0000349
0000582
0001513
0002503
0002212
0001222
0000814
0000873
0000640
0000116
-000815
-002038
-003260
-004133
-004425
-003842
-002154
-000990
-003319
-006753
-006637
-003842
-001398
0000000
0000232
-000757
-003086
-004774
-002853
0000873
0002212
0001280
-000524
-001863
-000408
0002503
0003958
0003841
0002852
0001629
0000582
0000640
0002503
0004947
0005471
0004540
0004656
0004831
0003026
0000756
0001397
0002910
0000407
-003086
-001398
0002677
0002503
-000233
-001048
0000000
0001979
0002910
-000466
-005181
-005007
-001980
-001456
-002911
-004425
-005298
-005065
-003726
-001630
0000232
0000582
-000059
0000523
0000756
-003027
-007102
-004716
0000989
0003085
0001629
-000699
-003144
-005414
-005705
-001921
0003085
0003725
0001513
0001164
0001979
0001979
0001164
-000583
-001514
0001280
0004889
0003783
-000350
-003202
-003610
-000757
0002794
0002386
-000292
-000641
0000756
0002037
0002386
0000873
-001281
-001398
-000583
-001863
-003959
-004133
-003144
-003610
-004133
-002154
0000814
0001106
0000116
0001513
0003376
0001280
-001980
-000524
0003143
0003143
0000931
0000291
0001164
0002328
0003085
0002677
0001047
-001630
-003959
-004308
-003202
-002213
-001921
-002620
-003784
-004250
-003901
-003435
-002445
-000233
0001979
0002095
0000407
-001572
-003202
-004133
-004192
-003784
-003260
-003202
-003435
-003202
-002678
-002154
-001398
0000000
0001222
0000756
-000117
0001571
0004132
0004191
0002968
0003434
0005064
0006403
0006403
0003667
-000117
-002038
-002445
-003435
-004133
-002853
-000583
0001164
0001047
-002154
-006229
-007393
-005763
-003260
-001223
-001863
-003435
-001572
0001280
-000233
-003901
-004366
-002969
-003726
-005298
-004250
-002096
-001863
-002911
-003086
-002736
-003202
-003784
-003260
-002445
-003027
-004133
-004541
-003086
0002095
0006927
0004482
-001165
-000583
0003667
0004307
0002444
0001397
0002037
0005355
0008498
0006228
0001222
-000059
0001571
0002561
0002444
0000989
-000757
-000874
0000058
0000465
0000174
-000583
-001514
-002096
-002562
-003784
-004541
-002329
0000465
-000757
-004599
-007219
-007801
-006578
-004133
-001456
0000058
-001398
-003377
-000757
0003667
0003900
0001164
-000874
-001165
0000814
0003609
0003900
0002968
0004365
0006461
0005762
0003143
0000873
-000292
-000233
0001164
0004132
0006577
0005122
0001862
0001513
0002735
0001455
-000990
-001689
-000932
0000174
0000931
-000059
-001630
-001572
-000990
-002620
-004774
-003493
-000699
-000641
-002795
-005298
-006345
-003086
0001513
0001164
-001921
-001572
0000116
-002445
-005763
-002562
0003434
0003725
0000407
-000233
0000640
-000408
-002096
-001747
-000350
-000524
-001048
0000989
0003434
0002328
-000815
-002213
-002038
-001863
-001747
-001630
-001689
-002154
-002853
-003551
-003668
-002504
-000408
0001920
0003492
0003609
0002619
0002095
0001746
0000291
-001339
-001398
-000990
-002911
-005298
-004425
-001689
-000932
-000641
0002968
0007218
0006985
0004016
0002794
0003376
0004249
0005180
0006170
0006577
0005762
0003958
0001397
-000350
0000873
0003376
0003259
0001280
-000059
-001107
-003027
-004599
-003959
-002096
-001689
-002271
-002329
-002096
-002329
-002795
-002736
-002969
-005239
-007626
-006637
-004075
-004483
-005763
-002387
0001688
-002154
-008616
-005705
0001106
-001165
-007277
-005065
0001862
0004191
0003085
0003550
0005006
0005821
0005762
0004656
0003434
0003783
0005238
0006694
0007392
0006403
0004715
0004715
0005238
0003434
0000931
0001338
0002794
0001164
-002038
-003668
-003377
-001921
-000233
-000117
-001107
-001980
-002387
-002678
-002678
-002213
-002562
-005938
-010187
-011468
-009722
-006695
-003784
-002969
-003842
-004948
-004716
-000583
0004132
0003143
-000932
-001747
0000349
0003085
0005355
0005995
0005297
0004598
0003958
0002910
0002212
0003201
0004482
0003550
0001513
0000698
0001629
0004365
0006927
0005995
0002968
0001047
0000756
0001629
0002735
0002153
0000582
-000350
-000757
-001572
-002271
-001805
-000874
-001339
-002329
-002387
-001165
0001222
0003143
0001688
-001689
-004192
-004890
-003319
-001223
-002213
-004425
-003668
-001165
-000466
-000641
0000465
0002561
0005006
0006519
0005238
0003085
0004482
0007043
0005297
0001455
0000756
0002095
0002212
0001397
0000523
0000232
0001106
0002677
0004016
0004773
0004947
0004307
0002735
0001047
0000407
0000698
0001106
0001164
0000116
-001281
-001223
-000408
-000524
-000757
0001164
0002968
0000232
-004366
-005298
-003377
-001863
-001456
-002271
-003610
-003842
-003027
-002038
-000874
0000873
0002386
0002386
0001862
0003026
0004656
0004074
0001920
0000174
-001165
-002736
-003842
-003610
-002853
-003551
-004133
-001456
0002212
0002095
-000466
-001630
-001630
-002213
-002620
-001281
-000059
-002504
-006229
-006113
-003377
-001630
-001107
-001107
-001689
-002969
-004308
-004774
-004599
-004366
-004192
-003784
-003610
-004716
-005123
-001165
0003900
0003667
0000582
0001164
0003900
0004307
0003376
0003958
0005006
0004307
0002444
0000465
-000583
0000582
0002735
0003609
0003376
0003376
0003259
0002561
0001047
-001863
-004192
-002969
0000523
0003259
0003667
0000174
-004483
-005065
-002969
-002213
-003144
-005705
-007743
-005472
-001165
0000582
-000233
-001980
-003668
-004075
-003260
-001980
-000641
0000291
0001106
0002561
0003900
0003841
0002968
0002561
0002270
0000058
-001514
0001979
0006985
0006053
0002095
0002386
0005588
0007858
0008324
0006636
0003667
0001397
0000174
-000408
-000059
0001397
0002968
0003201
0002095
0000756
-001107
-004308
-006753
-005123
-001805
-002271
-004774
-004483
-002969
-004075
-006520
-007393
-006695
-005880
-004774
-002620
-001456
-004657
-008674
-006345
-001107
-001165
-003959
-002445
0001222
0001920
0000698
0000582
0001629
0003201
0004482
0003958
0002852
0003725
0005588
0006228
0005588
0004540
0003376
0002619
0001862
-000233
-001805
0000931
0004947
0004482
0001047
-000932
-001107
0000116
0001513
0001222
-000292
-001223
-001572
-002213
-002736
-002969
-002620
-001339
0000174
0001047
0000523
-002213
-005007
-004192
-001514
-001398
-002736
-002911
-001689
0000640
0002503
0001106
-001223
0000814
0004132
0001804
-002445
-000408
0004656
0005064
0001862
-001048
-002213
-000175
0003201
0003900
0002677
0002328
0002677
0002910
0002561
0000407
-001514
0000174
0003434
0003725
0001513
-001398
-003493
-003202
-001630
-001805
-003202
-004192
-004541
-004308
-003319
-001456
0000291
0000232
-000874
-000757
0000058
0000232
-000175
-001048
-001398
0000349
0002852
0003143
0001979
0001571
0001338
-000524
-002911
-003901
-003901
-004716
-005298
-003202
-000233
0000174
-001223
-001398
-001572
-004716
-008092
-006811
-003144
-002329
-003784
-004948
-004599
-000583
0003550
0001338
-004133
-005705
-003959
-002562
-001689
-000815
-000350
-000874
-001689
-001572
-001107
-002038
-002853
-000699
0002444
0002561
0000756
0000174
0000814
0001746
0002386
0001571
-000117
-001456
-001572
0000582
0003259
0003376
0001746
0001106
0000698
-001572
-003959
-003784
-001456
0001106
0002561
0001571
-001281
-004483
-006462
-005647
-003202
-001689
-001107
-000292
0000058
-001223
-003086
-003435
-002853
-003260
-004133
-004133
-003668
-003901
-004192
-003260
-001980
-001980
-002911
-003493
-003493
-002620
-001456
-000932
-000583
0000640
0002444
0003783
0004715
0006053
0006810
0005995
0003958
0001571
0000058
0000640
0002619
0004424
0004889
0002561
-000350
0000756
0003725
0003143
0000814
0001397
0002677
-000175
-004774
-006171
-005123
-004366
-004425
-005763
-007510
-007917
-006928
-005472
-004133
-003784
-004192
-004133
-004017
-004832
-005531
-004192
-001921
-000524
-000815
-003551
-006229
-004133
0000349
0001338
0000465
0002444
0005122
0004016
0000989
0000640
0001804
0000756
-001048
-000524
0001571
0003085
0003667
0003783
0003259
0001979
0000873
0001280
0002212
0001397
-000583
-002271
-002911
-001921
0000058
0001804
0002968
0004132
0004365
0002153
-000815
-001572
-001048
-002154
-003842
-003784
-002445
-001281
-000641
-000757
-001223
-000757
-000233
-000990
-002271
-002620
-001572
0001106
0003783
0003550
0002095
0003900
0006519
0004947
0000814
-001630
-002096
-001630
-000757
-000350
-000699
-001805
-002620
-000990
0001397
0000989
-001223
-002387
-002678
-003144
-003260
-002154
-000466
0000582
0000931
0001280
0001280
0000058
-001456
-001747
-001165
-000990
-001339
-002329
-003144
-002445
-000408
0002852
0004947
0002212
-002504
-003668
-001339
0002037
0005064
0006053
0004947
0002735
0000582
-000350
0000174
0001397
0002794
0003841
0003550
0000931
-002504
-004308
-004716
-005589
-006345
-005356
-004192
-006113
-008558
-006404
-001980
-000815
-001921
-001514
-000932
-003551
-007160
-007801
-006287
-005472
-005181
-004308
-003493
-004250
-005239
-003959
-001398
0000407
0001106
0001164
0000873
0001047
0001746
0002328
0003143
0004715
0006286
0007159
0006752
0004365
0001688
0001688
0003259
0002910
0002153
0004656
0007800
0005995
0001920
0001746
0003609
0002561
-000292
-002154
-002562
-001630
-000117
0000582
0000232
-001048
-002795
-004133
-004774
-004599
-003726
-002445
-001630
-002329
-003901
-005007
-005181
-004308
-003319
-004541
-006054
-004483
-000874
0001629
0002968
0004074
0005064
0006985
0008207
0005588
0001862
0002386
0005471
0006577
0005646
0004249
0002852
0002153
0001862
0000989
0000523
0002561
0005355
0005704
0004656
0005180
0005937
0003609
0000232
-000408
0001106
0002328
0002677
0001920
0000523
-000292
-000699
-001514
-001980
-000583
0000814
-001689
-005356
-004308
-000990
-001107
-003551
-004890
-004657
-002504
-000408
-001630
-004483
-004483
-002911
-003144
-004541
-005647
-005239
-001456
0003318
0004715
0003201
0001455
0000582
0001979
0004307
0005355
0004132
0000174
-004075
-004483
-001980
-000350
0000523
0002386
0003841
0002386
-000292
-000699
0000349
0000174
-000524
-000175
0000582
0000000
-001223
-001456
-001048
-000874
-001107
-001921
-002504
-001048
0000407
-002387
-006345
-005239
-001630
-002213
-003842
0001629
0008731
0006112
-000699
0001280
0007218
0005180
-000466
0000931
0005995
0005762
0002735
0003725
0006228
0004365
0000523
0000058
0001688
0001047
-000350
0001280
0003841
0002852
0000291
0001222
0003376
0001455
-002154
-001980
0000232
0000116
-001398
-001863
-001281
-000292
0000465
-000175
-001689
-002736
-003144
-003202
-002736
-001398
0000174
0001222
0001804
0002503
0003376
0004365
0005064
0005180
0004598
0003259
0002095
0002619
0004191
0005238
0005413
0004365
0002852
0001979
0001920
0002677
0002619
-001165
-005938
-006578
-004541
-004890
-006171
-004541
-001630
-001107
-002213
-002445
-002387
-003493
-005239
-006695
-006753
-004133
-000524
0000931
0000465
0000116
-000524
-002678
-004483
-002445
0001164
0001164
0000000
0004016
0009022
0006868
0000931
-000408
0001862
0003667
0004656
0005064
0004773
0003667
0002619
0003085
0004365
0004773
0004191
0002852
0001513
0001455
0002561
0004540
0005762
0003609
-000524
-003784
-005414
-005705
-004832
-003493
-001921
-000059
0001222
0000756
-000466
-000175
0000756
0000000
-001630
-002795
-002504
0000232
0003026
0001571
-002562
-005472
-006171
-004657
-001805
0000291
0001746
0004482
0006053
0002386
-003377
-005123
-003027
0000349
0003318
0003667
0002503
0003085
0004715
0005238
0004715
0004132
0003318
0001920
0000814
0001164
0002212
0001920
0001280
0002910
0005180
0005064
0003318
0002677
0002444
0000756
-001339
-002096
-001514
-000466
0000582
0001164
0001280
0001571
0001338
-000757
-003319
-003610
-001980
-000233
0000989
0000931
0000174
0000407
0001338
0002444
0002794
0000814
-002213
-003959
-003842
-001630
0000640
-001107
-003959
-001747
0002794
0003201
0001571
0004307
0007392
0002735
-004366
-002445
0003958
0003550
-000233
0002212
0007043
0005762
0000814
-001281
-001165
-001747
-002213
-000932
0001280
0002910
0003143
0001280
-001223
-001223
0000000
-000815
-002387
-002038
-000175
0002212
0003958
0004016
0002735
0000873
0000174
0003667
0007742
0005355
-000117
-000874
0001338
0001047
-000874
-001921
-001747
-000466
0000931
0000465
-001165
-002329
-002387
-000757
0000873
-000350
-002736
-002329
0000000
0001688
0002270
0002095
0000931
-001165
-003260
-004250
-003377
0000058
0003783
0003900
0001688
0000989
0001338
0001047
-000059
-002387
-004308
-003319
-000583
0001047
0001746
0003085
0004656
0006170
0006868
0005704
0004074
0004947
0006577
0005064
0002270
0002270
0004132
0005297
0004947
0002386
-000641
-001281
0000465
0003783
0006112
0003725
-000874
-002387
-001339
-000699
-000990
-002445
-004599
-006637
-007510
-006113
-003901
-004133
-005531
-004948
-003610
-004366
-005472
-002678
0000989
-000466
-004716
-005938
-004425
-002271
-000466
-000524
-001514
-000932
0000232
-000117
-001223
-001339
-000350
0002037
0004132
0003550
0001571
0001513
0002794
0003201
0002910
0002735
0002561
0001746
0001106
0002153
0003434
0002037
-000524
-000699
0000407
-000350
-001805
-000990
0000465
-000874
-003086
-001805
0000640
-001398
-005065
-003959
-000583
-000874
-003027
-002271
-000641
-002387
-005938
-007743
-007393
-005589
-003668
-003901
-005298
-005356
-004599
-005065
-005531
-003784
-001048
0000058
-000408
-001456
-001805
0000523
0003958
0005413
0004831
0003609
0002444
0002386
0003143
0003667
0003085
-000117
-003319
-002096
0001397
0002153
0000756
-000059
-000117
0000000
0000407
0001397
0002037
0000873
-001107
-001805
-001048
0001164
0003026
0001455
-001921
-003610
-003726
-003959
-004250
-004599
-004599
-003842
-002445
-001223
-000059
0001629
0003026
0002794
0002095
0003900
0005821
0003318
-001223
-002620
-001630
-001921
-002154
0000698
0003725
0001397
-003377
-004075
-002096
-001805
-002853
-003610
-003901
-003959
-003319
-001223
0000756
-000292
-002795
-003202
-002038
-001398
-001048
0000116
0001164
0000523
-001165
-002096
-001980
-001223
0000174
0002212
0003376
0000989
-002445
-002096
0000931
0003143
0004424
0006053
0006810
0004947
0002270
0002270
0003492
0001920
-000350
0001513
0004598
0002852
-001048
-000815
0001804
0002037
0000291
-001630
-003144
-003493
-003086
-003144
-003668
-004075
-004599
-005647
-006637
-006753
-005763
-003610
-001689
-001921
-003377
-003784
-003202
-002620
-002096
-001863
-001805
-001689
-001514
-001107
-000524
-000059
0000349
0001338
0001920
0000523
-001223
0000058
0003085
0004656
0005122
0006344
0006985
0004715
0001106
-000524
-000350
0000174
0000873
0001804
0002153
0000582
-001514
-001223
0000000
-000990
-003086
-003551
-002445
-000466
0000931
-000292
-003202
-005705
-007510
-009896
-011293
-009372
-006462
-007335
-009896
-009489
-006928
-005181
-004075
-002445
-000699
0001164
0002503
0002794
0002153
0001280
0000989
0002561
0004424
0003550
0001338
0001280
0002794
0004249
0004540
0001804
-001514
-000583
0002794
0003725
0002910
0003434
0004249
0003026
0001164
0001862
0003434
0002270
-000350
-001107
-000583
-000990
-001863
-001747
-001456
-003027
-004308
-000874
0003434
0001222
-004599
-007510
-006869
-003726
-000466
-001456
-004366
-003260
-000583
-002213
-005356
-003377
0000873
0000640
-001456
0001571
0005762
0002386
-003551
-001572
0004365
0004424
0000989
0001222
0003434
0003318
0001688
0000989
0000814
-000408
-001223
0001106
0004365
0003958
0001513
0001338
0002444
0002153
0001106
0000582
0000989
0002852
0004715
0004191
0002095
0000814
0000291
-000175
-000874
-002969
-004425
-001863
0002270
0002968
0000582
-002911
-005414
-003901
-000583
-000757
-002562
-000932
0002153
0002444
0001513
0003492
0006170
0004715
0001106
-000117
0000465
0000349
-000175
-000350
-000292
-000233
-000408
-001398
-002038
-000175
0002503
0002852
0001280
-000583
-001689
-001398
0000116
0001979
0003143
0002095
0000000
-000524
-000233
-001339
-002736
-002154
-000699
-001281
-002562
-001689
0000465
0001513
0001513
0001222
0001106
0002444
0003725
0002212
-000059
0000931
0003783
0004831
0004365
0003667
0003259
0003725
0004424
0004307
0003550
0003201
0003085
0002444
0001920
0002968
0003958
0001746
-001339
-000292
0003085
0004249
0003434
0002153
0001047
0000523
0000698
0001222
0001280
-000583
-003144
-003901
-003202
-002213
-001689
-002387
-003668
-003726
-002736
-001165
0000058
-000117
-001514
-003551
-004716
-002678
0000989
0002910
0003434
0005297
0006694
0004540
0001513
0003026
0006985
0007916
0006927
0007451
0008615
0008557
0007043
0004365
0001164
-002387
-004425
-002795
0000756
0002386
0001920
0000465
-001514
-003842
-004716
-001223
0003143
0001222
-003726
-004075
-001630
-001281
-002853
-004774
-006113
-005647
-004250
-004250
-005065
-005065
-004308
-003260
-002445
-002678
-002969
-000757
0001862
0000931
-001747
-002213
-000815
0000989
0001979
-000059
-002387
0000640
0005530
0004307
0000640
0003492
0008789
0006752
0001862
0005064
0010710
0006170
-002736
-003027
0001804
0001804
-000874
0000058
0002794
0002852
0000989
-000350
-000990
-001456
-001863
-003202
-004250
-002620
-000292
-001514
-004017
-002678
0000465
0000814
-000466
0000291
0001979
0002037
0000873
-000524
-001048
0000756
0003667
0004947
0004656
0003900
0003492
0004773
0006577
0006519
0004656
0001629
-001048
-000990
0000232
-001398
-003784
-002213
0001338
0002619
0001571
-000466
-002038
-000932
0001455
0001688
0000640
0000814
0001746
0002212
0001920
0000523
-000874
-000175
0001513
0001862
0000931
-000233
-001048
-001223
0000000
0004249
0008324
0006403
0001629
0001280
0003667
0003841
0002503
0002153
0002328
0001688
0000931
0001222
0001804
0000814
-000699
-000874
-000117
0000291
0000058
-000815
-001572
-000641
0000931
0000989
-000059
-000292
-000466
-002736
-005007
-003668
-000815
-001223
-003435
-003901
-002736
-000757
0000407
-001514
-004774
-005414
-003493
-000059
0002561
0000523
-003377
-003086
0000174
0002270
0002677
0001280
0000000
0002095
0005588
0005995
0004074
0002328
0001920
0004424
0007683
0007392
0004773
0003318
0003201
0004016
0004424
0001688
-001572
-000292
0003376
0003900
0002270
0001862
0001862
0000407
-001689
-002387
-002620
-004599
-006637
-005996
-003319
-000874
0000640
0000640
-000466
-001630
-002154
-001281
-000175
-001107
-002969
-003027
-001921
-001165
-000699
0000116
0000989
0001222
0001397
0002794
0004656
0005413
0005413
0005646
0006228
0007451
0007742
0004307
-000059
-000117
0002910
0005530
0006752
0006170
0004249
0002212
0000582
-000932
-001689
-000874
-000059
-002271
-005181
-003784
-000292
-000233
-001980
-000408
0001513
-002678
-008150
-005123
0001280
-000932
-007219
-006462
-001980
-002853
-005996
-004075
0000349
0001688
0000116
-002620
-004483
-002387
0001513
0002328
0000698
-000815
-001281
0000058
0002270
0003376
0002735
0000291
-001980
-000699
0002561
0003376
0002794
0003958
0005064
0002386
-001689
-002271
-000233
0001513
0002153
0000814
-001281
-001572
-000059
0002794
0004424
0000814
-004832
-005996
-004075
-003901
-004890
-005356
-005356
-005589
-005763
-005356
-004483
-003668
-003027
-002562
-002329
-002387
-002213
-000990
0000465
0000407
-000641
-001281
-000932
0001338
0003900
0003841
0001979
0000873
0000873
0002037
0003201
0002153
-000059
-001281
-001281
-000583
0000291
0000523
0000000
-001281
-002271
-001398
0000174
-000350
-001572
-000233
0001862
0001047
-001398
-002271
-001689
-001165
-000699
0000116
0000407
-001514
-003726
-002620
0000291
0001280
0000349
-001689
-003027
-000699
0003085
0003609
0001979
0001746
0002386
0002270
0001629
0001338
0001397
0001164
0001047
0001979
0002735
0001106
-001630
-002504
-001747
-000815
0000232
0001513
0002561
0003026
0002328
-000117
-002911
-003610
-002620
-001514
-000874
-001165
-002038
-002736
-003377
-004599
-005996
-007044
-007277
-006637
-005472
-004017
-003260
-004483
-006462
-007277
-006229
-002911
0000465
-000117
-002213
0000116
0004307
0004540
0001920
0000000
-000699
-000059
0001106
0000523
-000466
0000931
0003201
0002852
0000873
-000233
-000699
-002038
-003144
-002445
-000466
0001047
0002037
0003201
0003725
0002270
0000232
0000523
0001862
0001047
-000990
-001980
-002387
-003610
-004948
-004948
-004075
-003144
-002969
-004250
-005763
-005065
-002853
-000641
-000059
-003435
-007277
-005123
0000349
0002270
0001397
0001106
0001571
0002677
0003667
0002852
0001629
0002852
0004947
0004424
0002910
0004715
0006985
0003609
-001747
-001339
0002794
0004715
0004424
0003492
0002270
0001629
0001280
0000814
-000175
-002096
-003959
-003551
-002678
-005239
-008674
-007510
-003668
-001630
-001805
-003377
-005065
-004192
-002271
-002504
-004017
-004599
-003901
-001863
0000640
0002037
0001920
0000349
-001281
-000466
0001804
0002619
0003026
0005471
0008207
0008033
0005355
0002153
-000641
-002504
-002795
-001398
0000291
0000291
-001107
-002445
-002969
-001805
0000756
0004482
0007043
0005297
0001280
-000175
0000698
0002037
0003026
0002444
0000582
-001689
-003668
-004890
-005181
-004948
-004308
-003144
-001921
-001339
-000990
-000292
0000756
0002386
0003026
-000175
-004250
-003435
0000407
0002153
0002270
0003201
0004249
0004715
0003725
-000117
-003842
-002154
0001804
0001106
-002678
-004948
-004657
-000990
0002677
0000291
-004774
-004657
-001165
0000349
-000059
-000524
-001165
-002154
-002736
-001456
0000465
0000523
-000466
0000058
0000873
-000466
-002504
-002504
-000466
0002852
0005530
0004831
0002444
0002444
0003958
0004365
0003609
0002095
0000640
0000465
0001222
0001804
0002037
0001862
0001746
0002794
0003958
0002910
0000873
0000756
0001106
-001339
-004832
-006054
-004890
-002213
0000058
-001107
-003784
-003551
-001514
-000990
-001689
-002154
-002678
-004075
-005880
-007335
-007859
-006578
-005123
-006986
-009605
-007626
