0000174
-000059
-000815
0000116
0001629
0001047
-000699
-001223
-000932
-001398
-001863
-000641
0000989
0000116
-001456
0000174
0002852
0002095
-000699
-002038
-001514
0000349
0002270
0002561
0001280
-000874
-002620
-002445
-000641
0001920
0004016
0004191
0003376
0004016
0004947
0003026
0000232
0000291
0002386
0003667
0004074
0004307
0003958
0002444
0000698
0000174
0000814
0001629
0002852
0005122
0007101
0006927
0005006
0002794
0001106
0000349
0000814
0002270
0003783
0003725
0002444
0001513
0000814
-000350
-001572
-002620
-002620
0000000
0002735
0000814
-003319
-004075
-002154
-001107
-000059
0003550
0007276
0007276
0004307
0001222
-001165
-002853
-002969
-000641
0002677
0004424
0004365
0003143
0001804
0002386
0003259
0000232
-003901
-003493
-000233
0001804
0001513
-002213
-005589
-001398
0005471
0004831
-000292
-001398
0000465
0001397
0001047
-000466
-002445
-003493
-003493
-003144
-002678
-002620
-002504
-001514
0000407
0003085
0005180
0004656
0002561
0001804
0001397
-001980
-004948
-001572
0004307
0004540
0001280
0000756
0002444
0003841
0004540
0004074
0003026
0002910
0003026
0001222
-000757
0000523
0003026
0002095
-000524
-000292
0001280
0000873
-000932
-002445
-002620
-000175
0002386
-000175
-004366
-002562
0001979
0001979
-001223
-003377
-003668
-001456
0001047
-000641
-003726
-001921
0001920
0001397
-001747
-002562
-001281
0000465
0002153
0003667
0003958
0001746
-001107
-001048
0000640
0000523
-000641
-000757
0000291
0002444
0004656
0005238
0004424
0003492
0002386
0000407
-000932
0000989
0004016
0003783
0001804
0002677
0004365
0002153
-001747
-002445
-001456
-002736
-004890
-004716
-002911
-001398
-000990
-002736
-004541
-002154
0001804
0001513
-001398
-002504
-002445
-003668
-004948
-003493
-000874
-000408
-000932
0000698
0002503
0000407
-002853
-000990
0003143
0002735
0000116
0001164
0004249
0005588
0004540
0000931
-002795
-002271
0000931
0002794
0002910
0002153
0000407
-002795
-005007
-002213
0002619
0003492
0001106
-001514
-003144
-002620
-000583
0001047
0001338
-000699
-003319
-002678
-000583
-001107
-003027
-003027
-001514
0000058
0001222
0001804
0001804
0001629
0001338
0001222
0001280
0001571
0001920
0002270
0002037
-000117
-002213
-000990
0001862
0002503
0001222
-000292
-001107
0000407
0002735
0002735
0001338
0001338
0001920
0001571
0000349
-001747
-003086
-000757
0002386
0000814
-002969
-002969
-000466
0000931
0000931
0000058
-001165
-001514
-001339
-001805
-002213
-000757
0001164
0001222
-000524
-003377
-005531
-004541
-001339
0001746
0003201
0001222
-001630
-000350
0002910
0002852
0000523
-000757
-001281
-002853
-003610
-000233
0004307
0004598
0001455
-001863
-004017
-004192
-002038
0001979
0005646
0006403
0003900
-001165
-005822
-005880
-002911
-001456
-001630
-002096
-002562
-002387
-001747
-001572
-001689
-001514
-001223
-001048
-001107
-001863
-002096
0000407
0003667
0004307
0002677
0000640
-000641
0000349
0002095
0001338
-000466
0000174
0001629
-000408
-002969
0000058
0004947
0003434
-001165
-000699
0002386
0001920
-000757
-001863
-001281
0000523
0002153
0001629
-000233
-001747
-001921
0000582
0003434
0002444
-000874
-002038
-001689
-002504
-003202
-001514
0001397
0002968
0003026
0002095
0000931
0001280
0001746
-000932
-004133
-002969
0000756
0002619
0002270
0000174
-001514
0000873
0004831
0004773
0002619
0003201
0005297
0005413
0004307
0004307
0004947
0005238
0004947
0003958
0002444
0000814
-000699
-002387
-003260
-001689
0000582
0000291
-001281
-000932
0000873
0002444
0003318
0003085
0002037
0000989
0000407
0000989
0001455
-000815
-003493
-001630
0001979
0001222
-002329
-004599
-005007
-003842
-002213
-002154
-002795
-001980
-000059
0001862
0003259
0003492
0003026
0003201
0003609
0003259
0002735
0003667
0004540
0002212
-001107
-001165
0000931
0002037
0002212
0002503
0002561
0001513
0000407
0001455
0003201
0002910
0000989
-001281
-002445
-000117
0003143
0002153
-001281
-002329
-001398
-000350
0000232
-000292
-001456
-002213
-002329
-002096
-001921
-002678
-003493
-002504
-000815
-001048
-002213
-002154
-001048
-000408
0000465
0002794
0005122
0005355
0003841
0001979
0000814
0001862
0003434
0001862
-000583
0001106
0004889
0006636
0005762
0002677
-000641
-001165
0000465
0001804
0002386
0002328
0001338
-001223
-003260
-001572
0002037
0003550
0003026
0001920
0000582
-000583
-001514
-002387
-002678
-001281
0000523
0000407
-000641
0000058
0001920
0003143
0003434
0003026
0002328
0002037
0002444
0003841
0005413
0005995
0005413
0004307
0002561
-000292
-002678
-002387
-000466
0000465
0000291
-000350
-001048
-001281
-001107
-000932
-000757
-000466
-000292
-000466
-000757
-000699
-000117
0001338
0002561
0001397
-000466
0000698
0003143
0002910
0001455
0002270
0003900
0002852
0000582
0000291
0000814
-000932
-003551
-004541
-003610
-000757
0002328
0003318
0002503
0001804
0001455
0001280
0001513
0002328
0003259
0003667
0003725
0003841
0004307
0005413
0006927
0008498
0008557
0004715
0000000
0000232
0003434
0003958
0002328
0001047
0000349
0000291
0000465
-000059
-000233
0002444
0005762
0005937
0003609
0001804
0000291
-002504
-004948
-004425
-002387
-002911
-004192
-001747
0001688
0000756
-002795
-004483
-003901
-001572
0000698
-000408
-002562
-000524
0003026
0002095
-000990
-000408
0002153
0002386
0001164
0001164
0001862
0001746
0001222
0001397
0001862
0001746
0001455
0001688
0002037
0001571
0000582
-000699
-001165
0000931
0003725
0003725
0001979
0001688
0002444
0002794
0002270
0000349
-001572
-000757
0001106
0000116
-002096
-001398
0000814
0001164
0000349
0000407
0000814
0000640
-000117
-001398
-002271
-001747
0000174
0003143
0005122
0002794
-001281
-001863
0000058
0000989
0001280
0002270
0003259
0002968
0002386
0003550
0005180
0004482
0002095
0000000
-001107
-000699
0000640
0001455
0001746
0002444
0002735
0001222
-000932
-001514
-001107
-001456
-001805
-000408
0001106
-000699
-003842
-004017
-002096
-000990
-001223
-003144
-005123
-004133
-001165
0001106
0001746
-000175
-002911
-003610
-001921
0001629
0004889
0004365
0001513
-000175
-000350
0000232
0001280
0001979
0002270
0002270
0002212
0002503
0003318
0004831
0005704
0003958
0001047
0000000
0000756
0001920
0002444
0000407
-002445
-002620
-000874
-000059
0000000
0000232
0000465
0000116
-000466
-000583
-000524
-001048
-001747
-001980
-001805
-001689
-001630
-001747
-002096
-002736
-003377
-003668
-003202
-001281
0000640
-000350
-002504
-001514
0001106
0001571
0000465
-000408
-000466
0000756
0002794
0005006
0006228
0005006
0002153
-000757
-002445
-001689
0000116
-000117
-001514
-001514
-000466
0000465
0000931
0001106
0000407
-002271
-004890
-003784
-001048
-001630
-003901
-003493
-001514
-000932
-001223
-000815
-000350
-000932
-001747
-001223
0000058
0000291
0000291
0001804
0003900
0004889
0004074
0000698
-002678
-001863
0001164
0001047
-000699
-000583
0001047
0003318
0004132
0000116
-004890
-003260
0001979
0003259
0001280
-000408
-001630
-002911
-003319
-001398
0001222
0001862
0000640
-001223
-002678
-002154
-000524
0000000
-000408
-000699
-000990
-001689
-002154
-001456
-000699
-002271
-004250
-002795
-000059
-000874
-003260
-002271
0000407
0001106
-000175
-002096
-003260
-001398
0001979
0003550
0003143
0001513
-000117
0000465
0002095
0001920
0000698
0000873
0001338
-000350
-002911
-004192
-004017
-002969
-001689
-001281
-001281
-000583
0000407
0000698
0000116
-001805
-003551
-002620
-000815
-002736
-005647
-003319
0000931
-000117
-003610
-002213
0001397
0000756
-002445
-004017
-003901
-003144
-001921
-000175
0001280
0002270
0001862
-001107
-004308
-003610
-001048
-001863
-004366
-004133
-002096
-001514
-000641
0004656
0010536
0010827
0006461
0001397
-002562
-004075
-003435
-002853
-002445
-001805
-001107
-000408
0000000
-000350
-000757
0000116
0000989
-000874
-003086
-000059
0004132
0001280
-004599
-004017
0000582
0002095
0001222
0000873
0000989
0001338
0001164
-001165
-003784
-003260
-000757
0000582
0000582
0000058
-000350
0000814
0002677
0003609
0003609
0003492
0003026
0001746
0000058
-001689
-002736
-002445
-001048
0000698
0001746
0000873
-001223
-002969
-003842
-004192
-003551
-001281
0000640
-000932
-003784
-003144
-000350
0001047
0000814
-000408
-002038
-003144
-003260
-001980
-000815
-002620
-005880
-007568
-006986
-004075
-000699
-000117
-001165
-000117
0001804
0001746
0000582
0000407
0000582
-000583
-002154
-002387
-000990
0002386
0004947
0002270
-003260
-006578
-006520
-003144
0001571
0004074
0003958
0002561
0000407
-001980
-003493
-002736
-001048
-001165
-002329
-002387
-001689
-001165
-001398
-003027
-005007
-005589
-004657
-002562
-000874
-002154
-004948
-005763
-005065
-004832
-004425
-001921
0000873
0000873
-000583
0000349
0002153
0001397
-000233
0000931
0003143
0002677
0000814
0001047
0002270
0001455
-000233
-000466
0000523
0001746
0002328
0001397
-000233
-001048
-000524
0001862
0004249
0003259
0000291
-001165
-000990
0000058
0001164
0001222
0000174
-001747
-003668
-004832
-004890
-004133
-003260
-003726
-004366
-002795
-000699
-002038
-004832
-005065
-003377
-001980
-001281
-001514
-002096
-001689
-000699
-000466
-000699
-000059
0000407
-001689
-003901
-001514
0002270
0000523
-003319
-001223
0003434
0003026
-000466
-001630
-000815
-000059
0000174
-000990
-002213
-000583
0001397
-002038
-006578
-003260
0003376
0003609
-000815
-003726
-004716
-004716
-003901
-003260
-002678
-001630
-000408
0000756
0000931
-001572
-004366
-003319
-000059
0001338
0000814
-000524
-001223
0001513
0005122
0004191
0000814
0000174
0001164
0000407
-001165
-001456
-000699
0000232
0000640
-000874
-002329
0000116
0004074
0004365
0002735
0003783
0005937
0005937
0003783
0000523
-002271
-002504
-000874
0000989
0001804
-000292
-002678
0000058
0004249
0002212
-003493
-006811
-006695
-003726
0000000
0000756
-000641
-001048
-000524
0000000
0000349
-000059
-000408
0001106
0002735
0001280
-001630
-002562
-001339
0001106
0003201
0002444
0000174
-000408
0000523
0001746
0002735
0002968
0002910
0004016
0005180
0004191
0001629
-001223
-003086
-002271
-000350
-000815
-002271
-001165
0000989
0000523
-001689
-003610
-003959
-000874
0002503
0000174
-004657
-004541
-001339
-000524
-001398
-001339
-000699
-000175
-000233
-001281
-002678
-003027
-002445
-001863
-001165
-000292
0000698
0002095
0003434
0004365
0004831
0005704
0005762
0002561
-001107
0000058
0003609
0003667
0001455
0001106
0001629
0000291
-001863
-003144
-002911
-000874
0001804
0003201
0002794
0000640
-002038
-003027
-002853
-003260
-003842
-003377
-002504
-002213
-002853
-004599
-006113
-004774
-002271
-002154
-003377
-003086
-001572
-000059
0001455
0003434
0004773
0003609
0001455
0001397
0003026
0004715
0005297
0003201
0000058
-001223
-000292
0002037
0004482
0005006
0004307
0004715
0005413
0004656
0002794
0000640
-000466
0001164
0004074
0005180
0004482
0003259
0001746
0000116
-001339
-002969
-003668
-001630
0000523
-002620
-007510
-006520
-002096
-000990
-002445
-003551
-003610
-002096
0001047
0006112
0009779
0007567
0001804
-002096
-003027
-001514
0001106
0002212
0002037
0002270
0002503
0001688
0000989
0002735
0005355
0005704
0004598
0004889
0005530
0004016
0001746
0001455
0002444
0002561
0001920
0001571
0001222
0000291
-000350
0001164
0002968
0001047
-002271
-001747
0000873
0000814
-000641
0000232
0001804
0000989
-001223
-002678
-002445
0000349
0003201
0001746
-001980
-002911
-002038
-002911
-004192
-002853
-000233
0000814
0000174
-001630
-003551
-004541
-004017
-002329
0000232
0003492
0005588
0003900
0000523
-000059
0001629
0003085
0003434
0001571
-000757
-000233
0001629
0000814
-001281
-001456
-000059
0001455
0002561
0002677
0002095
0001862
0001862
0001862
0001629
0000640
-000641
-001514
-001863
-001514
-001107
-001921
-003027
-003144
-001805
0001338
0003783
0001629
-002911
-004599
-003726
-002562
-001572
-001514
-001398
0000640
0003492
0005064
0005006
0003492
0001338
0000000
-000350
-000117
0000465
0001164
0001513
0000756
-000408
-000466
0000116
0000174
-000408
-001456
-002213
-000990
0000349
-002038
-005414
-003551
0000349
-000990
-004774
-004308
-001281
-000641
-001572
-001689
-001048
-000117
0000931
0001571
0001862
0002037
0001513
-001107
-003959
-003959
-001630
0000989
0003259
0004889
0005355
0004598
0002852
0000465
-001398
-001689
-000117
0003376
0006810
0007276
0005355
0003143
0001746
0002270
0003900
0004656
0004132
0002735
0000698
-001514
-002795
-001689
0000698
0002212
0002153
0000349
-001689
-000990
0000407
-002387
-006171
-004192
0000349
-000233
-003435
-003086
-000699
-000233
-001223
-001980
-002387
-002736
-002213
0000465
0003492
0003085
0000989
0001629
0003085
-000059
-003435
0001106
0009080
0010477
0007159
0005704
0005413
0003609
0001397
0001047
0001571
0000174
-001863
-001689
0000000
0001338
0001920
0002386
0001862
-001048
-003901
-002562
0000989
0001513
-000059
-000408
-000350
-001863
-003784
-004075
-002795
-000524
0001164
-000350
-002853
-002038
0000989
0002852
0003143
0002270
0000989
0000989
0001571
0000582
-000815
-000292
0001164
0001164
0000349
0000349
0000931
0001688
0001688
-000757
-003202
-000932
0003376
0003841
0001455
-000292
-001281
-002504
-002911
-000815
0001688
0000058
-003027
-001572
0001688
0000407
-002911
-002038
0000931
0001047
-000583
-000699
0000174
0000407
0000174
0000058
0000000
0000000
0000174
0000582
0001047
0001222
0001571
0002852
0004132
0003376
0001397
0000407
0000116
-000815
-001630
-000583
0001280
0002153
0002212
0002735
0002852
0001106
-001456
-003202
-003726
-003260
-002271
-001514
-001747
-004133
-006695
-005531
-002213
-000117
0000232
-000408
-001747
-003319
-004250
-003319
-001630
-001514
-002271
-001863
-000932
-000641
-001048
-001863
-002154
-000350
0001979
0001455
-000175
0001688
0004191
0001280
-003260
-001281
0003725
0003783
0000058
-003668
-005123
-001398
0004132
0004889
0002095
0000291
0000116
0001338
0002968
0002910
0001920
0001920
0002561
0002328
0001397
0000291
-000699
-001630
-001921
-000932
0000058
-001514
-003842
-003377
-001165
-000292
-000524
-000524
-000757
-002038
-003551
-004133
-003610
-002562
-001398
-000292
-000059
-001572
-003377
-002911
-000932
0000174
0000465
0000931
0000989
-000641
-002853
-003784
-003202
-001630
0000407
0002270
0003492
0004074
0003550
0001047
-001572
-000699
0001397
-000408
-004483
-006986
-007277
-005996
-003202
0001629
0005413
0004365
-000292
-004832
-007451
-007102
-004483
-001747
-000292
-001281
-003610
-004425
-003842
-003260
-002620
-001398
-000233
-000059
-000059
0001513
0003259
0002153
0000116
0001222
0003609
0003318
0000873
-001398
-002445
-001281
0001106
0002910
0003376
0001804
0000000
0001222
0003492
0002270
-001165
-003784
-004541
-002678
0000465
0002386
0002503
0001222
-000874
-002853
-003901
-003842
-002736
-000932
0000232
-001048
-003377
-003260
-002038
-003027
-005239
-006171
-005647
-004075
-001921
0000814
0002270
-000292
-003901
-002562
0001280
0001338
-001048
-001747
-001223
-000932
-000524
0001106
0002735
0001746
-000059
0001164
0003667
0003492
0001688
0001164
0001280
0000523
-001048
-003784
-005123
-000932
0005355
0006927
0004365
0001397
-001048
-002562
-002853
-002271
-001339
-000990
-000990
-000524
-000408
-001805
-003842
-004948
-004657
-002736
-000932
-002271
-004599
-002853
0000582
0000116
-002795
-004075
-003668
-003027
-001863
0000465
0002153
0000291
-002562
-000874
0003201
0004656
0004016
0004016
0004074
0002619
0000873
0001397
0003085
0003550
0002503
0000116
-002562
-004133
-004133
-003144
-001747
-000932
-001048
-002038
-002795
-001223
0001222
0001746
0000931
0000873
0001513
0002386
0002852
0001862
-000059
-001863
-002853
-002329
-000990
-000583
-000583
0000116
0001222
0001804
0001629
0000465
-001048
-001921
-001456
0001397
0004249
0003318
0000232
-001107
-000117
0002968
0006112
0006344
0004249
0001688
-000059
0000058
0001397
0002270
0002153
0000989
-000699
-002213
-002911
-001980
-000699
-001572
-003144
-001980
-000117
-002213
-005531
-004250
-000641
-000466
-002795
-004366
-005181
-006462
-006637
-003027
0001920
0003841
0003085
0002095
0001222
0000756
0000931
0001862
0002561
0000989
-001339
-001572
-000175
0001455
0002153
0000698
-001281
-000408
0001979
0002852
0002037
0000174
-001456
-000815
0000756
0000232
-001165
-000233
0001397
0000232
-002096
-002038
-000292
0001106
0001455
0000349
-001281
-001223
-000292
-000350
-001456
-003726
-005414
-003435
-000408
-002271
-005705
-003260
0001688
0001746
-001107
-001048
0000640
0000232
-000990
0000174
0002153
0001513
-000524
-001223
-000874
-001339
-001805
-000466
0001397
0001338
-000059
-000932
-000815
0000873
0002153
-001107
-005356
-003726
0001571
0005064
0005471
0002503
-001398
-001398
0000873
0000640
-000524
0001455
0004249
0003259
0000000
-001456
-001689
-003377
-004716
-002329
0001688
0003259
0001979
-001048
-004017
-004192
-002445
-001747
-001689
-000524
0000756
0000407
-000932
-001747
-001805
-001339
-000350
0001164
0002270
0001571
0000349
0000931
0003026
0005471
0006927
0005471
0002503
0000756
0000465
0001047
0001338
-000932
-003784
-003493
-001107
0000756
0001397
0000291
-001456
-001281
-000292
-001339
-003260
-003260
-001747
0000291
0001164
-001630
-005589
-005705
-002969
-000757
0000523
0001106
0001280
0002095
0002735
0001862
0000698
0002444
0004773
0002852
-000641
-000059
0003143
0004715
0005006
0006053
0006228
0002212
-002853
-003493
-000932
0000756
0001455
0002095
0002270
0001571
0000174
-001805
-003027
-000932
0001746
-000466
-004425
-003726
0000407
0004191
0005879
0004482
0000989
-001921
-003086
-002154
0000174
0002270
0002968
0001571
-000990
-002504
-002736
-001805
-000699
-001223
-002387
-002154
-000990
-000524
-000350
0000698
0001338
-001456
-003842
0001920
0010303
0010827
0005355
0000582
-002154
-002969
-001514
0002153
0005064
0002619
-002096
-002096
0001164
0003492
0003550
-000117
-004250
-002678
0001222
-000641
-005007
-004133
-000175
0001280
0000989
0001629
0002968
0004074
0004598
0004656
0003783
0001629
-000641
-001281
-000408
0001280
0002386
0000873
-001630
-001223
0000989
0002270
0002095
0000174
-001863
-001223
0000873
0001164
-000233
-002911
-004308
0000291
0006286
0004773
-001223
-003959
-003319
-001572
-000059
-000990
-002678
-000815
0002095
0001047
-002038
-002387
-000990
-001281
-001980
-000175
0002328
0001979
-000757
-004483
-006695
-004133
0000582
0001746
-000175
-002562
-004075
-002911
-000059
0002037
0003492
0006053
0007683
0005471
0001338
-000757
-000874
-001107
-000757
0001455
0003725
0002852
0000232
-000699
-000175
0000058
0000407
0001571
0002735
0002619
0001804
0001571
0002153
0003376
0004540
0004947
0004016
0001688
-001165
-003435
-004366
-003319
-001630
-002038
-003377
-002329
-000815
-003086
-006637
-006054
-002911
-001281
-000990
-000757
-000059
0001746
0003550
0003376
0002095
0002503
0003376
0002037
-000175
-000466
0000349
0000058
-000815
-000466
-000059
-002504
-005007
-002096
0002910
0002677
-000350
0000407
0002619
0000523
-002795
-001048
0003434
0005006
0003609
0001106
-001281
-002271
-001572
0000349
0002095
0001688
-000408
-002562
-003551
-001630
0000989
-000117
-003260
-004366
-003493
-002387
-001398
-001165
-001223
-000583
0000698
0002153
0003376
0004074
0003841
0002212
0000465
0000523
0001804
0002386
0001979
0000756
-000524
-001223
-000408
0003667
0006927
0002270
-005414
-005589
-001107
0000116
-001747
-004425
-005938
-003493
0000989
0003376
0002619
-001223
-005531
-005647
-002795
-000757
0000058
0000407
0000000
-001572
-003493
-005065
-005123
-002154
0001688
0002153
0000465
-000117
0000582
0001746
0002619
0001804
0000174
-000932
-000524
0002735
0006053
0004191
-000233
-000874
0000931
0000814
-000292
0000174
0001455
0002037
0001920
0002037
0002037
0001746
0000698
-002096
-004890
-004890
-003202
-002795
-003144
-002562
-001223
0000349
0001397
0000873
-000874
-003144
-005065
-005880
-005298
-003202
-001048
-001339
-002678
-001165
0001106
-000350
-003319
-003202
-000815
0001047
0001804
0000814
-000583
0000232
0001862
0001397
-000059
-000059
0001106
0002270
0002619
0001047
-000932
-000350
0001338
0000756
-000757
0000349
0002328
0001222
-001630
-002795
-002562
-002911
-003086
-001689
0000174
0000582
0000000
-000059
0000174
-000233
-000699
0000116
0001164
0000582
-001107
-002387
-003144
-003260
-003435
-005705
-007626
-004774
0000232
0001746
0000582
0000931
0001338
-001863
-005531
-003493
0000814
-000408
-004425
-004425
-001630
-000117
0000407
0001455
0002212
0001688
0000582
0000523
0001397
0002503
0002910
0001571
-000815
-002736
-003551
-002911
-001805
-002271
-003493
-003319
-002562
-003319
-004541
-004250
-002853
-001398
-000466
-000699
-001805
-002969
-003842
-004250
-003901
-002736
-001339
-000757
-001048
-001805
-002213
-000757
0001688
0003609
0003841
0000873
-002387
-000408
0003434
0001280
-003668
-003784
-001281
-002445
-005181
-004366
-001514
-000233
-000292
0000116
0000640
0000873
0000465
-001339
-002911
-001165
0001746
0001338
-001339
-003260
-003726
-002154
-000292
-001456
-004192
-004948
-004308
-004599
-005356
-005763
-004890
-001165
0003550
0006286
0006228
0003958
0000814
-001165
-001398
-000466
0001106
0002444
0003085
0003026
0002386
0001688
0000814
-001107
-002736
-001805
0000931
0003376
0004715
0004307
0002968
0002444
0002561
0002503
0002095
0001338
0000465
0000174
-000408
-003202
-006404
-007160
-005822
-004599
-003144
-000408
0002386
0003259
0002444
0001222
-000292
-002445
-004192
-004075
-002620
-001165
-000175
-000175
-000583
-000641
0000291
0003026
0005704
0005413
0002910
0000756
-000408
-000932
0000000
0003492
0006694
0004540
0000174
0000698
0003900
0004074
0002503
0003318
0004656
0002153
-001572
-001048
0001862
0002270
0000989
0001397
0002153
0000523
-002096
-002853
-001863
-000233
0001047
0000756
-000059
0001222
0003085
0002270
-000408
-002736
-003610
-002096
0000873
0003725
0004889
0002677
-000350
0001047
0004074
0002503
-001572
-003202
-002387
-000583
0001047
0000582
-000932
-001165
0000291
0004191
0007451
0005413
0000523
-001281
-000408
0000058
0000465
0002270
0003841
0002794
0000407
-000175
0000698
0001222
0001047
0000116
-001456
-003784
-005065
-002911
0000814
0002270
0001338
-000641
-002795
-003959
-004017
-003726
-003260
-003027
-002562
-000874
0001222
0002328
0002735
0004307
0005122
0001862
-002853
-004250
-002678
-000524
0001106
0001455
0000873
0000873
0000989
-000117
-001107
0000465
0003085
0004249
0003550
0001047
-001107
0000407
0003609
0003900
0001862
0000000
-001223
-001980
-002271
-002736
-002969
-001863
-000292
0000349
-000059
-001281
-002562
-003202
-002795
-001048
0000931
0001164
0000349
0000407
0000989
0000698
0000291
0001571
0002910
0000756
-002504
-002154
0000698
0002677
0003609
0004831
0004889
0000931
-003144
-000641
0005297
0007101
0005122
0002619
0000058
-003086
-004483
-000874
0004307
0004016
0000349
-000583
0000349
-000059
-000990
-000175
0001222
0000873
-000932
-003435
-004774
-002213
0002212
0004656
0004656
0002735
0000931
0003143
0006170
0003492
-001689
-002213
0000698
0002852
0003725
0003085
0002212
0004132
0006868
0006694
0004132
0001222
-000757
-000408
0001222
0001338
0000465
0000174
0000407
0001047
0001455
0000407
-000874
0000291
0002386
0002153
0000000
-002445
-003668
-001572
0001688
0002270
0000407
-002213
-004017
-002795
-000350
-000757
-002504
-001630
0000523
0000523
-000699
-000292
0000814
0000465
-000583
-000350
0000116
-001398
-003319
-002154
0000582
0001629
0001222
0000756
0000523
0000698
0001222
0001513
0002095
0004249
0006170
0004831
0001804
0000989
0001688
0001047
-000117
0000116
0001047
0000873
0000232
0000523
0001222
0000640
-000292
0000174
0001106
0000232
-001339
-001107
0000116
0000174
-000874
-002562
-003726
-002853
-001281
-002038
-003842
-003377
-001921
-002562
-004657
-006753
-007451
-004832
-000932
0000349
-000350
0000000
0000873
0000989
0000407
-000408
-001107
-001514
-001805
-002736
-003551
-002736
-001107
-000874
-000932
0001571
0004365
0002968
-000350
-000932
0000873
0003259
0004074
0000000
-005472
-005356
-001921
-001572
-003202
-003435
-002154
-000117
0001629
0001455
0000291
0000582
0001629
0001513
0000814
0000931
0001047
-000757
-002795
-001514
0001280
0001629
0000582
0001455
0002735
0000523
-002620
-001572
0001571
0001338
-000466
0000523
0003259
0005471
0005937
0003725
0000291
-001689
-001805
-000233
0001397
0000582
-001805
-002969
-002736
-001863
-000932
-000932
-001805
-003435
-003901
0000058
0004947
0004132
-000583
-004133
-005007
-002329
0001513
0001571
-000815
-001456
-000699
0000058
0000291
-000815
-001921
-000350
0002037
0000989
-001398
-000175
0002735
0002619
0000989
0001571
0003085
0002037
0000465
0002735
0006112
0004715
0000989
0000756
0002910
0003958
0003725
0002910
0001804
0001222
0001106
0000640
0000407
0001455
0002852
0002968
0001979
0001047
0000291
-000757
-001339
-000408
0000989
0000989
-000175
-001398
-002329
-002678
-002969
-004483
-005938
-005414
-003086
0000058
0002444
0001746
-000641
-001572
-000874
0000698
0002386
0003085
0002852
0002561
0002386
0002095
0001920
0002153
0002561
0002444
0002503
0004132
0005937
0005238
0002735
-000059
-001805
-001281
0000698
0001862
0002503
0004482
0005937
0003609
-000641
-003027
-002795
-000059
0002794
0001338
-002038
-001281
0001222
0000291
-003027
-005822
-006520
-002969
0001688
0001804
-001339
-003610
-004366
-003726
-002096
-000757
0000465
0002503
0004132
0003550
0001688
0000523
0000291
0000582
0000814
-000059
-001281
-001107
-000292
-000932
-001572
0001338
0004831
0003143
-001165
-001980
-000233
0000756
0000698
-000059
-000932
-001165
-000117
0002852
0005297
0003143
-001456
-003377
-003027
-003027
-003493
-004308
-004774
-003551
-001630
-000641
-000932
-002154
-003377
-002795
-001339
-000815
-001107
-001572
-001456
0000582
0002619
0001047
-002154
-002620
-001107
-000175
0000058
-000292
-000815
-000874
-000408
0000174
0000582
0000174
-000815
-001863
-002678
-003202
-003260
-002329
-001281
-001689
-002445
-001107
0001047
0001280
0000000
-001398
-002213
-001689
-000932
-002504
-004832
-004657
-003377
-004599
-006578
-005298
-002678
-003319
-004483
0000000
0006112
0006286
0002153
-000990
-002038
-001107
0001397
0004540
0006461
0005064
0001862
-000350
-000641
0001164
0003143
0001746
-001456
-002387
-001107
0001106
0002968
0002677
0000931
-000233
-000699
-001107
-001339
-000699
-000757
-004133
-007917
-006637
-002154
0000465
0000756
-000408
-001747
-000815
0000640
-001514
-004948
-004948
-002620
-000932
-000466
-001514
-002969
-002795
-001281
0000465
0001571
0001222
-000350
-002271
-003901
-005356
-005298
-001514
0003085
0003550
0000756
-002038
-003551
-003027
-001048
0000698
0001280
-000059
-002154
-002620
-001747
-000990
-000583
-000757
-001281
-001863
-001747
0000407
0002503
0000465
-003435
-004716
-003493
-002038
-000466
0001397
0002212
0000232
-002736
-002969
-001456
-001165
-002504
-005589
-008325
-007393
-003959
-001281
0000058
0000116
-000059
0001862
0004715
0006403
0006112
0003143
-000233
-000350
0001571
0001513
0000407
0000756
0001804
0002037
0001222
-001048
-002911
-001048
0002037
0001338
-001572
-002271
-001339
-000932
-001048
-001048
-001165
-001747
-002678
-003901
-004716
-003726
-002329
-003377
-005123
-003493
-000350
0000465
-000990
-003435
-004890
-002213
0002153
0003376
0001979
0000814
-000117
-001980
-003319
-001689
0001047
0000873
-000990
-000932
0000174
-000059
-000932
-000583
0000407
0000698
0000582
0000873
0001338
0001629
0001920
0002735
0003609
0003725
0002852
0000640
-001572
-001805
-000524
0000582
0000873
0000000
-001281
-001398
-000641
0000291
0000873
0000756
0000000
-001165
-002154
-002096
-001048
0000523
0002095
0003376
0003434
0001106
-001689
-001339
0000523
-000292
-002504
-003027
-002096
-000815
0000174
0000349
0000000
0000058
0000931
0003434
0005762
0005238
0002968
0002037
0001688
-000466
-002445
-000350
0003376
0003609
0001280
-000175
-000524
-000466
0000058
0000698
0001338
0001746
0001920
0001920
0001920
0002386
0002503
0000640
-001630
-001398
0000232
0000640
0000058
-000350
-000641
-001339
-001863
-001863
-000990
0000873
0002794
0003201
0002619
0002910
0003492
0002968
0002037
0001979
0002444
0002561
0002037
0000407
-001107
-000815
0000873
0002503
0003143
0001629
-000990
-002562
-002911
-002736
-002096
-000699
0000407
-000233
-001863
-002911
-003027
-003086
-002329
0000989
0003958
0001920
-002504
-003726
-002096
0000058
0001688
0002153
0001397
0000349
-000466
-000699
-000059
0001804
0003725
0003783
0002794
0002968
0003667
0003026
0001804
0001688
0002095
0001513
0000640
0000814
0001688
0002386
0002677
0002561
0002212
0002270
0002270
0001455
0000756
0002037
0003841
0003318
0001106
-000815
-001456
0000407
0002444
0000000
-004075
-003842
-000874
0000640
0000756
0000931
0001106
0000873
0000582
0000523
0000523
0000582
0000116
-001689
-003435
-002678
-000641
-000175
-000466
0001222
0003434
0002910
0001164
0001513
0003085
0003259
0002444
0002212
0001804
-000699
-003144
-001805
0001397
0002328
0000756
-002736
-005647
-003842
0000465
0002503
0002270
0001862
0001222
0000349
-000408
-000815
-000757
-000233
0000058
-001107
-002678
-002445
-001630
-003260
-005705
-005647
-003493
-001048
0000989
0002328
0002735
0002328
0001688
0001746
0001862
0000640
-000874
-000175
0001571
0001222
0000523
0003318
0006694
0004773
0000174
-001048
0000349
0000931
0000814
0000873
0000640
-000583
-002271
-004192
-004192
0000989
0007043
0005762
0000465
-000524
0001338
0000814
-001048
-002096
-001863
0000407
0002444
-000117
-004075
-002445
0001920
0002328
0000291
0000931
0002270
-000466
-004366
-004017
-001281
-001398
-002853
-002096
0000349
0002735
0004074
0003667
0001688
-001281
-003202
-000990
0002852
0003201
0001047
-000466
-000990
-000524
0000174
-000466
-001398
-000466
0001222
0001338
0000232
-000874
-001747
-002562
-002620
-000932
0000989
0000640
-001456
-003842
-004657
-001165
0003434
0002968
-000233
0000116
0002503
0002503
0000873
-000466
-001048
-000117
0000989
-000292
-002620
-002969
-001863
-000874
0000000
0001280
0002328
0002212
0001164
-000408
-001281
0000291
0002212
0000465
-002736
-002271
0000116
-000466
-002387
-001805
0000465
0002212
0002794
0001979
0000640
0000582
0001106
0000407
-001165
-002620
-002853
-000466
0002503
0002503
-000059
-003202
-005007
-003202
0001106
0005588
0007683
0004249
-001747
-004017
-003260
-003086
-002911
-001107
0000873
0000349
-001107
0000116
0002386
0002095
-000059
-002271
-003668
-003668
-002096
0001047
0003783
0003434
0001164
0000349
0000873
0001455
0001862
0002153
0001629
-000815
-003086
-001398
0001513
-000350
-004366
-004308
-001456
-000350
-000233
0001571
0003376
0002212
-000757
-003086
-003726
-001921
0000756
0001222
0000523
0001629
0003434
0003667
0002735
0002212
0001629
-000757
-002853
-001048
0002444
0002561
0000989
0002386
0005006
0005180
0003376
0001397
-000408
-001689
-002329
-002678
-002213
0000116
0002794
0003434
0002328
0001164
-000059
-002387
-003842
-001630
0002328
0004424
0003725
0000349
-003610
-004716
-003144
-000815
0000931
0000349
-001281
-000641
0000640
-001048
-003959
-004483
-003144
-001863
-001165
-001281
-002096
-003959
-004366
0000814
0007334
0006927
0002153
0000465
0000698
-001339
-003784
-003377
-001048
0000814
0001513
0000640
-001165
-002387
-002678
-001921
-000699
-000350
-000641
-000641
-000175
0000873
0002153
0003259
0002910
-001048
-005123
-002678
0002619
0002153
-001805
-003086
-002387
-002096
-002736
-005065
-006928
-004541
-000233
0000989
-000292
-001339
-002154
-003144
-003260
-000932
0002153
0002677
0001397
0000814
0000523
-000757
-002213
-002213
-000815
0001920
0004307
0003958
0001688
-000466
-001805
-002154
-001514
-000466
0000174
-000583
-002038
-002620
-001921
0000407
0002386
0000465
-003202
-004133
-002620
-000583
0000931
0000989
-000175
-001398
-002096
-001572
-000699
-001339
-002911
-003784
-004017
-004308
-004308
-003610
-002445
-001281
-000117
0001804
0003550
0004191
0003900
0004074
0003841
0001164
-001630
-000059
0003201
0002037
-001805
-003959
-004017
-002678
-000874
-000874
-001398
0000756
0003318
0002095
-000874
-000583
0001513
0001106
-000524
-000059
0000582
-002911
-007568
-007393
-004425
-004308
-005589
-004657
-002329
-000757
0000058
0000931
0001222
-000408
-002154
-000350
0002735
0002328
-000233
-001165
-000874
-000932
-001281
-001689
-002096
-002096
-001572
0000000
0001688
0002270
0002153
0002619
0003143
0002270
0001164
0002153
0003550
0001513
-001339
0000698
0004656
0004249
0000931
-000990
-001223
-000524
0000232
-000874
-002969
-004250
-004425
-003668
-002853
-003668
-004657
-002736
0000232
-000175
-001921
0000349
0003550
0001338
-003202
-003027
0000116
0001571
0001280
0000232
-000932
-001339
-001281
-002329
-003493
-002969
-001805
-001980
-003260
-005181
-006054
-003435
0000465
0001513
-000583
-005239
-008907
-006113
0000232
0003026
0002910
0004249
0004831
0000058
-005938
-005239
-000641
0000814
-000466
-001921
-002795
-001863
-000466
-001747
-004017
-003610
-001863
-002562
-004075
-002795
-000350
0000000
-001747
-004541
-007102
-007393
-005938
-004308
-003202
-003319
-003668
-002213
-000350
-001339
-002969
-000175
0004074
0003434
0000291
0000814
0002910
0001047
-002504
-002678
-000408
0001571
0002212
0000756
-001805
-003202
-003086
-002154
-000524
0001164
0003026
0006112
0007916
0004365
-001339
-002969
-001107
0001164
0002328
0000640
-002736
-005472
-006404
-004541
-001630
-001107
-002096
-001339
-000117
-001863
-004075
-001921
0002503
0004831
0004482
0001979
-000757
-000699
0001164
0001804
0001280
0000174
-000466
0001164
0003318
0002328
-000175
-000292
0000989
0000698
-000408
-000641
-000175
0000174
0000698
0002503
0003900
0001804
-001805
-002736
-001281
0000814
0002444
0002328
0000989
-000292
-001165
-001921
-002445
-002911
-003260
-003901
-004192
-003027
-001689
-002504
-004017
-002795
0000000
0001979
0002444
0001222
-000641
-001281
-000815
-000175
0000058
-000990
-002445
-002678
-001630
0000698
0002328
0000465
-002911
-003319
-001398
0000407
0001338
0000756
-000757
-001630
-001456
-000233
0001280
0001629
0000873
-000408
-001572
-001747
-001107
-000059
0000582
-000292
-001456
-000175
0001746
0000232
-002911
-003726
-002620
-001514
-000408
0001338
0002328
0000116
-003144
-003319
-000815
0002444
0004889
0004540
0002270
0000523
0000232
0001920
0004191
0004365
0002677
0000582
-000757
0000058
0002153
0003492
0003376
0001164
-001456
-001398
0000640
0002619
0003318
0001397
-001339
-001165
0000465
-000408
-002445
-001863
-000175
-001165
-002795
0000232
0004016
0000349
-005763
-002853
0003725
0001629
-004599
-003610
0001513
0002503
0000931
0001455
0003201
0003376
0002561
0002153
0002153
0002735
0003026
0001397
-000524
0000756
0002968
0001338
-001980
-002038
-000059
0000349
-000408
-000757
-000815
-000874
-000932
-001107
-000990
0000058
0000989
-000292
-002154
-001514
0000523
0000756
-000059
0000349
0001047
0000116
-001514
-001921
-001281
-000757
-000699
-001747
-003144
-003726
-003027
-000932
0001280
0001106
-000292
0000116
0001455
0001920
0001338
-000466
-001514
0001746
0006286
0006344
0002968
0000232
-001048
-000408
0000523
-001980
-005472
-005472
-002271
0002328
0005879
0005297
0001920
-000350
-000932
0000000
0001222
0000174
-001572
-000815
0001222
0001513
0000174
-001747
-003202
-002911
-001165
0000756
0002328
0003783
0003667
-000524
-004948
-003144
0002153
0003609
0002328
0002852
0003609
0001106
-002213
-001863
0001164
0003783
0004715
0002503
-000815
-001281
0000174
0000058
-000641
0000232
0001629
0001455
0000174
-000524
-000699
-001165
-001514
-001339
-000583
0000873
0001979
0001222
-000641
-001456
-001921
-004017
-005996
-005007
-002096
0000232
0000698
-002038
-005589
-005822
-003260
-000233
0001862
0001804
0000116
-001747
-002853
-002562
-001165
-000117
0000873
0003026
0004656
0002561
-000699
0000407
0003492
0002794
-000059
-001107
-000466
0000582
0001513
0001571
0001164
0001455
0002095
0002037
0001629
0002212
0002852
0001979
0000349
-000524
-000408
0000407
0001047
-000292
-002445
-003202
-002562
-001339
-000350
-000583
-001456
-001339
-000524
-000117
0000116
0001164
0001397
-002213
-006520
-005705
-001863
-000583
-001107
0000291
0001629
-001223
-004541
-000757
0005937
0006810
0003201
-000059
-001456
-000059
0002619
0003143
0001746
0000291
-000524
0000291
0002212
0004074
0005122
0004656
0002852
0000291
-001630
-001572
0000349
0003143
0005413
0005646
0003900
0001106
-001398
-001514
-000583
-002096
-004425
-004192
-002271
-001514
-001514
-001048
-000059
0001455
0002677
0002095
0000407
-000874
-001398
-001107
-000408
-000699
-001165
0000407
0002328
0001571
-000699
-002038
-001863
0000000
0001920
0001047
-001165
-001165
0000116
0000058
-000815
-000757
-000292
-000524
-001107
-001339
-001107
-000292
0000756
0001047
0000873
0000873
0000698
-000175
-001630
-003493
-004366
-001980
0001338
0000640
-001747
-000233
0003609
0006170
0006170
0002910
-001630
-003784
-003493
-002736
-001398
0001164
0003318
0002852
0001164
0000931
0002328
0004656
0006228
0004365
0000989
0000407
0001629
0001571
0000814
0000931
0001688
0002328
0002503
0001804
0000931
0001397
0002095
0000640
-001165
0000232
0003550
0005937
0006286
0003550
-000466
-002387
-002445
-002736
-003027
-002387
-001456
-000990
-000815
-000059
0000640
-000175
-001048
0001338
0004307
0002968
-001339
-004716
-006345
-006578
-005123
-002213
0000698
0001338
0000698
0001862
0003667
0003900
0002852
0001979
0001571
0001920
0002212
0000407
-001630
-000699
0001862
0002852
0002386
0001397
0000698
0002095
0003667
0001804
-001689
-002911
-002504
-003027
-003726
-003319
-001921
0000058
0001455
0000640
-001339
-002329
-002213
-001863
-001514
-001572
-002096
-003027
-003610
-002736
-000990
0000291
0000523
-000990
-002445
-000524
0002735
0002968
0001106
0000698
0000640
-002271
-004774
-000932
0005122
0004482
0000058
0000058
0002270
0000582
-002096
0000756
0005588
0004482
-000117
-001805
-001165
-001048
-001281
-001572
-001514
-000524
0000523
-000117
-002038
-004017
-004832
-002911
-000059
0000407
-001281
-003726
-005123
-002795
0000756
0000465
-002154
-002620
-001398
-000583
0000000
0000698
0001513
0002677
0003609
0003259
0002328
0002735
0003434
0002037
0000232
0001222
0003143
0001571
-001747
-003202
-002678
-001107
0000407
0000232
-000699
0000116
0001629
0001455
-000059
-001630
-003260
-005705
-007277
-005007
-001514
-002096
-004832
-005065
-003377
-002038
-001048
0000174
0000931
0000116
-001514
-002329
-002154
-001165
-000117
0000058
-000408
-000408
-000524
-002213
-004017
-003319
-001223
-000408
-000350
0000640
0001804
0001513
0000291
-000524
-000757
-000757
-000524
-000408
-000466
-000524
-001107
-003668
-005472
-001921
0004249
0007159
0006519
0003725
0000523
-000292
0000407
-000641
-002213
-001572
0000232
0001222
0000989
-000175
-001339
-000524
0000814
-000583
-002620
-000583
0003085
0003434
0000931
-002271
-004541
-003959
-001456
0000349
0000931
0000407
-000641
-001281
-000699
0002153
0004715
0002444
-002271
-004017
-002911
-001048
0000582
0001047
0000291
-001165
-002736
-003959
-004308
-003551
-002329
-001863
-002096
-002213
-001980
-000583
0000756
-000350
-002387
-002271
-000874
-000583
-001398
-002853
-003842
-002911
-000874
0000174
-000059
-001223
-002620
-002969
-001805
0001047
0003841
0003725
0001338
-000815
-002154
-002736
-002154
0000116
0002561
0002968
0001920
0001688
0001513
-000408
-002736
-003144
-001689
0001222
0003318
0000756
-003610
-003551
-000990
-000990
-002911
-004774
-005414
-003435
-000292
0001280
0000756
-001630
-004250
-004483
-002445
0000698
0003550
0004773
0003900
0001047
-002271
-004017
-003202
0001047
0005355
0003550
-001223
-001398
0001513
0002212
0001513
0001688
0002386
0002677
0002386
0001513
0000989
0002503
0004540
0004016
0002037
0001804
0002503
0002037
0000931
0000698
0001222
0002270
0002852
0001338
-000932
-001339
-000175
0001455
0002328
0000989
-001514
-002678
-002271
-000583
0001164
0000989
-000524
-001630
-002038
-001863
-001339
-001223
-001456
-001863
-001863
-000466
0001047
-000233
-002387
-001281
0001338
0001571
0000523
0001862
0003667
0001979
-001048
-000699
0001571
0001688
0000523
0000873
0001920
0001629
0000698
0000756
0001862
0003667
0005180
0004715
0002794
0000931
0000116
0001338
0003143
0002619
0000116
-002620
-004774
-006229
-005822
-001805
0002444
0000873
-003784
-005123
-003551
-002271
-001281
0000000
0000814
0000407
-000524
-000524
0000058
0000465
0000523
0000116
-000350
-000059
0000523
-000059
-001048
-001456
-000757
0001571
0003725
0002444
-000350
-000233
0001455
0001047
-000408
-000408
0000058
-001980
-004425
-003144
0000174
0001571
0001455
0002503
0003143
0000407
-003027
-001689
0001862
0001338
-001339
-001456
0000349
0001979
0002503
0000407
-002271
-001514
0000989
0001455
-000175
-003027
-005007
-002853
0000989
0000989
-001339
-001572
-000350
-000233
-000292
0001455
0003550
0003085
0001338
0001222
0001979
0001280
0000232
0000931
0002735
0003900
0003900
0002561
0000873
0000465
0000989
0001047
0000349
-001223
-002853
-003377
-003086
-003086
-003202
-003202
-003086
-003027
-003086
-003377
-003435
-002096
-000408
-000408
-001107
-000117
0001455
0001164
-000059
-000292
0000465
0001571
0002386
0002212
0001338
0000291
0000174
0002444
0005297
0005413
0003201
0000291
-002096
-002911
-001805
0000873
0003900
0005879
0005937
0003492
0000698
0001338
0004016
0005006
0004307
0002503
0001047
0002270
0004132
0002153
-001863
-003842
-003784
-003726
-003027
-000524
0002386
0003609
0002910
0000349
-001921
-000699
0002212
0002212
0000523
0000174
0001047
0002212
0003085
0002794
0001979
0002095
0002503
0001862
0000640
-000408
-000408
0001920
0004598
0004249
0001979
0000756
0000698
0001047
0001920
0003550
0004947
0004773
0003259
0001571
0000232
-000292
-000408
-001165
-002154
-002504
-002213
-001339
-000699
-002038
-003435
-000932
0002735
0001629
-002038
-002795
-001572
-001572
-002387
-002795
-002678
-002096
-001281
-000815
-000641
-000408
-000059
0000349
0000640
0000349
0000116
0001106
0002561
0003085
0002619
0001571
0001047
0003085
0005530
0003958
0000582
0000174
0001920
0003085
0003026
0000931
-001398
-000408
0002037
0001164
-001223
-000408
0001164
-001921
-006229
-004890
-000292
0001222
0000232
-000292
-000874
-003086
-005298
-005007
-002853
-000466
0000814
-000583
-003144
-003726
-002620
-001223
-000641
-002969
-005589
-003668
0000814
0002910
0002677
0001862
0000931
0000523
0000582
0000698
0000640
0000116
-000233
0000873
0002037
0000523
-002096
-002620
-001339
0000465
0001862
0001513
0000174
-000466
-000175
0000756
0001397
0000291
-001921
-004192
-004948
-002387
0001746
0004016
0003900
0002386
0000116
-002213
-003610
-003319
-002038
-001689
-001863
-001223
-000233
0000349
0000465
0000640
0000698
0000698
0000698
0001047
0001571
0001979
0002095
0001746
0001164
0001338
0001222
-001572
-004599
-003027
0000873
0002037
0001106
0000698
0000989
0001513
0002212
0002852
0003143
0003376
0002735
-000292
-003144
-001165
0002910
0002735
-000059
-001048
-000292
0000814
0001746
0001455
0000465
0000232
0000407
0000291
0000000
-000059
0000116
0000291
0000756
0002212
0003725
0003958
0003085
0001688
0000931
0002386
0004540
0004249
0002095
-000350
-001747
-000175
0002153
0000582
-002329
-001223
0002212
0003841
0003143
0000756
-001805
-001339
0000407
-000874
-002736
0000465
0004656
0001688
-004832
-006811
-004716
-001863
0000349
0000407
-000932
-001456
-001048
-000292
0000058
-001281
-002795
-001339
0001397
0001629
0000291
0000814
0001746
-000641
-003668
-002271
0001106
0000640
-001805
-001514
0000523
0001338
0001397
0002153
0003026
0002910
0001979
0001047
0000523
0000814
0001397
0001164
0000407
-000233
-000699
-001747
-002096
0000698
0004132
0003492
0000232
-001398
-001514
-001572
-001863
-002736
-003959
-005123
-005531
-004017
-002154
-002795
-004948
-005880
-005356
-003901
-002096
-000583
-000117
-001514
-003319
-002504
-000233
0000640
0000349
-000233
0000000
0003259
0006286
0002910
-002853
-002096
0001746
0000291
-004133
-005181
-003551
-001980
-000641
0000873
0001804
0001164
-000292
-001572
-001630
0001106
0004365
0004074
0001513
0000291
0000232
0000058
-000233
-000641
-001398
-003260
-004832
-004075
-002213
-002329
-003551
-003901
-003027
-000932
0001397
0002328
0001920
0000640
-000408
0000640
0002270
0001164
-001048
-000350
0001862
0002212
0001047
-000292
-000699
0001920
0005006
0003725
0000174
-000408
0000640
-000699
-002969
-003668
-002387
0000814
0003609
0002153
-001572
-002329
-001863
-005181
-008674
-005065
0001280
0001513
-002678
-005472
-006113
-005239
-002736
0001455
0004773
0003667
-000175
-002038
-002154
-002736
-002736
-000117
0003085
0003085
0001222
0001397
0002561
0001920
0000523
0000523
0001164
0000232
-000466
0002794
0006752
0004656
-000466
-001456
0000756
0002503
0003201
0002677
0001280
-000117
-000641
0000407
0001920
0001513
-000466
-002969
-004425
-002795
-000175
-001165
-003901
-003726
-001805
-001572
-002329
-002562
-002154
-001107
-000699
-003784
-006986
-004250
0001338
0002677
0000931
0000000
0000058
0000465
0000698
-000524
-001689
0000291
0002910
0000756
-003144
-002445
0000873
0001746
0000582
-000175
-000524
-001165
-001339
0000116
0001979
0001862
0000756
0001338
0002270
0000756
-001514
-001048
0000698
0000174
-001863
-003493
-004192
-003901
-003260
-003726
-005065
-006578
-007219
-005181
-002853
-004716
-008266
-008208
-005007
-000466
0002968
0001920
-001339
-001048
0001047
0000116
-001805
0000000
0002735
0000640
-003842
-005472
-004075
-001048
0001746
0001629
-000466
-002038
-002271
-000583
0001629
0002037
0000989
0000349
0000174
0000116
0000232
0000465
0000756
0000582
0000232
0000232
0000582
0001455
0002503
0003841
0004074
0001280
-002504
-003260
-001805
-000815
-001223
-003959
-007044
-006462
-003784
-003027
-003726
-003842
-002969
-000757
0001688
0002444
0001629
0000232
-001107
-002154
-002096
-000059
0002444
0002561
0001455
0002503
0004132
0002910
0000582
0000814
0002386
0002095
0000349
-001223
-002038
-001863
-001048
-001048
-001223
-000350
0000931
0001164
0000698
0000640
0000698
-000059
-000874
-000175
0000989
0000582
-000583
0000000
0001106
0000291
-001572
-001863
-001630
-003784
-006404
-005938
-003260
-000815
0000465
-000175
-001630
-001514
0000640
0005297
0009546
0008848
0004482
0000349
-002096
-002096
-000059
0002619
0004074
0001979
-001456
-001339
0000814
0000989
0000174
0001280
0002444
-000408
-004366
-003493
-000175
-000175
-001980
-001398
0000465
0000698
-000175
-000757
-000524
0001455
0003143
0000873
-002911
-002969
-000583
0000640
0000465
-000408
-000990
0000756
0003259
0003725
0002386
0000989
0000174
0000698
0001804
0001338
0000465
0002212
0004307
0001746
-002213
-000233
0004191
0003259
-000583
-000815
0001106
0001047
0000058
0000814
0002037
0001222
-001165
-003842
-005414
-004250
-001514
0000349
0000873
0000407
-000757
-001863
-002678
-003726
-004366
-004250
-002678
0001688
0005413
0002794
-002620
-003086
0000000
0001338
0000814
-001048
-002795
-002213
0000000
0001920
0002852
0002153
0000698
0000291
0000989
0002328
0003725
0004482
0004424
0003550
0002328
0001688
0001513
0000698
0000349
0002503
0005297
0005180
0003143
0002328
0001920
-000815
-003784
-003027
-000233
0000523
-000524
-001863
-002969
-003493
-003202
-001863
-000466
-000699
-001223
0000873
0004074
0005937
0005355
0001688
-002562
-002969
-000815
0000058
-000117
0000291
0000640
0000000
-001048
-001223
-000932
-001339
-001456
0000582
0003259
0003609
0002561
0003026
0004307
0004365
0003609
0003201
0002968
0002444
0001629
0000349
-000641
-000292
0000989
0002386
0002968
0001979
-000175
-002853
-004075
-000990
0003318
0002910
-000699
-002911
-003202
-002154
-000874
-001689
-003086
-001630
0001222
0002270
0001804
0001397
0001222
0001222
0001688
0002794
0003725
0003201
0001804
0000523
0000465
0003376
0006403
0004191
-000350
-000641
0001804
0002328
0001338
0000523
0000000
-000932
-000874
0002677
0006519
0004889
0000058
-002096
-001514
-000233
0001280
0002561
0002852
0001746
0000232
0000174
0001338
0002794
0003376
0001571
-001048
-001456
0000058
0002095
0003550
0002968
0001280
0000931
0001397
0001047
0000291
0000291
0001047
0002153
0003376
0004424
0004831
0003783
0002444
0003201
0004831
0004715
0003259
0001222
0000000
0001862
0004365
0002794
-000583
0000174
0002794
0001862
-001048
-001921
-001630
-002853
-004599
-004890
-003842
-002562
-001572
-001281
-001572
-002213
-002620
-002329
-001863
-002911
-004075
-002620
0000058
0001047
0000232
-001863
-003435
-001572
0001920
0003143
0002212
0000989
-000059
-000699
-000815
-000874
-000990
-001747
-002329
-001107
0000640
-000175
-001514
0001222
0005355
0005821
0003201
0000116
-002096
-002096
-000641
0000000
0000058
0000698
0001804
0003318
0003900
0001804
-001514
-002911
-002969
-004716
-006229
-004133
-000699
-000874
-003144
-003726
-002678
-001048
0000058
-001223
-003319
-002911
-000932
-000175
0000058
0001804
0003841
0003550
