0000025
0000034
0000045
0000047
0000044
0000034
0000027
0000025
0000029
0000025
0000023
0000023
0000027
0000029
0000027
0000022
0000022
0000042
0000060
0000038
0000003
0000012
0000045
0000058
0000040
-000004
-000052
-000065
-000039
0000011
0000060
0000073
0000055
0000049
0000044
0000009
-000032
-000045
-000034
-000015
0000003
0000009
0000007
0000016
0000022
-000013
-000056
-000034
0000018
0000022
-000008
-000019
-000015
-000004
0000007
0000005
-000008
-000028
-000041
-000026
-000004
-000015
-000045
-000050
-000037
-000039
-000046
-000039
-000024
-000017
-000017
-000023
-000028
-000021
-000012
-000024
-000045
-000035
-000013
-000013
-000030
-000046
-000054
-000043
-000026
-000030
-000041
-000030
-000010
-000002
-000010
-000023
-000039
-000056
-000061
-000034
-000002
-000013
-000050
-000063
-000056
-000050
-000043
-000026
-000015
-000041
-000078
-000074
-000045
-000034
-000037
-000030
-000026
-000046
-000076
-000078
-000058
-000037
-000030
-000048
-000078
-000085
-000074
-000061
-000054
-000061
-000074
-000065
-000050
-000059
-000081
-000085
-000074
-000067
-000061
-000052
-000048
-000061
-000074
-000058
-000030
-000026
-000041
-000048
-000052
-000063
-000076
-000085
-000085
-000070
-000059
-000083
-000115
-000105
-000074
-000063
-000069
-000076
-000081
-000087
-000091
-000091
-000083
-000059
-000037
-000048
-000076
-000089
-000083
-000059
-000035
-000048
-000076
-000074
-000058
-000067
-000087
-000080
-000059
-000058
-000069
-000078
-000078
-000065
-000048
-000043
-000050
-000065
-000078
-000085
-000080
-000059
-000041
-000048
-000070
-000078
-000074
-000072
-000070
-000076
-000078
-000059
-000039
-000046
-000072
-000092
-000098
-000092
-000074
-000045
-000021
-000028
-000050
-000059
-000059
-000061
-000063
-000056
-000048
-000056
-000067
-000061
-000043
-000026
-000021
-000034
-000054
-000056
-000043
-000028
-000021
-000021
-000028
-000037
-000045
-000039
-000030
-000034
-000039
-000024
-000004
-000017
-000050
-000059
-000050
-000039
-000032
-000034
-000041
-000034
-000023
-000023
-000028
-000026
-000019
-000017
-000015
-000017
-000013
-000006
0000003
0000001
-000006
-000008
-000002
0000005
0000011
-000006
-000026
-000017
0000007
0000009
-000002
0000009
0000029
0000034
0000029
0000025
0000023
0000023
0000022
0000007
-000006
0000018
0000049
0000040
0000009
0000001
0000016
0000027
0000036
0000038
0000036
0000034
0000034
0000033
0000033
0000038
0000042
0000034
0000022
0000018
0000025
0000023
0000042
0000156
0000248
0000112
-000122
-000194
-000096
0000103
0000270
0000182
-000017
0000003
0000145
0000126
0000018
-000006
0000034
0000064
0000075
0000077
0000066
0000040
0000020
0000033
0000066
0000080
0000073
0000047
0000022
0000023
0000044
0000049
0000051
0000069
0000090
0000082
0000058
0000036
0000027
0000038
0000058
0000064
0000060
0000060
0000060
0000051
0000042
0000062
0000088
0000075
0000044
0000047
0000071
0000079
0000069
0000068
0000069
0000064
0000055
0000053
0000057
0000069
0000080
0000071
0000057
0000062
0000073
0000060
0000042
0000049
0000069
0000066
0000047
0000029
0000022
0000036
0000060
0000064
0000057
0000057
0000062
0000073
0000088
0000115
0000134
0000114
0000077
0000071
0000084
0000077
0000060
0000068
0000079
0000058
0000031
0000058
0000108
0000110
0000077
0000058
0000053
0000045
0000044
0000060
0000079
0000079
0000060
0000040
0000027
0000031
0000047
0000064
0000071
0000055
0000036
0000047
0000082
0000114
0000126
0000091
0000044
0000038
0000068
0000101
0000123
0000114
0000080
0000049
0000034
0000055
0000088
0000082
0000055
0000047
0000055
0000045
0000034
0000040
0000051
0000045
0000029
0000023
0000025
0000027
0000025
0000020
0000012
0000020
0000031
0000027
0000018
0000027
0000040
0000031
0000016
0000036
0000068
0000049
0000011
0000022
0000053
0000038
0000007
0000018
0000049
0000044
0000022
0000027
0000045
0000038
0000016
0000012
0000018
0000020
0000018
0000018
0000022
0000031
0000040
0000040
0000034
0000042
0000051
0000057
0000053
0000042
0000027
0000018
0000018
0000025
0000033
0000025
0000014
0000014
0000022
0000022
0000012
0000001
-000006
-000002
0000012
0000029
0000038
0000020
-000006
0000003
0000029
0000029
0000011
-000008
-000021
-000015
-000002
0000000
-000004
0000009
0000027
0000020
-000006
-000021
-000026
-000023
-000013
-000004
-000002
-000010
-000017
-000012
0000000
-000012
-000030
-000023
-000008
-000024
-000052
-000056
-000039
-000026
-000019
-000015
-000012
-000006
-000004
-000023
-000043
-000034
-000012
-000002
-000012
-000032
-000046
-000035
-000013
-000013
-000032
-000050
-000061
-000067
-000061
-000048
-000037
-000037
-000045
-000050
-000050
-000024
-000004
-000043
-000107
-000118
-000087
-000037
-000006
-000046
-000094
-000015
0000101
0000064
-000063
-000129
-000126
-000081
-000037
-000056
-000100
-000081
-000030
-000015
-000035
-000070
-000092
-000061
-000010
-000010
-000046
-000061
-000058
-000048
-000034
-000013
-000002
-000023
-000059
-000078
-000080
-000076
-000072
-000072
-000078
-000089
-000098
-000096
-000089
-000092
-000107
-000118
-000124
-000124
-000116
-000113
-000105
-000083
-000059
-000061
-000074
-000065
-000046
-000059
-000081
-000069
-000039
-000035
-000058
-000083
-000104
-000109
-000098
-000076
-000054
-000059
-000078
-000081
-000072
-000069
-000067
-000058
-000048
-000058
-000070
-000063
-000048
-000056
-000076
-000081
-000078
-000081
-000089
-000092
-000087
-000054
-000023
-000034
-000072
-000092
-000091
-000076
-000061
-000078
-000102
-000087
-000058
-000065
-000091
-000080
-000045
-000024
-000023
-000043
-000069
-000069
-000056
-000065
-000081
-000063
-000032
-000032
-000050
-000054
-000045
-000045
-000048
-000043
-000030
-000019
-000015
-000028
-000045
-000045
-000030
-000023
-000017
-000008
-000004
-000028
-000056
-000039
-000004
-000017
-000050
-000041
-000010
0000003
-000004
-000024
-000043
-000035
-000013
0000007
0000012
-000004
-000024
-000023
-000004
0000000
-000006
-000008
-000008
-000004
0000001
0000011
0000014
0000003
-000012
-000002
0000016
0000016
0000007
0000020
0000034
0000023
-000006
-000019
-000017
-000012
0000001
0000036
0000068
0000057
0000023
0000011
0000023
0000047
0000068
0000057
0000023
0000001
0000000
0000025
0000058
0000058
0000038
0000036
0000044
0000031
0000014
0000025
0000045
0000033
0000005
0000000
0000014
0000031
0000042
0000042
0000036
0000027
0000022
0000027
0000038
0000053
0000062
0000047
0000027
0000031
0000049
0000045
0000034
0000045
0000060
0000053
0000031
0000023
0000031
0000044
0000057
0000073
0000077
0000049
0000018
0000042
0000086
0000079
0000040
0000031
0000042
0000031
0000014
0000025
0000051
0000058
0000053
0000051
0000053
0000057
0000058
0000062
0000062
0000057
0000051
0000049
0000051
0000066
0000077
0000069
0000053
0000058
0000075
0000079
0000073
0000071
0000073
0000071
0000071
0000075
0000080
0000075
0000069
0000080
0000093
0000088
0000071
0000075
0000088
0000086
0000071
0000060
0000055
0000058
0000062
0000044
0000023
0000044
0000077
0000071
0000042
0000031
0000038
0000057
0000077
0000082
0000079
0000077
0000075
0000060
0000044
0000044
0000053
0000058
0000058
0000060
0000062
0000062
0000064
0000071
0000079
0000073
0000058
0000047
0000038
0000034
0000036
0000044
0000055
0000058
0000058
0000073
0000086
0000075
0000049
0000034
0000034
0000055
0000082
0000093
0000082
0000057
0000029
0000012
0000014
0000031
0000051
0000055
0000045
0000045
0000045
0000036
0000020
0000005
0000000
0000012
0000033
0000040
0000036
0000036
0000034
0000014
-000004
0000014
0000045
0000047
0000025
0000020
0000025
0000031
0000036
0000034
0000027
0000022
0000016
0000009
0000005
0000007
0000014
0000009
0000000
0000001
0000014
0000027
0000036
0000034
0000018
-000004
-000026
-000030
-000023
-000013
-000008
-000012
-000017
-000006
0000009
-000002
-000024
-000034
-000024
-000004
0000014
0000022
0000011
-000017
-000041
-000010
0000038
0000031
-000010
-000017
-000004
-000012
-000023
-000006
0000020
0000020
0000001
-000015
-000021
0000000
0000023
0000012
-000013
-000008
0000009
-000015
-000050
-000039
-000004
-000004
-000026
-000019
0000000
-000008
-000028
-000035
-000034
-000037
-000037
-000026
-000006
0000011
0000018
0000011
-000004
-000023
-000037
-000037
-000032
-000034
-000037
-000032
-000021
-000013
-000017
-000035
-000056
-000056
-000041
-000024
-000013
-000012
-000017
-000021
-000026
-000034
-000046
-000059
-000070
-000072
-000067
-000058
-000048
-000043
-000041
-000039
-000037
-000041
-000043
-000043
-000043
-000058
-000067
-000041
-000004
-000006
-000035
-000045
-000039
-000035
-000034
-000037
-000043
-000050
-000058
-000063
-000065
-000056
-000041
-000041
-000046
-000043
-000035
-000035
-000039
-000039
-000035
-000041
-000046
-000046
-000039
-000035
-000032
-000028
-000028
-000028
-000028
-000030
-000034
-000039
-000046
-000052
-000056
-000056
-000048
-000043
-000037
-000026
-000017
-000017
-000030
-000054
-000072
-000052
-000015
-000021
-000045
-000039
-000015
-000008
-000015
-000028
-000035
-000032
-000019
-000010
-000004
-000002
-000008
-000034
-000056
-000041
-000006
0000007
0000000
-000010
-000019
-000032
-000037
-000019
0000005
0000007
-000008
-000017
-000023
-000035
-000046
-000037
-000019
-000012
-000013
-000010
-000006
0000005
0000009
-000015
-000046
-000045
-000023
-000008
-000004
-000004
-000008
-000008
0000000
0000022
0000036
0000016
-000019
-000032
-000023
0000000
0000018
0000007
-000015
-000004
0000022
0000009
-000019
0000003
0000042
0000029
-000006
0000005
0000038
0000040
0000020
0000007
0000005
0000005
0000009
0000012
0000018
0000023
0000027
0000022
0000011
0000001
0000001
0000023
0000051
0000042
0000012
0000000
0000003
0000007
0000014
0000027
0000040
0000038
0000029
0000031
0000036
0000027
0000014
0000016
0000023
0000023
0000016
0000012
0000014
0000029
0000045
0000044
0000033
0000031
0000034
0000034
0000029
0000022
0000022
0000051
0000082
0000075
0000044
0000029
0000034
0000045
0000055
0000047
0000034
0000029
0000033
0000029
0000025
0000027
0000031
0000029
0000025
0000033
0000038
0000025
0000007
0000020
0000044
0000040
0000022
0000023
0000036
0000034
0000031
0000045
0000069
0000071
0000060
0000058
0000058
0000038
0000018
0000033
0000062
0000060
0000038
0000027
0000031
0000038
0000045
0000044
0000034
0000033
0000033
0000023
0000012
0000009
0000012
0000022
0000033
0000044
0000051
0000047
0000038
0000042
0000051
0000047
0000036
0000036
0000040
0000042
0000036
0000023
0000012
0000023
0000042
0000045
0000033
0000012
-000006
-000002
0000012
0000027
0000034
0000038
0000036
0000031
0000025
0000018
0000012
0000016
0000023
0000025
0000023
0000018
0000012
0000018
0000033
0000051
0000062
0000051
0000027
0000012
0000011
0000029
0000053
0000053
0000031
0000001
-000019
-000002
0000029
0000027
0000007
0000001
0000009
0000031
0000053
0000049
0000029
0000016
0000012
0000016
0000020
0000014
0000003
-000004
-000008
-000002
0000005
0000007
0000005
0000012
0000023
0000034
0000036
0000011
-000024
-000034
-000024
-000008
0000005
0000012
0000011
0000003
-000002
0000001
0000009
-000004
-000017
0000003
0000033
0000016
-000023
-000021
0000003
0000001
-000017
-000024
-000013
0000023
0000060
0000047
0000005
-000004
0000005
-000015
-000041
-000015
0000023
0000000
-000050
-000048
-000015
-000012
-000028
-000034
-000030
-000026
-000026
-000035
-000046
-000050
-000048
-000050
-000050
-000032
-000010
-000019
-000045
-000059
-000059
-000045
-000028
-000021
-000030
-000063
-000091
-000065
-000021
-000028
-000069
-000072
-000059
-000070
-000085
-000065
-000024
-000004
-000008
-000032
-000054
-000050
-000032
-000039
-000056
-000050
-000032
-000021
-000026
-000048
-000074
-000085
-000081
-000070
-000058
-000050
-000052
-000059
-000067
-000059
-000048
-000050
-000063
-000080
-000091
-000080
-000061
-000058
-000065
-000065
-000065
-000078
-000092
-000081
-000058
-000050
-000054
-000052
-000045
-000043
-000043
-000045
-000046
-000054
-000063
-000067
-000063
-000058
-000052
-000059
-000074
-000094
-000104
-000080
-000043
-000034
-000050
-000070
-000083
-000080
-000067
-000058
-000058
-000065
-000072
-000070
-000061
-000056
-000058
-000063
-000069
-000063
-000058
-000069
-000083
-000076
-000054
-000037
-000034
-000052
-000081
-000104
-000105
-000083
-000052
-000043
-000054
-000067
-000076
-000069
-000056
-000052
-000056
-000056
-000054
-000052
-000054
-000070
-000085
-000074
-000046
-000021
-000012
-000045
-000085
-000074
-000034
-000026
-000039
-000030
-000010
-000004
-000015
-000046
-000074
-000059
-000026
-000024
-000043
-000046
-000043
-000052
-000061
-000056
-000041
-000043
-000052
-000052
-000046
-000052
-000058
-000045
-000026
-000034
-000048
-000037
-000017
-000028
-000054
-000052
-000035
-000043
-000059
-000045
-000023
-000028
-000050
-000061
-000052
-000015
0000020
-000008
-000059
-000052
-000010
0000011
0000009
-000004
-000021
-000041
-000045
-000002
0000047
0000029
-000028
-000048
-000034
-000017
-000004
0000003
0000001
-000004
-000010
-000006
0000001
-000006
-000012
0000003
0000027
0000038
0000033
0000011
-000008
0000007
0000034
0000031
0000009
0000000
0000005
0000016
0000023
0000014
0000001
0000000
0000005
0000005
0000007
0000018
0000034
0000040
0000036
0000025
0000016
0000020
0000027
0000022
0000011
0000007
0000011
0000020
0000027
0000025
0000020
0000020
0000023
0000020
0000014
0000012
0000016
0000027
0000038
0000045
0000044
0000036
0000027
0000029
0000036
0000036
0000034
0000034
0000038
0000034
0000027
0000018
0000014
0000023
0000040
0000049
0000051
0000044
0000029
0000016
0000012
0000023
0000042
0000058
0000064
0000045
0000020
0000023
0000042
0000044
0000036
0000038
0000044
0000025
0000005
0000025
0000057
0000047
0000018
0000012
0000029
0000047
0000053
0000029
-000006
-000002
0000027
0000064
0000086
0000066
0000025
0000014
0000025
0000029
0000023
0000018
0000014
0000029
0000047
0000047
0000034
0000034
0000040
0000038
0000033
0000040
0000051
0000058
0000058
0000044
0000031
0000045
0000069
0000064
0000040
0000038
0000044
0000031
0000011
0000016
0000034
0000044
0000044
0000040
0000036
0000047
0000058
0000051
0000031
0000027
0000034
0000036
0000038
0000053
0000066
0000049
0000018
0000009
0000023
0000047
0000068
0000055
0000025
0000025
0000040
0000034
0000020
0000014
0000020
0000042
0000060
0000040
0000001
-000002
0000020
0000033
0000036
0000038
0000036
0000023
0000014
0000025
0000044
0000038
0000018
0000012
0000020
0000033
0000044
0000033
0000014
0000022
0000042
0000045
0000036
0000022
0000012
0000025
0000047
0000047
0000029
0000014
0000011
0000012
0000022
0000029
0000033
0000040
0000045
0000029
0000009
0000009
0000023
0000033
0000034
0000027
0000012
0000000
-000010
-000013
-000010
-000002
0000011
0000029
0000036
0000009
-000032
-000032
-000006
0000000
-000010
-000015
-000013
-000008
-000002
-000002
-000004
0000007
0000020
0000009
-000012
-000004
0000014
0000012
0000000
-000004
0000001
0000014
0000027
0000027
0000020
0000018
0000012
-000019
-000052
-000043
-000008
0000014
0000020
0000014
0000001
-000013
-000021
-000010
0000005
-000015
-000041
-000015
0000031
0000033
0000000
-000030
-000046
-000046
-000034
-000021
-000012
-000006
-000010
-000028
-000050
-000056
-000046
-000043
-000039
-000034
-000030
-000028
-000026
-000017
-000006
0000000
-000008
-000024
-000043
-000058
-000059
-000032
0000003
0000003
-000015
-000013
-000002
-000010
-000032
-000050
-000056
-000043
-000026
-000039
-000065
-000063
-000043
-000032
-000024
-000006
0000009
-000008
-000035
-000034
-000019
-000028
-000050
-000050
-000032
-000008
0000005
-000004
-000023
-000006
0000023
0000011
-000024
-000043
-000041
-000015
0000012
0000007
-000017
-000026
-000023
-000013
-000008
-000017
-000028
-000015
0000001
-000017
-000041
-000017
0000031
0000038
0000020
0000009
0000009
0000011
0000009
-000008
-000026
-000030
-000017
0000003
0000023
0000034
0000029
0000012
-000006
-000010
-000002
-000006
-000010
0000005
0000027
0000022
0000005
0000011
0000023
0000020
0000003
-000006
-000008
-000002
0000001
-000012
-000028
-000024
-000008
0000007
0000014
0000022
0000023
0000016
0000005
0000003
0000005
0000007
0000009
0000014
0000020
0000012
0000000
-000002
0000003
0000005
0000005
0000014
0000027
0000029
0000025
0000023
0000025
0000033
0000038
0000018
-000004
0000014
0000049
0000045
0000022
0000018
0000027
0000025
0000022
0000031
0000042
0000036
0000018
0000005
0000003
0000020
0000036
0000029
0000009
0000005
0000009
0000007
0000001
0000001
0000007
0000012
0000018
0000012
0000005
0000009
0000022
0000022
0000016
0000014
0000014
0000012
0000012
0000022
0000031
0000011
-000019
-000017
0000001
0000005
0000000
0000005
0000012
0000011
0000000
-000013
-000023
-000013
0000000
-000006
-000024
-000030
-000024
-000013
-000002
-000002
-000006
-000006
-000002
-000008
-000017
-000024
-000021
-000002
0000016
0000003
-000024
-000024
-000012
-000019
-000034
-000035
-000026
-000024
-000028
-000028
-000026
-000026
-000026
-000017
-000006
0000000
-000002
-000008
-000015
-000026
-000032
-000024
-000012
-000010
-000013
-000004
0000005
0000000
-000015
-000021
-000019
-000019
-000021
-000026
-000028
-000012
0000005
-000006
-000030
-000039
-000032
-000023
-000015
-000023
-000035
-000035
-000032
-000034
-000043
-000052
-000056
-000056
-000056
-000070
-000081
-000065
-000035
-000024
-000034
-000056
-000076
-000080
-000067
-000046
-000032
-000030
-000039
-000041
-000035
-000032
-000030
-000037
-000045
-000034
-000019
-000024
-000041
-000045
-000039
-000046
-000056
-000041
-000021
-000028
-000048
-000041
-000021
-000023
-000037
-000043
-000043
-000054
-000067
-000061
-000041
-000013
0000007
-000004
-000028
-000026
-000010
-000013
-000026
-000030
-000024
-000030
-000037
-000032
-000021
-000023
-000028
-000021
-000012
-000024
-000045
-000045
-000030
-000032
-000037
-000024
-000010
-000028
-000056
-000043
-000013
-000017
-000032
0000003
0000047
0000025
-000030
-000028
0000003
-000008
-000039
-000039
-000021
-000030
-000046
-000035
-000012
-000017
-000037
-000032
-000012
0000001
0000005
0000009
0000007
-000008
-000024
-000021
-000008
-000013
-000028
-000015
0000005
-000004
-000026
-000019
0000000
-000008
-000026
-000023
-000012
-000023
-000041
-000046
-000037
-000023
-000008
-000010
-000021
-000037
-000045
-000034
-000015
-000004
-000008
-000015
-000023
-000032
-000032
-000015
0000003
-000002
-000013
0000001
0000029
0000036
0000022
-000006
-000026
-000010
0000025
0000044
0000044
0000031
0000014
0000001
-000002
-000015
-000002
0000121
0000215
0000009
-000288
-000258
-000015
0000114
0000114
0000051
-000021
0000003
0000068
0000034
-000043
-000045
0000009
0000036
0000038
0000033
0000020
-000004
-000021
0000007
0000049
0000055
0000031
0000016
0000007
-000010
-000021
0000001
0000036
0000049
0000044
0000044
0000045
0000040
0000034
0000033
0000034
0000038
0000038
0000033
0000029
0000033
0000040
0000038
0000034
0000038
0000049
0000062
0000068
0000049
0000027
0000036
0000057
0000038
0000011
0000020
0000055
0000080
0000086
0000077
0000055
0000038
0000027
0000018
0000022
0000057
0000090
0000068
0000022
0000018
0000042
0000049
0000044
0000045
0000053
0000055
0000051
0000047
0000049
0000058
0000069
0000064
0000049
0000047
0000051
0000040
0000027
0000040
0000060
0000058
0000040
0000018
0000007
0000023
0000053
0000053
0000038
0000036
0000044
0000053
0000055
0000038
0000016
0000022
0000040
0000053
0000053
0000042
0000027
0000020
0000022
0000022
0000025
0000042
0000055
0000034
0000007
0000031
0000068
0000040
-000013
0000009
0000066
0000064
0000023
0000014
0000020
-000006
-000026
0000025
0000097
0000082
0000018
0000011
0000034
0000016
-000023
-000026
-000004
0000009
0000014
0000029
0000042
0000036
0000022
0000016
0000020
0000029
0000036
0000034
0000020
-000012
-000034
-000002
0000047
0000047
0000014
0000005
0000014
0000016
0000009
-000008
-000023
-000004
0000023
0000005
-000026
-000006
0000042
0000057
0000036
0000000
-000032
-000023
0000011
0000014
0000001
0000000
0000009
0000011
0000007
0000005
0000007
0000014
0000020
0000003
-000023
-000034
-000030
-000019
-000012
-000013
-000023
-000034
-000037
-000017
0000007
-000010
-000043
-000026
0000011
0000007
-000024
-000043
-000046
-000043
-000037
-000028
-000023
-000024
-000030
-000024
-000019
-000037
-000058
-000045
-000019
-000023
-000041
-000041
-000026
-000012
-000006
-000023
-000043
-000034
-000010
-000008
-000023
-000030
-000030
-000028
-000028
-000030
-000034
-000041
-000046
-000039
-000024
-000017
-000015
-000017
-000026
-000050
-000072
-000059
-000026
-000015
-000023
-000032
-000035
-000028
-000019
-000030
-000045
-000037
-000023
-000030
-000046
-000045
-000032
-000024
-000026
-000048
-000070
-000059
-000024
0000005
0000018
-000004
-000026
0000029
0000097
0000049
-000056
-000078
-000035
0000001
0000016
-000012
-000048
-000026
0000020
0000003
-000041
-000043
-000015
-000008
-000010
0000001
0000016
0000011
-000008
-000013
-000012
-000017
-000023
-000017
-000004
0000014
0000025
0000018
0000001
0000007
0000022
0000012
-000006
0000000
0000018
0000014
0000000
0000003
0000014
0000018
0000016
0000027
0000036
0000016
-000013
-000010
0000014
0000018
0000007
0000005
0000009
0000012
0000020
0000036
0000053
0000045
0000023
0000003
-000008
-000006
0000009
0000033
0000051
0000045
0000025
0000022
0000029
0000040
0000042
0000012
-000017
0000009
0000057
0000060
0000033
0000027
0000034
0000031
0000023
0000027
0000040
0000060
0000073
0000062
0000038
0000020
0000014
0000033
0000053
0000036
0000009
0000022
0000055
0000062
0000049
0000042
0000042
0000049
0000058
0000057
0000047
0000047
0000053
0000053
0000047
0000042
0000040
0000049
0000060
0000049
0000031
0000029
0000040
0000042
0000044
0000060
0000073
0000051
0000020
0000031
0000062
0000058
0000034
0000031
0000040
0000051
0000057
0000044
0000027
0000036
0000058
0000053
0000034
0000033
0000044
0000057
0000066
0000055
0000036
0000042
0000055
0000042
0000023
0000042
0000075
0000079
0000058
0000038
0000025
0000023
0000031
0000036
0000042
0000055
0000066
0000053
0000034
0000042
0000062
0000057
0000040
0000040
0000049
0000055
0000055
0000062
0000069
0000058
0000040
0000040
0000055
0000075
0000088
0000075
0000047
0000036
0000036
0000027
0000020
0000038
0000066
0000077
0000066
0000034
0000005
0000018
0000055
0000079
0000079
0000058
0000036
0000040
0000060
0000058
0000045
0000053
0000069
0000064
0000045
0000044
0000051
0000053
0000044
0000027
0000014
0000034
0000066
0000068
0000047
0000027
0000018
0000033
0000051
0000038
0000014
0000027
0000058
0000055
0000031
0000027
0000036
0000036
0000027
0000016
0000005
0000003
0000011
0000023
0000034
0000040
0000036
0000029
0000023
0000042
0000062
0000049
0000022
0000018
0000031
0000038
0000033
0000003
-000026
0000000
0000047
0000047
0000014
0000000
0000001
-000004
-000010
0000001
0000020
0000025
0000022
0000029
0000034
0000016
-000008
-000015
-000004
0000009
0000018
0000018
0000014
0000014
0000016
0000016
0000012
0000018
0000025
0000018
0000001
-000008
-000008
0000003
0000016
0000014
0000003
-000006
-000006
0000011
0000025
0000003
-000035
-000056
-000048
-000023
0000005
0000000
-000023
-000023
-000012
-000015
-000026
-000032
-000028
-000012
0000009
0000005
-000012
-000008
0000000
-000019
-000045
-000039
-000015
-000015
-000026
-000019
-000008
-000023
-000052
-000069
-000067
-000046
-000026
-000039
-000065
-000054
-000024
-000017
-000023
-000013
-000002
-000012
-000032
-000039
-000035
-000032
-000034
-000054
-000070
-000041
0000005
0000005
-000026
-000052
-000058
-000045
-000024
-000028
-000046
-000052
-000048
-000056
-000067
-000069
-000063
-000058
-000050
-000045
-000041
-000037
-000039
-000048
-000054
-000037
-000017
-000035
-000070
-000067
-000041
-000043
-000056
-000045
-000023
-000021
-000028
-000028
-000021
-000012
-000010
-000021
-000035
-000039
-000035
-000034
-000035
-000039
-000046
-000054
-000058
-000048
-000039
-000054
-000072
-000059
-000030
-000024
-000037
-000041
-000037
-000046
-000056
-000050
-000037
-000045
-000061
-000052
-000032
-000039
-000058
-000050
-000030
-000024
-000026
-000024
-000021
-000028
-000034
-000015
0000003
-000012
-000041
-000039
-000021
-000017
-000023
-000012
-000002
-000021
-000046
-000039
-000012
-000006
-000015
-000010
0000003
0000000
-000013
-000019
-000017
-000019
-000021
-000015
-000004
0000009
0000014
0000000
-000023
-000026
-000017
-000017
-000024
-000028
-000030
-000026
-000021
-000008
-000002
-000034
-000067
-000035
0000020
0000007
-000037
-000019
0000025
0000009
-000034
-000028
0000009
0000014
0000000
-000006
-000006
-000019
-000026
0000009
0000053
0000040
0000000
-000008
0000005
0000007
-000006
-000024
-000035
-000030
-000012
-000002
0000003
0000027
0000047
0000029
-000006
-000021
-000013
0000009
0000025
0000011
-000019
-000017
0000001
0000001
-000008
-000006
0000009
0000029
0000044
0000042
0000027
0000009
-000002
0000014
0000038
0000033
0000011
0000018
0000034
0000023
-000002
-000010
-000004
0000003
0000007
0000000
-000008
0000003
0000023
0000029
0000025
0000025
0000027
0000027
0000025
0000014
0000007
0000011
0000022
0000020
0000009
0000001
-000002
-000006
-000006
0000011
0000027
0000012
-000012
0000000
0000023
0000014
-000010
-000006
0000016
0000036
0000044
0000042
0000034
0000033
0000036
0000042
0000045
0000044
0000038
0000038
0000040
0000042
0000042
0000047
0000055
0000053
0000045
0000034
0000029
0000031
0000040
0000044
0000045
0000040
0000038
0000055
0000071
0000049
0000016
0000027
0000055
0000029
-000013
0000001
0000044
0000047
0000027
0000040
0000062
0000045
0000012
0000020
0000049
0000064
0000058
0000047
0000034
0000027
0000027
0000023
0000023
0000042
0000066
0000071
0000060
0000042
0000029
0000033
0000047
0000057
0000060
0000055
0000049
0000069
0000090
0000062
0000016
0000011
0000033
0000045
0000045
0000042
0000034
0000031
0000031
0000033
0000036
0000044
0000051
0000047
0000038
0000034
0000038
0000053
0000064
0000047
0000022
0000025
0000042
0000034
0000018
0000023
0000042
0000055
0000055
0000040
0000020
0000007
0000009
0000018
0000031
0000042
0000045
0000045
0000040
0000027
0000016
0000029
0000049
0000051
0000038
0000038
0000042
0000036
0000027
0000022
0000023
0000031
0000038
0000045
0000045
0000042
0000033
0000012
-000006
-000006
0000005
-000004
-000023
-000032
-000026
0000000
0000029
0000031
0000016
0000012
0000016
0000009
-000002
-000006
-000002
0000003
0000007
0000001
-000012
-000035
-000052
-000023
0000023
0000022
-000010
-000026
-000028
-000023
-000013
-000013
-000013
-000002
0000009
0000003
-000010
0000000
0000016
0000009
-000010
0000000
0000016
0000000
-000032
-000028
-000008
-000017
-000037
-000037
-000021
-000002
0000005
-000010
-000035
-000045
-000037
-000023
-000008
-000010
-000024
-000043
-000052
-000032
-000008
-000021
-000050
-000050
-000034
-000021
-000021
-000032
-000046
-000043
-000032
-000035
-000045
-000041
-000032
-000035
-000046
-000046
-000045
-000061
-000076
-000059
-000032
-000041
-000069
-000069
-000052
-000041
-000041
-000058
-000072
-000054
-000026
-000041
-000076
-000087
-000074
-000063
-000056
-000050
-000048
-000052
-000058
-000058
-000056
-000056
-000058
-000061
-000063
-000063
-000061
-000050
-000043
-000056
-000070
-000059
-000039
-000050
-000076
-000078
-000067
-000063
-000067
-000061
-000052
-000045
-000041
-000039
-000041
-000054
-000065
-000061
-000048
-000050
-000061
-000059
-000056
-000069
-000087
-000083
-000065
-000056
-000056
-000063
-000074
-000074
-000067
-000065
-000070
-000083
-000098
-000100
-000091
-000080
-000067
-000058
-000054
-000059
-000067
-000065
-000058
-000054
-000056
-000059
-000063
-000063
-000059
-000061
-000065
-000063
-000056
-000046
-000043
-000058
-000078
-000072
-000058
-000063
-000074
-000054
-000024
-000032
-000061
-000061
-000048
-000048
-000058
-000058
-000056
-000058
-000063
-000061
-000056
-000059
-000065
-000046
-000026
-000041
-000070
-000072
-000056
-000050
-000054
-000065
-000072
-000065
-000054
-000056
-000065
-000058
-000046
-000043
-000048
-000050
-000048
-000046
-000046
-000045
-000048
-000072
-000092
-000081
-000054
-000048
-000063
-000078
-000085
-000067
-000046
-000059
-000081
-000059
-000021
-000021
-000048
-000070
-000076
-000063
-000041
-000028
-000026
-000030
-000039
-000059
-000076
-000063
-000039
-000037
-000046
-000039
-000026
-000034
-000052
-000058
-000054
-000054
-000056
-000052
-000048
-000046
-000045
-000046
-000048
-000043
-000034
-000024
-000021
-000024
-000028
-000010
0000007
-000017
-000058
-000061
-000037
-000004
0000012
-000021
-000074
-000070
-000035
-000037
-000056
-000032
0000007
-000006
-000043
-000050
-000034
-000026
-000024
-000028
-000030
-000024
-000019
-000026
-000037
-000034
-000021
-000015
-000021
-000046
-000067
-000043
0000001
0000016
0000005
-000010
-000019
-000015
-000008
-000023
-000046
-000045
-000023
0000005
0000020
-000006
-000041
-000032
0000003
0000007
-000006
0000000
0000011
-000002
-000024
-000032
-000023
-000002
0000016
0000007
-000015
-000019
-000012
-000019
-000030
-000019
0000001
0000011
0000009
0000012
0000016
0000018
0000016
0000005
-000006
-000002
0000012
0000020
0000016
0000000
-000017
-000006
0000020
0000029
0000025
0000027
0000022
-000017
-000054
-000028
0000027
0000034
0000005
-000012
-000012
-000004
0000007
0000012
0000011
0000003
0000000
0000014
0000034
0000027
0000007
0000001
0000009
0000011
0000009
0000007
0000003
-000012
-000024
-000002
0000031
0000029
0000009
0000011
0000023
0000011
-000012
-000002
0000016
0000000
-000030
-000017
0000014
0000020
0000011
0000014
0000025
0000023
0000016
0000020
0000031
0000038
0000034
0000020
0000003
0000000
0000007
0000009
0000005
0000001
-000002
-000008
-000012
-000012
-000006
0000007
0000018
0000012
0000000
0000003
0000016
0000005
-000010
0000005
0000027
0000016
-000010
-000006
0000016
0000022
0000016
0000016
0000018
0000014
0000007
-000004
-000012
-000010
-000004
-000023
-000039
-000017
0000023
0000027
0000005
-000017
-000026
-000015
0000001
0000003
-000010
-000021
-000026
-000021
-000012
-000008
-000010
-000006
-000002
0000001
0000003
0000005
0000001
-000004
-000013
-000023
-000030
-000034
-000030
-000023
-000013
-000013
-000017
-000015
-000010
-000006
-000006
-000008
-000013
-000024
-000037
-000039
-000032
-000017
-000006
-000017
-000035
-000035
-000021
-000010
-000008
-000019
-000035
-000039
-000034
-000043
-000050
-000034
-000010
-000019
-000043
-000045
-000035
-000037
-000046
-000039
-000026
-000028
-000035
-000035
-000034
-000041
-000048
-000043
-000032
-000028
-000030
-000032
-000028
-000015
-000002
-000006
-000019
-000017
-000010
-000013
-000026
-000043
-000054
-000048
-000030
-000021
-000019
-000032
-000046
-000045
-000032
-000021
-000017
-000030
-000046
-000039
-000019
-000017
-000026
-000032
-000028
-000015
-000004
-000008
-000024
-000041
-000054
-000063
-000065
-000056
-000043
-000041
-000041
-000021
0000003
-000008
-000034
-000039
-000028
-000032
-000043
-000043
-000034
-000024
-000019
-000017
-000023
-000041
-000059
-000063
-000050
-000032
-000019
-000028
-000045
-000037
-000019
-000023
-000039
-000037
-000028
-000028
-000030
-000023
-000010
-000008
-000013
-000024
-000030
-000015
0000009
0000001
-000019
-000021
-000012
-000021
-000037
-000041
-000032
-000019
-000006
0000003
0000009
0000011
0000007
0000001
-000004
-000013
-000021
-000023
-000015
0000011
0000034
0000012
-000026
-000008
0000031
0000011
-000041
-000061
-000052
-000034
-000013
0000001
0000007
0000000
-000008
0000007
0000025
0000007
-000032
-000054
-000052
-000034
-000010
-000008
-000012
0000014
0000047
0000044
0000018
0000005
0000007
0000012
0000014
0000001
-000010
0000011
0000042
0000044
0000027
0000031
0000040
0000034
0000018
0000001
-000006
-000002
0000005
0000001
-000006
-000004
0000007
0000018
0000025
0000034
0000036
0000018
-000008
-000010
0000003
0000009
0000012
0000022
0000034
0000034
0000029
0000031
0000036
0000025
0000009
-000004
-000006
0000009
0000023
0000020
0000007
0000005
0000014
0000027
0000036
0000023
0000005
0000011
0000029
0000036
0000031
0000016
0000000
0000003
0000014
0000018
0000014
0000016
0000022
0000020
0000014
0000020
0000033
0000042
0000045
0000044
0000038
0000036
0000034
0000031
0000025
0000031
0000036
0000031
0000023
0000034
0000053
0000062
0000057
0000033
0000009
0000012
0000034
0000040
0000034
0000029
0000029
0000044
0000060
0000047
0000025
0000027
0000042
0000036
0000025
0000042
0000068
0000057
0000029
0000040
0000068
0000075
0000062
0000049
0000042
0000060
0000082
0000064
0000031
0000038
0000066
0000062
0000044
0000058
0000080
0000051
0000007
0000033
0000090
0000091
0000060
0000058
0000075
0000071
0000057
0000051
0000053
0000064
0000073
0000066
0000053
0000047
0000049
0000060
0000069
0000066
0000053
0000055
0000060
0000058
0000051
0000060
0000073
0000060
0000044
0000057
0000084
0000080
0000057
0000042
0000036
0000036
0000042
0000062
0000080
0000073
0000053
0000049
0000053
0000042
0000029
0000036
0000053
0000049
0000031
0000014
0000007
0000018
0000038
0000045
0000047
0000068
0000091
0000088
0000071
0000079
0000095
0000080
0000049
0000033
0000033
0000049
0000064
0000045
0000018
0000036
0000075
0000084
0000068
0000055
0000049
0000040
0000034
0000042
0000055
0000055
0000051
0000068
0000088
0000073
0000044
0000045
0000064
0000057
0000038
0000042
0000053
0000042
0000022
0000012
0000014
0000016
0000022
0000042
0000064
0000058
0000044
0000055
0000073
0000055
0000025
0000031
0000055
0000060
0000051
0000051
0000051
0000040
0000023
0000027
0000038
0000029
0000011
0000009
0000016
0000023
0000023
0000023
0000023
0000023
0000025
0000033
0000036
0000018
-000004
-000002
0000014
0000014
0000007
0000022
0000042
0000029
0000000
0000000
0000022
0000040
0000044
0000022
-000008
-000006
0000014
0000018
0000007
-000002
-000008
-000006
-000002
-000004
-000008
-000006
-000002
-000010
-000019
-000015
-000002
0000009
0000014
0000012
0000007
0000009
0000012
-000006
-000026
-000015
0000007
-000004
-000032
-000034
-000017
-000004
-000002
-000012
-000026
-000034
-000030
-000017
-000008
-000013
-000030
-000046
-000052
-000032
-000006
-000006
-000026
-000041
-000046
-000048
-000045
-000048
-000048
-000034
-000012
-000004
-000008
-000012
-000015
-000021
-000028
-000043
-000056
-000050
-000037
-000039
-000052
-000063
-000063
-000034
-000002
-000023
-000061
-000039
0000005
-000010
-000058
-000065
-000046
-000041
-000046
-000052
-000058
-000058
-000054
-000048
-000046
-000054
-000059
-000043
-000006
0000049
0000086
0000068
-000024
-000223
-000365
-000166
0000154
0000134
-000085
-000105
0000000
0000009
-000050
-000091
-000094
-000058
-000006
0000018
0000001
-000045
-000096
-000105
-000081
-000050
-000028
-000030
-000052
-000070
-000081
-000081
-000067
-000043
-000019
-000019
-000035
-000045
-000046
-000050
-000054
-000054
-000050
-000046
-000045
-000059
-000070
-000046
-000012
-000008
-000026
-000039
-000045
-000052
-000052
-000032
-000013
-000028
-000059
-000072
-000061
-000037
-000013
-000006
-000017
-000037
-000054
-000046
-000030
-000030
-000039
-000034
-000019
-000013
-000015
-000015
-000015
-000021
-000026
-000030
-000026
-000019
-000008
-000006
-000012
-000017
-000023
-000017
-000010
-000012
-000019
-000017
-000010
-000015
-000024
-000021
-000010
-000008
-000012
-000013
-000010
-000002
0000007
0000007
0000003
0000007
0000014
0000020
0000018
-000010
-000035
-000017
0000022
0000020
-000010
-000024
-000023
-000019
-000013
-000002
0000009
0000012
0000009
-000004
-000015
-000015
-000006
0000001
0000005
0000000
-000010
-000013
-000012
-000013
-000012
0000007
0000025
0000012
-000012
0000011
0000049
0000031
-000012
-000010
0000020
0000034
0000033
0000029
0000027
0000031
0000033
0000025
0000018
0000023
0000036
0000036
0000029
0000031
0000036
0000025
0000011
0000012
0000025
0000034
0000036
0000022
0000001
-000017
-000019
0000007
0000042
0000045
0000033
0000051
0000077
0000071
0000044
0000029
0000027
0000027
0000033
0000057
0000075
0000044
0000001
0000022
0000073
0000075
0000047
0000045
0000060
0000064
0000057
0000047
0000038
0000036
0000040
0000045
0000053
0000066
0000071
0000058
0000036
0000027
0000033
0000055
0000077
0000071
0000053
0000053
0000068
0000075
0000073
0000064
0000055
0000058
0000069
0000079
0000079
0000069
0000057
0000060
0000071
0000060
0000045
0000055
0000071
0000062
0000045
0000058
0000084
0000082
0000064
0000060
0000068
0000071
0000075
0000086
0000091
0000069
0000038
0000042
0000062
0000064
0000053
0000055
0000062
0000060
0000057
0000060
0000069
0000069
0000069
0000082
0000091
0000058
0000020
0000036
0000080
0000079
0000051
0000047
0000060
0000058
0000047
0000040
0000034
0000033
0000029
0000012
0000003
0000040
0000091
0000097
0000075
0000075
0000097
0000149
0000172
0000073
-000054
-000010
0000115
0000099
0000003
0000000
0000053
0000060
0000038
0000033
0000038
0000031
0000022
0000031
0000049
0000047
0000042
0000057
0000079
0000079
0000066
0000062
0000066
0000051
0000031
0000025
0000031
0000040
0000051
0000064
0000071
0000062
0000045
0000047
0000058
0000057
0000045
0000040
0000042
0000040
0000042
0000058
0000073
0000055
0000022
0000012
0000023
0000044
0000058
0000049
0000029
0000029
0000040
0000034
0000022
0000018
0000023
0000025
0000025
0000038
0000053
0000058
0000053
0000044
0000034
0000027
0000023
0000023
0000023
0000025
0000023
0000022
0000018
0000005
-000004
0000016
0000049
0000058
0000051
0000047
0000045
0000038
0000031
0000040
0000051
0000038
0000014
0000005
0000011
0000023
0000034
0000029
0000018
0000034
0000055
0000025
-000021
-000015
0000020
0000012
-000010
0000007
0000038
0000038
0000016
0000012
0000018
0000014
0000007
0000018
0000033
0000029
0000014
0000014
0000018
0000005
-000012
0000003
0000023
0000009
-000023
-000028
-000013
-000008
-000010
-000017
-000021
-000002
0000023
0000034
0000034
0000038
0000036
0000014
-000006
0000009
0000040
0000027
-000006
-000012
0000005
0000014
0000012
-000013
-000039
-000023
0000014
0000018
0000000
-000004
0000005
0000007
0000007
0000022
0000029
0000000
-000041
-000037
-000012
-000021
-000048
-000054
-000039
-000021
-000006
0000001
0000001
-000006
-000010
0000001
0000020
0000023
0000012
-000004
-000013
0000000
0000022
0000027
0000018
0000007
-000004
-000017
-000026
-000017
0000003
0000020
0000025
0000018
0000001
-000017
-000026
-000012
0000014
0000025
0000020
-000002
-000021
-000012
0000011
0000011
0000000
-000004
0000003
0000016
0000023
0000009
-000012
0000003
0000027
0000001
-000045
-000041
-000008
0000009
0000005
-000004
-000015
-000017
-000017
-000017
-000023
-000034
-000045
-000054
-000052
-000035
-000015
-000013
-000021
-000015
-000008
-000032
-000059
-000026
0000031
0000033
-000004
-000028
-000034
-000034
-000028
-000023
-000021
-000030
-000037
-000019
0000003
-000013
-000046
-000043
-000017
-000004
-000002
-000008
-000015
-000026
-000034
-000037
-000034
-000015
0000007
0000007
-000012
-000030
-000039
-000023
0000001
-000017
-000052
-000045
-000015
-000013
-000030
-000026
-000013
-000021
-000034
-000026
-000010
-000013
-000028
-000026
-000015
-000008
-000010
-000026
-000041
-000023
0000003
-000012
-000045
-000039
-000013
-000006
-000017
-000035
-000054
-000052
-000045
-000058
-000076
-000059
-000026
-000019
-000034
-000045
-000048
-000037
-000021
-000021
-000028
-000023
-000010
-000013
-000026
-000024
-000019
-000023
-000030
-000023
-000012
-000008
-000012
-000013
-000017
-000035
-000054
-000039
-000012
-000012
-000028
-000034
-000030
-000017
-000008
-000013
-000024
-000019
-000004
0000000
-000006
-000004
-000004
-000024
-000039
-000002
0000053
0000058
0000023
-000015
-000039
-000021
0000018
0000022
0000003
0000001
0000007
-000013
-000041
-000039
-000019
-000013
-000017
-000015
-000012
-000017
-000024
-000026
-000021
0000001
0000016
-000012
-000052
-000058
-000034
-000017
-000012
-000012
-000017
-000023
-000028
-000032
-000032
-000024
-000017
-000026
-000039
-000035
-000021
-000017
-000021
-000023
-000023
-000017
-000010
-000006
-000008
-000013
-000019
-000023
-000017
0000005
0000029
0000027
0000007
-000015
-000028
-000026
-000017
-000023
-000030
-000008
0000020
0000016
-000008
-000017
-000010
-000004
0000000
-000006
-000017
-000017
-000017
-000028
-000039
-000021
0000007
0000001
-000024
-000032
-000021
-000012
-000008
-000004
-000006
-000019
-000030
-000026
-000013
-000008
-000012
-000015
-000019
-000030
-000035
-000024
-000004
0000003
0000000
-000004
-000013
-000030
-000048
-000046
-000035
-000041
-000050
-000028
0000001
-000008
-000039
-000045
-000030
-000015
-000012
-000023
-000037
-000028
-000006
-000008
-000021
-000004
0000018
0000003
-000032
-000037
-000028
-000035
-000046
-000028
0000003
0000016
0000011
-000002
-000013
-000019
-000019
-000024
-000028
-000023
-000012
-000006
-000006
-000012
-000017
-000021
-000021
-000019
-000015
-000019
-000021
-000010
0000003
0000000
-000019
-000046
-000061
-000034
0000007
-000006
-000045
-000032
0000001
-000012
-000046
-000037
-000008
-000021
-000050
-000043
-000013
-000013
-000032
-000035
-000030
-000028
-000028
-000030
-000032
-000026
-000021
-000028
-000037
-000034
-000021
-000002
0000005
-000012
-000035
-000024
0000003
0000001
-000019
-000041
-000050
-000039
-000021
-000030
-000052
-000054
-000043
-000037
-000039
-000043
-000046
-000043
-000037
-000030
-000028
-000045
-000063
-000056
-000034
-000032
-000045
-000054
-000054
-000045
-000037
-000058
-000080
-000063
-000030
-000034
-000056
-000043
-000019
-000039
-000074
-000058
-000015
-000013
-000037
-000039
-000028
-000026
-000030
-000030
-000026
-000034
-000041
-000034
-000019
-000019
-000026
-000034
-000035
-000032
-000028
-000035
-000045
-000045
-000039
-000034
-000030
-000037
-000046
-000043
-000030
-000019
-000012
-000002
-000004
-000032
-000061
-000058
-000034
-000028
-000039
-000058
-000069
-000052
-000023
-000006
-000002
-000006
-000013
-000026
-000039
-000037
-000032
-000035
-000045
-000045
-000037
-000032
-000028
-000023
-000021
-000026
-000037
-000050
-000056
-000034
-000004
-000004
-000026
-000043
-000046
-000035
-000021
-000032
-000050
-000034
-000004
-000012
-000041
-000048
-000041
-000041
-000043
-000028
-000015
-000032
-000058
-000046
-000021
-000034
-000065
-000078
-000070
-000059
-000048
-000046
-000046
-000039
-000030
-000039
-000054
-000058
-000048
-000039
-000034
-000024
-000021
-000028
-000039
-000037
-000032
-000035
-000041
-000021
0000005
-000004
-000026
-000023
-000004
-000010
-000028
-000028
-000021
-000032
-000046
-000034
-000010
-000017
-000041
-000059
-000065
-000056
-000041
-000039
-000048
-000048
-000046
-000054
-000061
-000059
-000048
-000037
-000030
-000023
-000023
-000037
-000056
-000059
-000048
-000037
-000028
-000028
-000034
-000043
-000046
-000028
-000002
-000004
-000019
-000021
-000013
-000013
-000023
-000037
-000046
-000021
0000012
0000005
-000032
-000061
-000069
-000045
-000008
-000004
-000023
-000030
-000032
-000048
-000067
-000054
-000028
-000030
-000046
-000050
-000041
-000030
-000019
-000004
0000005
-000008
-000028
-000026
-000010
-000010
-000019
-000015
-000004
0000003
0000001
-000017
-000035
-000017
0000014
0000007
-000015
0000001
0000031
0000014
-000024
-000037
-000024
-000002
0000020
0000034
0000034
0000016
-000008
-000010
0000003
0000011
0000009
-000006
-000019
-000010
0000014
0000031
0000038
0000031
0000018
0000012
0000014
0000011
0000009
0000014
0000022
0000031
0000033
0000022
0000009
0000022
0000042
0000042
0000027
0000009
0000003
0000027
0000058
0000047
0000011
-000010
-000008
0000016
0000044
0000044
0000029
0000034
0000055
0000075
0000084
0000062
0000025
0000009
0000012
0000027
0000044
0000042
0000033
0000042
0000057
0000060
0000053
0000047
0000045
0000044
0000045
0000053
0000060
0000049
0000033
0000038
0000051
0000038
0000016
0000016
0000031
0000044
0000047
0000036
0000023
0000034
0000055
0000049
0000031
0000025
0000031
0000036
0000042
0000044
0000042
0000047
0000053
0000036
0000012
0000011
0000023
0000027
0000027
0000038
0000055
0000069
0000073
0000058
0000036
0000027
0000027
0000027
0000029
0000042
0000055
0000055
0000045
0000045
0000047
0000042
0000034
0000042
0000053
0000053
0000047
0000044
0000042
0000049
0000057
0000036
0000014
0000027
0000060
0000068
0000060
0000062
0000066
0000049
0000033
0000044
0000069
0000071
0000057
0000042
0000034
0000027
0000025
0000033
0000042
0000038
0000031
0000040
0000057
0000066
0000066
0000053
0000036
0000036
0000045
0000044
0000038
0000038
0000044
0000055
0000060
0000047
0000027
0000025
0000036
0000034
0000033
0000047
0000066
0000049
0000023
0000040
0000071
0000044
-000006
0000009
0000057
0000069
0000051
0000034
0000018
-000002
-000013
0000012
0000049
0000042
0000012
0000007
0000018
0000016
0000009
0000018
0000033
0000029
0000016
0000018
0000027
0000018
0000007
0000012
0000029
0000033
0000025
0000016
0000012
0000020
0000031
0000033
0000029
0000031
0000034
0000027
0000018
0000018
0000023
0000022
0000016
0000009
0000005
0000011
0000018
0000014
0000007
0000009
0000016
0000009
-000004
-000010
-000004
0000018
0000036
0000016
-000023
-000026
-000004
0000012
0000018
0000016
0000009
0000007
0000011
0000022
0000027
0000014
-000006
-000017
-000019
-000023
-000026
-000019
-000008
-000006
-000008
-000002
0000007
0000014
0000012
-000012
-000035
-000030
-000006
0000005
0000007
0000018
0000025
0000009
-000021
-000028
-000021
-000013
-000010
-000010
-000012
-000008
0000000
0000001
0000000
-000002
-000002
-000006
-000015
-000039
-000061
-000052
-000024
-000004
0000001
-000015
-000037
-000039
-000024
-000015
-000015
-000030
-000045
-000041
-000030
-000026
-000034
-000046
-000063
-000076
-000078
-000050
-000019
-000028
-000058
-000061
-000045
-000028
-000019
-000019
-000024
-000035
-000043
-000045
-000039
-000035
-000032
-000026
-000026
-000035
-000050
-000058
-000058
-000050
-000043
-000050
-000065
-000065
-000056
-000050
-000048
-000043
-000035
-000034
-000034
-000035
-000041
-000056
-000070
-000065
-000048
-000045
-000050
-000059
-000065
-000054
-000037
-000035
-000043
-000039
-000032
-000034
-000043
-000048
-000052
-000059
-000063
-000050
-000030
-000030
-000043
-000039
-000032
-000037
-000054
-000063
-000061
-000041
-000015
-000010
-000021
-000023
-000021
-000026
-000034
-000043
-000045
-000043
-000034
-000017
-000002
-000002
-000015
-000037
-000052
-000028
0000007
-000006
-000041
-000034
-000006
-000010
-000034
-000052
-000056
-000045
-000030
-000041
-000063
-000058
-000041
-000052
-000076
-000076
-000059
-000035
-000023
-000046
-000080
-000069
-000034
-000024
-000035
-000035
-000028
-000024
-000021
-000017
-000013
-000008
-000010
-000032
-000058
-000063
-000046
-000021
-000002
-000015
-000043
-000043
-000026
-000028
-000039
-000035
-000023
-000013
-000010
-000012
-000015
-000013
-000008
-000012
-000017
-000004
0000009
-000010
-000041
-000041
-000023
-000021
-000028
-000008
0000016
0000005
-000019
-000013
0000005
-000008
-000028
0000007
0000057
0000044
-000004
-000017
-000002
-000002
-000012
-000008
-000002
-000015
-000032
-000013
0000012
-000004
-000035
-000017
0000023
0000020
-000006
-000002
0000022
0000027
0000020
0000018
0000018
0000009
-000002
0000003
0000020
0000027
0000025
0000029
0000033
0000025
0000014
0000012
0000012
-000002
-000017
0000000
0000029
0000025
0000005
0000014
0000038
0000038
0000029
0000036
0000049
0000042
0000022
0000014
0000016
0000022
0000027
0000029
0000025
0000022
0000022
0000036
0000053
0000057
0000049
0000038
0000033
0000044
0000060
0000058
0000047
0000053
0000064
0000058
0000038
0000022
0000018
0000045
0000079
0000075
0000047
0000033
0000031
0000036
0000038
0000016
-000012
0000001
0000038
0000060
0000062
0000047
0000033
0000047
0000079
0000097
0000097
0000077
0000049
0000033
0000033
0000044
0000058
0000066
0000066
0000062
0000057
0000044
0000034
0000038
0000044
0000027
0000007
0000023
0000058
0000066
0000055
0000049
0000053
0000069
0000086
0000079
0000053
0000029
0000012
0000003
0000005
0000016
0000031
0000044
0000051
0000062
0000066
0000045
0000022
0000027
0000049
0000049
0000038
0000042
0000053
0000053
0000051
0000064
0000077
0000057
0000022
0000018
0000033
0000038
0000033
0000029
0000033
0000053
0000075
0000068
0000042
0000027
0000027
0000036
0000045
0000042
0000029
0000020
0000018
0000022
0000031
0000053
0000071
0000060
0000031
0000020
0000023
0000022
0000022
0000038
0000058
0000053
0000038
0000045
0000064
0000055
0000038
0000049
0000071
0000064
0000036
0000022
0000022
0000036
0000051
0000047
0000029
0000020
0000020
0000038
0000055
0000034
0000001
0000012
0000044
0000038
0000014
0000009
0000018
0000020
0000022
0000031
0000036
0000022
0000000
0000011
0000034
0000031
0000012
0000014
0000022
-000006
-000041
-000039
-000010
0000005
0000005
0000009
0000009
0000000
-000012
-000008
0000005
0000009
0000003
-000006
-000010
-000002
0000007
-000002
-000019
-000026
-000023
-000006
0000011
0000011
-000004
-000021
-000030
-000024
-000010
-000006
