-001223
-002387
-001980
-002562
-003493
-003668
-003144
-002329
-001514
-001107
-001048
-001165
-000932
0000523
0002095
0001629
-000175
-001689
-002678
-003435
-003202
-000932
0001862
0002444
0000989
-001339
-003144
-003086
-001281
0001222
0003026
0002386
0000174
-001689
-002736
-003086
-003086
-003610
-004075
-003435
-002154
-001165
-001048
-002213
-003959
-005065
-005239
-004716
-003551
-001514
0000291
0000582
-000408
-001514
-002038
-001339
0000174
0001629
0002037
0000232
-002620
-004657
-004657
-001165
0002852
0001862
-001630
-001339
0001164
0001397
0000465
0001338
0002910
0002910
0001920
0001571
0001862
0002561
0002794
0000989
-001747
-003377
-003842
-003610
-003202
-003319
-003784
-003726
-003493
-003668
-003435
-000990
0001979
0002503
0001280
0000756
0000523
-001048
-002387
-000699
0001746
0000058
-003086
-001281
0002619
0002212
-000408
0000291
0002735
0002910
0001455
0000291
-000292
-000583
-000583
-000699
-000641
-000292
0000232
0000465
0000465
0000465
0000058
-001980
-003901
-002678
-000059
0000000
-002213
-005298
-007568
-007102
-005007
-004657
-005181
-003726
-001863
-003144
-005239
-003319
0000174
-000699
-003842
-004250
-002736
-002154
-001747
0000407
0003143
0004424
0004016
0002095
0000291
0001862
0004249
0001746
-002445
-001689
0002503
0005588
0006519
0005238
0002561
0000407
-000874
-001805
-002154
-001805
-001223
-001165
-001398
-001165
-000815
-001165
-001980
-003319
-004075
-003027
-000932
0000989
0001513
-000408
-002911
-002329
-000059
0000232
-000641
0000174
0001047
-000990
-004425
-006229
-005996
-004483
-002795
-002795
-003726
-003435
-001689
0001047
0003783
0005238
0004889
0002444
-000408
-000874
0000582
0002561
0003609
0001979
-000757
-001223
-000233
-000233
-000583
0001106
0002386
-001339
-006520
-006520
-002736
0000582
0001746
-000874
-004483
-003784
0000174
0003841
0005180
0001629
-003319
-002795
0001222
0003201
0002910
0001280
-000466
-000175
0001338
0001862
0000989
-001339
-003901
-004716
-004017
-003086
-002271
-001572
-001223
-001514
-001805
-001165
0000000
0000698
0001513
0003958
0006868
0008265
0007567
0004889
0001688
0000116
0000000
-000408
-000466
0001222
0003492
0004365
0003900
0003143
0001804
-001048
-003784
-003901
-001980
0000058
0001804
0003143
0004016
0004773
0004773
0003085
0000814
-000059
0000407
0001397
0002037
0001280
-000408
-001514
-002271
-003901
-005472
-005763
-004716
-002678
-000699
-000175
-000292
0001164
0003259
0004482
0004598
0003958
0003318
0004249
0005762
0005646
0004598
0004598
0004831
0003609
0001746
0001106
0001397
0001338
0001106
0001338
0001338
0000000
-001921
-002969
-003202
-003377
-003144
-001398
0000640
0000931
0000116
0000058
0000756
0002153
0003143
0001920
-000292
-000932
-000350
-000350
-000466
0000291
0001746
0003492
0004540
0003667
0001920
0001920
0002328
-000408
-003377
-001223
0003259
0003667
0001804
0002561
0004831
0005762
0005006
0002677
0000174
-000292
0000174
-001980
-004657
-003842
-001048
0000174
-000350
-001689
-003086
-003610
-003086
-002445
-001572
0000232
0001513
-000117
-002795
-002678
-000233
0002386
0004132
0004132
0003026
0002968
0003259
0002153
0000465
-000117
0000000
-000059
-000233
0000058
0000814
0001862
0002968
0004191
0004773
0003725
0001862
0000582
0000116
-000292
-000233
0000814
0002386
0003667
0003900
0002095
-000524
-002154
-002445
-001863
-001398
-002562
-004017
-002795
-000408
-000233
-001514
-001689
-001165
-001456
-002154
-002445
-002329
-002213
-002445
-003668
-004425
-001689
0002095
0002037
0000174
0001688
0004773
0004540
0002677
0003550
0005006
0002328
-001398
-000059
0003958
0004831
0002852
0000058
-002445
-003319
-002620
-001456
-000408
0000116
0000174
0000465
0000989
0001688
0001862
0000291
-001747
-002096
-001048
-000583
0000000
0002386
0004889
0004715
0002444
-000117
-001863
-001921
-001048
-001107
-001863
-002678
-002853
-001281
0001047
0002095
0001571
-000524
-002213
0000232
0004016
0003259
0000058
-000117
0001455
0000989
-000117
0001513
0003900
0002968
0000291
0000174
0000989
-001456
-004599
-003668
0000000
0002794
0003434
0001222
-002271
-003610
-003319
-003959
-004483
-002911
-000641
-000466
-001398
-000757
0000756
0001222
0000814
0000582
0000523
0000407
0000291
0000291
0000582
0001629
0002619
0002386
0001280
0000232
-000175
0000814
0001862
-000175
-003144
-002620
0000291
0002619
0003841
0004307
0003667
0001920
-000117
-000990
-000757
-000466
0000000
0000989
0001862
0001746
0001280
0001804
0002910
0003434
0003550
0004016
0003609
-000059
-004425
-005123
-003027
-001165
-000641
-002678
-005531
-005763
-004774
-006637
-008907
-006753
-001805
0002328
0003667
0000349
-004250
-003551
0000582
0002794
0002677
0001164
-000932
-002271
-002736
-003377
-003377
-001398
0001397
0003376
0003667
0001746
-000990
-002213
-001747
-000524
0000640
0000640
0000058
0000931
0002270
0002095
0000989
0000756
0001455
0002794
0003492
0001513
-001747
-003319
-003086
-001805
-000175
0000814
0000873
-000059
-000990
-000233
0001047
0000523
-001456
-003726
-005239
-005007
-003551
-002387
-001689
-001107
-000932
-001398
-001805
-001165
0000174
0001164
0001280
0000000
-001921
-003202
-003260
-001921
-000059
0000523
0000116
-000350
-000117
0001862
0004016
0003609
0001455
0000232
-000059
-000059
-000292
-001863
-003668
-003493
-001921
-000641
-000175
-000874
-002038
-001805
-001223
-002795
-005123
-005065
-003668
-003610
-004366
-004541
-003901
-002562
-000932
0000523
0000873
-001339
-004192
-004192
-002096
-000117
0000814
-000292
-002038
-001863
-000059
0001920
0003201
0002910
0001688
0001338
0001280
-000408
-002096
-000990
0001397
0001920
0000814
-000583
-001456
-001398
0000058
0003550
0006112
0002677
-003086
-002736
0000756
-000117
-003435
-003959
-002504
-001921
-001980
-002038
-001863
-000932
-000059
-000932
-002562
-002736
-001514
0000349
0001746
0000814
-000990
0000000
0001571
-001048
-005356
-006171
-003901
-000990
0001222
0001455
-000117
-002329
-003668
-002387
0000814
0004016
0005646
0004540
0000989
-004017
-007743
-006986
-003493
-001689
-001572
-001223
-001165
-002795
-004774
-004948
-003726
-002504
-001863
-002271
-002795
-001223
0001047
0000989
-000233
0000232
0001513
0001688
0000814
-000583
-001630
-001165
0000291
0001862
0002619
0001280
-000699
-000815
0000523
0001338
0001397
0000814
-000408
-002445
-003901
-002329
0000523
0000873
-000524
-000990
-000583
-000233
0000232
0001513
0002212
0000000
-003086
-002853
-001048
-001747
-003784
-004133
-003027
-002154
-001456
-000233
0000291
-002154
-005065
-003726
-000350
-000466
-002271
-000990
0001397
0000698
-001689
-002387
-001281
0001106
0003259
0002444
0000349
0000873
0002677
0001920
0000291
0001688
0004482
0005471
0004598
0002852
0000989
-000175
0000000
0002095
0004540
0004424
0002619
0001862
0001688
0000407
-001281
-002445
-002562
-001281
0000523
0001280
0000931
0000116
-000641
0000000
0000931
-000350
-002213
-001107
0001222
0000989
-000874
-001339
-001514
-004425
-007393
-005414
-000699
0001629
0001629
0001571
0001571
0001746
0002677
0005297
0007625
0006228
0002852
0001338
0001571
0002095
0002619
0002852
0002619
0001688
0000989
0002153
0003841
0002910
0000698
0000523
0001338
0000523
-001165
-001747
-001339
-000350
0000465
0000349
-000699
-002271
-003377
-002620
-001223
-001805
-003551
-004599
-004657
-004192
-002911
-000117
0002503
0002212
0000232
-000059
0000640
0000465
-000408
-001339
-001805
-001165
0000349
0002153
0003667
0004132
0003609
0002619
0001746
0001804
0002270
0001920
0000814
-000699
-001805
-001863
-001223
-000990
-001339
-002445
-003493
-002678
-001048
-000990
-001630
-001165
0000000
0000640
0000058
-003027
-005938
-003901
0000640
0001746
0000582
0001338
0002677
0001804
-000350
-001630
-001689
-000699
0000232
-000874
-002620
-002096
-000175
0001047
0001222
0000523
-000408
-000408
0000465
0001513
0002328
0002503
0001688
-000815
-003027
-001572
0001397
0000756
-001747
-001572
0000058
-000233
-001223
-000117
0001629
0000582
-001921
-002795
-002562
-003551
-004366
-002038
0001338
0001746
0000058
-001281
-001805
-001281
-000699
-002213
-004017
-002445
0000698
0001513
-000117
-003493
-006229
-004716
-001107
-000699
-001980
-000583
0001862
0001222
-000233
0002794
0006927
0005238
0000523
-000408
0001106
0000523
-000815
-000059
0001804
0002677
0002095
-000117
-002795
-004425
-004308
-002329
0000523
0002735
0003492
0002677
0000931
-000175
-000466
-000466
-000932
-003784
-006753
-005822
-002504
-000699
-000350
0000174
0000349
-000757
-001805
-000350
0001862
0001047
-001339
-001805
-000466
0001338
0002794
0003085
0001979
-000466
-002562
-001747
0000698
0001338
0000989
0001920
0003201
0002794
0001513
0001280
0001804
0001979
0001746
0000931
0000523
0002386
0004598
0003492
0000349
-001747
-002096
-000350
0001804
0000989
-001107
-000117
0001804
-000233
-003668
-002853
0000465
0002037
0001571
-000350
-002154
-001223
0001106
0001513
0000465
-000292
-000583
-000466
0000232
0002037
0003085
-000117
-004425
-003784
0000174
0002910
0003550
0002328
0000523
0000640
0001979
0002095
0001804
0003667
0005355
0002852
-001514
-003610
-002678
0001106
0004482
0002153
-003202
-005705
-004890
-002213
0000756
0001513
0000291
-001805
-003377
-002678
-001048
-001689
-003319
-003027
-001281
0000349
0000640
-002271
-006287
-007626
-006345
-004483
-002678
-001630
-001165
0000000
0001222
0000989
-000059
-000233
-000117
-000990
-002154
-002445
-001514
0000407
0002677
0004424
0005064
0004191
0002386
0000523
-000175
0001746
0004074
0002677
-000990
-003260
-003842
-004075
-003726
-002271
-001048
-002271
-004599
-004657
-003435
-003319
-003784
-002911
-001921
-003086
-004599
-002795
0000407
0000698
-001223
-002620
-003319
-003842
-004133
-004483
-004425
-003202
-001747
-001689
-002213
-000932
0000756
0000174
-002096
-004657
-005880
-003377
0000407
0000698
-001281
-001456
-000466
-000117
-000350
-000990
-000990
0001397
0004656
0006228
0005122
0000698
-004366
-005414
-003493
-002329
-001863
-001223
-000350
0001571
0002619
-000466
-004890
-004948
-001921
0000116
0000814
0000931
0000582
0000640
0000349
-001747
-003726
-001747
0001920
0002735
0001047
-000990
-002271
-001514
0000116
-000117
-001514
-002096
-001747
-000874
0000116
0000582
0000698
0001571
0001804
-001339
-005239
-005065
-002096
-000059
0000640
0000698
0000116
-000641
-001572
-003260
-004599
-004075
-001863
0001629
0003958
0001513
-002736
-002329
0000814
0001513
0000174
-001165
-002096
-002445
-001980
-000350
0001222
0000698
-001107
-002038
-002038
-002038
-001456
0001280
0004074
0003376
0000873
0000814
0002444
0003201
0003026
0002444
0001513
0000174
-000757
-000117
0000873
-000408
-002562
-002562
-000932
0000814
0001338
-001281
-004774
-004483
-002096
-002329
-004075
-004366
-003901
-004541
-005938
-007510
-008150
-006345
-003668
-003027
-004075
-004774
-004774
-003784
-002969
-004832
-007160
-005531
-001747
-000117
-000757
-002445
-004192
-004948
-003901
-000350
0003143
0002037
-001339
-001223
0000756
0000058
-002096
-002736
-002271
-002620
-002853
-000699
0001862
0001106
-001281
-001048
0000291
-001339
-004133
-004425
-002736
-000932
0000174
0000000
-000932
-001398
-001747
-003377
-005007
-004541
-002387
0000291
0002270
0002153
0000523
-000757
-001747
-002911
-004075
-005356
-005647
-003610
-000292
0002619
0003609
0001222
-002562
-003784
-002562
-000699
0000756
0000116
-001107
0000814
0003841
0003609
0001222
0000116
0000116
0000116
0000174
0000349
0000873
0002212
0002968
0000873
-002329
-002736
-002096
-005123
-008674
-006869
-001805
0001047
0001629
0001629
0001280
0000931
0001047
0002677
0004016
0001920
-001048
0000756
0004831
0005238
0003201
0002852
0003667
0003725
0003550
0004656
0005588
0003841
0001338
0002444
0004773
0002852
-000757
-000233
0002619
0003318
0002037
0000407
-000466
0001047
0003492
0004074
0002386
-001572
-004890
-002736
0001920
0002212
-000233
-000175
0000756
-001805
-005531
-005647
-003377
-002445
-002387
-001630
-000524
0000232
0000465
0000232
0000058
0001106
0002561
0002735
0002095
0002386
0003085
0002910
0002328
0002328
0002677
0002561
0002037
0001397
0000756
0000291
-000059
-000641
-000815
0000291
0001746
0001746
0001047
0001397
0002444
0003550
0004016
0003376
0001804
-000059
-001805
-003551
-004133
-001689
0001047
-001165
-005356
-005007
-001747
-000233
-000699
-002736
-004599
-003202
-000059
0001338
0000989
0000000
-000990
-000932
0000000
0000814
0001106
-000292
-001689
-000292
0002328
0002794
0001106
-001630
-003610
-002329
0000698
0001571
0001106
0002153
0003725
0003725
0002444
0000931
-000175
0000000
0000814
0000523
-000117
0000698
0001862
0001397
-000524
-003086
-004657
-002736
0000640
0001629
0000291
-001747
-003435
-003610
-002736
-002329
-002213
-001572
-000932
-001048
-001630
-001863
-001805
-001398
-001107
-001514
-002096
-001572
-000408
0000174
0000349
0000698
0001222
0002095
0002735
0002037
0001164
0002852
0004482
0000407
-005356
-004890
-000757
0000174
-001048
-000641
0000523
0000174
-001048
-001572
-001572
-002038
-002213
-000815
0001106
0001571
0000756
-000350
-000990
-000292
0000931
0001106
-000059
-002736
-004890
-003377
0000349
0002852
0002968
-000117
-003610
-001689
0002212
-000350
-005065
-002329
0004307
0006577
0005180
0004249
0003958
0003900
0003841
0002910
0001629
0001106
0001338
0001804
0002386
0002619
0002619
0002619
0002561
0001804
0000931
0000931
0001513
0001688
0001629
0001920
0001513
-001514
-004890
-004250
-001165
0000523
0000407
-000583
-002154
-003551
-004308
-004366
-003202
-000350
0002794
0004307
0003667
0000465
-002387
0000465
0005413
0004249
-000233
-000932
0000698
-000117
-002213
-002736
-002038
-001281
-000699
-000466
-000175
0001047
0002619
0003201
0003143
0004074
0004831
0003318
0001280
0001979
0004365
0005413
0005180
0004598
0003259
-000175
-003435
-002969
-000233
0001106
0000640
-001048
-002678
-002038
-000524
-001514
-004192
-006520
-007568
-006462
-004075
-001689
-000350
-000932
-002329
-002678
-001572
0000931
0003201
0002328
-000699
-004017
-005239
-001398
0004307
0005471
0002794
0000058
-001398
-000524
0001862
0003609
0003725
0001513
-001339
-001572
-000292
-001107
-002620
-001339
0000582
-001165
-004483
-004832
-003319
-003027
-003668
-003668
-003784
-005938
-008441
-007917
-005938
-006229
-007568
-006811
-004774
-003144
-002504
-003319
-004599
-004832
-003668
-000874
0001397
-000233
-003493
-003202
-000233
0002852
0004482
0003085
0000116
-000990
-000524
-000117
-000175
-000874
-001689
-001339
-000641
-001223
-002096
-000524
0001513
0000291
-002445
-002562
-000932
-000408
-000932
-001747
-002795
-004133
-004774
-003435
-001107
0000116
-000233
-002387
-004483
-003435
-000757
-000059
-000641
-000233
0000523
0000407
-000466
-001339
-001980
-001980
-001805
-002853
-003668
-001456
0001920
0003143
0002095
0000000
-002213
-003319
-003027
-001689
-000350
-000932
-002329
-002154
-000583
0001571
0003376
0003783
0003026
0002270
0001688
0001513
0001455
0000756
0000000
0000174
0000640
-000350
-001980
-002736
-001863
0001571
0004715
0002212
-002736
-002795
-000815
-004366
-009256
-006869
-000524
0001688
0001164
0003434
0005995
0004074
0000000
-001048
-000175
-001572
-003086
-000233
0003900
0003201
-000117
-000350
0001106
-000117
-002213
-001514
0001047
0003026
0003609
0002270
0000349
0000698
0002153
0001920
0000291
-001747
-003260
-003027
-001863
-001572
-002504
-004366
-006054
-005938
-004425
-003086
-002038
-000932
-000175
-000233
-000583
-000059
0000465
-000990
-003144
-003260
-001805
-000408
0000407
-000059
-000641
0001397
0003783
0001804
-001921
-001863
0000523
0000989
-000175
-001572
-002387
-001572
-000059
0000116
-000524
-000175
0000873
0002153
0002794
0001979
0000000
-002096
-003551
-003842
-003435
-003551
-004425
-006404
-008092
-007335
-005065
-003726
-003668
-004250
-005065
-005356
-004716
-002678
-000408
0000174
-000757
-002271
-002969
-000408
0002735
0000814
-002911
-001165
0003201
0003143
0000291
-000757
-000292
-000175
0000058
0001571
0003201
0003143
0001979
0001222
0001222
0002212
0003201
0002037
-000408
-002271
-003144
-003202
-002620
-002154
-001863
-001456
-001165
-001514
-002271
-003319
-004133
-004075
-003668
-004133
-004657
-003319
-001456
-001572
-003202
-004890
-005589
-004192
-001514
0000814
0001979
0001455
0000698
0002677
0005413
0004773
0002328
0001513
0002037
0002677
0002270
-001456
-005065
-002096
0003434
0002503
-001921
-001921
0000698
0000756
-000292
0000873
0003085
0004016
0003318
0000814
-001572
-000699
0001688
0001688
-000117
-001107
-001863
-004192
-006753
-007451
-006578
-005531
-003959
-000932
0001746
0001164
-000815
0000058
0002503
0003085
0002212
0001571
0001222
0000814
0000582
0000640
0000989
0001397
0001862
0002677
0002968
0000873
-001456
0000465
0004132
0004249
0002212
0001862
0002852
0003900
0004016
0001513
-001630
-001630
0000116
-000059
-001398
-001339
-000757
-001980
-004017
-005123
-004716
-001863
0001106
0000407
-002329
-002271
-000990
-002911
-005705
-004716
-001630
-000583
-001165
-000932
-000641
-001980
-003144
-000583
0003201
0003026
0000407
-000524
0000000
-000117
-000059
0001746
0003958
0004307
0002794
0000291
-001805
-001514
0000523
0002444
0003376
0002735
0001280
0000989
0001222
-000059
-001339
0000291
0002968
0002386
-000059
-000990
-000408
0000523
0000989
-000466
-002504
-002038
-000466
-000757
-002213
-002795
-002620
-002038
-001805
-003551
-005356
-004017
-001048
-000059
-000641
-000990
-000233
0002619
0005646
0004947
0002153
0001338
0002386
0003783
0004656
0003492
0001047
-000641
-001339
-002096
-001747
0001688
0005238
0003725
-000350
-000990
0000931
0002270
0002212
0000058
-002445
-001805
0000000
-001805
-005356
-006345
-004948
-003144
-001572
-000641
-001048
-003260
-005589
-005007
-002620
-001107
-001107
-003086
-005123
-003784
-000408
0001629
0001862
0000814
-000524
-000175
0001106
0001397
0000814
-000233
-001048
-001048
-000117
0001571
0003085
0003318
0002910
0003900
0004889
0003318
0000640
0000116
0000989
0000756
0000174
0000931
0002212
0002444
0001804
0001455
0001280
0000582
-000408
-001456
-001747
-000117
0001862
0001164
-000932
-000932
0000291
0000058
-001048
-001398
-001630
-003668
-005880
-005239
-002620
-000292
0000465
-001805
-004716
-003610
0000174
0003434
0004540
0002386
-000990
-000990
0001106
0001862
0001455
0001513
0001862
0002212
0002444
0002328
0002212
0002561
0003434
0004947
0005762
0004191
0000814
-002736
-004948
-004133
-001223
0001513
0002503
0000349
-003377
-005239
-004832
-003202
-001281
-000466
-000641
-000699
-000757
-001398
-001805
-000757
0001047
0001571
0001164
0000989
0000989
0000523
-000350
-001514
-002736
-004250
-004541
-000874
0003609
0003143
-000350
-001630
-001223
-001165
-001747
-003260
-004250
-001805
0001513
0000523
-002096
0000407
0004773
0003609
-000350
-000815
0001280
0002677
0002735
0000989
-001223
-001339
-000292
-000757
-001572
0000116
0001920
-000815
-005239
-005298
-002562
-000932
-001048
-002911
-004890
-004425
-002038
0000232
0001746
0002619
0002503
0001338
0000174
0000989
0002153
0000291
-002736
-003202
-001339
0001513
0003667
0002852
0000116
-002096
-002911
-001805
0000000
0000174
-000408
0000814
0002270
0000349
-002795
-002562
-000699
-001805
-004366
-004308
-002911
-003086
-004366
-005065
-005356
-006054
-006462
-005181
-003493
-004133
-005298
-003027
0000756
0002095
0001455
0001280
0001338
0001047
0000291
-001107
-002271
-001747
-000292
0000756
0001047
0000756
0000232
-000059
0000582
0003318
0006053
0005064
0002153
0001862
0003201
0003318
0002270
0000989
-000292
-001281
-001572
-000757
0000174
-000757
-001980
0000000
0002852
0001804
-001398
-001980
-001048
-002038
-003784
-003842
-002795
-001980
-001863
-002969
-004192
-003435
-001689
-001689
-002504
-001980
-000874
-001456
-002504
-001572
0000407
0001338
0001047
-000350
-001456
-000059
0002270
0001920
0000232
0000407
0001222
-000583
-003377
-004017
-002678
-000932
0000698
0001979
0002328
0001222
-000117
0000291
0001629
0001629
0000407
-001630
-003144
-002271
-000059
0000814
0000349
-000583
-001689
-002620
-003202
-003610
-003726
-003493
-002969
-002329
-001339
0000814
0002270
-000408
-004425
-004192
-001107
0000465
0000407
-000641
-001747
-001398
-000233
-000233
-000583
0000873
0003318
0005879
0006577
0002444
-003260
-003959
-001281
-000524
-001165
-001165
-000699
-000117
0000349
0000756
0000523
-000641
-002620
-005007
-006578
-005531
-003144
-002504
-003260
-004308
-004599
-002562
-000466
-003144
-006928
-004075
0001629
0001688
-002271
-005356
-006404
-004832
-001805
0000058
0000756
0001455
0001688
0000349
-001223
-001048
0000756
0003609
0005588
0004365
0001047
-001281
-002213
-002329
-001572
0000232
0001688
0000523
-001921
-002504
-001805
-002096
-002154
0000814
0004074
0002503
-001805
-003784
-003610
-003027
-002387
-002329
-001921
0001280
0004773
0004074
0000523
-002387
-003319
-001048
0002270
0002561
0000698
-000466
-000583
-000292
0000698
0002852
0004947
0005413
0004424
0002794
0001804
0003201
0005646
0006286
0004831
0001862
-001281
-002678
-002271
-001165
0000000
0000058
-000350
0000349
0001804
0003434
0004016
0001920
-001398
-002969
-003086
-003610
-003842
-002678
-000699
0000989
0001571
0000523
-001398
-002853
-003027
-001281
0001106
0001746
0000931
0000174
-000233
-000175
0000291
0000814
0001222
0001746
0001513
-000874
-003493
-002969
-000408
0001513
0002328
0002561
0002328
0001979
0002095
0003492
0005122
0004889
0003492
0002328
0002037
0003085
0004482
0004715
0003550
0001222
-001107
-001980
-000932
0002270
0005180
0003550
-000466
-001863
-001223
-001572
-002154
-001281
-000175
-001107
-003435
-006287
-007219
-002271
0003958
0002561
-002736
-002504
0000756
-000233
-003202
-002736
-000466
-000990
-001980
0001979
0007101
0006228
0001513
-001514
-002038
-000408
0001979
0002328
0001688
0003026
0004598
0002503
-001165
-002038
-000466
0001629
0002910
0001164
-001223
0000989
0004889
0004773
0001222
-003086
-006171
-006054
-003726
-002038
-001456
-001747
-002504
-002736
-002795
-003726
-004657
-004017
-002387
-001747
-001456
0000349
0002503
0003318
0002735
0001513
0000349
-000117
0000407
0002153
0003667
0002153
-000292
0000291
0003026
0004947
0005821
0006344
0005879
0003434
0000814
0001455
0002968
0000174
-003959
-002736
0001164
0001047
-001339
-001339
0000232
0000582
0000174
0000640
0000873
-001165
-003784
-003260
-001456
-002504
-004541
-002969
0000232
0000174
-001630
-000757
0001106
0000232
-002038
-002504
-001281
0001106
0002677
0000232
-003493
-002736
0000523
0001164
0000232
0000873
0002735
0004947
0006694
0006985
0005821
0003259
0000814
0000523
0001513
0001222
0000174
0000058
0000698
0001222
0001338
0000465
-000815
-001689
-001980
-001921
-001572
-001107
-001048
-002096
-003610
-004657
-004541
-002620
-000292
-000233
-001514
-001514
-000233
0001455
0002852
0002910
0001804
0000407
-000408
0000523
0002444
0003259
0003318
0003609
0004074
0005006
0005297
0003143
0000291
-000059
0001222
0001688
0001397
0001164
0000640
-001107
-002969
-003086
-001747
-000175
0000814
0000058
-001339
-001048
0000291
0001222
0000931
-001281
-004075
-005356
-004890
-003027
-001107
-001165
-002387
-002213
-001630
-003377
-005356
-003551
-000350
-000815
-003086
-002154
0000523
0000931
0000814
0004715
0008964
0006228
0000523
0000873
0004424
0003609
0000523
0000523
0002270
0002037
0000698
0000291
0001164
0003609
0005995
0005704
0003434
0001455
0000349
0000291
0000873
0000349
-000524
0000349
0001222
-001514
-005356
-005065
-002271
-001107
-001456
-001747
-001980
-001921
-002096
-003435
-005007
-005298
-004308
-002678
-001165
-000466
-000757
-001921
-003202
-003202
-002445
-002562
-003144
-003144
-002096
0000698
0003201
0002328
-000583
-002562
-002853
-001398
0000523
0000465
-000757
-000524
0000116
-001689
-003726
-001863
0001920
0003143
0001804
-000466
-002562
-002678
-001863
-003027
-005181
-006287
-005763
-003435
-000408
0001804
0002212
-000059
-002911
-002678
-000350
0001222
0001629
0001629
0000873
-001281
-002853
-000233
0003492
0001804
-002562
-002620
-000757
-003319
-007044
-005065
0000232
0003259
0003201
0000465
-002678
-001805
0000989
0000174
-002038
-000466
0002619
0001862
-000757
0000174
0002503
0001222
-001805
-002504
-001398
-000350
-000408
-003144
-005996
-004250
-000292
0000291
-001456
-001572
-000932
-001514
-003144
-005472
-006928
-005181
-001747
-000117
0000232
0001979
0003550
0001746
-000932
0000814
0004365
0004016
0001164
-000292
0000116
0002270
0004889
0005530
0004831
0005006
0004831
0001397
-002445
-001689
0001571
0002270
0001106
0000523
0000407
-000292
-000932
-000059
0001106
0000640
-001223
-003202
-004483
-003784
-002387
-002911
-004133
-003027
-000757
0000291
0000116
-000350
-000874
-000757
-000641
-001921
-003086
-001165
0001688
0000989
-002213
-005472
-006928
-005007
-000990
0002037
0003318
0002444
0000931
0001804
0003667
0003026
0000698
-001281
-001863
0000000
0002677
0002619
0001513
0003725
0006752
0005355
0001746
0001047
0002153
0001455
-000466
-002154
-003202
-003610
-003319
-002504
-001572
-001339
-001456
-000874
-000117
0000116
-000350
-001339
-002096
-001456
-000175
0000291
-000117
-001048
-001863
-001689
-001281
-002562
-003959
-002562
0000582
0002852
0003783
0003841
0003143
0001979
0001047
0000989
0001455
0000931
0000465
0001920
0004016
0004424
0003085
0000640
-001572
-001805
-000815
-000699
-000932
-000292
0001047
0002677
0003376
0001106
-002096
-002387
-000815
-000583
-001339
-001572
-001398
-001339
-001048
-000175
0001047
0002561
0003085
0000698
-002271
-001456
0001629
0002910
0002794
0003434
0004365
0004656
0004365
0003958
0003143
0001629
0000000
-000583
-000583
-001223
-001863
-001223
0000000
0000116
-000117
0001106
0002561
0001862
0000116
-000524
0000523
0003783
0006752
0005180
0001047
-000874
-000757
-000350
-000117
-001048
-001805
0000873
0004074
0002444
-001456
-001980
0000291
0002561
0003434
0000873
-002795
-002620
-000292
-000466
-001863
-001398
0000465
0002619
0003841
0002561
0000116
-000874
-000117
0001746
0003841
0004947
0004540
0002386
0000232
0001164
0003609
0003900
0002037
-001048
-003551
-002678
0000174
0001746
0001920
0001979
0001455
-000408
-002853
-004541
-005298
-005880
-005356
-002154
0001513
0001804
-000233
-001107
-001281
-002387
-003668
-003784
-002795
-001281
-000292
-001747
-003842
-002969
-000408
0000465
0000232
0001164
0002386
0002270
0001513
0001746
0002794
0004074
0004656
0003201
0001047
0001164
0002444
0002444
0001164
-001339
-003319
-002445
0000058
0001629
0001513
-000583
-002795
-001398
0001397
0000756
-002096
-003435
-003842
-005414
-006869
-005996
-003668
-002213
-001339
0000640
0002037
-000175
-003027
0000058
0005064
0003143
-001980
-001514
0002270
0003201
0002095
0001862
0001920
0000814
-000524
-000233
0000989
0001513
0001280
0000640
0000116
0000058
0000640
0001979
0002794
0000756
-002038
-001165
0001979
0003550
0003841
0004715
0005180
0003550
0000989
-000350
-000524
-000641
-000641
-000757
-000932
-001107
-001630
-002678
-004133
-005647
-006404
-005181
-002911
-001980
-001747
-000059
0001688
0000640
-001747
-002213
-001107
-000117
0000465
-000117
-000524
0002153
0005122
0002910
-001456
-001281
0001920
0003550
0003609
0003376
0002852
0002561
0002444
0002503
0002328
0000873
-000815
-000583
0000640
0000349
-000350
0001106
0003143
0002735
0001222
0002270
0004191
0002968
0000058
-001339
-001456
-001980
-002329
-001572
-000466
-000175
-000641
-001223
-001630
-001863
-001514
0000116
0002095
0002794
0002444
0001920
0001280
0000174
-000874
-001747
-001747
-000233
0002037
0003841
0004365
0003026
0000698
-000641
-001107
-001921
-002445
-001107
0000814
0000756
-000117
0001164
0002794
0001222
-001980
-003202
-002504
-001339
-000175
0000465
0000116
-001630
-003435
-003319
-001805
-000815
-000699
-001514
-003027
-005007
-005996
-004017
-000699
0000698
0000640
0001629
0002561
0001455
-000874
-003202
-003842
-000583
0003434
0002444
-001921
-005065
-005880
-004366
-001281
0001571
0003085
0002328
0000349
-000524
-000408
-000292
-000292
-000583
-000583
0001106
0002968
0002677
0000523
-001863
-003901
-005356
-005647
-003959
-001921
-002038
-003668
-004948
-005007
-002678
-000117
-001165
-004483
-006637
-006986
-006229
-004017
0000058
0003725
0003783
0001804
0002153
0003900
0004307
0003783
0003958
0003841
0001397
-001572
-001805
0000058
0001979
0002910
0001688
-000641
-001980
-001630
0000407
0002910
0003667
0002968
0002270
0001920
0002444
0002968
0001979
-000117
-002271
-003784
-004075
-003842
-005239
-006986
-006986
-005065
-001572
0001222
0000000
-003493
-004832
-004366
-004657
-004366
-000874
0003143
0003201
0000174
-002387
-003842
-004133
-003610
-003319
-003027
-001572
-000117
-000524
-001630
-001165
0000640
0002735
0003958
0003201
0001222
0000116
-000641
-002445
-004133
-003435
-001456
-001048
-001456
-000524
0000873
0000989
0000116
-000350
-000466
-000641
-001107
-002445
-004308
-006578
-007626
-004832
-001107
-002271
-005472
-004133
-000408
0000523
-001281
-004599
-006637
-002911
0003259
0005122
0003434
0002503
0001979
0000232
-001689
-002329
-001572
-000292
0001571
0004889
0007159
0004598
-000466
-003260
-003027
-000466
0002270
0001571
-001107
-001805
-001048
-000990
-001107
0000116
0001047
-001456
-004890
-003901
-001048
-002795
-006287
-004948
-000874
0001106
0000640
-001630
-004017
-003842
-001921
-000757
-000408
0000291
0000058
-003377
-007510
-007859
-005123
-002154
0000000
0000698
0000291
0000116
0000058
-000699
-001630
-002154
-001980
-000757
0000174
-001689
-004192
-003086
0000058
0001338
0000291
-002562
-005298
-004599
-001805
-000292
-000408
-001689
-002853
-001339
0000989
0000174
-002620
-004308
-004192
-001863
0000465
-001165
-004541
-004308
-001863
-001107
-001339
-000350
0001164
0001513
0000814
-000350
-001514
-002038
-001689
-000641
0000582
0001280
0001164
0000174
-000641
0000523
0002444
0002561
0001164
-000408
-001281
-000408
0001222
0001397
0000291
-001514
-002329
0000931
0004889
0003026
-001747
-002154
0000465
0001920
0001338
-001805
-005065
-004250
-001456
-001747
-004133
-005298
-005007
-003435
-001514
-000757
-001339
-003260
-005181
-004832
-002969
-001630
-000990
-000524
-000699
-001980
-003027
-001398
0001455
0002677
0002503
0002386
0002270
0001746
0001571
0002968
0005006
0005937
0005588
0004482
0003085
0002328
0001571
-000699
-003319
-004541
-004133
-002504
-000641
0000116
-000292
-001107
-001747
-001456
-000466
0000407
0000931
0001106
0000582
-001339
-003435
-004133
-003086
-000524
0001979
0001862
0000116
-000815
-000524
0000698
0002095
0002095
0001106
0000523
0000465
0000407
0000465
0000523
0000698
0001280
0002212
0003143
0003958
0005413
0005821
0002794
-001689
-004133
-003551
-000059
0003841
0003434
0000756
0001106
0002735
0001164
-001921
-002504
-001456
-001165
-001630
-002504
-002853
-001281
0000698
0000058
-002096
-002911
-002096
0000058
0002095
0001862
-000117
-002096
-003784
-005822
-006986
-005647
-002969
-001630
-001630
-002271
-002853
-002445
-001281
-000757
-000466
0000989
0002444
0001979
0000291
-001048
-001572
-000641
0000523
-000466
-002213
-001689
0000174
0000756
0000291
0000116
0000116
-000292
-000990
-002271
-003027
-001048
0001222
-001107
-005239
-005123
-002096
-000059
0000407
-000699
-002387
-002678
-001863
-001805
-001921
-000990
0000523
0001629
0002270
0002968
0003259
0002270
0001280
0002852
0005180
0004831
0002561
0000349
-000990
-000932
0000116
0000698
0000814
0000989
0000931
-000233
-001339
-000641
0000698
0000116
-001456
-001572
-000874
-001514
-002504
-001980
-000292
0001688
0002619
0000989
-002096
-004483
-004890
-002329
0001397
0002794
0002037
0000989
-000059
-000757
-000757
-000117
0001280
0003550
0005238
0004074
0001338
0000116
0000232
0000058
-000233
-000757
-000641
0001688
0004424
0004365
0002095
-000815
-002329
0000873
0004715
0000931
-005647
-004774
0000931
0003550
0003376
0003201
0002852
0002095
0001280
0000640
0000582
0001571
0002270
0000116
-003202
-004192
-003435
-003551
-003726
-002096
-000175
-000757
-002736
-003319
-002445
-000990
0000116
-000292
-002154
-005123
-007044
-005065
-000583
0003143
0004715
0002910
-000059
0000174
0002794
0004889
0005995
0006170
0005180
0003201
0000989
-000466
-000815
0000232
0001222
-000466
-003260
-004017
-002911
-001398
-000117
-000175
-000350
0002386
0005355
0003026
-001747
-002736
-000990
-000175
-000815
-002562
-004657
-005880
-005763
-004075
-001863
-000757
-001048
-002213
-003842
-005123
-005647
-005705
-004832
-002096
0000174
-001863
-006113
-008092
-007393
-004890
-002271
-002445
-003668
-001630
0001513
0000931
-001281
-000466
0002212
0003550
0003841
0005122
0005588
0001979
-002853
-003668
-001630
-000233
-000117
-001398
-003144
-003610
-002853
-001339
-000059
-000466
-001572
-000699
0000756
-000233
-002678
-004366
-004890
-004541
-003901
-004017
-004250
-002795
-001107
-001689
-003493
-003842
-003260
-003551
-003901
-002620
-000757
-000699
-001747
-002504
-002154
0000756
0003318
0000232
-004774
-003435
0001338
0002095
0000116
-000583
-000059
0000931
0001397
-000699
-003551
-003901
-002329
-001048
-000699
-001921
-003551
-003144
-001980
-003435
-005705
-005414
-002911
0000291
0002794
0003376
0002153
0000058
-001805
-002154
-001514
-001863
-002504
-001863
-000757
-000874
-001572
-001572
-000932
0000232
0000407
-002911
-006869
-006113
-002271
0000232
0000989
0000640
0000174
0002095
0004656
0004191
0001920
0000756
0000582
0000291
0000000
-000233
-000350
-000292
-000641
-002038
-004075
-006229
-007451
-006753
-004483
-001921
0000000
0000349
-000408
-000583
-000699
-002154
-003901
-004017
-002911
-001630
-000990
-001980
-003784
-004366
-003901
-003493
-003319
-003726
-003726
-001398
0001629
0001746
0000582
0002503
0004947
0002561
-001630
-001223
0001455
0000465
-002329
-002038
0000116
0001571
0001280
-001514
-005065
-005996
-004832
-003901
-003202
-001689
-000350
-000233
-001863
-005589
-009198
-009722
-007044
-002387
0001455
0000058
-003668
-002911
0000232
0000000
-001921
-001398
0000523
0001397
0000523
-002736
-005996
-005123
-002271
-003086
-005065
-002504
0002328
0004307
0003259
0000582
-002213
-002853
-001281
0001804
0004016
0002095
-002096
-004250
-004250
-003610
-002620
-001572
-000874
-001048
-001630
-001863
-001456
-000292
0000582
-000932
-003202
-003086
-001223
0000116
0000698
0001164
0000931
-000990
-003319
-004017
-003726
-004366
-005239
-004541
-002620
0000291
0001979
-000641
-005065
-005996
-004366
-003784
-003610
-002213
0000000
0002153
0003201
0001338
-000874
0001571
0005646
0004656
0000989
0000640
0002910
0005413
0006519
0004191
0000814
0001047
0003492
0004365
0003783
0003434
0002910
0001280
-000524
-001339
-001107
-000117
0000931
0001222
0000640
-000815
-002213
-002154
-000990
0000291
0000931
-000059
-002096
-003901
-004250
-001281
0002270
0001688
-001398
-002853
-002213
0000349
0002677
0001164
-002271
-003202
-002387
-002795
-003377
-001863
0000291
0000174
-000466
0002619
0006636
0006112
0002561
0000116
-000874
-001456
-001165
0000407
0002212
0002735
0001979
0000582
-000524
0000000
0001222
0000931
0000000
0000582
0001746
0001629
0000873
0001280
0002037
0001513
0000349
0000291
0001106
0002212
0003026
0002735
0001979
0002270
0002503
0000291
-002445
-001747
0000640
0000640
-000699
-000874
0000349
0002677
0004715
0004249
0002328
0001979
0002619
0002677
0002212
0001804
0001338
0000291
-000117
0002561
0005355
0003026
-001980
-003784
-002620
-000641
0001106
0001688
0000465
-003260
-006811
-005938
-002562
-001863
-002562
-000583
0002095
0001106
-001398
-000466
0001804
0000465
-002387
-001921
0000756
0002386
0002968
0003667
0003492
0000698
-002096
0000000
0004249
0004307
0001571
0000232
0000232
0000291
0000640
0001571
0002619
0003201
0002968
0001746
0000582
0001688
0003201
0001164
-002329
-003260
-001689
0000931
0002968
0002328
-000117
-001805
-002329
-002096
-001398
-000990
-000932
-001165
-001281
-000641
0000174
-000175
-001281
-002154
-002504
-002271
-001689
-001281
-000874
0000232
0001688
0002968
0003667
0003783
0002852
-000117
-002736
-001223
0002561
0004191
0004132
0005180
0005937
0003900
0000698
-000408
0000465
0001455
0002561
0004656
0005879
0003667
-000350
-002736
-003144
-003086
-002271
-000583
0000989
0001047
-000059
-001048
-000990
0001455
0003958
0001862
-002504
-004017
-003260
-003202
-003551
-003784
-003260
-000990
0001688
0002212
0001397
0001571
0002444
0002910
0002735
0001629
0000232
-000292
-000233
-000757
-001107
0000291
0002444
0003783
0003434
0000756
-002445
-002736
-000699
0001688
0002910
0000931
-001863
-000292
0003026
0002212
-001223
-003435
-003551
-001223
0001979
0003376
0002968
0001804
0001338
0004307
0007509
0004307
-001398
-001048
0002735
0002619
0000232
0000058
0001397
0002386
0002561
0001513
0000291
0001222
0002735
0001397
-001107
-001048
0000814
0001862
0002444
0004016
0005355
0004424
0002328
0001455
0001513
0000814
0000058
0000407
0001571
0002852
0003492
0002619
0000640
-001747
-003493
-004017
-003144
-001223
0000291
-000990
-003726
-005123
-004483
-001689
0001513
0002095
0000756
-000117
0000000
0001164
0002561
0002619
0001862
0001746
0001804
0000291
-000932
0001920
0005937
0005238
0001629
0000407
0000407
-002213
-005065
-003551
0000174
0001571
0000756
-000408
-001107
0000582
0002328
-000175
-004250
-003901
-000990
-000874
-002154
-000699
0000931
-002853
-008266
-007510
-003319
-002445
-004133
-005356
-005239
-002504
0000814
0000814
-001339
-002154
-002038
-002678
-003260
-002445
-001048
-000408
-001223
-004250
-006869
-004716
0000058
0002677
0002619
0000698
-001398
-000408
0001979
0001629
-000583
-002213
-002562
-001165
0000989
0002153
0002212
0001979
0001338
0000232
-000815
-001165
-000641
0000989
0002328
0001164
-000815
-000059
0001746
0000349
-002504
-002504
-001165
-001805
-004133
-007393
-009140
-006171
-000815
0002153
0002095
-000059
-002736
-003551
-002329
0000291
0002386
0001280
-001689
-003319
-003027
-000874
0001513
0001222
-000117
0001862
0004540
0002561
-001514
-001572
0000873
0001164
0000291
0000931
0002619
0003841
0004424
0004307
0003609
0003026
0002270
0000640
-001165
-001747
-001630
-002213
-002969
-003202
-002620
-001165
0000407
0001106
0000873
0001164
0000582
-003435
-007684
-006695
-002387
-000059
-000233
-002620
-005472
-006229
-004483
-000583
0003201
0002852
0000582
0001920
0004482
0002619
-000874
0000174
0003492
0003318
0001106
0001106
0002037
0000465
-001921
-001572
0000291
0000873
-000175
-002736
-004832
-002969
0000814
0001862
0001164
0002095
0003783
0004132
0003143
0001629
0000232
-000175
-000175
-000932
-002504
-004774
-006578
-006695
-004774
-000757
0002794
0001804
-001572
-001863
-000408
-001339
-002911
-001165
0001571
0000349
-002911
-003726
-002562
-001514
-000932
-000524
-000583
-001048
-001630
-002154
-002096
-000466
0001513
0001804
0000931
0000349
0000116
0000291
0000291
-000524
-001572
-001281
-000583
-001689
-003668
-004716
-004716
-003901
-002969
-003202
-003493
-001107
0002037
0002270
-000117
-003610
-005938
-003959
0000116
0001397
0000058
-002329
-003726
-001339
0002677
0003725
0002386
0001047
0000756
0003259
0006286
0005530
0002503
0000989
0001106
0001629
0002212
0002153
0001804
0002153
0002561
0001280
-000175
0001338
0003667
0002153
-001398
-002911
-002736
-003202
-003610
-002678
-001048
0000291
0000582
-001339
-003610
-002620
-000408
-001398
-003959
-003784
-001980
-001281
-001572
-001863
-001863
-001107
-000292
-001398
-002736
-000815
0002444
0002794
0001280
0000873
0001571
0002503
0003492
0004365
0004540
0003725
0002503
0001920
0002095
0002444
0003143
0004773
0006112
0005355
0003259
0001629
0000989
0001571
0002677
0002794
0002444
0003492
0004074
0000232
-004657
-004192
-000233
0001862
0001571
-000466
-002620
-002387
-000059
0002677
0004365
0003026
0000000
-001980
-002562
-002387
-001921
-002445
-003551
-004192
-004308
-003842
-002969
-002096
-001456
-001630
-001863
-000408
0001629
0002212
0002153
0003492
0004889
0003434
0001106
0002328
0004831
0003725
0000873
0001047
0002852
0002270
0001047
0003609
0007276
0006636
0003201
0001397
0000814
-000874
-002329
-001339
0000873
0001397
0000465
-000292
-000990
-002271
-003319
-002853
-001630
-001572
-001747
0000116
0002212
0001106
-001689
-002504
-001223
0001629
0004307
0004132
0002270
0001862
0002386
0001979
0001164
0001164
0001920
0003376
0004424
0003783
0002095
0001222
0001106
0001047
0000931
0000465
-000175
-000757
-000757
0000523
0002328
0003492
0003376
0001629
-000757
-001980
-001747
-000059
0001746
0001979
0000698
-001048
-002271
-001863
-000466
-000117
-000059
0001629
0003841
0004424
0003318
0001338
-000524
-000815
0000407
0002444
0004132
0003783
0002386
0002794
0003783
0002852
0000756
-000583
-000699
0000698
0002677
0003667
0003376
0002212
0001106
0001862
0003143
0001746
-000466
0000756
0003434
0002677
0000698
0003085
0006694
0005238
0000582
-002271
-002853
-001863
-000233
-000059
-000815
-000757
-000466
-001165
-001747
0000407
0002852
0000873
-002911
-003086
-000699
0000640
0001106
0002212
0003376
0003900
0003434
0001338
-000757
-000350
0001862
0003725
0004947
0006228
0006752
0005413
0003143
0002037
0001688
0000232
-000990
0000582
0003085
0002794
0000698
-000757
-000815
0001164
0003143
0001688
-001281
-001456
0000582
0002503
0003201
0001804
-000699
-002387
-002911
-002853
-002736
-004133
-005531
-003551
-000874
-003086
-006811
-004774
0000407
0002153
0001455
0001979
0003318
0004365
0004074
0000989
-002678
-003144
-000757
0002444
0004831
0004831
0003259
0002153
0002270
0004132
0005646
0003259
-001107
-003784
-003377
0001688
0006752
0003725
-003144
-003319
0000407
-000292
-002853
-000641
0003667
0003958
0001862
0002153
0002968
0000291
-003377
-002678
0000058
-000990
-003726
-002853
-000350
-001223
-003551
-002911
-000583
-000292
-000990
0000232
0001746
0000232
-002504
-002271
-000292
0000058
-000874
-001863
-002096
-000292
0001804
0000814
-001630
-002329
-000874
0002328
0005704
0007276
0006461
0003783
0000582
-001048
-001223
-001514
-001398
0000349
0002270
0002095
0000232
-001863
-003260
-003086
-001689
0000407
0001280
-002154
-006695
-005822
-002038
-001805
-003319
-001223
0002037
0001338
-001630
-002678
-001514
0001222
0003958
0004249
0002794
0001920
0001862
0002270
0002852
0003376
0002968
-000292
-003493
-001165
0003085
0001280
-003493
-003842
-000990
0001338
0002444
0002153
0001280
0002444
0003667
0000989
-003260
-004483
-003144
-001863
-000874
0000058
0000291
-000524
-001630
-001339
-000059
0001106
0001804
0002212
0001804
-000350
-002329
-001107
0001862
0003259
0002677
0000523
-001980
-002445
-001805
-003319
-004657
-001165
0004191
0005530
0003958
0003725
0004016
0002153
-000408
-000932
-000350
-001223
-002620
-002329
-001223
-001572
-002271
-000583
0002095
0003026
0001979
-000874
-003842
-004192
-002853
-002620
-003260
-003726
-004133
-004948
-005414
-003901
-001572
-000408
-000524
-001281
-001863
-000932
0000407
-000292
-001689
-000524
0001629
0001746
0000349
-000524
-000932
-001747
-001805
0000989
0004249
0003725
0000640
-001689
-002504
-001921
-000524
0000465
0000756
0000407
-000292
-000990
-001223
-000466
0000349
-000815
-002504
-001805
0000000
-000117
-001456
-001921
-001747
-001281
-001630
-004890
-008208
-006287
-001921
-001980
-004599
-004599
-003086
-003144
-003726
-001921
0000756
0001397
0000582
0000465
0000698
0000000
-000874
-000641
0000523
0001920
0002735
0002037
0000407
-001165
-001689
0000000
0002153
0001338
-000583
0001047
0003841
0002503
-000815
-001165
0000523
0001338
0001164
0000465
-000292
-000117
0000116
-001398
-003784
-005239
-005589
-005531
-005007
-004308
-003610
-003377
-003551
-004017
-004366
-004250
-003319
-000990
0000756
-001689
-005531
-005007
-001921
-001339
-002387
-002387
-001107
0001397
0004074
0005937
0005937
0003492
-000175
-002795
-003435
-001514
0001164
0001222
-000408
-000757
0000291
0002153
0003841
0004540
0003609
0000640
-002562
-003260
-001747
0000232
0002037
0003376
0003725
0002735
0000931
-000524
-001689
-003551
-004425
-001339
0002852
0002503
-000699
-001805
-001456
-002154
-002562
-000117
0003143
0003609
0001629
-001514
-003260
0000465
0005297
0002212
-004192
-003901
0001047
0004598
0005530
0003725
0000640
-000932
-001107
-001456
-001514
-000350
0000931
0000407
-000874
-000350
0001280
0002328
0002561
0002328
0001338
-000874
-002736
-001921
0000407
0001397
0000989
0000116
-000583
-000350
0000698
0002386
0003318
0001397
-001456
-001456
0000116
-000175
-001281
-000292
0001280
0000523
-001339
-001223
-000292
-001514
-003027
-001048
0002444
0003609
0002328
-000408
-002736
-001339
0001397
-000408
-003610
-001456
0002968
0002444
-000815
-001048
0000465
-000175
-001805
-001980
-000990
0000349
0001338
0000873
-000524
-001863
-002329
-001281
0000174
-000175
-001398
-000699
0000756
0000174
-001165
-000292
0001455
0000931
-001048
-002387
-002678
-002329
-001281
0000873
0002386
0000174
-003027
-001689
0002037
0002619
0001280
0001979
0002852
-000466
-004308
-001223
0004656
0004191
0000698
0002735
0007043
0005821
0001571
0000232
0001222
0001571
0001571
0002735
0003725
0002503
-000233
-002969
-004774
-004483
-003551
-005123
-007102
-004657
-000408
0000058
-002096
-003027
-003260
-004599
-006229
-006928
-006578
-006229
-005007
-001398
0002619
0003434
0001920
0000465
-000059
0000814
0002328
0002794
0002212
0001280
0000814
0002386
0004424
0003841
0002095
0002735
0004307
0003201
0001047
0001688
0003667
0003725
0002212
0000465
-000524
0000523
0002328
0001979
0000291
-000583
-000466
0000465
0001571
0001455
0000465
-000350
-000641
-000233
0000174
-000583
-001980
-002736
-002853
-003202
-003202
-002038
-000117
0001979
0003434
0003958
0003318
0001629
0000058
0000232
0001862
0004074
0005646
0005122
0003201
0001513
0000465
-000175
-000466
-001165
-001514
-000175
0002153
0004365
0005180
0003318
0000291
-000815
-000408
-000233
-000233
-000292
-000350
-000059
0000058
-000815
-001630
0000291
0002444
0000349
-003842
-005298
-004366
-003610
-002853
-000990
0000814
0000873
-000350
-001572
-002504
-003493
-003784
-002678
-000641
0001397
0002503
0001804
0000582
0001746
0004132
0005238
0004540
0001513
-001165
0001397
0005879
0005180
0001222
-000641
0000000
0002503
0004365
0000989
-004308
-004483
-001165
0000640
0000698
0000116
-000699
-000990
-001223
-002853
-004948
-006171
-005763
-003202
0000000
0001106
0000756
0001629
0002794
0002503
0000756
-002096
-004133
-002329
0001397
0002619
0001804
0001106
0000989
0001979
0003318
0003434
0002561
0001629
0001106
0001397
0001979
0001513
0000582
0000756
0000873
-002038
-005356
-004483
-001281
-000641
-001980
-002562
-003086
-005647
-007160
-001747
0005646
0005297
0000349
-000233
0001920
0001920
0000232
-001398
-002445
-002562
-001863
-001281
-000815
0000000
0000814
0001455
0001629
0001397
0000640
-001107
-003027
-003842
-003551
-002795
-001456
0001397
0003492
0001338
-002678
-003260
-001281
-000292
0000058
0000873
0001571
0001106
0000291
0000756
0001804
0001746
0001106
0001222
0001688
0001513
0000698
-000350
-001339
-001980
-002213
-002445
-002271
-000757
0000523
-001107
-004250
-005531
-005065
-004075
-003202
-003377
-003959
-003377
-002271
-001863
-001805
-001048
0000232
0001455
0002328
0003026
0003085
0001397
-000292
0001106
0003143
0000582
-004075
-005705
-004425
-002154
-000350
-000874
-002795
-003435
-002620
-000757
0001164
0001688
0000756
-000524
-002038
-004250
-005763
-004366
-002038
-003260
-006171
-006113
-004075
-002736
-002562
-004075
-005705
-004599
-002213
-002213
-003901
-005356
-005356
-002445
0001397
0002328
0001106
0000931
0001106
-000699
-003027
-003435
-002154
-000233
0001280
0001047
-000408
-001747
-001980
0000291
0002794
0001222
-002329
-002969
-001514
-000932
-001107
-001281
-001339
-000815
-000466
-001398
-002911
-003202
-002736
-002678
-002562
-001281
0000058
-001048
-002911
-002271
-000699
-001980
-004250
-003377
-000990
-000815
-002154
-002969
-003144
-003377
-002969
-000699
0001920
0002095
0001047
0002386
0004016
0001629
-002038
-001048
0001979
0000931
-002154
-002038
0000465
0002735
0003725
0002270
-000117
-000757
0000349
0002328
0003667
0001513
-001630
-000524
0002503
0002095
-000699
-002795
-003726
-003901
-003086
-000990
0000698
-000524
-003377
-004890
-004832
-004133
-003086
-001980
-001398
-002038
-002736
-000874
0001979
0002561
0001746
0002561
0003492
0001513
-001339
-001223
0001164
0003259
0004249
0004074
0002677
0000640
-000524
0001455
0004307
0002968
-000524
-001281
-000466
-002038
-004017
-002562
0000582
0001397
0000873
0002212
0004132
0003958
0002386
0001164
0000349
-000408
-001456
-003842
-005880
-005239
-002736
-000699
0000232
-000059
-000815
-000583
0000291
0001222
0000989
-002329
-005938
-005007
-001165
0001222
0001920
0002153
0001920
0001164
0000465
0001047
0001862
0000349
-001339
0001106
0005122
0005122
0003085
0004947
0007509
0003725
-002271
-001921
0002852
0006228
0007043
0005355
0002153
-000292
