-001398
-000175
0001455
0001280
-000408
-002329
-004017
-005414
-005356
-002154
0002037
0003550
0002386
0000232
-001921
-003086
-002795
-001048
0000989
0001688
0000756
-001980
-004308
-002911
0000814
0003783
0004889
0003667
0001280
-000059
-000117
0000232
0000582
0000232
-000641
-001572
-002038
-001456
-000292
0000756
0001047
0000000
-001456
-001921
-001514
-001281
-000699
0001397
0003958
0005646
0005530
0002968
0000058
0000349
0002910
0005238
0006112
0004424
0001920
0002735
0004773
0003259
-000117
-001107
-000059
0001106
0002037
0002794
0002561
0000349
-002213
-002504
-000932
0001338
0002503
0000291
-003086
-002736
-000175
0000291
-000524
-000117
0000756
0000873
-000233
-002911
-005531
-005880
-004366
-002678
-001398
-000757
-000117
0002386
0004773
0003201
0000232
0001280
0004307
0003725
0001688
0003085
0006286
0007509
0006577
0004540
0002328
0001513
0001804
0001047
0001164
0006286
0011642
0008557
0001338
-000059
0002794
0003492
0003259
0006344
0008731
0003143
-005239
-005647
-000815
0000814
0000116
0000989
0001862
-000233
-003144
-002387
0000349
0001280
0000698
0000582
0000698
0000698
0000407
-000350
-000874
0000174
0001571
0000698
-000815
0000232
0002852
0004482
0004482
0002677
0000523
0000640
0002212
0002852
0002561
0001920
0001920
0004132
0006927
0007043
0004947
0002270
0000407
0000989
0002677
0002153
0000523
0000291
0001746
0005122
0007625
0004540
-000757
-001398
0000931
0001280
-000117
-001805
-002911
-002154
-000699
-000699
-002213
-004890
-006578
-003959
0000582
0001804
0000232
-001456
-002329
-001398
0000174
-000583
-001921
0000116
0003667
0004773
0003783
0002444
0001746
0003376
0005122
0001979
-002562
-001107
0003143
0002095
-001630
-001747
0000698
0001804
0001862
0002153
0002735
0003900
0004947
0005064
0004424
0003958
0003667
0003434
0002910
0001222
-000583
-000641
0000407
0000814
0000698
0001047
0001338
0000814
-000641
-002969
-004716
-003901
-001514
-000408
-000524
-000583
-000757
-001223
-001281
0000000
0002153
0004715
0006112
0004540
0000989
-002562
-005007
-005822
-005298
-004541
-003377
-000874
0001746
0002735
0002852
0003900
0005588
0007101
0007392
0005297
0002095
0000232
-000233
-000757
-000815
0000989
0002735
0001106
-001805
-001223
0000756
-000815
-003901
-003610
-001747
-002969
-005298
-004599
-002096
-001281
-000990
0001979
0005471
0005821
0003609
0000640
-001514
-000990
0001047
0001338
0000873
0002095
0004249
0005646
0005879
0004598
0002561
0000989
0000291
0000407
0001164
0002270
0003143
0003376
0002677
0000756
-000699
0001106
0003550
0000756
-004192
-005065
-003086
-002562
-003784
-006578
-008732
-006345
-001398
0001862
0002386
0000814
-002620
-007568
-010653
-007102
-000292
0002037
0001280
0002968
0004773
0001629
-002795
-001398
0003376
0005064
0004715
0006810
0009197
0007800
0004773
0005355
0007683
0006927
0004831
0005413
0007742
0009546
0009546
0006228
0001979
0001222
0002735
0002153
0000756
0001688
0003143
0001338
-001980
-002969
-002620
-004250
-005822
-003260
0000873
0001397
-000990
-003610
-004890
-002736
0000523
0000058
-002969
-005181
-005589
-003027
0000174
-000292
-002678
-002329
-000117
0001164
0001222
0000174
-001281
-001921
-001747
-001630
-001281
-000175
0000873
0000349
-000466
0001222
0003725
0003259
0001047
0000116
0000291
0000232
0000465
0002095
0003841
0003550
0001804
0000116
-000699
0000698
0002328
0000523
-002504
-001805
0001164
0002444
0001979
0000814
-000874
-003319
-004832
-002795
0000873
0002153
0001513
0001397
0000931
-001921
-005007
-005007
-002329
0001513
0003958
0001513
-002795
-002445
0000814
0001804
0000931
0000291
-000117
-000466
-000466
0000407
0001047
-000350
-002504
-003202
-002154
0000000
0001920
0001455
-000292
-000524
0000232
-000233
-000815
0001280
0003783
0002561
-000583
-001281
-000175
0000291
0000174
0000000
-000408
-001398
-002445
-002969
-002678
-001630
-000350
0000407
0000698
0001338
0002153
0003259
0004074
0003434
0002212
0002095
0002677
0002910
0002153
-000641
-003377
-001980
0001455
0001920
0000814
0002328
0004482
0003085
-000524
-003610
-004657
-002271
0001513
0003143
0001862
-001921
-005705
-005298
-001980
0000756
0001688
0000465
-001921
-003726
-003668
0000058
0003900
0001746
-003668
-005531
-004366
-003784
-002736
0001047
0004947
0004831
0001571
-002387
-003959
0000465
0007451
0010245
0008324
0004016
-000757
-003784
-003319
0001455
0007334
0009080
0006636
0001979
-001805
0000000
0004540
0005646
0003259
-000292
-003493
-004425
-003144
-000874
0000989
0000523
-001747
-004017
-005356
-005298
-004075
-002678
-001281
0000407
0001746
0002561
0002153
-000524
-003260
-001980
0001455
0002503
0001571
0000640
0000058
0000116
0000291
-000932
-002096
-000350
0002735
0004365
0003667
0000174
-003260
-001921
0002794
0006868
0008149
0004191
-001339
-000990
0002444
0001397
-001689
-000699
0002212
0001397
-000641
0001397
0005180
0005821
0003725
0001280
-000466
-000583
0000232
-000059
-001339
-002853
-004250
-005472
-005472
-002911
0000465
0001688
0001164
0001280
0001164
-001689
-004541
-002504
0001455
0000291
-003027
-000699
0003841
0002561
-001165
0000465
0004656
0005238
0002794
-000233
-002038
-000408
0003085
0004947
0004715
0002619
0000232
0000349
0001746
0000698
-000874
0001629
0005180
0003434
-000524
0000523
0004016
0003376
0000756
0001688
0003492
0000058
-005239
-005880
-002911
-000117
0001397
0000873
-000699
-000524
0000582
0000523
-000175
-000059
0000640
0000989
0001455
0003259
0004365
0001280
-003493
-005239
-003610
-000350
0002910
0003958
0003376
0004016
0004831
0003725
0001397
-001107
-002387
-000932
0001979
0003725
0003725
0001862
-000641
-001805
-001805
-001921
-002329
-003319
-004133
-003493
-001863
-000175
0000814
0000349
-000815
-000583
0000058
-001398
-003319
-002213
0000174
0000116
-001514
-002387
-002329
-001863
-000932
0000756
0002503
0003434
0003667
0004016
0004249
0003841
0003318
0004016
0004656
0002910
-000175
-002969
-003377
0001862
0008033
0006344
0000349
-001048
0001280
0003085
0004307
0006461
0007043
0001804
-004890
-004832
-000990
-001398
-004308
-004192
-002504
-002620
-003842
-003610
-003144
-005007
-007277
-006171
-002969
-000815
-000059
-000292
-000583
0001047
0002968
0001688
-000990
-001398
0000116
0001746
0002852
0002910
0002619
0004191
0006286
0006577
0005297
0003201
0001571
0002212
0003667
0002503
0000232
0000232
0001746
0002444
0002444
0002619
0002852
0003026
0002677
0001047
-000699
-000408
0001164
0001804
0001338
0000232
-000990
-001456
-001339
-001689
-001921
-000815
0000814
0001746
0001338
-001281
-004075
-003551
-001281
-001223
-002329
-001572
0000000
-000350
-001281
0000058
0002794
0004889
0005588
0004249
0002153
0001920
0002561
0001338
-000583
-000757
0000640
0002677
0004656
0006403
0006519
0003026
-000990
0000698
0004482
0002037
-003144
-002795
0000465
0000000
-003027
-004890
-005123
-003901
-001980
-000641
-000583
-002096
-003668
-002154
0000407
-000815
-004017
-004832
-003610
-002096
-000524
0001455
0002794
0002328
0000698
-000408
-000466
0000756
0002561
0003958
0004656
0004889
0004482
0003434
0002095
0000814
-000059
-000524
-000292
0001164
0002794
0003085
0002212
0001047
0000058
0000058
0000174
-001689
-004075
-003726
-002271
-003668
-005996
-004890
-002038
-001048
-001805
-002969
-003842
-003086
-001689
-001689
-002678
-003493
-003377
-001514
0000814
0001222
0000232
-000699
-000641
0001688
0004831
0005879
0005064
0003958
0002852
0002037
0001571
0000931
0000407
0000349
0000582
0000465
0000582
0002270
0003958
0002561
-000059
-000059
0001746
0002561
0002095
0000349
-001107
0000873
0003725
0002444
-001165
-002736
-001863
0001338
0003434
-001980
-009489
-008499
-002038
0000989
0001513
0004307
0005937
-000350
-008907
-008732
-003260
-002445
-004192
-001689
0001688
-001048
-005880
-004192
0001338
0003958
0003434
0001746
-000466
-002038
-002620
-002387
-001921
-002445
-003027
-001747
0000640
0002212
0003143
0004656
0005355
0002735
-000990
-001223
0000640
0000582
-000815
-001456
-001863
-003435
-004541
-002096
0001688
0002095
0000465
0000523
0001222
-000408
-002795
-002969
-001689
-001339
-001921
-002736
-004017
-006637
-008208
-004832
0000232
0000291
-002504
-002329
-000233
0000814
0000349
-001689
-003668
-003086
-001048
-000233
-000757
-001805
-002620
-001863
-000117
0000814
0001106
0001338
0001455
0001222
0000989
0001222
0001571
0001746
0001397
0000232
-000932
0000000
0001047
-001630
-005589
-005647
-002969
-001107
-000583
-001048
-002445
-004599
-005822
-003784
-000350
0000640
-000350
-001339
-001747
-001107
-000233
-001339
-002678
-000990
0002444
0004773
0004947
0001979
-001514
-000699
0002386
0002444
0000989
0002328
0004540
0003667
0001164
0000465
0001397
0002968
0003958
0002677
-000059
-002271
-002562
0001164
0005238
0003143
-002504
-004948
-004366
-003435
-002329
-000815
0000291
0000582
-000583
-004192
-007975
-008674
-006695
-004425
-002562
-001747
-001456
0000058
0001280
-000757
-003668
-002387
0001106
0001804
0000756
0001455
0002735
0001804
0000058
0000465
0002153
0002794
0002503
0002153
0002037
0002968
0003609
0001338
-001689
-001107
0001629
0002444
0001804
0001862
0001804
-000233
-003202
-005181
-005356
-002678
0000465
0000000
-002853
-004425
-004599
-004192
-003668
-004133
-004425
-001863
0000873
-001572
-006287
-007277
-004425
0001047
0004889
0000174
-008325
-010537
-006869
-001572
0003609
0007101
0007334
0003259
-002213
-003901
-001980
0000523
0003259
0006519
0008149
0005238
0000465
-001048
0000349
0001746
0002444
0001920
0000349
-001398
-002853
-003959
-003959
-001863
0000814
0001280
0000058
-000874
-001805
-004250
-005880
-002213
0003143
0002735
-000932
-001048
0000814
0000523
-001223
-002504
-003086
-003551
-003144
-000815
0002328
0004424
0004889
0003958
0002037
0000000
-001165
-000408
0000989
0000174
-001572
-001863
-000292
0003609
0006636
0003609
-001863
-001747
0001513
0001513
-000583
-001165
-000932
-002213
-003260
-000408
0003434
0003143
-000233
-003144
-004716
-004890
-003610
-001223
0000349
-001921
-005880
-006928
-005763
-005123
-005239
-006345
-006928
-004425
-000990
-000815
-002736
-003610
-003086
-001456
0000349
0000756
0000349
0000582
0001455
0002619
0003201
0001571
-000466
0000814
0003492
0003783
0002037
-000408
-001863
-000117
0002852
0002561
0000291
-000292
0000407
0000640
0000349
0000058
-000350
-001165
-001863
-001805
-001048
-000233
0000523
0001571
0001571
-001398
-005531
-007510
-006928
-004890
-002445
-001339
-001048
0000232
0001397
0000000
-002620
-003668
-003319
-002911
-002213
-000233
0001804
0001804
0000989
0002328
0004424
0003900
0002037
0001513
0002444
0004132
0005413
0004307
0002037
0001047
0001106
0000756
0000000
-001223
-002387
-002504
-002096
-001980
-002620
-004366
-005822
-004250
-001281
-000524
-001223
-000408
0000582
-001281
-003901
-003377
-000699
0001397
0001571
-002096
-005822
-002736
0003376
0003900
0000756
-000350
0000698
0002794
0004715
0004307
0002212
0000349
-000408
0000640
0002910
0005471
0006636
0004482
0000814
-000815
-000292
0000873
0002794
0006694
0008848
0003143
-004948
-004425
0001280
0002619
0000407
-000990
-001921
-003901
-005239
-003202
0000116
0000349
-001165
-000233
0001629
0000873
-001514
-003086
-003435
-002853
-001572
-000466
0000465
0002095
0003259
0001571
-000990
-000524
0001804
0002619
0002212
0001688
0001513
0002270
0003376
0003318
0002619
0002328
0002677
0003725
0004540
0003550
0001862
0001920
0002910
0002735
0001979
0002386
0003085
0001920
0000116
0000174
0000931
-000583
-003086
-003668
-003144
-003551
-004483
-004832
-004133
-001514
0000931
-000233
-003726
-006520
-007044
-004133
-000175
-000175
-002445
-002445
-000932
-000524
-000292
0002444
0005355
0003900
0000349
-000583
0000931
0003085
0004540
0003609
0001338
0000291
0000931
0003201
0004947
0002561
-001572
-001805
0000523
0001280
0000989
0001513
0002444
0002852
0002095
-000815
-004133
-004832
-003842
-004541
-005065
-001223
0003492
0002444
-001572
-001747
0000640
0001862
0001571
0000000
-001572
-001048
0000931
0002735
0003318
0001397
-001514
-002969
-002154
0001222
0004889
0004773
0002212
0001047
0001513
0002619
0003609
0003259
0002328
0002852
0003667
0002794
0000174
-004250
-007568
-005356
-000292
0001513
0000116
-002678
-005181
-004716
-002911
-003959
-006345
-006113
-004541
-004948
-006054
-004716
-001689
0001513
0003259
0001513
-001805
-002504
-001339
-001107
-001107
0000640
0002444
0001222
-001398
-001689
-000292
0000291
0000232
0000756
0001280
0001280
0000989
0000756
0001106
0002619
0003900
0002677
0000058
-001456
-001223
0000989
0003434
0003143
0001397
0001455
0002910
0004365
0004424
0000989
-003842
-006753
-006462
-002213
0002852
0003841
0001338
-001339
-003144
-003901
-002620
0001804
0005821
0003201
-002620
-003959
-001980
-001456
-001572
0000058
0002095
0001920
0000814
0002212
0004074
0002153
-001107
-000757
0002212
0004540
0005762
0006170
0005937
0006286
0006170
0003434
0000291
0000582
0003201
0004947
0004715
0001397
-002329
-001630
0001338
0001338
-000292
0000523
0002444
0002037
0000291
-000757
-000815
-000524
0000000
0000000
-000408
-000815
-001107
-001339
-001339
-000757
-000233
-000757
-001689
-001630
-000699
0000756
0002212
0002794
0003026
0004540
0005762
0003958
0000756
-000350
0000523
0001979
0003201
0003201
0001920
0000000
-001048
0001164
0004773
0005879
0004598
0002677
0000989
0000873
0001688
0001280
0000174
-000408
-000699
-001747
-002795
-002504
-001514
-001514
-002038
-001863
-001281
-000757
-001339
-004890
-008732
-008558
-005531
-003901
-003260
-001456
0000174
-000815
-003086
-004075
-003784
-003726
-003610
-002911
-001630
0000407
0002270
0002270
0001629
0003143
0004947
0003026
-000408
-000932
0000523
0000698
0000174
0000814
0002153
0003550
0004074
0002386
0000058
0000174
0001571
0001397
-000175
-001980
-003435
-004017
-003842
-003901
-003610
-001921
0000349
0002095
0002503
0000931
-001456
-002329
-001921
-001107
-000583
-000815
-002096
-004541
-006520
-005007
-001921
-001689
-002853
-001572
0000698
0000465
-001165
-001689
-000757
0001979
0004249
0002735
-001107
-003668
-004075
-002154
0000465
0001164
0000116
-001281
-002096
-001281
0000465
0001571
0001746
0000989
0000058
0000756
0001164
-003027
-007859
-005705
0000174
0001979
0000174
-002038
-003726
-004075
-003027
-001572
0000000
0001862
0002503
-000233
-003959
-003901
-001514
-001223
-002154
-001863
-000117
0003143
0006228
0007509
0005762
-000117
-005822
-003842
0002270
0003143
0001455
0005006
0009663
0007334
0001047
-002096
-001747
0000000
0002444
0004598
0005646
0005122
0003434
0001222
-000583
-001398
-001456
-001863
-002504
-002911
-003144
-003784
-003668
0000116
0003900
0000989
-005065
-006229
-004075
-004192
-005181
-003726
-000815
0001164
0001629
0000291
-001223
0000174
0002794
0003143
0001629
-000292
-001281
0000174
0002212
0000931
-002096
-003027
-001863
0000058
0002212
0003900
0004424
0003434
0001455
-000583
-001863
-001980
-001456
-001980
-002795
-002154
-000583
0001397
0002270
-000117
-003260
-001747
0001280
-001572
-007160
-008790
-006578
-003202
0000174
0002386
0002735
0001513
-000059
-000059
0001280
0002619
0003550
0004191
0004132
0003259
0000989
-003842
-008092
-006462
-001514
0000814
0000698
0000465
0000116
-000699
-001572
-002271
-002562
-002562
-002445
-002620
-002504
-001339
0000407
0002328
0003026
0000756
-002678
-003551
-002213
-000408
0000756
-000175
-002038
-002329
-001863
-002911
-004133
-002853
-000932
-002096
-004716
-004716
-003202
-003493
-004716
-004716
-002969
0001571
0005762
0004365
0000232
0000291
0003085
0004249
0003725
0002153
0000465
0000349
0001106
0000523
-000815
-001630
-001514
-000059
0001862
0002677
0002561
0002503
0002386
0001629
0000814
0000174
0000291
0002212
0003376
-000757
-006637
-007102
-003959
-002678
-002736
-001747
-000350
0000698
0000873
0000116
-001281
-002853
-003144
0000582
0004831
0003376
-001223
-002678
-001165
0000931
0002386
0001629
-000466
-001980
-002329
-000932
0000582
-000583
-002911
-003202
-001339
0001804
0004598
0005064
0003259
0000232
-002329
-002504
0000000
0004773
0008149
0004424
-002562
-004599
-002678
-001863
-001630
-000233
0001280
0000989
-000466
-001572
-001630
0000116
0002270
0002386
0000989
-000524
-000757
0002328
0005995
0005180
0001920
0001629
0003550
0004889
0004831
0002619
-000408
-001805
-001514
-000292
0001397
0003376
0004482
0003783
0001920
0000523
0000291
0001804
0003667
0002968
0000814
-000059
-000175
-001165
-001980
-000524
0002037
0003783
0003783
0001455
-002038
-004716
-005239
-002387
0001222
0000873
-001863
-002154
-000990
-001398
-002504
-002213
-001398
-001980
-003027
-002271
-000874
-001630
-003319
-003435
-002154
-000350
0001455
0003085
0003841
0002968
0001222
0000058
-000117
0000640
0002270
0004540
0006170
0005704
0003609
0001338
-000292
-000932
-000524
0000582
0001746
0001862
0001397
0001338
0001397
0000814
-000641
-003435
-005647
-004133
-000990
-001107
-002969
-002445
-000641
-000350
-001281
-002271
-003027
-003493
-003668
-003901
-003435
-001048
0001804
0002386
0001688
0002561
0004249
0004598
0004307
0004947
0005995
0006112
0005297
0004132
0002735
0000989
-000175
0000465
0002037
0002619
0002328
0001920
0001280
0000000
-001339
-002387
-002445
-000466
0001804
0001164
-001107
-001921
-001514
-000990
-000990
-002329
-004017
-004483
-003610
-001456
0000174
-001398
-004192
-003551
-001048
-000466
-001630
-003551
-004657
-002736
0001047
0004132
0005530
0005180
0003434
0001280
-000233
-000059
0001106
0001513
0001164
0000523
0000174
0001280
0002852
0002910
0002212
0002910
0004191
0003958
0003085
0003259
0003958
0003550
0002503
0002153
0001688
-001107
-004017
-003493
-000524
0001571
0002619
0004307
0004249
-001223
-008325
-010129
-007626
-005181
-002911
0000814
0003492
0001164
-003377
-004075
-002096
-001863
-002096
0000582
0004016
0004249
0002386
0001571
0001862
0002386
0003434
0005646
0007567
0006927
0004540
0002386
0001397
0002619
0004424
0003609
0001338
0000873
0001629
0001513
0001164
0001862
0002619
0001338
-000699
-000757
0000174
-000175
-001689
-003551
-004716
-003610
-001630
-001572
-003027
-004075
-004017
-001921
0000640
0001047
-000233
-001572
-002096
-001107
0000582
0001280
0000756
-000524
-002504
-005181
-006811
-005239
-001747
0000640
0001629
0002619
0003085
0002212
0000931
0000873
0001629
0002095
0002037
0001338
0000523
0000582
0001106
0000756
0000116
0000698
0001746
0002153
0001571
-000350
-002271
-002504
-001223
0000232
0001047
0000407
-001339
-003027
-004017
-003784
-002620
-001456
-000466
0001222
0001862
-001339
-005356
-004716
-000932
0001688
0002503
0001920
0000000
-002911
-004890
-003493
-000117
0002037
0002503
0002037
0001047
0000523
0000349
-000350
-001223
-002154
-001921
0001280
0005297
0006170
0004365
0002561
0001164
0000232
0000000
0000407
0000989
0000814
0000116
-000350
-001048
-003086
-005007
-004425
-002445
-001805
-002445
-003260
-004133
-005181
-006113
-006928
-006869
-004948
-002329
-000641
-000524
-002678
-004541
-001165
0004132
0004540
0001629
0000582
0000989
0000931
0000640
0000582
0001106
0003201
0005588
0006636
0005995
0003783
0001862
0003492
0006112
0004424
0000523
0000000
0000989
-001514
-004948
-004192
-000990
0000407
0000000
-000292
-000990
-003086
-004774
-002969
0000116
0000116
-002329
-004599
-005472
-003202
0000000
-000350
-002969
-004425
-003842
-001048
0002386
0004132
0003434
0000174
-002736
-000932
0004249
0009779
0012282
0007392
-000757
-004133
-003260
-002736
-002213
-000641
0000931
0000465
-000641
0000814
0002910
0001688
-000699
0000698
0003376
0001338
-002504
-001165
0002328
0001106
-002445
-002038
0000407
-000117
-001921
-000932
0001047
-000175
-003202
-005007
-005065
-003668
-001863
-001921
-003086
-003202
-003086
-005007
-007219
-006345
-003901
-003551
-004308
-003144
-001339
-001456
-002969
-004599
-005472
-004425
-002678
-002678
-004075
-005822
-006404
-003901
0000174
0002735
0003026
0000931
-001921
-002736
-001921
-001281
-000990
-000990
-001048
-000350
0000174
-001339
-003435
-003144
-001223
0000174
0000232
-001805
-004599
-006054
-005763
-004308
-002387
-000874
-000699
-003260
-006113
-004890
-001630
-001572
-002853
-001107
0001979
0002503
0001164
-000059
-000757
-001281
-001281
-000583
0000349
0001047
0000582
-002620
-005996
-005239
-002271
-001805
-002969
-003086
-001805
0001571
0004249
0001688
-003435
-005356
-004308
-003144
-002154
-001630
-001165
0000698
0002037
-000641
-005007
-006345
-004716
-001514
0000873
-001223
-005356
-006404
-004250
-000757
0002386
0002794
0000989
-001223
-002271
0000058
0003434
0003143
0000873
0000698
0002095
0003026
0003376
0003492
0003201
0002212
0001047
0000582
0000931
0001920
0002968
0003201
0002968
0003376
0004074
0004598
0003841
0000000
-004133
-003901
-000990
-000059
-000932
-001980
-002853
-002969
-002795
-003144
-003901
-004716
-005123
-004541
-003260
-001863
-000699
-000059
0000349
0001222
0002503
0004307
0005238
0003026
0000116
0001571
0005122
0005064
0002794
0002852
0003900
0002794
0000291
-002038
-002271
0002677
0007916
0004365
-003435
-005181
-001863
0001047
0003434
0006985
0008498
0002968
-005239
-007859
-005822
-004483
-003610
-001630
-000059
-001223
-003493
-003377
-001572
-000757
-000874
-001456
-001863
-000583
0000873
-000466
-002911
-003086
-001048
0001862
0004365
0004947
0003376
-000408
-003435
-001223
0003259
0003085
0000232
0000349
0002095
0002153
0001047
0000465
0000582
0001862
0002852
0001106
-002096
-003901
-003784
-002154
0000116
0001571
0001455
-000583
-003027
-003377
-002271
-002154
-002736
-002795
-003260
-006229
-009780
-010595
-008616
-004716
-001514
-003144
-006462
-003901
0000989
-000350
-004657
-003901
-000466
-000583
-002736
-003202
-002154
-000990
0000523
0003434
0005355
0002095
-002387
0000058
0005704
0005355
0001804
0002444
0004656
0002153
-002271
-002504
0000116
0001280
0001862
0004656
0007043
0004132
-000699
-000059
0003725
0004016
0002328
0002968
0004249
0001862
-001689
-001747
0000698
0002153
0002386
0001629
0000931
0002270
0003841
0001804
-001747
-002504
-000990
0000291
0001397
0003259
0004191
0001688
-002038
-002678
-000292
0003259
0006461
0007974
0007159
0003841
0000523
0001571
0004715
0004773
0002212
-000699
-002154
-000059
0003958
0006403
0005937
0002212
-002853
-006113
-006695
-005239
-002911
-001747
-001863
-002329
-002969
-003668
-004017
-003610
-003086
-003784
-005181
-006229
-006287
-004716
-002678
-002038
-002387
-002504
-001863
0000116
0002037
0001455
-000175
0000931
0003318
0003609
0002503
0002212
0002619
0003085
0003259
0002270
0001455
0003201
0005762
0005530
0003550
0002619
0002677
0002677
0002270
0000873
-001165
-003377
-004308
-001572
0002037
0000873
-002620
-002038
0000640
0000291
-002038
-003377
-003319
-001980
-000350
-000699
-001630
0000465
0002444
-001805
-008034
-007219
-002387
-001863
-003668
-002504
0000640
0003026
0004016
0003550
0002037
0000582
-000583
-002038
-002445
0000000
0003609
0005355
0004889
0003259
0001106
-001223
-002096
0000465
0004191
0005006
0003434
0001920
0000582
-001048
-002329
-002504
-001863
-001456
-001048
0000116
0000989
-000350
-002620
-003086
-001980
-000699
0000349
0000582
0000116
-000175
-000757
-002795
-004599
-003551
-000699
0001455
0002037
0000582
-001572
-001689
-000292
0000756
0001106
0000989
0000698
0001164
0002328
0004249
0005704
0004947
0003201
0003318
0004249
0003318
0001455
0000523
0000349
0000058
-000175
-000059
0000232
0000232
-000175
-001281
-002562
-003144
-003202
-003493
-003726
-003435
-002620
-000990
0000174
-000990
-003260
-003901
-002620
0000407
0002910
0000873
-002911
-002678
0000291
0001862
0001862
0000931
0000058
0000698
0002212
0002619
0002037
0001571
0001047
-000350
-001456
-000350
0001338
-000059
-002736
-003144
-001281
0002328
0005122
0003259
-000466
0000116
0003201
0003841
0002328
0000058
-001339
0000582
0003667
0003550
0001455
0000814
0001222
0000756
-000117
-000175
-000466
-003202
-006054
-004890
-001572
-000757
-001514
-000815
0000465
0000000
-000990
0000349
0002619
0002677
0001513
0001920
0003201
0003667
0003434
0003026
0002444
0001629
0001106
0001688
0002270
0000582
-001630
-001165
0001106
0002794
0003026
0000814
-001747
-000466
0002968
0004307
0003667
0003026
0001746
-001630
-005181
-005938
-004425
-002562
-001107
-000175
-000175
-000757
-001980
-004366
-006287
-005181
-002795
-003144
-004716
-004366
-001689
0003434
0007334
0004307
-002213
-004832
-003726
-002445
-000641
0003492
0006868
0004598
-000583
-002445
-001398
-000699
0000407
0003725
0006985
0006228
0003026
0001862
0001629
-001165
-004017
-002271
0001047
-001281
-005763
-004308
0000000
-000233
-002736
-001456
0001746
0002794
0001455
-001514
-004308
-004250
-002213
-001165
-001223
-001980
-002620
-001863
-000583
-000874
-002154
-003260
-003610
-002504
-001339
-002562
-004541
-003784
-001165
0000582
0001280
0001455
0001338
0001455
0001338
-000117
-001747
-001223
0000407
0001047
0000640
0000174
-000350
-001398
-002271
-001805
-000699
-000699
-001339
-001339
-001223
-002504
-004425
-005705
-005589
-002911
0000000
-000815
-003901
-005414
-005472
-005647
-005763
-005589
-005356
-005763
-005414
-001456
0003143
0002910
-000350
-001689
-000757
0001688
0004365
0005006
0003900
0002735
0001688
0000465
0000058
0002095
0004540
0003434
0001106
0003143
0006636
0005471
0001571
-000175
0000232
0001106
0002503
0004773
0006112
0003900
0000000
-001572
-001165
-000408
-000059
-001398
-002736
-000757
0002561
0002910
0000931
-000641
-001921
-004017
-005880
-006054
-004774
-002678
-001223
-002096
-004075
-004541
-003551
-002096
-000641
0000523
0000756
-000815
-002795
-002445
-000350
0001979
0003259
0001804
-000408
0000640
0003085
0002561
0000174
-001398
-001980
-002678
-002504
0000407
0003667
0002677
-000583
-001456
-000117
0002153
0003492
0001222
-003202
-007160
-008616
-005589
-000641
0001455
0000756
-000524
-001630
-001630
-000815
-000524
-000524
0000407
0000989
-000815
-003435
-003610
-001747
0000640
0002328
0002328
0000873
-000699
-002038
-003144
-003551
-002969
-001572
0000116
0001571
0002561
0002794
0002037
0000931
0000582
0000523
-000874
-001805
0000640
0005122
0009430
0010594
0004598
-003493
-004075
0000291
0001862
0000698
-001107
-002969
-004308
-004541
-003493
-001805
-000408
-000175
-002271
-004832
-004366
-002038
-000815
-000350
0001746
0003434
0001280
-002213
-001921
0000756
0001455
0001047
0002212
0003783
0003201
0001397
0000407
0000582
0001979
0003550
0003434
0001920
0000291
-001107
-002504
-003319
-003260
-002504
-001747
-001223
-000757
-000583
-000757
-001456
-003260
-005181
-005822
-005298
-004425
-003493
-002620
-001805
-000059
0001455
0001164
-000233
-001107
-001339
-001514
-001339
-000292
0000640
-000641
-002096
0000814
0005064
0004191
0000756
0001397
0004191
0004365
0002328
-000175
-001805
-000524
0001455
-000583
-004017
-003260
-000175
0000523
-000292
0000349
0001920
0003085
0003492
0003085
0002153
0001222
0000582
0000698
0000523
-001863
-005123
-007044
-006753
-004017
-000524
0001106
0000407
-002213
-005065
-005531
-004308
-003610
-003260
-002329
-001107
-000175
0000582
0001804
0002444
0000698
-001863
-002504
-001048
0002328
0005122
0003201
-000408
0000931
0005006
0005937
0004656
0004715
0005355
0005006
0003841
0002386
0001455
0002037
0003143
0002386
0000756
0000640
0001280
0000814
-000641
-002329
-004192
-006869
-008616
-006462
-002736
-002445
-003842
-002154
0000989
0001920
0000873
-000466
-001747
-002853
-003202
-002678
-001747
-001223
-001165
-001165
-001165
-000990
-000815
-000874
-000757
0000873
0002677
0002095
0000640
0002444
0004831
0002037
-002271
-000233
0004598
0004132
0000407
-001223
-000524
0001513
0003550
0003434
0001746
0000407
-000292
0000000
0000407
-000932
-002911
-003319
-001805
0001920
0004656
0001164
-005705
-009547
-009372
-006520
-001689
0004307
0007218
0000756
-009140
-010362
-005531
-003435
-003202
-001339
0000814
0000873
-000233
-000292
0000814
0002619
0003783
0002095
-000699
-001281
0000058
0001513
0002910
0004773
0005879
0004947
0002619
0000291
-000932
0000174
0002386
0003318
0002444
-000408
-003144
-002387
0000756
0003259
0004132
0002561
0000000
-000466
0000407
0000174
-000699
-000874
-000757
-001223
-002271
-003319
-004133
-004774
-004716
-003493
-001863
-001572
-001572
0000407
0002968
0003900
0002852
-000233
-002795
-000641
0003841
0004773
0003550
0004831
0006577
0004307
0000174
-001689
-001107
0000407
0001862
0001746
0001222
0003143
0005180
0002561
-002213
-004133
-002911
0000465
0003492
0002270
-001339
-002853
-002562
-002736
-002911
-002387
-001572
-001281
-001572
-001980
-002096
-001689
-000641
0000873
0002037
0001571
0000291
-000350
0000058
0001513
0002968
0002212
0000465
0000349
0001571
0003143
0004307
0004365
0003376
0001804
0000931
0002619
0004889
0003783
0000931
0000582
0001804
0001979
0001455
0001862
0002095
-000117
-002911
-002969
-001339
-000874
-001747
-003319
-005181
-006928
-007510
-005996
-003260
-000408
0000640
-003260
-007917
-005356
0000523
0000989
-002445
-004483
-004017
-000175
0004482
0005413
0003434
0002095
0001862
0003026
0004598
0004773
0003841
0003026
0002386
0001455
0001106
0002852
0005006
0004074
0001222
-000932
-001863
-001747
-001165
-001456
-002213
-002329
-001863
-000874
-000466
-002736
-005414
-004541
-001456
0000291
0000407
-000757
-002271
-002795
-002329
-001514
-001514
-004425
-007510
-005880
-001572
0000407
0000058
-001107
-001747
0000000
0003085
0005238
0005762
0004540
0002037
-000699
-002271
-001805
0001629
0009488
0015833
0010885
0000698
-001398
0002386
0003609
0002735
0002561
0002561
0001804
0000523
-000932
-001863
-001689
-000466
0001513
0002735
0000873
-002096
-002154
-000815
-002213
-004774
-005123
-003959
-003610
-003610
-002271
-000699
-000466
-001630
-003726
-005065
-002736
0000814
0000465
-002154
-002504
-000932
0000523
0001397
0000989
0000407
0002153
0004424
0003318
0000931
0001746
0004249
0005006
0004074
0002677
0001629
0002153
0003376
0003143
0001979
0000931
0000523
0000989
0001862
0002037
0001746
0001920
0001455
-001863
-005647
-005414
-002562
-000874
-000699
-001689
-002620
-001223
0001222
0001862
0000873
-000466
-001630
-001921
-001165
0000582
0002095
0001862
0000232
-001747
-002911
-001863
0000640
0002503
0003667
0005064
0005995
0005180
0003434
0002503
0001979
0000349
-001456
-001630
-001165
-001863
-003377
-004599
-005007
-004192
-002620
-001165
-000757
-002387
-004890
-005938
-005763
-005647
-005065
-002387
0000058
-001339
-005007
-006869
-006578
-004774
-003086
-004541
-006986
-005996
-002620
0000174
0001629
0002212
0001688
0000000
-001514
-001223
0000465
0001920
0002386
0001513
-000292
-002096
-003027
-002504
-001107
-000117
0000174
0000000
-000175
0000756
0001862
0001397
-000292
-002678
-004133
-002096
0001222
0001280
-000932
-002038
-002504
-004017
-005356
-004250
-002213
-002213
-003551
-004250
-004133
-003610
-003144
-003493
-004192
-004308
-003493
-001339
0000989
0001571
0000640
-001107
-001805
0001397
0005530
0004656
0001047
0000640
0002444
0002852
0002503
0002852
0003492
0003841
0003434
0001804
0000291
0001688
0003725
0001513
-002038
-000815
0003492
0007043
0007858
0003900
-001805
-003610
-002445
-002620
-003086
-000815
0001571
-001165
-005996
-006345
-004075
-004483
-005938
-003784
-000757
-002620
-006695
-006928
-004133
-001572
0000116
0001047
0001164
0000698
0000291
0000814
0001804
0002212
0002153
0001688
0001629
0003667
0005530
0003143
-000874
-001223
0001164
0002619
0002968
0002852
0002619
0003609
0004598
0003143
0000640
-000117
0000349
-000583
-001572
0000291
0002619
0000349
-003610
-003086
-000233
-000815
-003086
-002911
-001572
-002504
-004890
-006695
-007451
-007219
-006054
-004192
-002387
-001107
-000815
-001689
-002620
-001630
0000465
0001688
0001746
0001047
0000465
0001455
0003376
0004482
0004773
0005006
0004540
0002677
0000116
-002271
-003144
-001281
0001746
0002444
0001688
0002095
0002968
0002677
0001804
0001746
0001920
0001397
-000350
-004308
-007975
-007568
-004541
-003668
-003377
0000582
0004656
0002328
-003027
-003668
-001048
-000117
-000641
-001107
-001572
-002445
-003144
-003086
-002562
-002387
-002096
-000641
0001338
0002910
0003492
0002561
0001397
0002503
0004715
0005006
0004191
0004773
0005297
0002095
-001805
-000641
0002794
0001804
-001281
-000292
0002503
0002212
-000233
-001805
-002562
-003842
-004774
-003551
-001805
-003086
-005181
-003493
0000000
0000523
-000757
-000350
0000756
0000698
-000350
-001572
-002038
-000175
0002153
0001455
-000932
-001921
-001514
-000932
-000350
0000058
0000640
0002910
0005180
0004773
0002444
0000465
-000059
0002095
0005006
0005122
0003376
0003085
0003667
0003318
0002561
0002503
0002794
0002503
0001862
0001222
0001164
0003085
0004656
0001397
-003260
-002445
0001397
0001862
-000117
-001048
-001223
-002154
-002736
-000641
0001688
-000641
-004716
-004192
-000408
0002677
0003958
0003259
0000931
-001863
-003202
-000117
0004424
0004598
0002212
0002328
0004016
0004598
0004132
0003492
0002794
0002153
0001804
0001746
0001920
0002386
0002561
0001513
0000291
0001397
0002852
0000931
-002387
-002969
-001456
-000350
-000059
-000233
-000583
-000233
0000291
-000233
-001630
-003610
-005239
-005472
-004192
-001572
0000698
0000232
-001747
-002271
-001456
-000583
-000059
-000641
-001281
0000174
0002095
0001222
-001281
-002795
-002853
-001630
0000000
0000407
-000175
-000350
-000117
0000291
0000756
0001338
0001513
0000756
-000524
-001630
-002213
-002096
-001456
-000524
0000116
-000233
-000757
0000291
0002270
0003958
0004132
0001106
-002795
-003319
-001863
-002853
-004657
-003551
-001281
-002038
-003668
-001165
0002328
0000523
-004192
-006578
-005531
-000757
0004307
0003434
-000757
-001456
0000523
0001979
0002794
0003900
0004424
0003434
0001280
-001747
-003726
-002213
0001106
0002677
0002561
0002212
0001746
0001280
0000756
-000292
-001107
-000466
0001106
0002444
0002852
0001746
-000175
-001689
-002213
-001165
0000291
-000466
-002213
-002504
-001514
-000466
-000117
-001456
-003260
-002853
-001107
-000641
-001048
-000815
-000466
-000990
-001863
-001980
-001223
0000058
0001629
0003318
0004424
0004307
0002735
-000932
-003959
-002213
0001979
0002910
0001280
0000058
-000350
-000175
0001106
0004424
0006985
0004016
-001107
-000990
0002212
0002794
0001047
-000757
-002038
-002387
-001572
0000058
0001513
0001571
0000523
-000233
-000757
-001514
-002213
-002678
-002329
-000466
0001688
0002503
0001746
-000117
-001223
0001804
0005704
0003783
-000524
0000174
0004016
0005471
0004656
0003318
0001629
-000990
-002445
0000000
0004307
0006519
0005471
0000523
-004366
-002795
0002503
0004598
0003201
0000291
-002678
-003493
-002504
-001630
-000990
-000408
-000117
-000233
-000583
-000466
-000466
-001689
-003435
-004483
-004599
-004366
-003668
-002271
-000874
-000466
-000990
-002154
-003086
-002853
-001456
0000931
0002735
0001629
-000874
-001281
-000408
-001107
-001980
0000174
0003026
0001920
-001107
-001107
0000814
0001455
0000989
0000814
0000407
-001630
-003784
-003901
-002387
-000757
0000232
-000059
-001339
-002736
-003493
-003027
-001281
0001862
0004191
0002386
-001339
-002329
-001165
-000583
-000815
-001514
-002329
-002678
-002736
-003493
-004366
-004774
-004017
-000757
0002852
0002968
0001513
0003783
0006868
0004365
-000757
-001630
0000058
-000524
-002154
-001689
0000116
0001513
0001688
-000233
-002504
-001805
0000814
0002212
0002503
0002968
0003143
0002444
0000873
-001863
-004192
-003842
-001689
-000175
0000407
0000349
-000524
-002445
-004774
-006753
-007510
-006695
-004774
-002853
-001630
-001689
-002096
-000641
0001455
0000989
-000699
-000583
0000465
-000059
-000990
0000000
0002212
0004191
0005297
0005064
0004191
0004016
0004249
0003609
0001862
-001572
-005239
-007102
-006637
-003610
0000000
0001397
0000756
0000116
-000524
-001747
-002445
-000932
0000989
-000350
-003610
-005298
-005414
-004948
-004250
-003668
-003377
-003319
-003551
-004425
-005181
-004657
-002969
0000058
0002095
-000292
-004250
-003842
-000292
0002910
0004365
0003143
0000465
-000466
0000232
0001338
0002677
0003958
0004773
0004889
0004424
0003841
0003026
0001571
0000465
0001513
0002968
0001338
-001572
-002154
-000408
0002910
0005297
0003259
-001514
-004716
-005123
-001863
0002328
0002852
0000349
-002387
-003842
-002562
-000175
-000757
-002620
-001456
0000873
0000000
-002445
-002736
-001514
-000815
-001107
-003027
-004832
-003551
-000699
0000174
-000292
0000291
0001397
0002212
0002153
0000582
-001630
-003319
-003493
-000932
0001920
0000465
-003435
-005880
-005705
-002271
0001920
0002153
-000524
-002562
-003202
-002096
-000699
-002445
-005123
-003726
-000932
-003202
-007219
-005589
-001048
-000117
-001689
-002387
-002271
-002271
-002678
-004133
-005589
-005181
-003726
-003377
-003493
-002271
-000699
-001223
-002154
0000465
0004016
0003434
-000117
-003027
-004483
-004541
-003086
-000466
0001979
0002328
0001280
0001280
0001746
0000989
0000000
0000698
0002037
0001862
0000523
-000815
-001980
-003551
-004366
-002795
-000350
-000408
-001689
-000583
0001455
0001164
-000233
0000058
0001280
0001397
0000407
-001398
-003202
-003726
-003260
-003086
-002620
-000699
0001629
0002561
0001746
-000699
-002853
-001398
0001455
0000931
-001572
-002504
-001689
0000407
0002212
0000814
-001805
-001339
0000989
0001513
0000873
0001338
0002212
0002095
0001164
0000058
-000466
0000523
0001862
0000989
-000990
-001805
-001339
-000292
0000291
-001223
-003493
-003784
-002678
-002562
-002911
-002329
-001514
-001921
-002911
-003086
-002504
-001921
-001223
0000000
0000814
-000175
-001514
-000175
0002270
0002386
0000989
0000873
0001455
0001047
0000931
0003958
0007800
0007974
0005471
0003492
0002503
0002444
0002503
0000989
-000932
-000408
0000873
-001165
-004133
-002562
0001047
0000756
-001456
-000874
0001164
0001106
-000408
-000990
-000990
-001747
-002271
-000641
0001629
0001862
0000174
-002213
-004133
-004075
-002154
0000873
0003201
0002444
-000408
-002969
-003493
0000349
0005238
0005413
0001979
-000583
-001805
-002038
-001165
0000349
0001920
0003085
0003783
0004889
0005355
0003376
0000582
-000175
0000814
0001746
0002328
0002503
0002328
0002444
0002386
0001397
-000175
-001805
-002620
-001281
0000523
-000466
-002736
-002329
-000699
-001281
-003260
-004366
-004308
-003260
-001572
0000349
0001571
0001164
-000117
-000233
0000465
0000873
0001047
0001455
0001804
0002037
0002037
0002037
0001746
0000232
-000815
0001804
0005355
0004482
0001047
0000058
0000756
0000407
-000233
0000232
0001047
0000640
-000350
-000524
0000000
0000523
0000582
-000233
-001048
0000000
0001804
0001804
0000640
0000349
0000232
-001747
-003901
-002911
-000524
-000932
-002853
-003260
-002504
-002853
-002795
0000523
0004365
0003783
0000873
0001106
0003143
0003318
0002503
0002677
0003725
0004889
0005762
0006403
0006053
0003492
0000582
0000640
0002212
0001629
-000583
-003202
-004541
-002271
0001571
0002910
0002153
0001513
0001164
0001280
0000989
-001747
-004716
-003726
-000990
-001805
-004366
-004366
-002678
-001921
-001456
0000814
0003376
0003725
0002619
0002386
0002968
0003900
0004365
0002910
0000931
0001106
0002735
0003609
0003667
0003259
0002677
0002095
0002153
0003841
0005471
0003725
0000698
0000640
0002852
0004482
0005064
0004656
0003667
0002852
0002444
0002561
0002677
0001804
0000523
-000117
-000059
0000523
0000582
-001747
-004832
-005822
-004308
-000408
0003376
0003085
0000407
0000000
0000873
0000116
-001863
-004716
-006229
-003202
0001397
0000989
-001863
-000466
0002619
0001455
-001805
-002096
-000059
0002270
0003026
-000117
-004657
-006345
-004192
0002153
0008324
0008149
0002794
-003377
-006695
-003202
0003900
0008091
0007858
0003201
-002387
-002678
0000465
0001513
0000523
-001165
-002213
-000059
0002910
0001979
-001281
-003086
-002969
-001689
-000350
-001223
-003144
-003377
-002329
-001514
-001165
-001514
-001689
0000058
0002619
0003900
0003609
0002561
0000814
-002154
-003610
0001338
0007451
0004191
-003377
-003319
0001629
0003259
0002212
0001920
0001571
-000641
-003260
-003842
-002678
-001107
-000175
-001630
-003842
-004017
-002329
0000640
0002270
-001107
-006695
-008616
-006578
-001980
0002153
0001280
-002271
-002620
-000466
0001164
0001455
-000408
-002736
-002387
-000292
0000931
0000814
-000815
-002853
-003610
-003144
-002969
-002387
-000175
0002503
0004016
0003725
0001397
-000815
0000873
0004307
0004016
0001979
0003609
0006403
0004482
0000232
-001107
-000524
-001514
-002853
-001863
0000174
0000232
-000874
-000757
0000116
0000523
0000174
-001281
-002969
-003144
-003086
-005822
-008732
-006695
-002329
-001630
-003319
-003726
-002969
-002504
-001514
0001397
0004831
0006519
0006519
0006170
0005530
0004249
0003143
0003492
0004540
0005006
0004191
0001164
-001630
-000059
0004132
0006577
0006228
0003143
-000815
-001980
-001165
-001456
-002271
-002271
-001107
0001746
0004074
0001746
-002329
-002213
0000407
0000640
-000524
0000174
0001164
-000757
-004075
-005239
-005007
-005996
-007102
-006054
-003668
-001456
-000757
-003377
-006113
-002620
0003259
0003026
-000874
-001281
0000174
-000990
-003260
-003260
-001572
-000117
0000698
0000814
0000698
0001571
0002677
0002619
0001338
-001107
-002736
-000524
0003492
0005180
0004249
0001455
-001048
0000174
0003376
0004773
0003725
0000756
-002853
-005356
-005705
-003086
0000349
0000349
-001630
-001921
-001048
-000990
-001398
-000990
-000990
-003726
-006753
-005705
-002096
-000175
0000174
0000873
0001338
0000698
-000233
0000232
0001513
0001979
0002561
0005413
0008149
0006403
0002386
0001222
0001979
0001280
0000058
0000756
0002095
0001513
0000116
0000407
0001513
0001106
-000175
-000583
-000292
-000233
-000757
-002445
-004425
-005414
-005414
-005065
-004716
-004774
-005298
-006229
-006637
-004716
-001980
-001165
-001805
-002329
-002038
0000174
0002444
0001280
-001630
-002445
-001456
-000466
0000232
0000349
0000523
0002095
0004016
0004132
0002968
0002095
0001688
0001397
0001222
0001222
0000873
-001048
-002736
-000990
0002386
0003841
0002619
-001863
-005880
-003027
0002328
0000873
-004890
-008034
-007975
-005996
-003493
-003493
-005007
-005123
-004366
-004192
-004425
-004075
-003377
-002678
-001921
-000583
0000465
-000641
-002213
-000524
0002386
0002619
0000756
-000757
-001048
0001047
0003725
0003667
0001862
0001571
0002386
0002677
0002561
0002677
0002735
0002444
0001746
0000407
-000408
0001397
0004249
0005122
0003900
0001397
-000932
-001165
0000116
0000465
0000232
0000814
0001164
-000233
-002736
-004890
-005822
-004774
-002562
-000757
-000233
-001281
-003027
-003784
-003202
-001863
-000350
0000698
0000523
-001980
-004483
-002853
0000873
0002037
0000931
-000524
-001747
-002445
-002154
-001048
0000465
0001688
0001804
-000524
-002853
-000466
0003667
0002561
-000699
0001280
0005297
0004132
-000059
-001456
-000641
-000350
-000408
-000175
-000175
-001223
-002620
-003027
-002736
-002445
-002795
-004483
-006345
-006113
-004541
-004133
-003784
-000059
0003667
0001513
-003260
-003144
0000174
0001280
0001164
0003201
0005064
0002095
-002795
-003842
-001456
0001688
0004424
0005530
0004831
0003026
0000931
-000175
-000175
0000523
0000989
-000408
-002271
-001514
0000582
0000814
0000174
0001629
0003259
0001397
-002271
-003959
-003493
-002096
-000699
-001223
-002620
-002387
-001398
-001921
-003377
-004483
-004832
-003842
-002271
-001572
-001980
-003959
-005472
-003260
0000756
0002212
0001106
-001514
-003901
-003493
-001456
-001281
-002038
-001572
0000174
0002968
0005355
0005297
0003259
0001106
0000058
0001920
0004540
0003434
0000931
0002444
0005821
0006344
0004424
0002561
0001164
0000349
-000117
-001048
-002271
-003551
-004366
-004133
-003319
-003144
-002969
-000932
0001571
0001862
0000640
-000350
-000641
-000350
0000174
0000232
-000466
-002096
-003319
-001572
0001338
0002037
0000931
-000175
-000408
0001746
0004016
0002386
-000757
-000350
0002444
0004540
0004831
0002852
0000000
-000990
-000524
-000757
-001223
-000699
0000116
-000350
-001165
-000408
0000814
-000175
-002213
-002678
-001921
-001747
-001456
0001047
0003085
-000583
-006054
-005472
-000990
0001280
0001047
-000292
-001747
-002038
-000815
0001979
0004656
0004191
0001804
0001047
0001047
-000699
-002678
-002504
-000408
0002095
0004016
0004365
0003085
0000465
-001281
0001222
0005355
0005762
0003550
0002270
0001979
0001688
0001513
0001455
0001746
0003026
0004249
0003725
0001688
-001339
-003668
-002678
-000233
-000350
-002213
-003202
-003260
-003202
-002853
-001805
-000641
0000116
0000465
0000523
0000989
0002968
0004540
0002037
-001747
-001456
0002095
0006403
0008615
0005006
-001514
-005239
-004657
0000465
0006519
0007625
0004249
-000699
-004250
-002387
0002444
0004249
0003667
0004365
0004656
0000989
-003377
-002271
0001804
0003259
0001746
-001339
-004075
-004075
-001165
0003725
0007567
0005762
0001047
-000233
0001455
0003725
0004656
0001222
-003551
-003551
-000466
0000989
0000989
0001513
0002270
0002794
0002677
0001338
-000292
-000524
0000058
-000408
-001107
-000757
0000756
0003841
0006519
0005995
0003434
0001455
0000873
0002386
0003841
0001164
-003086
-003435
-001223
-000583
-000874
-000233
0000698
0000465
-000641
-001630
-002562
-003668
-004483
-004657
-004192
-003319
-002329
-001107
-000059
0000989
0001222
-000932
-003202
-001339
0002735
0004424
0003841
0002677
0001397
0000174
0000116
0002910
0005704
0003376
-001223
-001456
0001513
0003958
0005006
0004191
0002968
0004831
0007451
0005937
0002212
0000465
0000640
0001047
0000873
-001456
-004250
-003901
-002271
-003842
-006287
-004657
-000874
0000582
0000232
0000698
0001047
-000641
-003144
-004425
-003901
-001107
0001222
-001805
-006869
-006869
-003610
-002853
-002969
0000232
0004132
0003783
0001047
0000465
0001513
0001688
0001804
0004132
0006403
0004831
0001280
0000232
0001629
0004191
0006228
0005064
0001979
-000117
-000757
-000408
0000582
0001164
0001746
0003550
0005064
0003550
0000232
-002096
-002853
-001980
-000233
0001047
0001047
-000990
-003144
-002038
0000873
0001920
0001338
0000698
0000000
-001339
-002038
0000174
0002910
0001746
-001281
-000757
0001455
0000873
-001107
-000641
0001164
0001571
0001106
0001629
0002270
0001571
0000058
-001223
-001456
0000407
0003143
0004482
0004307
0002794
0001862
0005471
0009430
0005413
-002038
-003086
0000582
0003259
0004307
0005297
0004191
-002504
-009547
-008150
-001514
0001804
0001338
-000990
-003493
-003610
-001805
-000233
0000174
-001805
-004483
-004599
-002620
-000350
0001397
0002037
0001571
0000174
-000815
0000814
0003259
0002910
0000873
-000408
-000059
0003026
0006228
0005122
0001338
-000932
-000815
0001804
0004947
0005064
0002619
0000291
-001572
-003435
-004483
-003901
-002795
-003377
-004657
-004599
-003377
-002096
-001165
-001514
-002154
-000932
0000814
0000116
-001863
-002213
-001572
-001514
-002271
-004192
-005589
-003551
-000117
0000291
-001805
-004483
-005822
-002911
0001746
0002968
0001746
0001688
0002503
0003550
0003492
-000408
-004832
-003726
0000698
0002386
0002328
0004191
0006053
0004365
0000640
-001456
-001863
-001456
-001165
-003027
-004948
-002795
0000756
-000117
-003726
-005181
-005239
-007277
-008907
-005239
0000116
0000232
-003493
-006695
-007626
-004366
0000174
0000349
-002736
-005239
-006171
-004948
-002504
-000815
-000059
0000640
0001397
0002794
0003667
0001513
-001223
0000640
0004424
0004307
0001106
-002096
-003668
-001747
0001571
0002212
0000640
-000932
-001863
-002038
-001630
-001107
-001165
-002853
-004716
-003959
-001514
0000174
0000989
0001862
0002153
0001222
-000350
-001165
-001281
-001747
-002271
-002213
-002096
-002969
-003959
-003842
-002387
0000523
0002910
0001629
-000874
0000873
0004598
0004947
0002735
0000814
0000058
0001513
0003841
0004307
0003434
0003434
0003434
0001629
-000641
-000932
0000291
0001106
0001338
0001280
0000640
-000874
-002329
-002562
-001514
-000117
0001455
0003783
0004540
0000407
-005414
-007393
-004890
0001280
0006636
0004307
-002445
-005123
-003959
-002038
0000174
0003318
0004540
-000583
-007160
-005589
0000349
0000465
-002678
-001572
0001397
0000698
-001980
-002969
-001747
0001571
0004947
0005122
0003201
0002037
0001920
0002270
0002503
0001106
-000874
-001921
-000990
0003201
0007159
0004715
-000874
-002154
-000175
0000582
0000465
0001338
0001979
0000174
-002154
-001456
0000989
0002095
0000989
-003144
-007393
-006811
-003027
-000699
-000233
-000757
-001514
-000932
0000058
-000932
-002445
-001339
0001106
0001862
0000931
-001281
-002736
-000175
0004074
0005238
0003434
0000291
-001805
0000349
0004482
0005588
0003609
0000058
-002795
-001572
0001688
0002270
0000582
-000699
-001630
-002969
-003784
-002736
-000874
-000117
-000757
-002736
-005065
-006229
-006054
-005356
-004075
-001980
0000116
0001106
0001106
0000698
0000116
-000524
-001107
-001689
-002038
-001572
-000932
-000990
-001398
-000874
0000349
0001397
0002270
0003259
0004424
0006636
0008324
0006694
0003725
0003492
0005413
0007800
0008615
0005238
0000291
-001223
0000000
0000582
0000582
0000873
0000582
-001921
-004192
-001165
