0001629
0000465
-000874
0000232
0001629
-001281
-005414
-004308
-000466
-000175
-002329
-003668
-003319
-000815
0002386
0004074
0003259
-000990
-005239
-003493
0001106
0001397
-001107
-001805
-001107
-000757
-001048
-002271
-003086
-001281
0001629
0002095
0001455
0003667
0006228
0004132
0000116
0000349
0002910
0002619
0000582
-000175
0000291
0001280
0002212
0002212
0001688
0001455
0001920
0003667
0005006
0002677
-000874
-000583
0001804
0001746
-000117
-002038
-002504
0001047
0005646
0005704
0002444
0000000
-000757
0000174
0002212
0004074
0004773
0003609
0001280
-000641
-001107
0000873
0003434
0003318
0001106
-001456
-002911
-001630
0001397
0003609
0004365
0003434
0002153
0002735
0004191
0003900
0002153
0000232
-001223
-001689
-000524
0003667
0007392
0004889
-000990
-003551
-002969
-001689
-000699
-001281
-002853
-003551
-003493
-003551
-003202
-001572
0000465
0001106
0000814
0001222
0001513
-000059
-002213
-002736
-001514
0001164
0003318
0001688
-000932
0001280
0005821
0006810
0004947
0003201
0002444
0003492
0005297
0005704
0004947
0004307
0003434
0001455
-000583
-000524
0000582
-000117
-001339
-000350
0001164
-000408
-003260
-002911
-001048
-001630
-003668
-004308
-003842
-003202
-003144
-004948
-006986
-006171
-003493
-001223
-000059
-000117
-000874
-000874
-000583
-001165
-002329
-003260
-003551
-002562
-000757
0001164
0002503
0002794
0002444
0002794
0003434
0002735
0002386
0005355
0009837
0012166
0011642
0008440
0004947
0005297
0007218
0004831
0000465
-000815
0000523
0001920
0003026
0004074
0004074
0001746
-001107
-001456
0000291
0002503
0004016
0003841
0001629
-002678
-006345
-005356
-001921
-001456
-003668
-006520
-008558
-007801
-005472
-004774
-004774
-003202
-001048
-000757
-001747
-002213
-002271
-002620
-002154
0001571
0005937
0006577
0004656
0003841
0003958
0003434
0002968
0004016
0005122
0003550
0000989
0001222
0003143
0003609
0003492
0005471
0007916
0007974
0005995
0003550
0001513
0000582
0000756
0001164
0000989
-000699
-003027
-004599
-004483
-001863
0001280
0001222
-001048
-002562
-003027
-002795
-002154
-001921
-001398
0001804
0004540
0001222
-004657
-005589
-003027
-002096
-001921
0000523
0003026
0001979
-000990
-002271
-001747
-000117
0000931
-001339
-004308
-002562
0001688
0003550
0002619
-000408
-003086
-001281
0002619
0003318
0001222
-001514
-003319
-002213
0000232
0000116
-001689
-002911
-003086
-002853
-001630
0002095
0004947
0001106
-005414
-006229
-002969
-001165
-001165
-002329
-003144
-000583
0002794
0001571
-001863
-001747
0001047
0003259
0004773
0006403
0006694
0003318
-001456
-003435
-002504
-000350
0002153
0004016
0004540
0003609
0001338
-001805
-004308
-004483
-002736
-000932
0000349
0001164
0001222
0000873
-000059
-001572
-003319
-004890
-005589
-004657
-003086
-002911
-003260
-001747
0000000
-001456
-004133
-003959
-001921
-000932
-001048
-001863
-002504
-001630
-000059
0000291
-000059
0000814
0001746
0000116
-001980
-000175
0003085
0002503
-000350
-001107
-000117
0000989
0001629
0000873
0000058
0002503
0005530
0004016
-000117
-002445
-002096
0001106
0004482
0003958
0000174
-004250
-006811
-004133
0000407
0000000
-003726
-005822
-006229
-006753
-006695
-004657
-002620
-003784
-006520
-006695
-005007
-004017
-003260
-000990
0001397
0001979
0000931
-000350
-001456
-002329
-002445
-001630
-000117
0001455
0002677
0003841
0004132
0002503
0000465
0000873
0002619
0002910
0002095
0001804
0001804
0001338
0001047
0001862
0003667
0006286
0007567
0004482
-000874
-004308
-004657
-001630
0002037
0001106
-002213
-002387
-000757
-000874
-002329
-003493
-003901
-002969
-001572
-001630
-002096
-000059
0002095
0000058
-004250
-006753
-006578
-003784
0000232
0002910
0003900
0004191
0003085
-000583
-004308
-004133
-001165
0000873
0002212
0004773
0006344
0003259
-001630
-002504
-000175
0002153
0003550
0003259
0001804
0000640
0000174
0000582
0001338
0001397
0000291
-002504
-005007
-004075
-001281
-000292
-000990
-001630
-002387
-003668
-004774
-004832
-003784
-002445
-000699
0002386
0004424
0001571
-003027
-002911
0000465
0002561
0003201
0003783
0003026
-001398
-005822
-003842
0001455
0002794
0001164
0000814
0001222
0000582
-000408
-000292
0000465
0000698
0000698
0001688
0002095
-001165
-005065
-003842
0000232
0001280
0000232
0000640
0001338
-000466
-002853
-002387
-000059
0001629
0002095
0001571
-000059
-002853
-004948
-003319
0000058
0000698
-000175
0001164
0003026
0001862
-000466
0000349
0002619
0002677
0000814
-001921
-003435
0000000
0004540
0001920
-003377
-000990
0005180
0005646
0002503
0001979
0003259
0003259
0002270
0001338
0000814
0001106
0002037
0003143
0003609
0002270
0000291
-000292
0000291
0001047
0000523
-003784
-008092
-005763
0000116
0002619
0001571
-000990
-003260
-002562
0000058
0001513
0001280
-000815
-002795
-001456
0001688
0002910
0002794
0003609
0004482
0003550
0002212
0003725
0006344
0006636
0005355
0005238
0005413
0003201
0000407
0000232
0001397
0000291
-001456
-000233
0002037
0001047
-001572
-001980
-000757
-000292
-000583
-001630
-002154
0000465
0003318
0000756
-003901
-003377
-000175
-000757
-003377
-003144
-001165
-000466
-001281
-003784
-005996
-004948
-001921
-000466
-000699
-001747
-002969
-003842
-003493
-000874
0001862
0000756
-001863
-000815
0002386
0003841
0003259
0001397
-000583
-001223
-000350
0001338
0003085
0004132
0003900
0002037
-000059
0000116
0002212
0004773
0006577
0006519
0004715
0002444
0000291
-001398
-001921
-000408
0001164
-000874
-004657
-006345
-005181
-000874
0003259
0001280
-003377
-002736
0001222
0003318
0003085
0001338
-000815
-001456
-000699
0000756
0001979
0001746
0000756
0000756
0001629
0002619
0003259
0003318
0003201
0004132
0005646
0007043
0007159
0004715
0001222
-000699
-000059
0003958
0007858
0005355
-000466
-002213
-000815
-000699
-001223
-000699
0000291
0000523
0000116
-000524
-001456
-002911
-004017
-003668
-002504
-001863
-001980
-002329
-002853
-003726
-003668
-000699
0002968
0002968
0001047
0001804
0003958
0003783
0002270
0001804
0002153
0002444
0002561
0002212
0001688
0001862
0001862
-000059
-002562
-002911
-001805
-001572
-002154
-002795
-003202
-002795
-001805
-000815
0000058
0000989
0001222
0000116
-001863
-003435
-004366
-005065
-005181
-004250
-003027
-002853
-003319
-003260
-002736
-001805
-000990
-001107
-001689
-001689
-001223
-000990
-000583
0001222
0002677
0000698
-002504
-002213
0000523
0002677
0003550
0002561
0001338
0003259
0006112
0005006
0002328
0003783
0006985
0006927
0004482
0002386
0001280
0001455
0001629
-000757
-003959
-004250
-002620
-002038
-002678
-004075
-005356
-004948
-003377
-002387
-002387
-003610
-005065
-005123
-003784
-001398
0000291
-001223
-004599
-006695
-007335
-008034
-007219
-002038
0003958
0004540
0001629
0000989
0001688
0000349
-001281
0000582
0003492
0002561
-000292
-000408
0001746
0004307
0006170
0005995
0004307
0002968
0001979
0000582
-000350
0000523
0002270
0003085
0002968
0002619
0002328
0002444
0002910
0003609
0003376
0000000
-003901
-003784
-001281
-001165
-002562
-002853
-002387
-002504
-003086
-003377
-003842
-005239
-006287
-004832
-002154
-001398
-001863
-001339
-000408
-000583
-001281
-001107
-000524
-000815
-001339
-000990
0000232
0001804
0003318
0004540
0004889
0003318
0001455
0002503
0004656
0004132
0001629
-001107
-002096
0001106
0005821
0007043
0004773
0000989
-002213
-001572
0000989
0000465
-001921
-002504
-001921
-002562
-002620
0001513
0006228
0004715
-000292
-001863
-000466
0000931
0002153
0003841
0004365
0001106
-003377
-004425
-002096
0002037
0005646
0005238
0002328
0000814
0000873
0001047
0001688
0003259
0004656
0004365
0002852
0001106
0000116
0001338
0003143
0002095
-000815
-003144
-003668
-001165
0002095
0001746
-001281
-003784
-005065
-004832
-003842
-003959
-004774
-005007
-004657
-003959
-003551
-004774
-006520
-007219
-005996
-001630
0002503
0000058
-004541
-001805
0004249
0004132
0000232
-000699
0000814
0002037
0002561
0002095
0001047
0000058
-000117
0001629
0003434
0002095
-000408
0000698
0003609
0003783
0002095
0001164
0000873
0000291
-000233
-000233
0000116
0000349
0000116
-000408
-001689
-004774
-007044
-004133
0000931
0001746
-000292
-000350
0000232
-001921
-004948
-005239
-003319
-001107
0000116
-001223
-003959
-005705
-005647
-003435
-000874
-001514
-003377
-001514
0001688
0000873
-002096
-002678
-001398
-000408
0000000
-000233
-000583
-000466
0000756
0004249
0007334
0005530
0001571
0001862
0004191
0002561
-000699
-000059
0002444
0002037
-000175
-001165
-001339
-002096
-003610
-006520
-008558
-005880
-001223
-000175
-001747
-002096
-001630
-002154
-003086
-003144
-002795
-002853
-003202
-004133
-004250
-001048
0002619
0001338
-002329
-002620
-000175
0002037
0002910
0001280
-000932
0000814
0003958
0003026
0000116
0000349
0002444
0002503
0001571
0002444
0003609
0002444
-000524
-003784
-005705
-004541
-001339
0001106
0002037
0001280
-000641
-002387
-003144
-002154
-000292
0000931
0001338
0001979
0001571
-002620
-007102
-005181
-000990
-003493
-009314
-010828
-007684
-000932
0004424
0000523
-007451
-007801
-002445
0001106
0002852
0005064
0005646
0001106
-004425
-002911
0002735
0005122
0004365
0003026
0001979
0002386
0003550
0003783
0002735
-000117
-002154
0000931
0006228
0007451
0005530
0004424
0003550
0000698
-001921
-000059
0003376
0002386
-001165
-002329
-001165
0001280
0003259
0002095
-000757
-001572
-000815
-000117
0000058
-000932
-002329
-002795
-001863
0000814
0003492
0003143
0000989
-000059
0000465
0002444
0004016
0001862
-001747
-002096
-000175
0000407
0000116
0000582
0001338
0001338
0000989
0001455
0001571
-001165
-004192
-002387
0001455
0001106
-001456
-000699
0001513
0000931
-001048
-000699
0000873
0000931
-000292
-001863
-003027
-002853
-002038
-002154
-003086
-004308
-005123
-004425
-003144
-003377
-004133
-003319
-001339
0000523
0001746
0001746
0001397
0002910
0004831
0004365
0002386
0001338
0001280
0001571
0001920
0001862
0001629
0001688
0002037
0002619
0002561
0000756
-001689
-002445
-001572
-000233
0001338
0003143
0003667
0000814
-003144
-003901
-002329
-001805
-002038
-001805
-001456
-001863
-002213
-000932
0000698
0000232
-001514
-002329
-002154
-001572
-001165
-001980
-003202
-003319
-002096
0000640
0003318
0003667
0002735
0004074
0005995
0004715
0002212
0003026
0005413
0004598
0002561
0004365
0007101
0004598
0000174
0000873
0004831
0006810
0006636
0005530
0003958
0002561
0001862
0002561
0003318
0001629
-000932
-001048
0000349
0000349
-000699
-002271
-003086
-001339
0000756
-001281
-005007
-004599
-001921
-002213
-003784
-002387
0000407
0000989
0000291
0001164
0002503
0001804
0000291
0000349
0001862
0004365
0005821
0003085
-001165
-001223
0001222
0001513
0001047
0003900
0006927
0003900
-000699
0002328
0009604
0013155
0012049
0007159
0001222
-001107
-000699
-001689
-002562
-000059
0003725
0004773
0003434
0002037
0000873
-000059
-000757
-001398
-001747
-001572
-001165
-001165
-001398
-001456
-001165
-000059
0000873
0000116
-001689
-002853
-003144
-002620
-001165
0001513
0003841
0003376
0000989
-000699
-001398
-002038
-001805
0000814
0003434
0001688
-001980
-002387
-000641
-000350
-001572
-003842
-005996
-006462
-005239
-003610
-001921
-000350
0000349
-000292
-001572
-001689
-001107
-001339
-001630
-000408
0001222
0001106
-000292
-001339
-002213
-004017
-005181
-003319
0000058
0001979
0001629
-001630
-004832
-002620
0002328
0003725
0002037
-000292
-001747
-000350
0002153
0001920
-000117
-001398
-001456
-000175
0001571
0002386
0002153
0001222
0000000
-001165
-001863
-001921
-001048
0000931
0003085
0003609
0003026
0003201
0003026
0000232
-003202
-003784
-002213
-001048
-000350
0000814
0001280
-000815
-003493
-002620
0000116
0000756
-000292
-001048
-000932
0000582
0002270
0002037
0000232
-001863
-003319
-003260
-001863
0000116
0002095
0003318
0003841
0004540
0004715
0002852
0000698
0001513
0003201
0000814
-002736
-001281
0002270
0001513
-002096
-004774
-004774
-000408
0005122
0005762
0002968
0001688
0001862
0001979
0001513
-000583
-003086
-003551
-002562
-001514
-001514
-004483
-007568
-005647
-001223
-000466
-002387
-004017
-003901
-000641
0003900
0006344
0006112
0003667
0001338
0002910
0006112
0006112
0003550
0001164
-000059
0001047
0002910
0002328
0000582
0001164
0002852
0002561
0001280
0001280
0002212
0003085
0003085
0001106
-002154
-005647
-007510
-005414
-001165
0001629
0001979
-000175
-003260
-004716
-003784
-000408
0002852
0001571
-002213
-003435
-002213
0000058
0001571
-000699
-003959
-002271
0001746
0002037
-000117
-000815
-000233
0000232
0000349
-000466
-001339
-000815
0000931
0003259
0004656
0003026
0000291
0000640
0002561
0002270
0001106
0002735
0005355
0005413
0003667
0002444
0002095
0002735
0003609
0003318
0001979
0000465
-001165
-003551
-005181
-004075
-001863
-002271
-004308
-005298
-004599
-001921
0000756
0000291
-002562
-004890
-006578
-009081
-010187
-006695
-001339
0000989
-000175
-003551
-006637
-005763
-002096
0000814
0001629
-000699
-004075
-004541
-002504
0000407
0002212
-000292
-003610
-000466
0005355
0005413
0001804
0000116
0000407
0001106
0001746
0001629
0000582
-001514
-003086
-001572
0000873
-000233
-003202
-003668
-002853
-004832
-007160
-005123
-001223
-000757
-002562
-002445
-001281
-001630
-002562
-001921
-000874
-001921
-004075
-005589
-005589
-003260
-000408
-000175
-001747
-002271
-002387
-003901
-005065
-002445
0001397
0000698
-001456
0001920
0007334
0007683
0003900
-000524
-003842
-004716
-003668
-003260
-003027
-001514
0000582
0002735
0003259
-000233
-004832
-005414
-002911
-000757
0000407
0000582
-000059
-000641
-001339
-003144
-004774
-004366
-002678
-001630
-001223
-000408
-000175
-002445
-004716
-002445
0001804
0002794
0001106
-000641
-001456
-000466
0001338
0002037
0001746
0001280
0000814
-000117
-000408
0002212
0004947
0002503
-001980
-001863
0001571
0004656
0005821
0003609
0000465
0001397
0004132
0003143
0000116
-000175
0000989
0000465
-001223
-002154
-002911
-004716
-006520
-006345
-004774
-002911
-002096
-004250
-006869
-004366
-000292
-002736
-007393
-004832
0001571
0002852
0001804
0006228
0011351
0007742
-000117
-002213
0000465
0002444
0003609
0004831
0005704
0006112
0005646
0003550
0000989
0000058
0000465
0000873
0001164
0001920
0001979
-000408
-003551
-004250
-002795
-001048
0000465
0001455
0001164
-001107
-003842
-004308
-003377
-004075
-004832
-002038
0001164
-001165
-006229
-008208
-006462
-001630
0002910
0001455
-003493
-005647
-004657
-001747
0001397
0002270
0001164
-000117
-001107
-001980
-001747
0000640
0003609
0004074
0002735
0001746
0001397
0001513
0002153
0003318
0004074
0002852
0001047
0001280
0002735
0003143
0002444
0001571
0000640
-000117
-000408
0000407
0001397
0000814
-000350
0000640
0001862
-000466
-004250
-005414
-004483
-003959
-004133
-005589
-006695
-004832
-001281
0001164
0002037
0001920
0000407
-003668
-006869
-003842
0002619
0006170
0006170
0004307
0001804
0000582
0000989
0001920
0003201
0004715
0005238
0002968
-000408
-001281
-000641
-001572
-002969
-002504
-000932
0000174
0000523
0000640
0000232
-001339
-002853
-001980
0000000
0000116
-000990
-001339
-001223
-001630
-002213
-002213
-001921
-002329
-002911
-002620
-001980
-002329
-002678
-000990
0001280
0000873
-000757
-000350
0001338
0002095
0001979
0001629
0001047
0000116
-000292
0001222
0003318
0003609
0002328
0000873
-000175
-000059
0001047
0002619
0003725
0003259
0001920
0001688
0001513
-001398
-004250
-001747
0003026
0003318
0000640
-000059
0000756
0000989
0000523
-000466
-001805
-003668
-004483
-002038
0001455
0001688
-000233
-000757
-000292
-000466
-001048
-001572
-001223
0001280
0004482
0006170
0005821
0003492
0000756
-000350
0000582
0003026
0005006
0003318
-000117
-001048
0000698
0003609
0006694
0009430
0009313
0002386
-005589
-004075
0002444
0002677
-001165
-001921
-000874
-002329
-004657
-004192
-002562
-003726
-005763
-004075
-001107
-002038
-004483
-003144
0000407
0002444
0001746
-002504
-007335
-007393
-004133
-001747
-000699
-000292
-000233
0000174
0000640
0000116
-000292
0001746
0004424
0004016
0001920
0001920
0002677
0000698
-002096
-001747
0000232
-000117
-001165
0001338
0005122
0005588
0003783
0003259
0003201
0001164
-001630
-002969
-002620
-000874
0000523
-001805
-005181
-004133
-001398
-003551
-007801
-007568
-004366
-002562
-002271
-002329
-002620
-002678
-002329
-001398
-000583
-001223
-002154
-001223
0000756
0001920
0001979
0001338
0000291
-000699
-000699
0001688
0004540
0004424
0002503
0002328
0003201
0002968
0001862
0000931
0000349
0000232
0000116
-001223
-002795
-002562
-000990
0000349
0000873
0000291
-001281
-003144
-004308
-003551
-001630
-000350
-000059
-000292
-000583
-000059
0001222
0002735
0003725
0003259
0001804
0000465
-000292
0000116
0000698
-000815
-002562
-000815
0002386
0002328
0000465
0001047
0002910
0003143
0002503
0003085
0004191
0004191
0003783
0005064
0006228
0003900
-000583
-004250
-005938
-005239
-002853
-001107
0000291
0003201
0005355
0003259
-001281
-004774
-005472
-002445
0001920
0002619
0000931
0001455
0002153
-001456
-006404
-006986
-004483
-003086
-002387
-000524
0001338
0000873
-000292
0001164
0004074
0005937
0006053
0003725
0001047
0001746
0004074
0003492
0001338
0001397
0002503
0001338
-000292
0001164
0004540
0007276
0008033
0005471
0001455
-000408
-000583
-001281
-002213
-002387
-001747
0000174
0001222
-002678
-007626
-006462
-001223
0002444
0004132
0005530
0005355
0001513
-003086
-003319
-001048
-001863
-004075
-003610
-001514
-000524
-000175
0001047
0002503
0003143
0003085
0003026
0002852
0002212
0001862
0003434
0005064
0003259
0000349
0001629
0004656
0003667
0000989
0002328
0005006
0002794
-000990
0000465
0004715
0005471
0003725
0002968
0002677
0001338
0000000
0000873
0002270
0000814
-002096
-003086
-002620
-002795
-002969
-001980
-000641
-000117
-000815
-002736
-004832
-005472
-005356
-007044
-008674
-006986
-003202
-000059
0001513
0000931
-000466
0000116
0002153
0004191
0004656
0001106
-002969
-001165
0003958
0005704
0004889
0005413
0005762
0003201
-000350
-001456
-000059
0002852
0005006
0002561
-001456
-000699
0002444
0001804
-000815
-000990
0000523
0001280
0001338
0001571
0001455
-000117
-001863
-001747
-000524
-000292
-000932
-001747
-002387
-002620
-002213
-001107
0000000
0000232
-000641
-002969
-004774
-002736
0000989
0001164
-000466
0000582
0003026
0003783
0002619
-000408
-003086
-002038
0000814
0000873
-000757
-000583
0000291
-001398
-003202
-000117
0004540
0004191
0000640
-001281
-001281
-000699
0000058
0000174
-000524
-001921
-003086
-002154
-000466
-001107
-002387
-000699
0001862
0000640
-002678
-003435
-002911
-004774
-007219
-006404
-004017
-004483
-005705
-003202
0000756
0001338
-000757
-003202
-003784
0000989
0006868
0005821
0001106
0001455
0004132
0001862
-002213
-000874
0002677
0001047
-003319
-004425
-002969
-001630
-000932
-001398
-002271
-002038
-001107
-000990
-001456
-001514
-001747
-003610
-005705
-005822
-004075
-001165
0000814
-000757
-004483
-007975
-008325
-001398
0006461
0003259
-005472
-006345
-001572
0001047
0001164
0000407
-000990
-002795
-003377
-000175
0004191
0004656
0002270
0000407
-000233
0000523
0001804
0001280
-000059
0000058
0001047
0001280
0000873
0000465
-000059
-000815
-001980
-004366
-006113
-004599
-001107
0001513
0002037
-000117
-003610
-005647
-005589
-004075
-001747
0000523
0001397
-000524
-003726
-005065
-004890
-004832
-004716
-003726
-002969
-004425
-006578
-006404
-004308
-001630
0000291
-000117
-001980
-003086
-002795
-000990
0001746
0004307
0005355
0002910
-000350
0000873
0004482
0005297
0004191
0004249
0004773
0003841
0002444
0002735
0003376
0001338
-001689
-002213
-001107
-000932
-001107
0000407
0001979
0000465
-002213
-001805
-000175
-002096
-005356
-005589
-003610
-002213
-001805
-002853
-004017
-002736
-000292
0000523
-000233
-001223
-002387
-004366
-005589
-003377
0000058
0000523
-000990
-001165
-000059
0001338
0002153
0000873
-001223
-001398
0000058
0002095
0003085
0000873
-002213
-001456
0001688
0002677
0002328
0003376
0004715
0004482
0002794
0000523
-001398
-001805
-000815
0001106
0002503
0001571
-001048
-003551
-004890
-004133
-002154
-001165
-001165
-001572
-002038
-001921
-001398
-000990
-000641
-000175
0000174
-000350
-000757
0001222
0003725
0002968
-000059
-002678
-004017
-003668
-002387
-001747
-001805
-002038
-001805
0000058
0002270
0002444
0000931
-001107
-002795
-003260
-002562
-001747
-000932
0000174
0000989
0000873
-000175
-001805
-003027
-002620
-001398
-001398
-002038
-001689
-000408
0001455
0002503
0000523
-002329
-002038
0000000
-000175
-001514
-001281
-000175
0000232
-000117
-000757
-001165
-000699
0000698
0002968
0004307
0001688
-001980
-001223
0002270
0003667
0003259
0003259
0002735
-000466
-003668
-002213
0001688
0002619
0000989
-001107
-002911
-003726
-003551
-002911
-001863
-000466
0000698
0000931
0000174
-001107
-002329
-002562
-001805
-000292
0000756
-000292
-002562
-003959
-004250
-004366
-003726
-000932
0001629
0000058
-003027
-001689
0002037
0002968
0001920
0001455
0001746
0003085
0004132
0002677
0000232
0000291
0001920
0002328
0002270
0003783
0005762
0005762
0004715
0004715
0005355
0005471
0004831
0002968
0001222
0001862
0003434
0002968
0001338
0001164
0001862
0001629
0000698
-000408
-001048
-000117
0001338
0001106
-000117
-000524
-000175
0000465
0000873
0000116
-000990
-000583
0000000
-002271
-005065
-003842
0000116
0003376
0005180
0005762
0004947
0002735
0000814
0001804
0003900
0002910
0000698
0001571
0004074
0004715
0003550
0001455
0000116
0001862
0005413
0008207
0008615
0005297
0000582
-001048
-000292
-000350
-000466
0001047
0002910
0003085
0001047
-003435
-007510
-006345
-002387
-001572
-003027
-003260
-002387
-001339
-000408
0000000
0000000
0000116
0000582
0001746
0002619
0001688
-000466
-002213
-003027
-002678
-001921
-002736
-003610
-001281
0001746
0000756
-002213
-002271
-000233
0001397
0001862
0000232
-001689
-000350
0002095
0000931
-002154
-002445
-001165
-001689
-003086
-003027
-001921
-001107
-000583
0000349
0001164
0001338
0001106
0001164
0001047
-000292
-002213
-003784
-004075
-002096
0000407
-000059
-002562
-004366
-005007
-004133
-002620
-002096
-001805
0000058
0002677
0004598
0005122
0004074
0002270
0001164
0001222
0002270
0003376
0002794
0001571
0002037
0003143
0002212
0001047
0004191
0007742
0004074
-003086
-005705
-003377
0001397
0005879
0006228
0002503
-003493
-008150
-006753
-001456
0001629
0002444
0003143
0002794
-000350
-003959
-004075
-001689
-000466
-000233
0000000
0000756
0002968
0004831
0003085
0000058
0001280
0004656
0005122
0003492
0002852
0002561
0000582
-001223
0000465
0003841
0004482
0003725
0005646
0007625
0004424
-000932
-002154
-000059
0001920
0002794
0001629
-000990
-003901
-005356
-003202
0000523
0001455
0000232
-000233
-000408
-001339
-002736
-004133
-004541
-002504
0000058
-000932
-003202
-001456
0001746
0000698
-002620
-003959
-002736
0000931
0004656
0004656
0002503
0002794
0004074
0002444
0000058
0001280
0004191
0004424
0002270
-000583
-002213
0000698
0004831
0003783
-000524
-002853
-002445
0000291
0003725
0005180
0004249
0001106
-001805
-000583
0002735
0002910
0001106
0000873
0001164
-000815
-003493
-003610
-002387
-002853
-004133
-003784
-002795
-003493
-004948
-005123
-003959
-002038
-000175
0000756
0000465
-000874
-002329
-002795
-002038
-000292
0002037
0004715
0006577
0006694
0005180
0003026
0000989
-000350
-000641
0000058
0001047
0001106
0000582
0000814
0001338
0000873
0000698
0004074
0007218
0003667
-003493
-007219
-007160
-005531
-003202
-001339
-000524
-000292
-001165
-004075
-006753
-005705
-002620
-001863
-002678
-001921
-000641
-000932
-002038
-002387
-001689
-000059
0001513
0001338
0000000
-001281
-001572
-000175
0001920
0002561
0001920
0001280
0000407
-001747
-003784
-003726
-002038
-000175
0001338
0002386
0002561
0001455
-000117
-000641
-000466
-000990
-001572
-000757
0000465
-000233
-001747
-001747
-000990
-001398
-002504
-003668
-003144
0002328
0007800
0004540
-003319
-006287
-004483
-001456
0001397
0002735
0001979
-001165
-003959
-001921
0002386
0002852
0000989
0001862
0003376
0000640
-003726
-004948
-002969
0000407
0003725
0004889
0004365
0004074
0003900
0003026
0001862
0001222
0001397
0003026
0004424
0002561
-001223
-004017
-004832
-003027
-000524
-000932
-002795
-002096
-000524
-002271
-005181
-004541
-001863
-001223
-001456
0001106
0003725
0000756
-004366
-004192
-001281
-002329
-005007
-003842
-000932
-000874
-002387
-001980
0000116
0003143
0005471
0004773
0002503
0002328
0003143
0002153
0000291
-000292
0000698
0003085
0005530
0006170
0005006
0003085
0000873
-001339
-002096
0000582
0003841
0002095
-002853
-006637
-007975
-006520
-003377
-000990
-000059
-000350
-001980
-004948
-007335
-006345
-003435
-002154
-002562
-003551
-004483
-004541
-003901
-002795
-002387
-004541
-007277
-007219
-004483
-000408
0003143
0004191
0003143
0002386
0001746
-000292
-001572
0001513
0005821
0005238
0001280
-001805
-002736
-001165
0001513
0002619
0001979
0000698
-000815
-001863
-002096
-001572
-000932
-001456
-002038
0000058
0002677
0001629
-000990
-000466
0001222
-000757
-004483
-005705
-004774
-003784
-003551
-005472
-007510
-005472
-001689
-001048
-002620
-002969
-002853
-004366
-006113
-005414
-003260
-001863
-000990
0001047
0002619
0000989
-001980
-002329
-000699
0000582
0001397
0002444
0003026
0002677
0001338
-000990
-002795
-001689
0001164
0003085
0003550
0002794
0001571
0001746
0002212
0000640
-001921
-003027
-003144
-003842
-004541
-003668
-002504
-003784
-005298
-002445
0002095
0002968
0000698
-002038
-004192
-004890
-004075
-002562
-001165
-000815
-001281
-001747
-001689
-000699
0000640
0000873
0000465
0000931
0001338
-000757
-002678
0000814
0005995
0005646
0001571
-000583
-001107
-002562
-003726
-002329
0000116
0000465
-000990
-003086
-004192
-002096
0001280
0002037
0000523
-000874
-002329
-004774
-006578
-005298
-002736
-003086
-004948
-004192
-002213
-002038
-003319
-004657
-004948
-002678
0000814
0003550
0004074
0001280
-002620
-003784
-002271
-000233
0001920
0004307
0005355
0002735
-000815
-000059
0003201
0003841
0002968
0004365
0005995
0003783
-000117
-001398
-000524
0000232
0000523
0000116
-000350
0000582
0001804
0001455
-000583
-004308
-007160
-005239
-000990
0000349
-000757
-001805
-002213
-001339
-000350
-001398
-003726
-005356
-005356
-002387
0001106
0000523
-001747
0000058
0003900
0004715
0003026
0001222
-000175
-000583
-000350
-000641
-000641
0001455
0004249
0005588
0005588
0005588
0005122
0003026
0000465
-000815
-000524
0000931
0002444
0002386
0000931
-001165
-002213
0000814
0004773
0003550
-000699
-002795
-002678
-001747
-000932
-001514
-002736
-002445
-001805
-003260
-005123
-003901
-000932
0000756
0000698
-000815
-002911
-004308
-004133
-001456
0002153
0003958
0003492
0001338
-001107
-001339
0000058
0000756
0001222
0003376
0005064
0002386
-001514
-000233
0003667
0003958
0001920
0001571
0002037
0000698
-001048
-000641
0000873
0001106
0000349
-000175
-000466
-001107
-001048
0001455
0004424
0004016
0002037
0002619
0004482
0004715
0002910
-001339
-005007
-002911
0001746
0001804
-000932
-001572
-000117
0002503
0004540
0003085
0000000
-000233
0001338
0001862
0001280
0000291
-000408
0000407
0002037
0002619
0002270
0001862
0001629
0002095
0002794
0002503
0001455
0000407
-000059
0000291
0002095
0006752
0010536
0007392
0000756
-001514
-000292
-000175
-000350
0001862
0003900
0001455
-002969
-004133
-002853
-002620
-002678
-000466
0001688
-000583
-004250
-003086
0000989
0002677
0002153
0001338
0000349
-001048
-001630
0000232
0002910
0003376
0001920
-000175
-001281
0000814
0004307
0005180
0004132
0004016
0003900
0001746
-000641
0000116
0002444
0002910
0001979
0002270
0002212
-001572
-005996
-005123
-001107
0000756
0000407
-000117
-000874
-002387
-003319
-001805
0000756
0001338
0000291
-000699
-001456
-002154
-002213
-000815
0000756
-000117
-002329
-003435
-003319
-002678
-001747
-000408
0000349
-000408
-002154
-003842
-003959
-000175
0004482
0004540
0001688
0000873
0001513
0001338
0000465
-000524
-001398
-002445
-002736
-001398
0000873
0002619
0003201
0002212
0000698
0001222
0001862
-001456
-006287
-007975
-006753
-004890
-003086
-002329
-002154
-001048
0000407
0001513
0001455
-000699
-003260
-003086
-000990
0000640
0001164
0000291
-001048
-000874
0000465
0001979
0002677
0001222
-000524
0001047
0004249
0005297
0004715
0004540
0004773
0004482
0004307
0005355
0006636
0006286
0004889
0004540
0004191
0001571
-001398
-001223
0000174
-002038
-005414
-004716
-001921
-001805
-003435
-003842
-002969
-001572
-000233
0000116
-000815
-003144
-005472
-005705
-004541
-004599
-004890
-002969
-000059
0001746
0002212
0002153
0001629
0000640
0000291
0002503
0005646
0006868
0005646
0002212
-001107
-000757
0002153
0004016
0004598
0004249
0003667
0003725
0004482
0005762
0006577
0005297
0003318
0003841
0005297
0003900
0001688
0002910
0005704
0005704
0003550
0000931
-000408
0002444
0005937
0003085
-002911
-004890
-003377
-002038
-000815
0001862
0003259
-001048
-006869
-005996
-001339
-000583
-002504
-002969
-002387
-002620
-002620
-000699
0001862
0002735
0001979
0000756
0000058
0001571
0003900
0003958
0002270
0000407
-000466
0000989
0003201
0002910
0000931
-000408
-000350
0002153
0004715
0003026
-000699
-001398
0000000
0000407
-000117
-000699
-001630
-003784
-005938
-006345
-005181
-003610
-002445
-002795
-004192
-005239
-005647
-005822
-005414
-003842
-002329
-003319
-004599
-001689
0002677
0002619
0000291
0001106
0003725
0004656
0003783
0002037
0000000
-001863
-002504
-000757
0001920
0002503
0001338
0000523
-000350
-002678
-004541
-002387
0001513
0002910
0001804
-000524
-002620
-002038
-000524
-002096
-005181
-005822
-004483
-003086
-002154
-002271
-002795
-002620
-001747
-000059
0000291
-004250
-010129
-010711
-007335
-004541
-003202
-003668
-004366
-001863
0002270
0005180
0005530
0001920
-002736
-003493
-001339
-000233
-000059
0000174
0000465
0000873
0001164
0001047
0000640
0000232
-000175
-000583
-000932
-000874
-000990
-002445
-003842
-002504
-000408
-001630
-004657
-005822
-005007
-003493
-002038
-001921
-002678
-002969
-002795
-002678
-002445
-001747
-001107
-001630
-002329
-001107
0000523
-000932
-003377
-002387
0000058
-000583
-002795
-002795
-000990
0000873
0002561
0004540
0005704
0004482
0001979
0000582
0000291
-000059
-000175
0000349
0000756
0000116
-001165
-002213
-002620
-002562
-001921
-000990
0000116
0001746
0002677
0000989
-001805
-002562
-002038
-002911
-004192
-003377
-001980
-003319
-005414
-004192
-001456
-001689
-003551
-002795
-001165
-002736
-005239
-004308
-000641
0003841
0006112
0001920
-004657
-004948
-000990
0000873
0001106
0002561
0003434
0000174
-003901
-002271
0002619
0005006
0004598
0003026
0001280
0000989
0001571
0000640
-000233
0002095
0005530
0006112
0004016
0001047
-002096
-005123
-006113
-002445
0002677
0003201
0000000
-003435
-005356
-003842
-000583
0000640
0000291
0000232
0000523
0000931
0000873
-000815
-003086
-004250
-004192
-003435
-002271
-000874
0000116
0000174
-000117
0000989
0002561
0002386
0001397
0001920
0002852
0001804
-000117
-000117
0000989
0001280
0000349
-002911
-005356
-001689
0004365
0004889
0002212
0002910
0005006
0003434
0000000
-001223
-000757
-000757
-001165
-001107
-001048
-002038
-002795
-000641
0002153
0001047
-001863
-001921
-000175
-000175
-000990
-000175
0001280
0001397
0000349
-001165
-002038
-001048
0000931
0001280
0001106
0003143
0005646
0005355
0003434
0003318
0003550
0000174
-003784
-002620
0001106
0001746
-000175
-001747
-002562
-002620
-001689
0000814
0002794
0001106
-002387
-003144
-002154
-002562
-003726
-004017
-003610
-003202
-002620
-000990
0000058
-002562
-005647
-002387
0003143
0002037
-002213
-000932
0003143
0003434
0001397
0001338
0002619
0003434
0003667
0003201
0002677
0004016
0005297
0002852
-000466
0001164
0005122
0005530
0003434
0002444
0002677
0003783
0004365
0001397
-001863
0001222
0006461
0004831
-000874
-003551
-002969
-000524
0001338
-001398
-006113
-007044
-004774
-002154
-000350
-000757
-002387
-002678
-002329
-003610
-005239
-005181
-003435
-000641
0001513
-000117
-002678
-000408
0003783
0003143
-000117
-000641
0000989
0001920
0002037
0001164
0000407
0001688
0004016
0005297
0005122
0003259
0001862
0005006
0009255
0007567
0002735
0001804
0003550
0003434
0003143
0006810
0010245
0005821
-002562
-006462
-005472
-001980
0001455
0000523
-003027
-004541
-004192
-003959
-003842
-003784
-004075
-005123
-005938
-005123
-003260
-001572
-000524
0000291
0000523
-000059
-001048
-002329
-002795
-001107
0001629
0003259
0002968
0000058
-002678
-000117
0004715
0005355
0003026
0002270
0002212
0000116
-002154
-001223
0001513
0002444
0001979
0001920
0002153
0001920
0001862
0003318
0004482
0001513
-002853
-003435
-001514
-001107
-001863
-002445
-002154
0000232
0002910
0002735
0000174
-002795
-005065
-005822
-004774
-002038
0000582
0000000
-001863
-000233
0002968
0003492
0001920
-000059
-001048
0000698
0003376
0003318
0001047
-001165
-002329
-001456
0001106
0004715
0007043
0005122
0000814
-001223
-000990
-000233
0000523
0000232
-000990
-002620
-003901
-003551
-002562
-003784
-005239
-003027
0000523
0000000
-002504
-002096
-000117
-000059
-001572
-003551
-004774
-003493
-000815
0000698
0001338
0003201
0004482
0002095
-001398
-001107
0001979
0004424
0005122
0003026
-000117
-000874
0000291
0000814
0001164
0002910
0004889
0005762
0005297
0003783
0002153
0001571
0002037
0003026
0003725
0002735
0000698
-000990
-002387
-004890
-006462
-003668
0000640
0000873
-001747
-002911
-002969
-003959
-004832
-003842
-002562
-004832
-008034
-007219
-004133
-003435
-004425
-004308
-003493
-003551
-003319
-000292
0003143
0002677
-000117
-001165
0000349
0004656
0009313
0010361
0008149
0004540
0001804
0003201
0006112
0004656
0000873
-000175
0001164
0002852
0003667
0001920
-000815
-001630
-000583
0001106
0002444
0002153
0000291
-002853
-005181
-003551
-000233
-000117
-002736
-005996
-007684
-004657
0000407
0001804
-000175
-003027
-004774
-002271
0001455
0000058
-004017
-004774
-002911
-001747
-000757
0001862
0004365
0003783
0001629
0001746
0003259
0003143
0002386
0003026
0004482
0005471
0005413
0003841
0001804
0001338
0001688
0000814
-000699
-001398
-001398
-001165
-000583
0000407
0001455
0002444
0002328
-000583
-003959
-003435
-000699
-000233
-001223
-001630
-001107
0000698
0001862
-000757
-005356
-007859
-007975
-006811
-004483
-000641
0002386
0001280
-002038
-003319
-002445
-000874
0000873
0002386
0002677
0000174
-002562
-000699
0003201
0003259
0001222
0002503
0004598
0001979
-002387
-002038
0001455
0003783
0004016
0001629
-001398
-001630
0000232
0001862
0002212
0000291
-002154
-001398
0000814
-000292
-002096
0001164
0005879
0004889
0000116
-003202
-004308
-003901
-002736
-002387
-002620
-002562
-001980
-000757
0000523
0000989
0001164
0002852
0004132
0001629
-001980
-001339
0001979
0003492
0002968
0001629
0000058
-000524
-000117
0000465
0001280
0002968
0003783
0000349
-004017
-002795
0000989
0000000
-003377
-003493
-000932
0001571
0002677
0000814
-002678
-004832
-005239
-004599
-003435
-002853
-002911
-003086
-003086
-002096
-000932
-000990
-001747
-001630
-000757
0000465
0001338
0000465
-000583
0001513
0004482
0003492
0000582
0000873
0002852
0002503
0000465
-001223
-002329
-003319
-003260
-000699
0002386
0002503
0000291
-002038
-003260
-001572
0000640
-001281
-004948
-004832
-002329
-001165
-001921
-004774
-007859
-008208
-006462
-004716
-003726
-004017
-004716
-003610
-001630
-000524
-001281
-005472
-009431
-006404
-001048
-003319
-009372
-010420
-006578
0000116
0005122
0001455
-005531
-003842
0002968
0005355
0004307
0004715
0005180
0002794
-000524
-001514
-000233
0001629
0003201
0003434
0002444
0000756
-000350
0000814
0002561
0001047
-001747
-001048
0000698
-001805
-005880
-005880
-003319
-002736
-003493
-003726
-003202
-001630
-000175
-000757
-002387
-002504
-001630
-001630
-002038
-001805
-001398
-002213
-003377
-003435
-002678
-002213
-002387
-003784
-005065
-004541
-001630
0004249
0009371
0007800
0002503
0000931
0002095
0001979
0000931
-000292
-000815
0000814
0002968
0002386
0000407
0000465
0001571
0001455
0000349
-001165
-001980
-000117
0002270
0000814
-002562
-003842
-002969
-001339
0000349
0000873
0000756
0001746
0002328
-000059
-003551
-004425
-003202
-002620
-002213
-000641
0001047
0000931
-000117
0000000
0001047
0002328
0002735
0000349
-002911
-003377
-001514
0000814
0002444
0002153
0000407
-001048
-002154
-003784
-005181
-005531
-004716
-002620
-000699
-000874
-002387
-003086
-002213
0000931
0004074
0003026
-000292
-000932
0000349
0000523
0000232
0001280
0002153
0000000
-003086
-003144
-000699
0002270
0003609
0000465
-004075
-003959
-000233
0003434
0005355
0003841
0000756
0000232
0001920
0004132
0005530
0004132
0001688
0001397
0003201
0006170
0008149
0005762
0001222
-001048
-000815
0000582
0002095
0001979
0001222
0002735
0004598
0002910
-000583
-002213
-002096
-001980
-002329
-003551
-005414
-007277
-007859
-005589
-002096
-000641
-000815
-000583
-000408
-001398
-002853
-003377
-003319
-004308
-004832
-001630
0002095
0000523
-003610
-003668
-000524
0002619
0004831
0005413
0004540
0003201
0002153
0002037
0002794
0003609
0003900
0002910
0001455
0000931
0001862
0004831
0007509
0006112
0002212
-000292
-000583
0000814
0003201
0005762
0006519
0002852
-002213
-002562
-000350
-001747
-004541
-003086
-000117
-001805
-005647
-005647
-003260
-002329
-002736
-003260
-003144
-000874
0001688
0001222
-001456
-003959
-004890
-002271
0001455
0001571
-000350
-000233
0001746
0004482
0006344
0004947
0001979
0000814
0001629
0003143
0004773
0006053
0005704
0001979
-002038
-000699
0003609
0005122
0004365
0004365
0004773
0004947
0004540
0003026
0000989
-000466
-001107
-000990
-000932
-002504
-004075
-002038
0001280
0000873
-001689
-002445
-002038
-002969
-004075
-003086
-000932
0000058
0000116
0000582
0000873
-000059
-001048
0000349
0002503
0001513
-000408
0001688
0005355
0005762
0003085
-000874
-003551
-000990
0003667
0003318
0000291
0000756
0003143
0002910
0001629
0003609
0006228
0004365
0000232
-000757
0000349
0000174
-000990
-002445
-002795
0000232
0004191
0004773
0002561
0000116
-001514
-001456
-000117
0001455
0002619
0002503
0002212
0004482
0006752
0004016
-000583
-000408
0002677
0003434
0002444
0002095
0002561
0003318
0004074
0004482
0003841
0001513
-001456
-003435
-003493
-001281
0001920
0003900
0003783
0001338
-001514
-001165
0001164
0002328
0002037
0000698
-000641
0000000
0001804
0003143
0003201
0001688
-000641
-002445
-002969
-002096
-000117
0002153
0003492
0002444
0000000
-001630
-002038
-001572
-000699
-000059
-000059
-001107
-001747
0001222
0005064
0004424
0001688
0003259
0006344
0004831
0001047
0000465
0002095
0002735
0002386
0001979
0001164
-000699
-002562
-002795
-001863
-001689
-001630
0000000
0001804
0001571
0000058
0000116
0000465
-001514
-004483
-005822
-005356
-004483
-002504
0002386
0006403
0003609
-003202
-007160
-007684
-006404
-003959
-001107
0000407
-001689
-004541
-002445
0002153
0003026
0001979
0004191
0007392
0006810
0003900
0002386
0002735
0004598
0006636
0006403
0004773
0004016
0004191
0004773
0005064
0003609
0001862
0002386
0004249
0004889
0004889
0005995
0007101
0005937
0003550
0002270
0001862
0000756
-000583
-001456
-001805
-001863
-001456
-000117
0001222
0000931
-000699
-002678
-004657
-006462
-007684
-008208
-007975
-006928
-005822
-005763
-006578
-007393
-007626
-006578
-004425
-001805
0000116
-000524
-002096
-001747
0000582
0004016
0006577
0005588
0002561
0000989
0001164
0001979
0003143
0004016
0004540
0005413
0005530
0002968
-000059
0000814
0003783
0004424
0002968
0001222
-000292
-001223
-001630
-002096
-002562
-002562
-002504
-003086
-004017
-004832
-005298
-005239
-004541
-003319
-001107
0003143
0006636
0005297
0000640
-003260
-005123
-004483
-002096
0000174
0001455
0000989
-000292
-000466
0000407
0001629
0002677
0003201
0002794
0000931
-000990
-000757
0000814
0000989
0000291
0000407
0000232
-002969
-006229
-004657
0000058
0003609
0004191
0000291
-005181
-006637
-004716
-003086
-001339
0001979
0004598
0003434
-000408
-004075
-006113
-005705
-003726
-002620
-002329
-002504
-002329
-000117
0002386
0001920
-000292
-000932
-000757
-002271
-003842
-002445
0000640
0002619
0003085
0002677
0001397
-001048
-002911
-001456
0001280
0001455
-000583
-002620
-003901
-003610
-002853
-004133
-005647
-003493
0000349
0001804
0001164
0000232
-000524
-000583
-000233
-000350
-000641
-000350
0000000
-000583
-001281
-000292
0000756
-001747
-005007
-003435
0000756
0002037
0001513
0002852
0004715
0005064
0003434
-000757
-004425
-002911
0002095
0006170
0007567
0005006
0000931
0000058
0001455
0001338
0000523
0001047
0002270
0002735
0002270
0000698
-001165
-002154
-002038
-000990
0000000
-000699
-002038
-000990
0000698
-000641
-003260
-003027
-001572
-003319
-005763
-003610
0000349
-000059
-002795
-002562
-000583
-000233
-001223
-002038
-002445
-002329
-001921
-002271
-002387
-000292
0002270
0002095
0000116
-000874
-001048
-001805
-002154
-000408
0001979
0002386
0001047
-001107
-002620
-001223
0001338
0001280
-000233
0000407
0001746
0000640
-001572
-002213
-001398
-000059
0000931
0000756
-000233
-001165
-001398
-000292
0000814
-000757
-003726
-005239
-005239
-004541
-003610
-002969
-002969
-003959
-004890
-004075
-002213
-000815
-000815
-003668
-006578
-004308
0000349
0001397
-000117
-000408
0000174
0000000
-000815
-002096
-002620
-000117
0003201
0003201
0000523
-002213
-004192
-005065
-004133
-000874
0002677
0003318
0001280
-001572
-003668
-002853
-000466
0000291
-000233
-000117
0000116
-000059
-001048
-003377
-005356
-004250
-001630
-000932
-002329
-004774
-007335
-009140
-008790
-004890
0000116
0001571
0000640
0001338
0002910
0003434
0002794
0000756
-000583
0002328
0006286
0004365
-000292
0000058
0002910
0001629
-001165
0000756
0004424
0003434
-000466
-003202
-003726
-001689
0001397
0002328
0001688
0002095
0002735
0001397
-000699
-000874
-000350
-001921
-003901
-002853
-000292
0000407
-000466
-001107
-001281
-000874
-000466
-000990
-002213
-003493
-003784
-001572
0001455
0002095
0000698
-001456
-002504
0000698
0004482
0001513
-004075
-003027
0001979
0004016
0003376
0002561
0001571
-000117
-001165
0000116
0002794
0004889
0004889
0001047
-004017
-005589
-003610
0000931
0004482
0001920
-003726
-005647
-003959
-001398
0001047
0002794
0002852
0000465
-002387
-001805
-000117
-003202
-007277
-004250
0001513
0000523
-004366
-005298
-003027
-001456
-000059
0002328
0004715
0005937
0005297
0002444
-000641
-000350
0001804
0001513
0000349
0002037
0004424
0003085
0000174
0000640
0002794
0002619
0000873
0000232
0000291
-000292
-000932
-000408
0000989
0003085
0004482
0003434
0001106
0000407
0000174
-002387
-005531
-005996
-003959
-000524
0002095
0000873
-002271
-003027
-001805
-000524
-000175
-001689
-004133
-005938
-006054
-003668
-000350
0000931
0000582
0000523
0000407
-000641
-001689
-001339
0000116
0001629
0002328
0001222
-000408
0000291
0002619
0004656
0005937
0006461
0006344
0006461
0005879
0002153
-001747
-000524
0003201
0003434
0001222
0000465
0000407
-001281
-003202
-002969
-001107
0001047
0002153
0000756
-001747
-002271
-001398
-001165
-001747
-003260
-003842
0000523
0005413
0002677
-003668
-004308
-000292
0003667
0005995
0005704
0003318
0000989
0000000
0001746
0004598
0005413
0003725
-000408
-003901
-002038
0002852
0005122
0004598
0002794
0000756
0000407
0001164
0001397
0001338
0001804
0002270
0001688
0000640
0000174
0000291
0000349
0000465
0001047
0001164
-001107
-003435
-001048
0002677
0000698
-004425
-006462
-005065
-001572
0001862
0002153
0000523
0000291
0001513
0003434
0004656
0003143
0000582
0000756
0002561
0002794
0002095
0002503
0003550
0004074
0004016
0004016
0003609
0001862
0000349
0001455
0003900
0004773
0003841
0001746
-000117
0000582
0002503
0002677
0001397
0000349
-000699
-002969
-005007
-004948
-002678
0001455
0004831
0003492
-000233
-000757
0000873
0000465
0000000
0004307
0009080
0006636
0000058
-003086
-002969
-002911
-002678
-002213
-001107
0001397
0004191
0005413
0004889
0003201
0001397
0001106
0002212
0003841
0004773
0003434
0000989
0000232
0000873
0001629
0002270
0003026
0003085
0001513
-000408
-000292
0000873
0000174
-001398
-001747
-001281
-001630
-002271
-001980
-001339
-001398
-002154
-003493
-004774
-005414
-005239
-004483
-003610
-003086
-002853
-002504
-002038
-001048
-000641
-002795
-005414
-004133
-000699
0000582
0000407
0001397
0002561
0001804
0000000
-000815
-000175
0002503
0005238
0005180
0002910
0000814
-000583
-001339
-001456
-001339
-001048
-000233
0000465
0000232
-000641
-001456
-001339
0001571
0004773
0004482
0000989
-004483
-008616
-006695
-001980
-002096
-004890
-004017
-001456
-002096
-004017
-002853
-000408
-000408
-002271
-004017
-004774
-003842
-001747
0000523
0002095
0002037
0001164
0001629
0002270
0000523
-002271
-003551
-003377
-002678
-001689
-000350
0000698
0000640
0000698
0003492
0006577
0005588
0002153
0000407
0000465
0000931
0001222
0000465
-001165
-003144
-004308
-002853
-000815
-002562
-005938
-005996
-004017
-003784
-004541
-004366
-003668
-003901
-004133
-002562
-000350
0000058
-000757
-001165
-000699
0001338
0002968
0000756
-002969
-003202
-000757
0001047
0001920
0002095
0001688
0000814
0000174
0000873
0002095
0001862
0000931
0000931
0001513
0001862
0001746
0001280
0000291
-001398
-003086
-004017
-003959
-003144
-001863
-000524
0000349
0000291
-000292
-000175
0000058
-000990
-002562
-003493
-003377
-002213
-000292
0002270
0003725
0002095
-001805
-005996
-008616
-008150
-004716
0001164
0005588
0003259
-002504
-003842
-001805
-001048
-000641
0002212
0004598
0000873
-004599
-003086
0002270
0003026
0000465
-001107
-001281
-000408
0001222
0003434
0004482
0001920
-001921
-001980
0000116
-000059
-001980
-004133
-005123
-003027
0000232
0000931
-000350
-000699
-000699
-001805
-002678
-000524
0002212
0000291
-003493
-002736
-000117
-002154
-006287
-007219
-004541
0001222
0006286
0004715
-000757
-003144
-002562
-001980
-001165
0000640
0002212
0001688
0000291
0000407
0001920
0004249
0005238
0001862
-003377
-005531
-004716
-003319
-002154
-002387
-003842
-005647
-006520
-004366
-001456
-001805
-004366
-006113
-006345
-004716
-002620
-002387
-003726
-005298
-006229
-005647
-004133
-003027
-002445
-001747
-001223
-001339
-001921
-002678
-003027
-002213
-000641
0000582
0001571
0003143
0004889
0006170
0006636
0006170
0004773
0002561
0000523
-000117
0000232
0000058
-000292
0000465
0001513
0001688
0000582
-002329
-005123
-004716
-002038
0000407
0000814
-003086
-008034
-007859
-004250
-002329
-002387
-003202
-004599
-006520
-007510
-005414
-001980
-000932
-001456
-000699
0000814
0002095
0002212
0000058
-002504
-002213
-000117
0000698
0000698
0001513
0002794
0003958
0004424
0003609
0002037
0000582
-000059
0000582
0001920
0002561
0002153
0000640
-000932
-000757
0000523
0001106
0000873
0000523
-000292
-002154
-004017
-004250
-003668
-004599
-005705
-004366
-001572
0000698
0001688
0000873
-001048
-002445
-003086
-003086
-003377
-006054
-008849
-008034
-004425
-000466
0001629
-000757
-004948
-005414
-003144
-001572
-001107
-001572
-002096
-000874
0001280
0002503
0002735
0003143
0002910
0000873
-001456
-001281
0000756
0003201
0004074
0000523
-004599
-006054
-003784
-000117
0003783
0007043
0007567
0002852
-003784
-006113
-004366
-001456
0000814
-000233
-002562
-001165
0001746
0001047
-001456
-001456
0000232
0000814
0000582
0000873
0001164
0000174
-001107
-000932
0000174
0000407
0000407
0001862
0003434
0002561
0000232
-001339
-001630
-000466
0000873
-000117
-002038
-001048
0000640
-001747
-005414
-004483
-000583
0001629
0002037
0001920
0000931
-001514
-003784
-003202
-001339
-001805
-004017
-006345
-007160
-004017
0000174
-000815
-004250
-003260
-000117
-000292
-002562
-003377
-003086
-003435
-003901
-003959
-003377
-001980
-000233
0001455
0002153
0000640
-001281
0000232
0003259
0004016
0002735
0000873
-000117
0001629
0004424
0004773
0002968
0000756
-000524
0001280
0004191
0003841
0001571
0000814
0001222
0001629
0001513
0000582
-000990
-002620
-004075
-005763
-006404
-004541
-001456
0000232
0000000
-001921
-004017
-003726
-001689
-000233
-000059
-001747
-003959
-004192
-003086
-002213
-002154
-003319
-004366
-002504
0000640
0001222
0000756
0003026
0006461
0007683
0007043
0006344
0005762
0004831
0004715
0007218
0010186
0009954
0007509
0005530
0004889
0006112
0007567
0006286
0003085
-000233
-001747
0000756
0004889
0005995
0004424
0003143
0001397
-003027
-007102
-006171
-002038
0000698
0000873
-001921
-005822
-007743
-006986
-003726
0000116
0001629
0001222
0001164
0001164
0000407
-000350
0000349
0001979
0003667
