0002270
0000931
-000932
-003784
-005880
-004425
-001339
-001281
-002445
-000175
0003085
0002212
-001107
-002678
-002271
-000466
0001338
0000465
-001747
-001514
0000000
-000175
-001165
-000408
0000989
0000640
-000815
-001921
-002154
-000990
0000756
0001513
0001397
0001571
0001920
0002270
0002153
0000873
-000524
-000292
0000931
0001513
0001397
0001397
0001047
-000815
-002911
-003027
-001398
0000698
0001979
0001047
-001165
-002504
-002795
-002736
-002387
-002154
-001456
0001397
0003434
-000641
-006869
-007219
-003551
-001921
-002271
-002620
-002911
-003027
-002911
-002213
-001689
-002736
-003959
-002678
0000000
0001397
0001629
0001746
0002095
0003026
0004074
0004249
0003958
0004074
0004656
0005530
0006286
0006810
0006344
0003841
0001222
0001862
0004365
0005238
0004656
0004132
0003376
0001862
0000465
0000174
0000814
0001746
0002153
0000931
-001223
-002562
-003144
-004017
-004366
-003144
-001281
-000524
-000815
-001107
-001223
-001107
-000408
0001688
0003550
0002386
-000466
-001630
-001165
-000059
0001338
0003085
0004132
0003492
0001920
0001397
0001979
0003434
0004889
0005238
0004598
0003492
0002852
0003725
0005238
0004947
0003958
0005355
0007043
0004482
0000291
-000408
0001455
0002735
0003201
0002910
0002561
0003900
0005064
0002386
-001630
-001747
0000814
0001979
0002095
0003318
0003841
0000756
-003435
-003668
-001165
0000640
0001047
0000640
-000990
-004425
-007102
-005065
-000583
0001455
0000698
-001630
-003668
-002387
0000873
0002561
0002270
0000407
-001572
-001514
0000756
0005180
0008673
0006519
0001397
-000233
0000698
0000058
-001107
-000699
0000756
0001746
0002037
0001862
0000931
-001398
-003610
-002795
-001048
-003435
-006869
-004716
0000291
0001629
-000233
-002445
-004250
-005065
-004483
-002562
-000292
0001106
0001164
0000116
-001398
-002271
-002620
-003668
-004017
-001165
0002619
0002910
0000989
0000931
0001920
0001222
0000000
0000698
0001979
0001047
-001107
-002038
-001630
-000350
0001164
0002095
0001979
0000523
-001339
-002271
-001980
-000641
0000814
0000989
-000117
-001689
-002736
-002096
-000408
0000640
0000640
-000524
-001921
-001921
-000874
0000232
0000698
-000524
-001980
-000990
0001338
0002095
0001688
0001746
0002153
0002910
0003259
0001862
0000407
0002386
0005762
0006228
0004540
0003434
0003143
0003376
0003783
0004016
0003667
0002619
0001164
-000466
-000932
0001746
0005180
0005238
0002968
0001979
0001746
0000000
-001980
-001456
-000117
-001572
-004250
-004716
-003086
-000757
0001164
0001397
-000175
-003319
-005880
-004657
-001165
0000698
0000873
0000349
-000175
0000698
0002153
0002735
0002735
0003026
0003958
0005588
0007392
0008848
0008964
0007043
0004132
0001979
0001222
0002212
0003492
0002212
0000291
0002095
0005297
0004947
0002561
0002619
0003900
0003085
0001513
0002270
0003667
0001979
-001398
-003551
-004075
-003784
-002329
0001106
0004074
0002386
-001339
-000932
0001688
0001280
-001048
-002387
-002329
-001107
0000058
-001165
-003086
-002213
0000814
0004016
0006344
0007101
0005821
0002270
-001398
-002504
-000990
0002037
0004773
0004889
0003318
0002794
0003026
0002677
0001920
0001397
0000931
0000349
-000233
-000524
-000583
-000466
-000292
-000524
-000699
-000233
0000291
-000699
-001805
-000175
0002270
0001688
-001107
-003668
-004890
-003551
-001572
-002562
-005123
-005822
-004599
-001863
0000116
-002504
-006695
-006229
-002620
-000408
0000058
-000350
-000874
0000000
0001979
0004540
0005937
0003550
-000117
0000000
0002037
0000698
-001863
-000408
0002503
0001397
-001572
-000699
0001979
0001513
-000583
-000583
0001047
0002735
0003492
0001746
-000990
-001689
-000815
-000408
-000466
-000524
-000757
-001339
-002096
-002504
-002795
-003610
-004250
-003784
-002504
-001107
-000292
-000699
-001689
-001630
-001107
-001572
-002445
-002329
-001514
-001165
-000350
0003085
0006344
0004540
0000407
-000175
0001804
0002561
0002386
0002852
0003550
0004016
0003667
0001397
-001165
-001223
-000117
-001572
-003435
-001339
0002270
0002212
-000408
-001980
-002271
-002213
-001980
-002329
-002795
-002445
-001456
-000408
0000407
0001106
0000931
-000932
-003144
-003319
-001572
0001106
0003259
0002561
0000989
0003201
0006636
0005879
0002794
0001979
0002794
0003201
0002735
0001397
-000757
-003668
-005356
-002853
0001746
0004540
0004773
0003259
0001222
0000814
0001571
0001862
0001280
-000699
-002271
-000117
0002852
0000698
-004308
-007044
-007044
-005822
-003784
-001572
-000641
-002678
-005647
-005589
-003377
-001980
-001339
-000641
0000000
0000407
0000756
0001513
0002212
0001571
0000989
0003550
0005995
0002153
-004250
-005531
-002562
0000582
0002794
0003318
0002444
0001746
0000814
-001863
-003901
-001107
0003085
0001513
-002911
-002853
0000000
0000814
0000116
0000232
0000756
0001164
0000523
-002445
-005996
-007510
-006345
-002562
0001513
0002270
-000175
-004483
-008208
-008383
-005531
-001689
0000873
-000990
-004192
-001805
0002794
0001455
-002678
-001980
0001164
0000698
-001630
-001165
0000814
0000989
0000174
0000698
0001862
0002037
0001164
-000583
-001980
-001398
0000000
-000874
-002795
-003086
-002038
-000524
0000174
-001747
-005007
-006695
-006462
-005123
-003319
-001863
-001630
-003901
-006229
-004250
-000466
-000408
-003144
-005414
-006520
-006287
-005181
-004425
-004366
-005531
-006462
-004832
-001630
0000989
0002037
0001338
-000292
-001165
-001048
-000233
0000465
-000350
-001630
-001281
0000349
0002503
0003259
-000466
-005472
-005705
-002387
0000407
0001513
0000349
-001747
-002096
-001107
-000524
-000583
-001107
-001747
-002038
-001281
0001979
0005122
0003841
-000233
-003086
-003610
-001572
0000989
0000000
-003144
-004541
-003901
-001281
0001164
-000466
-003027
0000465
0005588
0003201
-003027
-004366
-001456
0002153
0004365
0002270
-001863
-002678
-001107
-000641
-000524
0001164
0003376
0004249
0003725
0002153
0000698
0000989
0002153
0001629
0000523
0001629
0003026
0000582
-003260
-002853
-000641
-002562
-005996
-005239
-002154
-001398
-002387
-003202
-003086
-001048
0000873
-001339
-004890
-003610
0000349
0001746
0001222
0001164
0001862
0003434
0004773
0004249
0002153
-000641
-002271
0000174
0004249
0005122
0003376
0002270
0001513
-000233
-001689
-000874
0001338
0003201
0003143
-000524
-004832
-004017
-000233
0001047
0000174
-000815
-001107
0000640
0002561
0001164
-002096
-003377
-002969
-002795
-002387
-000815
0000349
-001863
-005239
-005414
-002853
0000000
0002153
0002503
0001280
-000757
-002504
-002911
-001630
0001629
0004889
0005006
0003259
0003026
0004132
0005413
0006112
0004715
0002910
0003958
0006112
0005471
0002735
-000350
-002096
-000292
0002735
0002037
-000641
-000699
0000989
0001804
0001397
-000641
-002853
-002911
-001514
-000990
-000641
0001688
0003958
0002794
-000292
-001339
-000757
-000408
-000350
-000466
-001165
-003086
-005123
-005531
-003668
0000989
0005530
0005238
0001746
-000059
-000233
-000292
-000292
-000815
-001398
-000874
0000407
0001688
0002794
0003550
0003783
0003492
0003026
0003026
0003318
0003318
0003143
0002968
0003143
0004715
0006053
0003958
0000756
0001222
0003376
0002153
-000815
-001398
0000000
0001804
0002910
0001862
-000059
0000116
0001513
0001513
0000523
-000117
-000175
0000582
0001862
0003201
0003492
0001047
-002038
-001805
0000291
0000291
-001165
-002038
-001747
0000291
0002910
0004191
0003841
0002444
0000814
0000349
0000931
0001222
0001338
0001338
0001513
0003026
0004365
0002910
-000175
-002329
-002795
-001223
0001106
0001571
0000582
-000292
-000757
-000583
-000408
-001630
-003260
-003086
-002213
-003202
-004425
-002387
0000931
0001280
0000116
0001280
0003550
0003958
0002852
0001746
0000523
-001980
-003668
-000932
0003492
0003609
0001338
0002328
0004540
0003026
0000291
0001746
0004831
0003550
0000058
-000175
0001338
0000640
-001048
-000757
0000989
0002968
0003550
0000640
-003842
-006113
-005298
-001339
0002910
0002968
-000117
-002911
-004192
-002911
-000641
-000699
-002154
-002154
-001107
-000874
-000757
0000989
0002968
0002328
0000640
0001513
0003201
0001164
-002154
-002038
0001047
0004656
0007392
0008324
0006810
0002735
-001165
-000699
0002852
0005413
0006170
0004773
0002561
0002503
0003550
0002852
0001222
0000349
0000756
0002794
0005064
0005180
0003725
0003026
0002619
0000931
-001107
-002096
-001980
-001165
-000699
-002213
-004133
-003144
-000641
-000117
-000990
-000932
-000350
-000117
-000292
-000757
-001456
-002969
-003144
0001455
0007509
0009139
0006053
-000233
-005472
-002969
0003026
0002386
-001747
-000583
0003085
0002328
-000408
0000756
0003667
0003376
0001047
0000058
0000232
0000407
0000349
-000233
-000874
-000408
0000291
-000583
-001805
-000757
0001397
0001862
0001047
0000349
0000000
0000058
0000232
0000116
-000292
-000408
-000641
-001980
-003319
-002853
-000874
0001338
0002968
0002968
0001920
0001106
0001164
0003026
0004482
0001455
-003493
-005181
-003668
-001107
0001397
0002153
0002037
0003609
0005471
0005064
0002910
0000582
-000466
0001513
0004715
0005297
0003783
0002444
0001862
0002794
0003900
0002270
-000524
-001805
-001165
0000931
0003143
0003259
0002037
0001979
0002328
0001164
-000233
0000698
0002619
0002561
0000814
-001398
-003144
-003726
-002795
-000466
0001804
0001571
-000059
0000058
0000698
-001456
-003901
-001398
0002561
0000349
-004250
-002678
0001746
0001047
-003202
-005938
-006637
-005996
-003842
-000233
0002910
0002968
0000989
0000232
0000000
-002213
-004774
-004657
-003086
-003144
-004366
-004948
-004425
-002096
0000232
-000815
-003260
-002387
0000058
-000117
-001398
-000175
0001979
0001571
-000408
-001514
-001572
-001980
-001514
0002153
0006112
0005413
0002153
0001804
0003259
0002852
0001513
0000582
0001164
0005297
0009139
0006344
-000466
-005065
-006054
-003610
0000698
0004307
0005471
0002386
-002271
-003260
-001514
-000641
-000466
0000465
0001338
0000582
-001107
-002096
-002213
-001281
-000466
-002038
-003901
-001572
0002037
0000989
-002911
-005356
-005356
-002445
0000989
-000175
-002853
-000059
0005238
0005995
0003783
0003492
0004365
0004191
0003667
0004365
0005355
0004482
0002968
0003201
0004365
0003958
0003026
0004074
0005297
0003201
-000292
-001223
-000175
0000232
-000117
-000699
-001456
-002445
-002853
-000990
0001280
0000640
-002096
-004832
-006113
-004425
-001048
0001455
0001571
-001863
-006229
-006811
-004541
-003377
-002853
-001048
0000814
0000640
-000699
-000641
0000116
-000059
-000583
0000174
0001164
0000174
-001398
-000815
0001397
0004016
0005471
0003725
0000058
-002969
-003842
-000990
0002619
0000931
-002969
-001572
0002328
0002212
-000583
-001980
-001689
-000233
0001397
0001397
0000523
0001047
0001688
-000175
-002853
-003027
-001456
-000292
-000583
-003493
-007102
-008208
-006637
-003319
-000292
-000524
-002795
-003610
-003319
-003784
-004192
-003202
-000990
0002095
0003841
0000931
-003668
-003842
-000757
0001455
0002386
0002561
0001629
-000874
-003260
-002853
-000815
-000292
-000699
0000116
0000814
-000990
-003842
-004774
-003901
-002271
-000990
-001747
-003260
-002795
-001107
-000350
-000408
-000233
0000174
0000814
0001455
0001979
0001629
-001107
-004017
-003086
-000350
-000583
-002038
-000524
0002619
0004598
0004365
0001222
-002096
-000466
0003958
0005821
0005006
0002794
0000349
0000000
0000465
-001630
-004017
-002562
0000814
0001280
0000000
0000989
0002561
0000989
-001747
-001048
0001164
0000640
-001921
-003959
-005007
-005123
-004541
-004250
-003319
0000698
0004598
0002968
-001747
-003784
-002736
0000640
0004074
0004074
0002095
0002328
0003783
0003841
0003085
0003085
0003318
0002328
0000873
0000058
0000582
0003259
0006286
0007218
0005879
0003201
0001106
0002735
0005821
0005588
0002794
0000174
-001048
0000582
0002794
0001280
-002387
-004366
-004192
-002038
0000058
-001165
-004250
-005472
-005298
-005880
-006404
-005239
-003144
-000815
-000117
-003551
-007975
-006928
-002678
-001223
-001689
-000932
0000232
-000059
-001107
-001165
-000641
-000583
-000699
-000117
0001164
0003434
0005180
0004482
0002270
0000698
0000640
0003026
0005588
0004482
0001397
0000523
0001513
0002444
0002503
0000640
-001223
0000756
0004191
0004191
0001629
-000466
-001281
-000175
0001571
0001047
-000699
-000699
-000059
-001572
-004599
-007451
-009489
-010944
-010595
-006695
-001747
-000233
-000990
0000058
0001629
0000349
-002213
-002911
-001980
-000757
0000174
0000407
0000174
0000407
0001338
0003434
0005064
0003492
0000349
-000874
-000350
0000232
0000116
-002213
-004890
-004657
-002504
-001514
-001281
-000815
0000349
0003143
0005704
0005006
0002328
0000873
0000640
0000116
0000058
0001920
0003550
0000698
-003726
-003726
-000524
0002270
0003201
0001106
-002096
-002213
-000059
0001513
0002037
0001222
-000175
-000233
0000232
-000699
-001980
-001223
0000407
0000407
-000292
0000698
0001688
-000932
-004541
-003901
-000292
0002561
0003725
0002852
0001280
0001746
0003550
0004365
0004307
0004191
0004016
0004074
0003550
0000407
-002853
-002445
0000698
0003609
0004365
0000523
-004541
-004308
-000815
0000291
-000757
-002154
-002969
-002329
-000233
0003783
0005937
0000116
-008208
-008266
-001980
0003958
0007800
0009371
0008091
0004191
0000465
0001862
0005471
0004132
0000873
0003085
0007334
0005879
0000989
-001747
-002213
-002387
-001689
0001338
0004482
0004482
0002212
0000523
-000524
-001980
-003377
-004192
-003959
-001921
0000116
-001339
-004192
-003493
-000757
-000117
-000641
0000582
0001804
-000641
-004366
-004308
-001747
-000292
-000292
-001456
-002271
-000059
0002852
0000989
-002445
-000641
0003900
0005413
0004191
0002444
0001106
0000814
0001920
0004773
0006985
0004715
0000349
-000408
0000989
0000582
-000932
-001514
-001107
-000175
0000640
0000698
-000466
-003842
-007044
-006811
-003668
0000407
0003201
0002503
-000757
-003435
-005065
-006345
-006578
-004948
-002853
-002620
-003901
-005647
-006462
-004483
-000932
0001804
0002852
0002212
0000640
-000815
-000757
0002794
0006752
0005530
0000698
-003260
-005181
-005239
-003202
0001164
0005006
0004132
0001047
0001746
0004889
0006810
0006519
0003492
-000699
-003784
-004133
-000583
0003609
0002270
-002329
-004425
-004017
-002736
-001223
0000000
0000174
-001456
-003726
-004657
-004133
-002445
-000990
-001863
-004133
-005589
-005589
-004017
-001747
0000058
0000640
-000583
-002445
-002969
-002387
-002562
-002504
0000232
0003026
0001397
-002213
-001863
0000640
0000000
-001805
-000350
0002619
0003318
0002328
0002212
0002037
-000408
-002911
-001339
0001746
0000582
-002853
-003377
-002154
-002969
-004017
-001339
0002328
0001397
-002154
-003435
-002445
-000757
0000814
0001164
0000407
-000524
-001456
-002562
-003144
-002445
-000641
0001979
0003783
0001979
-000408
0002561
0007509
0006927
0002794
0000407
0000814
0004715
0008265
0004598
-002271
-003842
-001048
0001571
0003143
0003841
0002910
-000524
-003435
0000058
0005355
0002910
-003144
-002853
0001222
0002212
0000756
0000465
0000000
-003551
-007451
-006404
-002795
-002213
-003726
-004541
-004075
-001630
0001280
0001746
0000756
0001338
0002503
0001804
0000058
-000874
-000757
0000174
0001222
0001047
0000640
0002270
0004307
0003609
0001047
-000874
-001339
0000232
0002503
0003143
0002386
0001746
0001513
0002037
0002270
0000698
-001980
-004308
-004948
-002445
0001106
0001920
-000233
-004075
-007568
-008092
-006404
-005822
-005414
-002445
0000465
-001398
-005763
-007510
-006520
-004425
-002154
-001281
-001572
-001281
-001048
-002504
-004192
-003784
-002038
-001048
-001165
-002387
-003260
-001165
0002212
0003143
0002153
0001397
0001222
0001804
0002619
0002619
0001862
0000640
-000699
-002096
-002853
-002213
-000757
0000582
0001455
0002153
0002153
0001397
-000583
-004541
-008558
-009955
-009140
-008383
-007451
-004832
-002387
-003202
-005414
-005007
-003086
-002911
-004075
-005298
-005880
-004890
-003493
-003959
-005298
-004890
-003319
-001805
-000932
-001048
-001689
-001863
-001165
0000756
0002794
0003259
0002270
0000989
-000175
-000699
-000757
-001398
-001689
0000465
0002852
0001338
-002154
-002969
-001630
-000233
0000116
-002329
-005472
-005123
-002969
-003551
-005356
-004483
-002620
-003610
-005938
-005996
-004541
-003842
-003784
-003377
-003319
-004948
-006520
-004308
-000757
-000757
-003144
-004366
-003842
-001398
0001338
0001571
0000174
-000524
-000233
0001164
0002619
0002386
0001047
0000349
0000465
0001164
0001746
0001338
-000233
-003260
-005531
-003726
0000640
0004598
0006053
0003085
-001805
-003668
-002445
-000524
0001280
0002444
0001688
-002736
-007335
-006345
-001630
0001629
0002561
0002037
0000582
-000408
-000583
-000350
0000232
0001164
0001571
-000059
-001863
-000233
0002619
0001804
-000874
-000990
0000407
0000640
-000175
-001572
-002736
-002387
-001165
-000874
-000990
0000349
0001804
0001222
-000583
-001863
-001921
0000000
0001571
-001572
-006287
-005763
-002562
-003610
-006462
-005414
-002038
-000233
-000524
-002678
-004890
-004192
-001689
0000291
0000116
-004075
-008616
-006928
-001514
0001571
0001688
0000174
-001747
-002387
-001398
0000756
0003026
0003550
0003026
0003667
0004365
0002619
0000116
0000000
0001222
0001164
0000000
-001281
-001572
0001047
0004424
0004307
0002270
0002328
0003376
0002561
0000291
-002154
-003842
-003901
-003027
-002911
-003435
-003610
-003784
-005065
-006287
-005298
-003668
-004774
-007044
-007277
-005822
-004832
-004075
-002736
-001514
-001689
-002445
-002271
-001223
0000232
0001920
0004249
0005704
0004307
0001862
0002212
0003841
0002794
0000523
0000407
0001513
0001222
0000465
0001629
0003609
0004016
0003783
0005879
0007858
0005006
0000291
-000059
0002270
0002386
0001106
0000989
0001513
0001047
0000174
-000117
0000291
0001397
0002153
0000931
-001747
-004832
-006287
-003493
0000523
-000408
-003901
-004308
-002213
-000466
0000291
-000641
-001921
-001107
0001280
0003492
0004715
0004365
0002968
0002153
0002037
0002270
0002677
0002852
0002619
0002153
0001688
0002095
0002444
0001106
-000524
0000640
0002910
0002735
0001106
0001047
0001688
0000989
-000583
-001805
-002329
-001980
-000932
0000873
0001746
-001281
-005181
-004250
-000233
0001862
0002037
0001862
0001397
0000698
0000174
-000350
0000465
0005355
0010303
0008440
0002619
-000408
-000117
0001979
0004656
0006053
0005821
0004773
0003085
0000698
-001048
-000524
0001629
0003900
0004889
0003434
0000873
0000174
0000640
-000292
-001689
-001398
-000117
0000989
0000931
-001572
-004250
-002620
0000640
-000583
-004192
-004774
-002911
-000699
0000407
-001747
-004890
-004657
-001863
0000873
0002270
0000989
-001398
-001339
0000407
0001222
0001164
0001047
0000989
0001338
0001280
-001223
-003784
-001980
0001979
0002968
0001629
0000931
0000523
-000699
-001921
-001456
-000350
-001048
-002038
0000174
0003026
0001222
-002445
-001689
0001513
0002037
0000349
-001281
-002504
-003377
-003202
-001223
0000931
0000291
-002096
-003435
-003319
-001921
-000408
-001281
-002736
-000466
0003026
0002561
-000524
-002678
-003202
-002329
-000408
0001920
0003318
0002328
0000174
-000466
0000174
0000232
0000116
0000873
0001920
0002095
0001804
0002037
0002212
0000814
-000757
0000116
0002095
0002619
0001688
0000174
-001107
-000699
0000291
-000757
-003027
-004366
-004075
-001689
0000931
0000058
-002678
-003493
-002562
-001456
-000699
-001223
-002096
-001456
0000058
0000291
0000058
0001222
0002677
0002095
0000582
0000698
0001979
0003143
0003201
0000756
-001921
-000641
0002794
0003958
0003085
0002037
0001571
0003143
0005530
0006577
0006344
0006170
0005588
0003318
0000640
-000524
0000058
0001862
0003492
0002852
0000873
-000292
-000815
-002445
-004017
-003610
-001863
0000116
0000873
-001689
-004483
-001339
0004249
0004773
0001688
0000174
-000175
-001398
-002795
-003377
-003610
-005065
-005996
-003027
0000873
-000117
-003610
-003842
-001339
0001513
0003667
0003783
0002561
0001629
0002212
0005704
0010186
0012515
0011292
0005238
-001630
-002504
0000640
0001338
0000465
0001629
0003026
0001920
-000932
-003435
-004716
-004716
-003668
-002678
-001863
-001107
-000932
-002096
-003435
-002736
-001107
-000990
-002154
-003610
-004483
-004017
-002387
0000000
0001862
0001629
0000407
0001513
0002852
0000000
-003901
-002387
0002095
0003667
0002735
0001862
0000931
-000757
-002096
-001339
0000116
-000932
-002969
-002154
-000117
-000117
-001805
-003668
-004774
-004366
-002736
-000757
0000349
-001339
-003959
-003842
-001805
-000524
-000524
-002213
-004541
-005356
-005007
-004890
-004366
-001921
0000931
0001688
0001338
0002735
0004365
0003026
0000349
-000292
0000931
0002561
0003958
0004249
0003667
0003609
0003550
0002444
0001397
0002794
0005122
0005297
0003492
0000698
-001398
-000757
0001455
0002444
0001920
0000523
-001165
-002329
-003086
-004716
-006229
-005880
-004250
-002678
-001747
-001863
-002969
-004948
-006113
-003959
-000466
0000814
-000641
-004425
-007160
-003260
0003259
0003609
-000466
-003260
-003901
-002329
-000059
-000292
-001863
-001980
-000757
0000931
0002386
0002503
0001804
0001804
0002212
0002270
0002619
0005180
0007509
0005355
0000756
-002038
-002329
-000641
0001804
0003085
0003026
0003201
0002619
-000524
-004075
-004250
-002387
-002387
-003260
-002038
-000350
-001281
-003435
-003493
-002562
-003319
-004948
-005356
-004483
-002795
-001456
-001980
-003144
-002271
-000292
0000407
0000174
0000465
0000698
-000117
-001223
-001223
-000117
0001280
0002386
0002270
0001862
0003085
0004598
0004074
0001862
-000757
-002504
-001805
0000232
0000698
0000232
0000989
0002212
0002677
0001455
-002445
-006928
-008674
-007102
-002445
0001804
0000058
-004774
-005763
-003784
-002853
-002853
-002853
-002795
-002853
-002736
-002271
-001514
-000524
0000000
-001048
-002504
-002096
-000292
0001688
0002677
0001164
-001514
-002736
-002620
-002620
-002096
0000116
0002794
0004249
0003958
0002037
-000292
-000699
0000116
0000000
-000641
-000466
0000174
0000640
0000756
0000291
-000175
0000698
0001571
-000117
-003144
-004657
-004657
-004483
-004075
-003435
-002911
-003144
-003668
-003319
-002562
-002795
-003551
-004075
-003726
-001747
0000582
0000640
-000292
0000814
0002619
0002153
0000116
-002154
-002969
-000292
0003434
0003318
0001164
0001979
0003900
0002619
-000350
-001281
-000990
-002213
-003784
-003493
-002271
-002969
-004017
-001980
0000698
-000874
-004425
-004657
-002678
-001805
-002154
-003260
-004425
-004541
-003842
-003202
-002853
-002795
-002736
-002096
-001398
-001805
-002678
-002853
-001747
0000873
0003667
0004715
0004016
0002619
0001338
0000989
0001804
0003550
0004947
0004132
0001920
0000174
-000059
0002212
0005122
0005646
0004074
0002444
0001397
0001571
0002328
0002270
0001338
0000000
-001398
-002329
-002387
-000641
0000931
-001281
-004774
-004192
-001048
0000232
-000350
-001572
-002562
-002271
-000932
0000407
0000931
-000350
-001921
-000815
0001629
0002386
0001571
-000233
-000990
0002852
0007800
0006985
0002444
-000350
-000641
0000931
0003667
0007159
0008382
0002910
-004192
-003493
0002270
0005122
0004889
0004132
0003201
0003026
0003201
0002212
0001455
0004191
0006985
0003026
-003551
-003726
0000000
0000523
-001048
-000641
0000523
-000408
-002154
-001747
-000350
-001107
-002096
0000873
0005006
0004656
0000989
-002329
-004250
-005123
-003668
0002153
0007858
0005995
-000233
-002795
-001747
-000059
0001513
0001571
0001106
0002677
0005180
0006985
0006636
0001920
-003086
-000932
0004773
0005413
0002677
0002095
0002677
0001455
-000466
-000990
-000408
-000583
-000466
0002037
0004482
0002677
-001398
-002969
-002154
-000699
0000349
-000699
-002620
-002620
-000815
0001920
0003376
-000292
-005531
-005298
-001456
0000582
0000931
0001571
0001979
0001338
0000349
0000232
0000640
0000232
-000466
-000524
0000116
0001047
0001920
0002270
0001920
0000698
-000757
-001689
-001572
-000292
0001106
0000582
-000757
-000292
0001164
0001979
0001688
0000349
-001281
-001747
-001514
-001921
-002445
-002154
-001339
-000990
-000932
-000699
-000233
0000291
0000814
0001629
0002270
0002619
0002328
0001455
0000640
0000756
0001804
0003725
0004889
0003143
-000059
-002213
-001689
0003085
0008673
0008731
0005006
0002561
0001979
0002503
0003492
0003376
0002328
0000756
-000350
0000640
0002037
0000174
-002678
-001456
0001571
0001338
-000932
-001863
-001048
0000873
0002910
0003725
0002968
0000756
-001630
-002038
-001398
-001980
-002911
-002154
-000524
-000175
-000466
0001047
0002444
-000059
-003551
-002445
0001338
0002677
0001804
0000407
0000000
0003085
0006927
0006228
0002852
0001920
0002968
0003550
0004191
0006228
0007916
0006810
0003434
-000408
-002911
-002329
0000407
0002328
0002910
0002444
0000814
-002504
-005181
-003027
0000465
-002271
-007510
-006287
-002038
-003668
-007743
-006054
-001689
-002271
-005065
-003202
0000931
0001455
0000000
0000756
0002619
0002794
0001862
0001222
0001397
0003026
0004482
0002270
-000757
0000989
0005588
0008207
0008033
0005064
0001688
0001979
0004773
0006577
0006927
0006228
0004482
0001979
-000292
-001339
-000583
0002619
0005821
0004715
0001222
0000058
0000756
0000989
0000814
0000756
0000582
0000116
-000408
-000524
-000815
-002504
-004366
-004017
-002795
-003726
-005239
-003726
-001107
-001514
-003551
-003319
-001514
0000000
0000814
0000931
0000814
0001571
0002677
0002735
0002095
0001629
0001338
0000698
-000117
-001048
-001805
-002213
-001980
-000874
0000523
0001338
0001338
0000407
-000583
-000059
0001222
0001513
0000873
-000233
-001107
-000699
0000523
0001164
0001455
0002503
0002968
0000232
-003493
-004017
-002154
-000524
0000465
0000873
0000814
0000465
0000407
0001688
0003318
0003783
0002852
0000873
-000874
-000874
0000698
0002910
0004365
0003085
0000465
-000699
-000117
0001688
0003492
0002794
0001222
0002852
0005588
0005180
0002270
-000932
-002678
-001165
0002037
0003201
0002153
0000116
-001980
-002969
-002387
0000000
0001862
-000874
-005181
-004774
-001456
0000116
-000292
-001514
-002736
-003027
-002620
-002853
-003377
-003202
-002504
-001980
-001107
0000989
0003492
0005821
0006694
0004540
0000989
-000815
-001281
-002795
-003610
-000233
0003958
0002735
-001630
-002969
-001863
-001514
-001572
-001223
-000699
-000466
-000583
-001048
-001805
-002853
-003610
-003610
-002795
-001165
-000117
-002154
-005239
-005356
-003435
-002620
-002620
-002213
-001863
-002562
-003784
-004832
-004832
-002562
-000059
-001456
-004250
-002853
0000582
0000698
-001223
-001456
-000292
0000931
0002386
0004424
0005879
0005238
0003085
0001106
0000000
0000232
0001280
0001571
0001338
0001571
0001920
0001979
0001455
-000350
-001514
0001571
0005355
0002561
-003551
-005472
-004075
-003610
-002853
0001455
0005937
0004947
0000523
-001572
-001689
-002271
-003319
-005065
-006171
-003784
-000524
-001805
-004599
-002096
0003085
0004773
0003667
0002852
0002735
0003783
0004947
0004307
0002561
0001571
0001222
0000174
-000699
0000291
0001746
0000582
-001281
0000232
0003434
0004889
0003958
0000582
-002678
-001165
0002503
0002153
-000583
-001107
0000000
0000873
0000756
-001048
-003435
-004075
-003493
-003784
-003842
-001048
0002212
0002037
-000583
-001921
-002445
-004541
-006229
-003901
-000466
-001921
-005239
-003319
0001397
0003085
0001920
-000292
-001980
-000874
0001688
0002852
0001979
-000990
-004075
-004017
-001398
0001513
0002852
-000175
-004483
-003901
-000524
-000466
-001980
-000350
0002677
0003026
0001688
0002095
0002735
0000814
-002736
-006171
-007393
-003377
0002328
0003143
0000465
-000874
-000874
-000874
-000932
-000990
-001456
-002911
-004308
-003610
-001630
-000641
-000117
0001920
0003900
0003434
0001164
-001339
-002969
-002562
-000932
-000059
-000350
-001980
-003668
-003086
-001048
0000349
0000756
0000465
-000350
-000757
-001456
-004250
-006345
-002911
0003318
0006694
0006228
0002794
-001689
-004075
-004250
-003377
-002271
-002096
-002387
-001514
-000466
-001281
-003027
-003901
-003260
0000058
0003259
0001746
-002329
-003842
-003086
-002736
-002154
0000232
0002503
0001455
-001223
-001863
-000874
-000059
0000349
0000058
-000466
-000641
-000292
0000640
0001513
0001455
0000873
0000931
0000640
-002213
-005239
-004308
-000932
0001164
0000814
-002911
-007160
-006928
-003784
-002562
-002678
-001689
0000058
0002328
0003434
0000756
-003144
-003319
-000990
-000059
-000292
-000059
-000059
-001921
-003377
-000350
0004947
0008033
0008033
0005530
0002561
0002794
0004598
0003609
0001222
0001222
0002386
0001571
0000174
0001222
0003550
0004424
0003900
0002910
0002212
0002852
0004132
0004540
0003609
0001047
-001689
-002213
-000757
0001106
0002095
0000058
-003027
-003202
-001281
0000232
0000873
0000640
-000233
-000641
-000990
-002213
-003377
-002736
-001281
-001456
-002562
-002911
-002795
-003377
-003784
-002620
-000350
0001862
0003609
0005180
0005588
0003667
0001106
0000698
0001746
0001804
0000756
-001398
-002504
0000989
0005995
0006228
0003085
0001222
0000989
0002037
0003318
0003026
0001746
0001106
0001106
0001222
0001222
0000931
0000582
0000465
0000523
0000465
0000232
-000292
-000524
0000640
0002212
0002328
0001106
-000466
-001456
-000524
0001513
0002735
0003201
0003958
0003958
0001688
-001339
-002096
-000932
0000640
0001688
0001338
0000349
0000873
0002095
0001746
0000756
0001280
0002153
0000814
-001339
-001689
-000175
0002735
0004889
0002619
-001398
-001223
0001106
-000175
-003027
-002911
-001048
-001048
-002213
-002853
-002620
-001223
0000291
0000116
-001572
-003726
-005123
-004192
-001863
-000466
0000523
0003492
0006112
0004773
0001164
-000757
-000524
0001047
0002735
0002503
0001106
0000873
0001571
0002037
0002153
0001629
0001338
0003085
0005355
0005646
0003667
-000059
-003260
-002213
0000814
0000174
-002038
-000466
0002910
0003609
0002153
0000931
0000058
-000990
-001921
-002678
-002911
-001980
-000641
0000058
-000175
-001339
-002562
-002213
-000815
0000291
0000582
-000233
-001514
-001980
-001514
-000874
0000291
0002852
0004831
0003143
-000350
-001747
-000292
0004365
0008557
0006519
0000989
-001689
-000641
0002852
0007509
0011816
0012922
0007451
-000292
-002445
0000000
0001804
0002852
0004365
0004598
0000640
-004541
-005239
-002795
-001514
-001572
-002154
-003086
-004133
-004657
-003435
-002096
-003435
-005938
-006171
-004657
-003144
-002213
-002329
-002736
-001863
-000175
0001397
0001979
0000058
-002096
-000466
0003259
0004540
0004424
0007043
0009080
0004016
-003319
-003726
0000698
0003376
0003841
0003085
0001688
0000873
0000931
0001862
0002852
0002444
0001164
0000000
-000583
0000291
0001106
-000932
-004075
-004599
-003027
-001107
0000174
-000408
-001630
-000757
0000756
-000524
-003435
-005647
-006054
-003726
-000350
0001397
0000582
-002911
-006171
-004250
0000407
0001338
0000174
0001571
0003900
0003667
0001746
0000523
0000465
0001397
0002270
0001047
-001165
-001980
-000990
0001571
0004482
0005879
0005297
0002968
0000116
-001689
-001863
-000524
0001164
0001222
0000116
-000466
-001107
-002911
-004774
-004483
-002620
-000524
0000931
0001164
0000174
-001456
-002562
-001747
-000117
-000466
-001689
-000874
0000756
0000174
-001165
0000058
0002444
0002735
0001746
0001979
0002735
0002095
0000756
0000174
0000291
0000232
0000116
0000232
0000640
0001629
0002153
0000407
-001689
-000292
0002852
0004074
0002677
-001223
-005298
-006229
-004133
-001223
0001106
0001164
-000292
-001048
-001048
-000583
-000350
-001689
-003260
-002969
-001048
0001746
0003201
-000175
-004948
-003959
-000583
-003377
-008150
-005647
0000698
0002561
0001571
0003318
0005646
0003958
0000523
0000640
0002444
0001222
-001048
-000117
0002444
0002968
0002095
0002212
0002852
0003259
0002386
-001456
-004948
-002038
0003841
0004947
0001979
-001630
-004133
-003784
-001165
0001920
0003259
-000059
-004948
-005007
-001805
-000059
0000232
0000698
0000989
0000931
0000116
-002445
-004890
-004075
-001339
0000174
0000465
0000407
0000232
0000174
0000698
0002735
0004831
0004656
0003434
0004424
0006170
0005180
0002852
0002270
0002968
0003026
0002677
0003026
0003026
0000989
-001514
-001689
-000175
0001047
0001629
0001920
0001571
0000291
-001572
-003668
-004948
-003842
-002271
-003784
-007044
-008790
-008441
-006345
-003319
-000175
0001222
-001165
-005472
-008034
-007917
-005356
-001980
-000757
-001048
0000000
0001047
-000757
-003144
-001572
0002037
0002968
0002037
0002153
0002444
0000698
-001048
0001280
0005355
0006053
0004132
0002561
0001455
0000116
-000350
0001920
0004889
0004947
0002735
0000873
-000699
-002795
-005007
-007801
-008790
-004250
0001804
0001571
-002329
-002504
-000757
-001747
-004425
-006229
-006520
-005181
-003027
-001281
-000757
-002154
-004133
-004075
-002329
-000117
0001513
0001571
0000582
0000349
0000756
0001397
0001571
0000058
-002154
-003319
-002969
-001107
0000698
-000117
-002445
-003435
-002853
-001339
0000349
0000989
0000989
0001629
0002561
0003143
0003085
0002444
0001222
-000466
-001921
-001980
-001339
-001921
-002911
-002969
-002096
-000466
0000756
-000233
-002329
-003435
-003435
-003668
-003086
0000291
0003667
0001746
-002736
-003784
-001747
0001047
0002968
0001629
-000990
-000350
0001979
0002270
0000931
-000233
-000757
0000000
0001280
0001629
0000814
-001048
-003377
-005880
-007160
-005822
-002795
-000175
0001397
0002444
0001804
-001921
-005880
-005414
-001689
0001397
0002561
0000989
-002329
-005996
-007044
-000932
0006344
0003609
-004599
-007044
-004133
-000524
0003201
0007742
0009604
0003609
-004541
-003784
0002444
0004191
0002852
0003609
0005064
0004074
0002153
0002794
0003667
-000583
-005705
-003202
0002910
0003434
0000291
-000466
0000407
0000232
-000350
-000175
0000523
0001338
0001455
-000583
-003319
-003901
-003027
-002795
-003260
-004483
-005123
-002562
0000291
-002504
-007626
-007743
-004366
-002329
-001747
-001689
-002096
-002853
-003377
-003086
-002213
-001689
-001456
-001048
-000350
0000931
0001979
0001222
-000408
-001048
-000117
0003318
0006519
0004889
0000523
-001689
-001165
0001397
0004074
0003783
0001455
-000292
-000757
0000640
0002212
0000174
-002853
-001339
0002503
0003609
0001688
-002504
-006578
-006986
-004483
-001689
-000233
-002154
-005356
-005181
-003027
-002329
-003144
-004483
-005589
-005414
-004250
-002969
-002562
-004599
-006520
-003610
0001397
0002037
0000174
0000931
0002910
0002444
0000698
0000640
0001571
0001397
0000989
0002561
0004249
0002503
-000641
-000466
0001338
0000523
-001689
-002736
-002504
-001456
-000466
-000641
-001805
-002911
-003319
-001514
0000174
-002736
-007335
-007801
-005239
-003610
-002969
-002678
-002504
-002271
-001747
-000874
-000059
-000292
-000466
0001455
0004424
0006577
0006519
0002503
-002154
-001572
0002212
0003783
0003026
0000931
-000874
0000291
0002444
0001222
-001165
0000174
0003667
0005297
0005180
0005180
0004947
0003958
0002503
0001338
0000058
-002038
-004133
-005123
-004483
-001747
0000756
-000874
-004483
-005239
-004075
-004483
-005414
-004541
-002620
-001514
-001514
-002911
-004133
-002213
0001106
0001920
0000873
0000232
0000174
0000000
0000465
0003085
0005588
0004191
0000349
-002329
-002795
-001223
0002270
0007334
0011060
0009954
0005122
-000175
-003551
-002853
0001106
0005646
0007974
0004540
-001107
-001456
0001629
0001688
0000291
0001455
0002968
0000000
-004774
-005763
-003726
-001398
-000350
-002678
-005472
-003027
0001862
0002968
0000873
-001339
-003086
-004657
-004599
-001223
0003143
0004715
0003259
0000116
-003493
-006287
-006695
-003377
0001338
0003667
0002910
-000292
-003435
-002853
0000465
0003492
0004715
0002735
-000524
-001514
-000233
0001513
0003143
0004249
0003900
0000814
-002445
-000699
0002910
0001629
-002329
-003319
-002154
-002038
-002678
-002911
-002969
-003610
-003784
-001747
0000698
0000000
-002562
-003726
-003260
-002213
-000815
0000174
0001047
0002910
0004598
0004074
0002561
0002794
0003725
0002386
0000465
0001222
0003143
0001920
0000058
0003318
0007800
0005413
-000233
-000699
0002503
0004482
0004715
0003550
0001746
0000698
0000640
0001338
0001688
-000292
-003377
-005007
-005181
-005298
-004774
-002213
0000232
-001339
-004948
-006462
-005938
-005472
-004890
-003726
-003144
-005414
-007801
-005181
0000058
0002735
0002561
0001164
-000583
-001281
-001048
-000874
-000641
0000116
0001280
0002677
0003609
0003143
0002095
0002037
0002561
0002212
0001629
0002328
0003783
0005064
0005006
0002037
-001689
-001863
-000117
-000583
-002154
-001630
0000174
0001629
0002212
0001920
0001106
0000465
0000174
0000116
-000059
-001281
-002213
0000116
0003143
0002037
-001107
-001107
0000291
-001921
-005007
-003319
0000814
0001746
0000582
0000931
0001862
0001164
-000233
-000117
0000989
0002095
0002444
0000931
-000466
0002037
0005471
0003667
-000524
-000292
0002503
0002910
0001222
-001281
-002911
-001630
0001571
0004074
0005297
0005646
0004540
0001280
-002096
-002504
-000757
0000582
0000931
0000349
-001048
-003202
-004366
-002329
0001164
0002095
0001397
0002561
0004016
0002561
-000350
-001398
-000641
0000523
0001862
0003376
0004016
0002677
0000465
-000641
-000175
0001804
0004074
0005064
0004016
0001106
-002504
-005298
-005938
-003319
0000523
0001397
0000174
-000117
0000523
0001455
0001397
-002096
-006637
-007684
-006113
-005298
-005123
-004948
-004716
-004366
-004075
-004483
-004774
-003202
-000990
-000466
-001339
-002678
-003319
-001281
0001280
0000291
-002329
-001980
0000698
0003550
0005238
0004482
0002328
0001920
0002212
0000407
-001630
-000292
0002503
0002735
0000756
-001863
-003377
-001339
0002270
0003201
0002212
0002095
0002328
0001571
0000465
0000349
0000582
-000175
-001805
-003784
-005239
-005589
-004483
-001805
0000582
-000059
-002329
-002620
-001980
-003668
-005705
-003959
-000757
-001456
-003610
-001223
0003143
0003609
0001804
0002328
0004365
0005471
0005238
0003550
0001571
0001571
0002444
0001397
-000583
-001281
-000815
-000059
0000582
0000523
0000058
-000059
0000000
-000059
-000117
0000291
0000698
-000233
-000874
0001979
0005471
0004482
0000407
-002678
-004133
-004599
-004017
-002911
-001747
-000874
-000757
-001805
-003086
-002445
-001165
-001921
-003435
-002562
-000815
-000990
-002678
-004425
-004948
-002213
0001338
0000465
-001980
0000407
0004715
0004074
0001164
0003259
0006752
0004074
-001689
-003493
-002096
-001514
-001281
0000058
0001164
-000292
-002736
-002969
-001514
-000175
-000292
-004075
-008208
-007102
-002736
-000350
-000350
-001630
-003086
-002504
-000932
-001281
-002736
-003027
-002445
-002096
-001165
0002503
0005821
0003434
-001398
-001339
0002095
0004365
0005180
0005879
0005471
0002386
-000932
-000117
0002619
0001920
-000641
-000466
0000756
-001165
-003610
-001281
0003143
0003841
0001862
0000640
0000174
-000641
-001165
-000524
0000232
-001107
-003435
-003842
-003260
-004541
-005938
-003784
-000524
-001572
-004716
-004483
-002329
-002096
-003202
-003610
-003260
-002154
-001223
-002038
-003435
-002620
-000815
-000932
-002096
-001980
-000990
-000874
-000757
0001629
0004132
0002735
-000292
0000116
0002677
0003492
0002910
0002852
0003026
0002794
0002153
0000814
-000350
0000174
0001397
0001164
0000116
0000232
0000523
-001281
-003319
-001805
0001106
0000814
-001747
-003668
-004366
-003551
-001980
-001223
-001165
-000641
-000408
-002271
-004075
-001689
0002037
0000931
-003027
-004599
-003959
-003260
-002038
0000756
0003376
0003376
0001746
0001047
0001629
0003259
0004773
0004191
0002794
0003492
0005064
0004191
0001979
0000523
0000174
0000407
0000873
0000931
-000175
-003784
-007102
-005414
-000757
0002212
0002561
0000407
-002853
-004948
-005356
-004366
-002853
-002445
-002911
-002853
-002562
-002620
-002853
-003144
-003027
-001980
-000408
0000698
0001222
0001338
0001338
0001688
0002212
0002095
0001513
0000698
0000349
0001571
0003492
0004482
0004715
0005413
0005762
0004424
0002328
0001397
0001746
0002677
0003550
0003550
0002677
0000931
-000524
0000000
0001455
0001688
0000523
-001689
-003668
-003784
-002620
-002096
-001630
0000873
0003085
0000814
-003435
-004133
-002445
-002562
-003551
-003260
-001921
0000116
0001222
-000757
-004133
-005822
-005123
-002504
0000756
0002677
0002735
0001164
-000466
0000058
0002619
0006228
0008731
0007509
0003725
0000523
-001223
-001048
0000058
-000350
-001281
-000059
0001862
0001571
0000291
0001397
0003318
0002619
0000465
0000174
0000582
-001805
-004716
-003959
-000932
0000640
0000931
0001688
0002386
0002503
0001629
-000932
-003144
-001456
0001862
0001979
0000058
-000175
0000640
0000465
-000175
0000058
0001338
0004016
0005821
0003143
-001572
-002969
-001514
0000116
0001222
0001222
0000407
-000466
-000757
0000232
0001862
0003201
0003550
0002153
0000523
0001804
0003900
0002328
-001107
-002213
-001514
-001107
-001689
-003842
-006578
-008208
-007859
-004832
-001165
-000524
-001689
-001456
-000175
0000349
0000407
0000756
0001455
0002095
0003026
0005122
0006985
0006519
0004715
0004365
0004889
0004249
0003085
0002619
0002794
0003085
0003434
0003492
0003841
0005762
0007567
0005995
0002794
0001862
0002619
0002619
0002153
0002095
0001571
-001689
-004890
-002736
0001397
0000116
-003842
-003319
-000350
-000350
-001921
-000815
0000989
-000874
-004250
-004541
-002678
-001572
-001281
-000990
-000699
0000000
0000465
-000175
-001048
-000350
0001338
0002444
0002968
0003609
0003900
0002910
0001688
0002095
0003550
0004540
0004249
0001338
-001339
0001106
0005995
0007451
0005762
0003259
0001164
0000814
0000931
-001863
-005181
-004017
-000874
-001805
-004948
-005822
-004250
-000524
0002735
0001338
-002445
-002969
-001339
-000990
-001747
-002562
-002795
-001165
0000931
0000814
-000874
-002620
-003668
-003493
-002387
-001630
-000292
0003725
0007625
0006286
0002037
0000640
0000989
-000990
-003377
-002620
0000116
0001920
0002794
0004016
0004482
0001920
-000932
0001513
0005588
0002852
-002678
-002562
0001862
0005821
0008091
0008615
0006636
0001280
-004133
-004599
-001514
0000698
0001397
0000756
-000233
0000465
0001513
-000350
-003202
-002795
-000699
-000932
-002329
-002096
-000524
0001222
0002328
0001338
-000059
0001629
0004307
0003376
0000582
0000407
0001629
0000465
-001630
-001398
0000058
-000408
-001165
0001571
0004947
0003026
-001048
-000524
0002968
0004947
0004365
0000407
-004192
-004774
-002678
-001863
-002620
-004948
-006695
-004250
-000233
-000699
-003493
-003027
-000699
-000117
-000466
0000465
0001920
0002561
0001688
-001572
-004774
-003959
-000583
0000989
0001222
0001920
0003201
0005413
0006985
0005355
0002386
0002095
0003667
0004482
0004191
0002561
0000698
0000407
0001280
0001746
0001455
0000000
-001398
-000408
0001513
0000756
-001048
0000349
0002561
0000174
-004075
-004192
-001863
-001630
-002678
-002445
-001689
-002387
-003144
-001165
0001804
0002270
0000291
-002562
-005007
-006113
-004541
0001571
0007858
0007451
0002503
-000641
-001048
0000756
0003085
0002503
0000465
0000756
0002386
0002561
0001804
0001397
0001862
0003609
0005646
0006170
0004889
0002153
-001165
-004017
-005239
-003551
-000699
0000058
-000990
-001980
-002969
-004657
-005880
-005472
-003551
-000699
0001455
0000640
-001921
-002853
-002911
-004483
-005880
-003668
-000059
0000291
-001339
-000874
0000698
0000814
-000350
-002620
-003842
-000757
0003550
0002735
-001048
-001980
-000641
0000640
0001338
0000873
0000465
0003026
0006112
0004540
0001047
0001746
0004773
0004889
0003434
0004191
0005355
0003085
-001281
-004832
-006054
-003319
0001106
0003143
0002386
0000000
-002445
-002620
-001165
-000350
-000175
0000291
0000116
-002038
-004657
-004657
-002678
-000059
0001106
-002445
-006578
-002678
0004132
0002503
-003260
-002271
0002503
0003143
0000989
0000465
0001222
0001513
0001920
0004132
0006053
0004016
-000059
-001863
-001456
-000408
0000814
0001455
0001804
0003201
0004482
0003376
0001164
0000698
0001222
0000291
-001514
-003086
-004133
-004657
-004425
-003551
-002562
-002678
-003202
-002620
-001572
-001339
-002329
-005298
-007917
-006229
-002387
-001281
-003027
-006695
-009605
-007859
-003202
0000465
0001338
-002562
-007160
-004483
0001862
0003492
0001280
-000466
-001107
-000524
0001106
0003201
0004307
0002619
-000524
-002154
-002271
-002387
-002038
-000175
0001513
0000000
-002795
-002969
-001281
-000641
-000815
-000699
-000699
-001747
-002969
-002678
-001805
-002329
-003726
-005007
-005007
-002154
0001513
0002270
0000873
0000058
-000175
-000874
-001398
-001048
-000175
0000291
0000465
0000698
0001280
0002968
0004307
0002735
0000349
0001571
0004016
0002328
-001630
-003435
-003377
-003726
-003202
0000523
0004773
0005180
0002095
-002213
-005763
-006462
-004774
-002795
-001514
-001863
-003202
-003959
-003668
-002038
0000116
0001338
0001455
0001164
-000059
-003086
-006287
-007335
-006171
-003901
-001223
0001222
0002444
0001804
0000116
-000932
-000641
0001629
0003900
0002386
-000757
-000524
0001979
0003201
0003725
0005355
0006927
0006403
0004307
0002153
0000349
-001223
-001863
-000641
0001047
0000640
-000990
-001456
-000932
-000466
-000583
-001980
-003610
-003551
-002329
-001514
-001281
-001398
-001398
0000000
0001222
-000874
-004599
-006695
-006462
-003726
-000874
-002678
-006054
-004366
0000756
0005413
0007276
0004307
-000641
-001980
0000174
0003026
0005821
0008382
0008673
0003609
-002562
-001805
0002852
0002852
0000523
0002328
0005588
0004598
0001688
0002677
0005122
0002968
-000641
0000931
0005064
0005471
0002735
-000233
-002329
-002504
-001165
0000000
0000349
-000815
-002795
-004774
-005239
-002329
0001688
0002328
0000407
-001048
-001398
0000058
0002153
0002444
0001280
-000350
-001165
0000873
0003201
0000756
-003551
-003027
0000232
0000291
-001281
-000583
0001455
0002735
0003201
0003783
0003900
0002794
0001397
0001280
0001979
0001920
0001397
0001397
0001629
0001513
0001571
0002968
0004831
0005530
0004540
0002037
-001107
-003551
-004366
-003027
-000641
0000523
0000407
-000117
-000874
-001747
-002096
-000874
0001164
0002386
0002968
0004598
0006053
0005588
0003958
0003026
0002677
0002212
0001979
0002735
0003725
0004016
0003026
0000174
-002620
-002271
-000059
0000349
-000233
0000582
0001688
0000814
-001339
-003086
-003784
-002853
-001048
0000116
0000058
-001572
-003493
-003435
-002154
-001863
-002154
-001572
-001339
-004425
-007859
-006113
-001747
-000699
-002562
-005239
-006928
-005356
-001223
0003783
0006985
0005355
0000989
-001281
-001107
0000407
0002095
0002270
0000931
-001281
-002736
-000699
0002852
0003783
0002852
0003318
0004249
0003609
0002212
0001804
0002037
0001571
0000989
0001862
0002852
0001571
-000932
-002271
-002213
-001281
0000116
0001164
0001338
0000058
-001398
-001223
0000174
0001280
0001164
-001630
-005007
-005589
-003377
0000407
0003667
0003725
0001746
0001571
0002328
0001513
0000116
-000117
0001047
0003783
0005937
0004016
0000756
0001804
0005355
0006519
0005588
0004715
0004074
0003841
0003958
0004307
0003725
-000233
-004192
-002504
0002794
0006461
0007276
0005530
0002212
-000757
-002154
-001689
0000174
0001804
0002444
0001688
0000058
-001165
-001456
-000641
0000058
-002096
-005123
-005123
-002678
-000117
0001688
0001862
0000873
0000000
-000175
0001222
0002794
0001920
0000116
0000640
0003026
0005762
0007101
0004191
0000116
0000582
0003609
0003550
0001629
0001862
0003085
0002328
0000640
0000582
0001338
0000931
-000117
-000524
-000524
-001223
-001630
0000174
0002270
0000523
-002445
-000990
0001804
-001223
-006520
-006113
-002504
-002445
-004192
-003086
-000990
-002213
-004541
-003260
0000174
0001804
0001979
0002677
0002968
0000931
-002154
-003901
-003493
-000408
0002968
0002619
-000059
-001514
-001048
0001571
0004482
0004889
0002910
-000233
-002853
-002620
-000815
-001107
-002096
-000233
0002619
0002386
-000175
-002911
-004192
-002038
0001746
0003492
0002619
-001281
-004657
-001165
0004715
0003783
-001747
-005298
-005938
-004366
-001514
0001047
0002386
0002153
0001280
0001979
0003318
0003201
0001920
0000698
0000349
0001862
0004307
0005821
0005530
0002619
-000990
-001980
-001048
-001107
-001398
0000116
0002037
0001920
0000756
0001280
0002503
0002270
0000698
-001863
-003726
-001921
0000931
-000524
-004133
-004541
-003202
-004133
-006462
-008034
-008208
-006695
-003784
0000116
0002968
0002095
-000292
0000931
0003667
0002910
-000292
-003260
-004425
-002213
0001746
0003900
0003783
0001688
-000408
0000349
0003085
0005122
0005238
0002212
-001456
-001398
0001920
0006519
0009313
0006228
0000349
-001689
-000408
0000582
0001047
0000698
0000349
0001513
0003143
0003492
0002561
0001164
0000174
0000814
0002037
0001455
-000408
-002562
-003435
-000815
0003259
0004715
0003376
0000232
-003144
-004774
-004133
-001398
0001746
0002735
0001746
0000232
-000641
0000756
0003085
0003318
0002270
0002503
0003376
0003085
0002561
0003958
0005762
0004831
0002444
0001455
0001862
0002794
0003143
0000873
-002504
-004250
-004133
-002969
-001281
0000349
0001338
0001571
0001106
0000814
0000000
-002736
-005472
-005181
-002795
-001339
-001048
-001456
-002678
-004716
-006345
-005531
-003202
-001398
-000815
-001747
-003784
-006229
-007219
-004716
-000408
0002153
0002328
0000640
-001805
-003493
-003668
-002504
-000641
0000232
0000291
0000349
0000465
0000756
0001047
0000640
0000349
0002037
0003841
0001979
-001630
-002969
-002038
-000175
0001222
0000058
-002445
-003493
-003086
-002213
-001456
-001747
-002736
-003435
-003726
-003726
-003319
-002387
-001572
-001747
-002620
-003377
-003493
-002678
