-006462
-007393
-007684
-007743
-007219
-005531
-003319
-001805
-000932
0000174
0000814
-000233
-001980
-002445
-001456
0000407
0002270
0002503
0001862
0002677
0003667
0001688
-000757
0001571
0005704
0005471
0002503
0001513
0002270
0003259
0003783
0002794
0001047
0000349
0000465
0000058
-000524
-000466
-000059
0000116
0000000
-000524
-001048
-000757
-000641
-002795
-005938
-008208
-008499
-006229
-003027
-001921
-002795
-004133
-005356
-006287
-006287
-004657
-003086
-004541
-006637
-004308
0000523
0003085
0003783
0004889
0006112
0007159
0007334
0005588
0003143
0002212
0002677
0003201
0003434
0002968
0002444
0003201
0004365
0004365
0002910
-000408
-002969
-000117
0004656
0003783
0000116
0000989
0003841
0002735
-000757
-002329
-002038
-001107
-000466
-001630
-003493
-003726
-002562
-000757
0000174
-001805
-004599
-004075
-001630
-001281
-002038
-000874
0000640
-000990
-003377
-001630
0001979
0002095
0000116
-000292
0000698
0002095
0003085
0002095
0000989
0004016
0007916
0006461
0002037
0000814
0001804
0001455
0000232
-000408
-000932
-002795
-003842
0000407
0005704
0003376
-001689
0002037
0009371
0008440
0002677
0001397
0002386
-001048
-005647
-004832
-001223
-001339
-003144
-001339
0001862
0001513
-001165
-002562
-002795
-003144
-002911
-000699
0001920
0001804
0000523
0001804
0004016
0003609
0001397
-000524
-000932
0001746
0004831
0003609
0000000
-000757
-000059
-002329
-005298
-004366
-001514
-001456
-003610
-005880
-006928
-005472
-002504
-000524
0000174
0000407
0000232
-000117
-000699
-001863
-002736
-002154
-000641
0000349
0000698
0000756
0000582
0000232
0000174
0001106
0001862
0000058
-002038
0000232
0004307
0004889
0002968
0001688
0001979
0004773
0007858
0007159
0004191
0003259
0003725
0003201
0002212
0001920
0002212
0002270
0002444
0003900
0004715
0001222
-003319
-002445
0001338
0001804
-000175
-001514
-001689
-000292
0001106
-000641
-003493
-002445
0000058
-001281
-004774
-005880
-005414
-006404
-007219
-004716
-001223
-001514
-004017
-004599
-003144
-000524
0001629
0000582
-001689
-000524
0002677
0004598
0004831
0003725
0002444
0003259
0005471
0007043
0007218
0005704
0003259
0001571
0001106
0001571
0002910
0005413
0006985
0004831
0000873
-000641
0000291
0002561
0004424
0003667
0001106
-001223
-002329
-001398
0000349
0000232
-001165
-002096
-002504
-003086
-003435
-002853
-002154
-002562
-003901
-005298
-006171
-005880
-004483
-002213
-000524
-001572
-003726
-003610
-001689
-000233
0000814
0002153
0003201
0003667
0003492
0003143
0002794
0002910
0002968
0001920
0000814
0001571
0003143
0002852
0001629
0002270
0003550
0002735
0000989
0001047
0002270
0002619
0002037
0000756
-000641
-001281
-001048
-000699
0000058
0001862
0003318
0002619
0000465
-001281
-002154
-002038
-001630
-002562
-003435
-001223
0001979
0001804
-000117
0000291
0002037
0001804
0000873
0002444
0004773
0004482
0002561
0001629
0001862
0002735
0003900
0005006
0005238
0003376
0001222
0002153
0004307
0003609
0001106
-000117
-000583
-002154
-003726
-003086
-001572
-002329
-003726
-002213
0000698
0001629
0000989
0000465
0000291
0000756
0000698
-002387
-006113
-006171
-003377
-000524
0001688
0003318
0003958
0004132
0003609
0001920
0000407
0001047
0003143
0004889
0005355
0003376
0000756
0001222
0003492
0004482
0003783
0001862
0000000
0000116
0001338
0000989
-000292
-000990
-000757
0000465
0001746
0001746
0000349
-002329
-004366
-002911
0000058
0000232
-001630
-003086
-003377
-001630
0000814
0001280
0000291
-000524
-000583
0000698
0001746
-000059
-003319
-005065
-004774
-003260
-000990
0001280
0002677
0002910
0002328
0002153
0002386
0002852
0003318
0003201
0002735
0002270
0002444
0004307
0005937
0004074
0000640
0000000
0001629
0003259
0004307
0004715
0004365
0003725
0002794
0001338
-000350
-002387
-003319
-000815
0002619
0002444
-000583
-003726
-005239
-002911
0000931
0001629
-000117
-001165
-001456
-001747
-001980
-002445
-003086
-003668
-003493
-001165
0001455
0000873
-001281
-001281
0000349
0001513
0002153
0002619
0002794
0002270
0001920
0003085
0004656
0004132
0002968
0004191
0006403
0006694
0005180
0003434
0001862
0000582
0000349
0001571
0003259
0003434
0002153
0000174
-001514
-001398
-000292
0000058
-000583
-001980
-003144
-002329
-000757
-001223
-002562
-001921
-000641
-001689
-003784
-003319
-001747
-002795
-004657
-003202
-000757
-003027
-006229
-002562
0004016
0004424
0000989
0000814
0002328
0000756
-001398
0001629
0005995
0003609
-001863
-001689
0001688
0001397
-000757
-000233
0001920
0002910
0002619
0001455
0000232
0000465
0002037
0004191
0005530
0004074
0001164
-000175
0000058
0000407
0000698
0000698
0000058
-001980
-003551
-001456
0001979
0001571
-000932
-001107
0000116
-000175
-001107
-001048
0000116
0002444
0004132
0002095
-001514
-002445
-000815
0001979
0004307
0003725
0001862
0002386
0004249
0004540
0003376
0001746
0000349
0000349
0001047
0000756
-000117
-000408
-000408
-000874
-001398
-000990
-000350
-001048
-002096
-001281
0000407
0000582
-000117
-000466
-000117
0001397
0002503
0000000
-003551
-003319
-000233
0002619
0004074
0003026
0001047
0001455
0003085
0003201
0001862
-000583
-002387
-000815
0002677
0004831
0005530
0005879
0005762
0004947
0003783
0002619
0001455
-000524
-001980
-001048
0001222
0002619
0003085
0003492
0003376
0001979
-000408
-003144
-005531
-007044
-007044
-004774
-002096
-002271
-004192
-004948
-004541
-003668
-003086
-003726
-005123
-006113
-006171
-004599
-002795
-003086
-004541
-004948
-004075
-002562
-000408
0002561
0005064
0005064
0003609
0003667
0004482
0004074
0003085
0003143
0004132
0006053
0007101
0004482
0000640
0000989
0003841
0004831
0004191
0003434
0002677
0002153
0001920
0002270
0002444
0000931
-000641
0000931
0003318
0001571
-002038
-002154
-000699
-002445
-005647
-006229
-004774
-003319
-002736
-004250
-006345
-005938
-003959
-002678
-002853
-005123
-007277
-005705
-002271
-001630
-002911
-003784
-003202
-000117
0003783
0006053
0005646
0002328
-001514
-001689
0000931
0003201
0004365
0004598
0003841
0002037
0001222
0004889
0009371
0007451
0002503
0003492
0006577
0002270
-004366
-002038
0003609
-000408
-008441
-007044
-000874
-001747
-006113
-005298
-001398
-000583
-001630
-000815
0000116
-002853
-006811
-006171
-002969
-002736
-004308
-003726
-002445
-003726
-005880
-005007
-002271
-000583
-000233
-001107
-001805
0000814
0004365
0004191
0001979
0002270
0003667
0002852
0000582
-001456
-002387
-001223
0000465
-000408
-002736
-003784
-003551
-003027
-001921
0000582
0002794
0002386
0000058
-002038
-002911
-001805
0000174
0001047
0000523
-001165
-002969
-002911
-002038
-003144
-004483
-001980
0001688
0000814
-002329
-001630
0001047
0001338
0000000
-000524
-000117
0000523
0001338
0002677
0003609
0002852
0001164
-000292
-000583
0001047
0003725
0005704
0005879
0003085
-000466
-000699
0001106
0001513
0000698
0000000
-000641
-001281
-001805
-002445
-002213
0000582
0004074
0005297
0004132
0002270
0000232
-001281
-002038
-002154
-001689
-000641
0000058
-000815
-002795
-005007
-005822
-002795
0001629
0002677
0001397
0001280
0002444
0004540
0006170
0004947
0002735
0003318
0005530
0006286
0005588
0004132
0003026
0003900
0005297
0004307
0001513
-001572
-003319
-001630
0001280
0001338
-000815
-002096
-002620
-003435
-004017
-003668
-003086
-003726
-004890
-005007
-004483
-004425
-004599
-004308
-003493
-001921
-000466
-000815
-001805
-000874
0000931
0001397
0000582
-000874
-002038
-001514
0000232
0002095
0003550
0004598
0004889
0004540
0004016
0004132
0004540
0004365
0003900
0004074
0004307
0003492
0002212
0001804
0001804
0000873
-000175
0000407
0001571
0000989
-000350
-000583
0000174
0001397
0001455
-002795
-007684
-005938
-001281
-002911
-007160
-005007
-000117
-001398
-005705
-004832
-001980
-005181
-009896
-006520
0000291
0000058
-003784
-002213
0002037
0001338
-001165
0002212
0007218
0004773
-001281
-002096
0001280
0004482
0007043
0009663
0010419
0006868
0001979
0001397
0003783
0004773
0004249
0002677
0001513
0003085
0005821
0006170
0004715
0004191
0003667
0000523
-002853
-002213
0000582
0001280
0000232
-000699
-000990
0000116
0001397
0000814
-000874
-001281
-000874
-000932
-001630
-003086
-004483
-004774
-004133
-003610
-003319
-003144
-002853
-001805
-000524
-000117
0000000
0001164
0003085
0005355
0006810
0005879
0003550
0002328
0002095
0001746
0001338
0000873
0000582
0000582
0001513
0004249
0006985
0006868
0004424
0001746
0000000
0000523
0002386
0003143
0002852
0002503
0002095
0001455
0000756
0000349
-000059
-001223
-002562
-002795
-002504
-003668
-004890
-003551
-000932
0000000
-000175
0000814
0002153
0001979
0001571
0003958
0006752
0004947
0001455
0002503
0005937
0006403
0004249
0001571
-000583
-001165
-000524
-000175
0000058
0001106
0001979
0000873
-000874
-000292
0001397
0001397
0000349
0000174
0000465
0000174
-001107
-004192
-006928
-005938
-002911
-001572
-002038
-003377
-004075
-001747
0001862
0002852
0001688
0000291
-000874
-001805
-002213
-002736
-001980
0002328
0007334
0008149
0005879
0004074
0003550
0004598
0005995
0004947
0002794
0002503
0003550
0003725
0003434
0003550
0004016
0004947
0005122
0002386
-001456
-002853
-002504
-003377
-004774
-005472
-004832
-002038
0000640
-000583
-003842
-004541
-003202
-002562
-002620
-002795
-003610
-005705
-007626
-006695
-004075
-002620
-002213
-001572
-000990
-000583
-000466
-000699
-001165
-002038
-002096
0000523
0004016
0004773
0004132
0005530
0007800
0008265
0007334
0006694
0005937
0004249
0002619
0002968
0003958
0002794
0000756
0001222
0002968
0003026
0001979
0001629
0001455
-000466
-002329
-000815
0001629
-000466
-004075
-002213
0001397
-001107
-006753
-008150
-006113
-003959
-002504
-002038
-002620
-003668
-004308
-003493
-001747
-000757
-000350
0000407
0001280
0001629
0001455
0000931
0000407
0000931
0001280
-000874
-003319
-001980
0001862
0004715
0005821
0005530
0004132
0002735
0001513
0000058
-000874
-000408
0000931
0002270
0003026
0002503
0001629
0002153
0003318
0003434
0002561
0001106
-000292
-000699
0000000
0001629
0002619
0000465
-002795
-002969
-001165
-000757
-001514
-002911
-003202
0000814
0005297
0002561
-003260
-003027
0000989
0002153
0001164
0001338
0001513
-000699
-003435
-003202
-001048
0000174
0000349
0000000
-000699
-001223
-001747
-002736
-003668
-004017
-003551
-002445
-001339
-001281
-001980
-002504
-002736
-002853
-002504
-001339
-000175
-000408
-001572
-002329
-002736
-003784
-004308
-001921
0000989
-000233
-003319
-003260
-001223
-000641
-001456
-002911
-003726
-001514
0001629
0001629
-000350
-000757
0000232
0001338
0002735
0005297
0007159
0005530
0002270
0001397
0002328
0002619
0002444
0002270
0002095
0002037
0001862
0001047
0000291
0001047
0002386
0001979
0000814
0001106
0001920
0001338
-000408
-002620
-004075
-002853
-001048
-003027
-006171
-004774
-000932
0000232
-000815
-001980
-002562
-001514
-000233
-001514
-003959
-004133
-002736
-002096
-002038
-001630
-000350
0003143
0006694
0006286
0003900
0004715
0006694
0005355
0002153
0000814
0000931
0001280
0001164
-000874
-002620
0000523
0005064
0003783
0000174
0003201
0008033
0004016
-004017
-005007
-001863
-003551
-006811
-004133
0000873
0000407
-003319
-004366
-003260
-002853
-002969
-002736
-002678
-003959
-005414
-005123
-003784
-003144
-003319
-004075
-004308
-002154
0001280
0003667
0004773
0005297
0005006
0003958
0002968
0003318
0004132
0002910
0001164
0001920
0003900
0004016
0003085
0003318
0004016
0003434
0002386
0002735
0003434
0001920
-000815
-002911
-003610
-002445
-000874
-001921
-004308
-004948
-003901
-002271
-000990
-001572
-003202
-004017
-003901
-003319
-002969
-004541
-006287
-004774
-001689
-000990
-001747
-001165
0000116
0000174
-000233
0000407
0001513
0001397
0000814
0001688
0003143
0003550
0002852
0001455
0000058
-000583
-000408
0000000
0000407
0000465
0000174
0000174
-000233
-002678
-004774
-002445
0001979
0003667
0002444
-000233
-003027
-004250
-003435
-000583
0002095
0001047
-002038
-002562
-001689
-002795
-004425
-003668
-001223
0001280
0002503
0001164
-001514
-003319
-003842
-004075
-003668
-002387
-000699
0000989
0001629
-000233
-002387
-000466
0003143
0003318
0000582
-002853
-005239
-004250
-001572
-000874
-001980
-003435
-004483
-003901
-002969
-004948
-007393
-005589
-001339
0001106
0001338
0000116
-001572
-001863
-001281
-001281
-001863
-002911
-003377
-001456
0001047
0000873
-001281
-003319
-003959
-001514
0001629
0000873
-001980
-001980
0000000
0001571
0001920
0000174
-001921
-001456
0000873
0002794
0003667
0003492
0002503
0001862
0001513
0001047
0000349
-000641
-001630
-002096
-002096
-002038
-002038
-002096
-002213
-002795
-003086
-001805
-000466
-002038
-004832
-005822
-004541
-000815
0002153
-000757
-006171
-006520
-003668
-002911
-003901
-004425
-004890
-006345
-007277
-005007
-001747
-002853
-005065
-000757
0005297
0002794
-003144
-000524
0005937
0004889
0000058
0001106
0005064
0004191
0001222
0002852
0006344
0005064
0002037
0004016
0007916
0006577
0002619
0002270
0003841
0002619
0000116
-000117
0000640
-000524
-003319
-007219
-009140
-004133
0002677
0001338
-004774
-006404
-005065
-006404
-008499
-007684
-005472
-005531
-006695
-006171
-004541
-003784
-003377
-001805
-000466
-001863
-004599
-005763
-005123
-003784
-001747
0001106
0003725
0005180
0005471
0005122
0004598
0004831
0005064
0003492
0001629
0002735
0004947
0003958
0001455
0001688
0003026
0001571
-000932
-000699
0001280
0002153
0001688
0000291
-001223
-001339
-000466
-000117
-000408
-001456
-002620
-003027
-002678
-002213
-001747
-001456
-001398
-001689
-002387
-003435
-004250
-004192
-003144
-000815
0001280
0000873
-000408
0001513
0004482
0004016
0001513
0000640
0001571
0003841
0005646
0004016
0000582
-000641
0000000
0000465
0000640
0000465
0000058
-000233
0000000
0001222
0002561
0002503
0001629
0001513
0001513
-000059
-001747
-000641
0001338
-000175
-003377
-003551
-002154
-002736
-004483
-005239
-004774
-003319
-001572
-000815
-000815
-000524
0000465
0002619
0004540
0003958
0002037
0001746
0002444
0002503
0001513
-001107
-003377
-001514
0002095
0002212
0000174
0000000
0000814
0000349
-000874
-001572
-001514
-001048
-000292
0000873
0001047
-001921
-005705
-006054
-003901
-002154
-001514
-002154
-002969
-002038
0000058
0001397
0001513
0000349
-001572
-003144
-003784
-003202
-001689
0000174
0001222
-000175
-002387
-002038
-000466
-001107
-002562
-001281
0001397
0002561
0003143
0006403
0009546
0007334
0003259
0004889
0009255
0009313
0006228
0004307
0003434
0002037
0001164
0002677
0004715
0003783
0001164
0000349
0000814
0000523
0000058
0000931
0002619
0004016
0004482
0003783
0002095
0000000
-001572
-001107
-000117
-001630
-004541
-005996
-005880
-005123
-004366
-004716
-005531
-005472
-004599
-003319
-002096
-001223
-000699
-000408
-000117
0000582
0001629
0003201
0004598
0005297
0004889
0003318
0001338
-000350
-000699
0001513
0004307
0003958
0001629
0000174
0000349
0002910
0005762
0005297
0002735
0001804
0002212
0002212
0001688
0000116
-001223
0000000
0002386
0003085
0001920
-000175
-002271
-002795
-002271
-002678
-003610
-003959
-004017
-004308
-004890
-005763
-006462
-006287
-005065
-002678
-000233
0000698
0000349
-000233
-000350
0000698
0002212
0002503
0002153
0002852
0003783
0002852
0001397
0002270
0004249
0004656
0003667
0002852
0001979
0000465
-001107
-001980
-001747
-000466
0000814
0000116
-001398
-001107
0000465
0002037
0002212
-001223
-005298
-004483
-000699
0001047
0000640
-000350
-001456
-002154
-002445
-003027
-003144
-001223
0001280
0001455
0000058
-000350
-000292
-001630
-002911
-001456
0001397
0002561
0002386
0002735
0002794
0001047
-001165
-001514
-000233
0001513
0002735
0002444
0000814
-001165
-002736
-003086
-002620
-003086
-003202
-000466
0002968
0002852
0000756
0000756
0001571
-000466
-003377
-003435
-001398
0000232
0000814
-000175
-001863
-002387
-001921
-001630
-000990
0001106
0003201
0002794
0000931
0000174
0001047
0003900
0006694
0005937
0003085
0002095
0002328
0001280
0000523
0003667
0007451
0005413
0000873
0002037
0004889
-000408
-008208
-006753
-000350
0000349
-002911
-003901
-003202
-003202
-002911
0000000
0002561
-001165
-006637
-004483
0001047
-000466
-005414
-004948
-001514
-001980
-004017
-001747
0002095
0001513
-001572
-001747
-000117
0000407
-000233
-001863
-002911
-000583
0003609
0006519
0007159
0004947
0001920
0002503
0004715
0003609
0001222
0002561
0005355
0004540
0001804
0001338
0002444
0003201
0003201
0002561
0001338
0000116
-000990
-002038
-002562
-002213
-001514
-001805
-002329
-001689
-000583
-000292
-001107
-003202
-005007
-003784
-001630
-003435
-006928
-006928
-004425
-002445
-001514
-001456
-002213
-003435
-003901
-001281
0002153
0002270
0000116
-001048
-000874
0000465
0001979
0001513
0000756
0003492
0007392
0007858
0005646
0003318
0001746
0001804
0002852
0003434
0003085
0001106
-000874
0000000
0002619
0003958
0003900
0003085
0001571
-000583
-002678
-004075
-004192
-002853
-000990
-000175
-000583
-002038
-003784
-004308
-004133
-004366
-005239
-006986
-008616
-008790
-007743
-006171
-005123
-006345
-008208
-007684
-005356
-003377
-002329
-002445
-003202
-003668
-003086
-000641
0002328
0003492
0002794
0001047
-000932
-002329
-002969
-003784
-003784
-001223
0001746
0001338
-001223
-002736
-002562
-000699
0001280
0000698
-001572
-002795
-003260
-004133
-005123
-005938
-005938
-004308
-002096
-001048
-001165
-001456
-002154
-004075
-005647
-004308
-001398
0000174
0000000
-001630
-002969
-001165
0002212
0003201
0002852
0004715
0007101
0006694
0004249
0002270
0000582
-002038
-003842
-001863
0001920
0003085
0002328
0002386
0002619
0001688
0000291
0000232
0000465
-001223
-003668
-004657
-004366
-004308
-003901
-001630
0000582
-000874
-004250
-005996
-005589
-003260
-000990
-002271
-005239
-005589
-004192
-004483
-004716
-001048
0003143
0001338
-003202
-003027
0000465
0002561
0003434
0004424
0004831
0003434
0001746
0002968
0004889
0002794
-001165
-001921
0000000
0002153
0003841
0004715
0004132
0001804
-001165
-003086
-004133
-006054
-006928
-003726
0000989
0002328
0000116
-004075
-007917
-007917
-005531
-005298
-006462
-006404
-005880
-006637
-007626
-006753
-004890
-004250
-004250
-003319
-002213
-002445
-003610
-005065
-005705
-004425
-001863
0000174
0002037
0005355
0007916
0005821
0001746
0001280
0003201
0003318
0002503
0003143
0004831
0006577
0007159
0004947
0001455
-000350
-000583
-000757
-000874
-001048
-000583
0002153
0004889
0003783
0000116
-002387
-003493
-004075
-003959
-003202
-002736
-003959
-005822
-006287
-005822
-006054
-006578
-006869
-005938
-001572
0002968
0002270
-001223
-001339
0000640
0000698
-000990
-003435
-005239
-004774
-002387
0000523
0002619
0002386
0000582
-000583
-000524
0000814
0002735
0003841
0003958
0003492
0002735
0001979
0001455
0001397
0001571
0000931
0000407
0001920
0003841
0002677
0000000
-000466
0000465
0000407
-000408
-000874
-001398
-003144
-004657
-003202
-000466
0000174
-001107
-002969
-004308
-003493
-001514
-000815
-000932
0000058
0001047
0000174
-001689
-002387
-002620
-004716
-006637
-004716
-000815
0001164
0001280
0000873
0000523
0001280
0002095
0001164
-000641
-001456
-000932
0000989
0002910
0002735
0001106
-000117
-000583
-000175
0000174
-001630
-003726
-002096
0001106
0001280
-001223
-004425
-006986
-007626
-005880
-001689
0002153
0001455
-001921
-002969
-002445
-003551
-004366
-001107
0002677
-000175
-005472
-003493
0002270
0003259
0001571
0004074
0007159
0002852
-003377
0000407
0007800
0004074
-004483
-003319
0003492
0005064
0002910
0002852
0003725
0001920
-000117
0002561
0006636
0005006
0000232
-001165
-000408
-001747
-003435
-001514
0001513
0000465
-002678
-002969
-001107
0000407
0000873
-000175
-001572
-000932
0000931
0001397
0000756
-000117
-000641
0000000
0000931
0000058
-001514
-001339
0000349
0002270
0004249
0006810
0008265
0006461
0003609
0004540
0007218
0006519
0003492
0001222
0000698
0003026
0005762
0004249
0000349
-000990
-000524
-001223
-002213
-001863
-000932
-001398
-002329
-001863
-000815
-000757
-001572
-002271
-002969
-003842
-004890
-005996
-006637
-006229
-004832
-002969
-001048
0000582
0001047
-001223
-003901
-002853
0000698
0003085
0004132
0004831
0004715
0003143
0000814
-001165
-001689
0000640
0004482
0007334
0008382
0007858
0006170
0004482
0003201
0002153
0001338
0000349
-000641
-001398
-001339
0000931
0003376
0002852
0000407
-000990
-001223
-000641
-000233
-002038
-004657
-005531
-004425
-001456
0001338
0001280
-000757
-002387
-002562
-000292
0002503
0001862
-000757
-001980
-001572
-000524
0000814
0002212
0002910
0002270
0001280
0002095
0003900
0005006
0004656
0002386
-000059
0000407
0002735
0003841
0003667
0003201
0002735
0003026
0002968
0000058
-002853
-000059
0005180
0005937
0003783
0003609
0004365
0002794
0000232
-000815
-000757
-001805
-002329
0000640
0004365
0003783
0000349
-001921
-002620
-002329
-001863
-003435
-005356
-004541
-001863
0000756
0002153
0001513
-000117
-000466
0000465
0001862
0002561
0000407
-002504
-002387
-000117
0001571
0002328
0002910
0002619
0000291
-002329
-001921
0000582
0002561
0003376
0003201
0001920
-000699
-003086
-002969
-001048
0000407
0000873
0000000
-001107
-000117
0001455
0000232
-001456
0001397
0005471
0003783
-001107
-003144
-002795
-003144
-003144
-000524
0002852
0003667
0002444
0001746
0001280
0000116
-000524
0001571
0004947
0007043
0007043
0005180
0002270
-000583
-001921
-000292
0002619
0003201
0002153
0002503
0003085
0001222
-001339
-000757
0001047
-000524
-003435
-003086
-000874
-000524
-001456
-001398
-001223
-002853
-004483
-002736
0000349
0000349
-001805
-003086
-003551
-004133
-004192
-002620
-000350
0001164
0001397
-000233
-001980
-000583
0002270
0002968
0001804
0000523
-000059
0000873
0002968
0005355
0006868
0006112
0004424
0005064
0006636
0005879
0003609
0002503
0001862
-000583
-002911
-001921
0000698
0001106
-000059
-000350
0000058
0000582
0000291
-002795
-006054
-004541
-001048
-001980
-005123
-004890
-002795
-002562
-003901
-005065
-005705
-005647
-004716
-002853
-001048
-000874
-001747
-002387
-002271
-001165
0000174
0000058
-000175
0002503
0005879
0005588
0003201
0002677
0003841
0005471
0006170
0003725
0000232
-000583
0000931
0002910
0004074
0002735
0000640
0001397
0003318
0002095
-000699
-001223
0000058
0001571
0002270
0000116
-002504
-000292
0002735
-002445
-010246
-009372
-003027
-000059
-000583
-002445
-003784
-001165
0002386
0000698
-004017
-006054
-005414
-003784
-001456
0001397
0003376
0002212
0000000
0001106
0003667
0002852
0001106
0004249
0008615
0006868
0001979
0001688
0003958
0002794
0000058
-000059
0001571
0002561
0002503
0000931
-000874
-000175
0001629
0001280
0000000
0000814
0002444
0001862
-000175
-001689
-002620
-003260
-003901
-005822
-006986
-003668
0001280
0002212
0000523
0001338
0002386
-001630
-006287
-002445
0004424
0001979
-004657
-002911
0002910
0001920
-002154
0000000
0004715
0003318
-001223
-001689
0000931
0003143
0004191
0003900
0002561
0001222
0000116
-001223
-002271
-002213
-001747
-002271
-002795
-001339
0000931
0001862
0001338
0000116
-001572
-004017
-005647
-004366
-001689
-000815
-001223
-001048
-000408
0000232
0000058
-002387
-005239
-005007
-002562
-000641
0000174
-000175
-001107
-001048
-000524
-000932
-001223
0000873
0003783
0004249
0002910
0001804
0001688
0003143
0005238
0005937
0005180
0003609
0002328
0003259
0004773
0003667
0000756
-001689
-002795
-002038
-000699
-000932
-002329
-003377
-003377
-001805
0000349
0001397
0000989
-000466
-002387
-003610
-003959
-003551
-002911
-003144
-003493
-002445
-000932
-001165
-002213
-001863
-000583
0000465
0000873
0000465
-000117
0000814
0001920
0000756
-001572
-002504
-002096
-001747
-001107
0000291
0001920
0002735
0002910
0003318
0003492
0002852
0001688
0000523
-000233
-000408
0000000
0000873
0001571
0001222
0000116
-000641
-000815
0000174
0000756
-001980
-005705
-005123
-002795
-004657
-008441
-008674
-006520
-005531
-005298
-004250
-003377
-005065
-006986
-004483
-000699
-002329
-005938
-003493
0002037
0003434
0001862
0001629
0002212
0001513
0000989
0003841
0007392
0006636
0003492
0003085
0004307
0003492
0001862
0001804
0002794
0003318
0002794
0000698
-001689
-002154
-001165
0000058
0000814
0000349
-000408
0000989
0002910
0002444
0000116
-002213
-003726
-003435
-002562
-003610
-005763
-006869
-006520
-005123
-002969
0000174
0001571
-002853
-008732
-007277
-001630
0000116
-001223
-002213
-001747
0001979
0005588
0002444
-003027
-000815
0004715
0002968
-001921
0000873
0006286
0002852
-004425
-004017
0000931
0001804
0000000
0000174
0001397
0000931
0000232
0002619
0005821
0005530
0002852
0000989
0000000
-001165
-001456
0000814
0003201
0001164
-003202
-005239
-004483
-002038
0000873
0002503
0001920
-001339
-005123
-006171
-004250
-000408
0003434
0004656
0003609
0002561
0001513
-000175
-001689
-002562
-002445
-001223
-000292
-002445
-005007
-002329
0001979
0000116
-004483
-003610
0000232
0000291
-001863
-001863
-000524
-000524
-001048
-000117
0001222
0000873
-000524
-001572
-001630
-000117
0001280
-000932
-004425
-004541
-002096
0000232
0001513
0001338
0000116
-001281
-002213
-002445
-001572
0000582
0003259
0005471
0006519
0006286
0004889
0003143
0001688
0001338
0001513
0000756
0000116
0001979
0004656
0004831
0003492
0003550
0004016
0002561
0000349
-000059
0000523
-000117
-001514
-002329
-002445
-001921
-001339
-001281
-001863
-003086
-003726
-001689
0001106
0000814
-001281
-001456
-000641
-000990
-001921
-001921
-001456
-001398
-002271
-005356
-007626
-003959
0001746
0000931
-003202
-001980
0001804
0001455
-001339
-002096
-000757
0001804
0004540
0005937
0005762
0004947
0003259
-000583
-002969
0002153
0009488
0008382
0001979
-001107
-000932
-000583
-000408
-001165
-002387
-003027
-002736
-001921
-000699
0001106
0001979
-000175
-003551
-004483
-003319
-001572
-000815
-003202
-006811
-007451
-005938
-005181
-005007
-004541
-003901
-003668
-003202
-001339
0000873
0001106
0000232
0000698
0001688
0001513
0000873
0001280
0002270
0002735
0002619
0001920
0001338
0002037
0003085
0001979
0000756
0004016
0008265
0006985
0001688
-003435
-006113
-004250
0000174
0002968
0003376
0002561
0000523
-002795
-005123
-003027
0000582
-000815
-004366
-003086
0000582
0000407
-001689
-000583
0001920
0001979
0000174
-001048
-001281
-000466
0001047
0001979
0002619
0004132
0005064
0002794
-000815
-002154
-001398
0000000
0001397
0002095
0002037
0001746
0001164
-000175
-001339
-000815
0000756
0001804
0002037
0001338
0000756
0001979
0003783
0003201
0001338
0001397
0002095
0000232
-002154
-001107
0001338
0000407
-002329
-002969
-002213
-002387
-002736
-001572
0000232
0000931
0000465
-000815
-002154
-002678
-001747
0001455
0004831
0005238
0003143
0000698
-000874
-000233
0001688
0002328
0002153
0003143
0004540
0005064
0004482
0003143
0001280
-000641
-002387
-004366
-005472
-004250
-001747
-000117
0000232
-000350
-001514
-002445
-002969
-003493
-003435
-002096
-000233
0001164
0001280
-000408
-002736
-003901
-003784
-003610
-003202
-001921
-001048
-002445
-004483
-003959
-001630
0000291
0001222
0000640
-000466
-000175
0001338
0003259
0004715
0004598
0003609
0003434
0003841
0003725
0003434
0003900
0004540
0004249
0003201
0001629
0000698
0001746
0003434
0003143
0000989
-002096
-004366
-003551
-000990
-000408
-001107
-000292
0000582
-001805
-004774
-003377
-000117
-000990
-004425
-006171
-006113
-005647
-004483
-002504
-000350
0001571
0001862
-001630
-005531
-003726
0001222
0002910
0002386
0003376
0005238
0006053
0005995
0006112
0006344
0006752
0006752
0004889
0002677
0002794
0004249
0004482
0003783
0003259
0003143
0004074
0004715
0002503
-000874
-001921
-001281
-001165
-001281
-000466
0000000
-002562
-005880
-005472
-003377
-004832
-008092
-009198
-008150
-005822
-004017
-005880
-008732
-007160
-002969
-000641
0000000
0000931
0001338
-000117
-002154
-002504
-001863
-002911
-004133
-002213
0000989
0001688
0001164
0003201
0005704
0003725
0000407
0002153
0006112
0005530
0002561
0002735
0004773
0005238
0004424
0003841
0003259
0001979
0001047
0002386
0004540
0004365
0002328
0000174
-001107
0000058
0001688
-000815
-004716
-004308
-001572
-001572
-003202
-003319
-002620
-002911
-003901
-005123
-005589
-004250
-001921
-000524
-000059
0000232
0000756
0002444
0003958
0003085
0000931
-000175
-000233
-000466
-000815
-001398
-001921
-002329
-002038
-000466
0001397
0001862
0000756
-002038
-004308
-002445
0001571
0003259
0002386
0000291
-001630
-001048
0000582
-000466
-002678
-002096
-000408
-001107
-003144
-004192
-003726
-000932
0001455
-001398
-005996
-004541
0000291
0001455
0000291
0001164
0003259
0004656
0005064
0004482
0003201
0001688
0000931
0002328
0004365
0004191
0002561
0001862
0001455
-000699
-002736
-001630
0000931
0001338
-000117
-001630
-002620
-002271
-001514
-002038
-003435
-004192
-004308
-004133
-003959
-004366
-004948
-005065
-004425
-002736
-000990
-000932
-002271
-003842
-004657
-003435
-001281
-000524
-000990
-001398
-001398
-000466
0000465
-000175
-001223
-000117
0002037
0002677
0002328
0003201
0004074
0002386
0000000
0000291
0002503
0004074
0004540
0004307
0003550
0003259
0002968
0001455
-000059
0001106
0003143
0002444
0000232
-000292
0000407
0000814
0000523
-000757
-001980
-000990
0000640
-000233
-002504
-003319
-002853
-001805
-001456
-003202
-006462
-010071
-011701
-008034
-002445
-001572
-004017
-005123
-004948
-004948
-004483
-002271
0000407
0001629
0001455
0000873
0000465
0000582
0001746
0004249
0007101
0008964
0008906
0006636
0003376
0001397
0000989
0001629
0002386
0001338
0000058
0001920
0004947
0005180
0003434
0002328
0001571
-000466
-002154
-000350
0002386
0000698
-003144
-003842
-002445
-002213
-003202
-004774
-006345
-006811
-006695
-007510
-008616
-008732
-007626
-005589
-003435
-001921
-001747
-003493
-005356
-004075
-001107
0000116
-000059
0000640
0001571
0001571
0000814
-000641
-001630
-000466
0001920
0003667
0003841
0001455
-001456
-001456
0000582
0001920
0002095
0001164
-000117
-000117
0000523
-000059
-001339
-002387
-002736
-001747
-000408
-000408
-001514
-002562
-003202
-003144
-002329
-000815
0000349
-000699
-002445
-001689
0000465
0001047
0000523
0000232
0000582
0002037
0003550
0003201
0001688
0000873
0000756
0000640
0000523
0000058
-000408
-000408
-000292
-001048
-001572
0000291
0002561
0000989
-002329
-002911
-001398
-000524
-000408
-000932
-001398
-000233
0001571
0002212
0001804
0001862
0001455
-000874
-003668
-004483
-003319
-000699
0001106
-001805
-005589
-002038
0003841
0000640
-006287
-005065
0000873
0002212
0000407
0000523
0001629
0001455
0000814
0001513
0002794
0003143
0003026
0003900
0005006
0004773
0003783
0003143
0003259
0004482
0005530
0004016
0001164
-000233
-000699
-002795
-005007
-004483
-002736
-002678
-003842
-004133
-004366
-006345
-008907
-010129
-009140
-005414
-001048
0000640
-000117
-000815
-001689
-003551
-005181
-004774
-003319
-003319
-003901
-002911
-000874
0001047
0002037
0001513
0000058
-001107
-001107
0000931
0003900
0006112
0007043
0006927
0006344
0006694
0006810
0004191
0000582
-000699
-000117
0000232
0000232
0000407
-000233
-003842
-006928
-002853
0003434
0001338
-004192
-000757
0005588
0001222
-007917
-008150
-003260
-004133
-007451
-004541
0000698
-000466
-004250
-001107
0004307
0001862
-004308
-004541
-000874
0000582
0000291
0000640
0001222
0001280
0001164
0001629
0002968
0005355
0007567
0008091
0006810
0004016
0001455
0001513
0003492
0005530
0006519
0005238
0003085
0002910
0004365
0005995
0007218
0007683
0006868
0004016
0000698
-000641
-000233
0000174
0000640
0001862
0002561
0000465
-002736
-003551
-003027
-004541
-006695
-006695
-005065
-003435
-002271
-001921
-002096
-001339
-000815
-003202
-005996
-004308
-000699
-001281
-003842
-003027
-000117
0001164
0001280
0002328
0003318
0002270
0000756
0002095
0004365
0003376
0000640
-000350
0000232
0001047
0001455
0000640
-000641
-001223
-000699
0001164
0002852
0001862
-000641
-001805
-001630
-000990
-000233
0000291
0000291
-000815
-001863
-000815
0000989
0000523
-001107
-001398
-000699
-000641
-000699
0000349
0001804
0002561
0002444
0001455
0000756
0002270
0004889
0005879
0005530
0005297
0004656
0002561
0000582
0001164
0003318
0004598
0004773
0004540
0003725
0002328
0000873
0000116
0000000
-000059
0000058
0000582
0000931
0000174
-001572
-003959
-005472
-003610
-000175
0001455
0001106
0000058
-001339
-002445
-002911
-002562
-001339
0001164
0003143
0001571
-001223
-000350
0002968
0005122
0006170
0007451
0007800
0004831
0001047
0000931
0003201
0004191
0003900
0003085
0002677
0004016
0006112
0007101
0006577
0004656
0002270
0000698
0000407
0001571
0003318
0004365
0004191
0002444
0000232
-001048
-001048
0000116
0000756
-001980
-005880
-006171
-004599
-005996
-008383
-007393
-004716
-003959
-005298
-008383
-010362
-006287
-000350
-001514
-006345
-006054
-002562
-001747
-002096
0000873
0004482
0003783
0000756
0000232
0001862
0003550
0005180
0006927
0007800
0006461
0004424
0004715
0005937
0004656
0002095
0001106
0001629
0003026
0004540
0005530
0005064
0001862
-001747
-001514
0000989
0001164
-000117
-000059
0000407
-001048
-003144
-003260
-002154
-002154
-002620
-001921
-000757
-000583
-001456
-002911
-004366
-005414
-005414
-003959
-002154
-002038
-002969
-003086
-002620
-002445
-002213
-000932
0000523
0000000
-000583
0002619
0006927
0006752
0003841
0002561
0003318
0005588
0007567
0005937
0002444
0001397
0002153
0002153
0001746
0001920
0002095
0001047
-000408
-000408
0000465
0000814
0000407
-000990
-002387
-001980
-000699
-001107
-001863
-000175
0001979
0000291
-003319
-004716
-003901
-001747
-000117
-002154
-005298
-003959
-000233
0000582
-000641
-000641
-000292
-001398
-002853
-001980
-000292
-001281
-002911
-000990
0002677
0003958
0003259
0002677
0002386
0001979
0001688
0001455
0001338
0001222
0001164
0001047
0000931
0000640
0000698
0002037
0003318
0001979
-000874
-002678
-003202
-003144
-002154
0000349
0003085
0004656
0004132
0001047
-002620
-003842
-002969
-002387
-001514
0000873
0003492
0004016
0003026
0002794
0002619
0000756
-001456
-002038
-000757
0002037
0004540
0003725
0001688
0002910
0005530
0005413
0002968
0000291
-001689
-002329
-001630
-000524
0000291
0000116
-000932
-002271
-002969
-001863
0000407
0002561
0003201
0000698
-003027
-004425
-003493
-002038
-000233
0002153
0003725
0002386
-000233
-000292
0001106
0000698
-000408
0000465
0002212
0002852
0001862
-000990
-003668
-003260
-000350
0002968
0005180
0004540
0002503
0002212
0003434
0004598
0005471
0006403
0006286
0002794
-000641
0002677
0007742
0003667
-004250
-004425
0000465
0002212
0001164
0000000
-001281
-002736
-004075
-005414
-005647
-002620
0000756
-001107
-005705
-007568
-006345
-002969
-000175
-002504
-006986
-006520
-003377
-003842
-005414
-002154
0002270
-000292
-005123
-001514
0005762
0005821
0001513
0000349
0001979
0003492
0004598
0005530
0005530
0003725
0001571
0001979
0003492
0002677
0000873
0001338
0002910
0002444
0000814
0000116
0000174
-000175
-000641
-000292
0000465
0000931
0000698
-000699
-002678
-004425
-005414
-005298
-004657
-005007
-005647
-005007
-003959
-003959
-004832
-005822
-006113
-004483
-002329
-002213
-003493
-003901
-003610
-003435
-002969
-001281
0000582
0001164
0000698
0000174
0000291
0002270
0004191
0002619
-001165
-004075
-004832
-002271
0001047
0000291
-002678
-002969
-001630
-001921
-002911
-001980
-000408
-001048
-002795
-003086
-002387
-002213
-002096
-000583
0000873
-000583
-003260
-003959
-002620
-000292
0001746
0001862
0000465
-000583
-001281
-001980
-002678
-003784
-004366
-003027
-000874
-000350
-000583
0000931
0002561
0001397
-000932
-000757
0000756
0000349
-001107
-000699
-000059
-002387
-005589
-005647
-003260
-001048
0000291
0000814
-000059
-002795
-005298
-004250
-000699
0002561
0003725
0001106
-003377
-005589
-005181
-003260
-000932
0000232
0000174
-000583
-001281
-000641
0000582
0000698
-000175
-001747
-002445
0000582
0004307
0002503
-001747
-001572
0001629
0003492
0003725
0002794
0001571
0001920
0002561
0000291
-002562
-001572
0001222
0001338
-000874
-003377
-005123
-005531
-004483
-002504
-001107
-002154
-004599
-005996
-005822
-003959
-001805
-001747
-003027
-003493
-003086
-001747
-001107
-003901
-007335
-005298
-000990
-001689
-004483
-001339
0003667
0001571
-003260
-000583
0005588
0005704
0001979
0000582
0001047
0001047
0001280
0003376
0006112
0007509
0006985
0003958
0000931
0002153
0005471
0005530
0003376
0002444
0002503
0002503
0002444
0002503
0002270
0001106
-000350
-000641
-000466
-001863
-003726
-003959
-002969
-002387
-002213
-001863
-001805
-002678
-004133
-005647
-006229
-004716
-002562
-002736
-004192
-004133
-003027
-002096
-001747
-002213
-003202
-004133
-004075
-002038
0000698
0001571
0001106
0001338
0002212
0003085
0003667
0003667
0003259
0002968
0002910
0003492
0003958
0003085
0001455
0000291
0000407
0002619
0004947
0003376
0000407
0001571
0004365
0002735
-000932
-001048
0000873
0001164
0000000
-001281
-002329
-002911
-002969
-002620
-002504
-004250
-006171
-005007
-002911
-004483
-007684
-007859
-005647
-003377
-001863
-002096
-002736
-001048
0001804
0002852
0002619
0003318
0004191
0004016
0002968
0001338
0000407
0002212
0004947
0005297
0003609
0001920
0001222
0002852
0005006
0004074
0001106
-001689
-002795
-000350
0003201
0003085
0000640
-000350
-000059
0000291
0000814
0001979
0002735
0001338
-000874
-001165
-000233
-000175
-000932
-002038
-002911
-002620
-001339
0000465
0001629
0000523
-001514
-001630
0000058
0002503
0004307
0003783
0001979
0001688
0002561
0002794
0002910
0004365
0005297
0002328
-001689
-000990
0001979
0000814
-002387
-002271
-000117
0000291
-000350
0000407
0001455
0000407
-001514
-001630
-000350
0000814
0001397
0001397
0000058
-003668
-007393
-007219
-004890
-005239
-006404
-003260
0000873
-001107
-005239
-002329
0003259
0001338
-003901
-002620
0002212
0002561
0000291
0000291
0001804
0001979
0002212
0005937
0009371
0005355
-001514
-001107
0003841
0005762
0005006
0004540
0004307
0004191
0003841
0002735
0001513
0001222
0001455
0000814
-000292
-001281
-001689
-001107
-000408
-001863
-003726
-002562
-000408
-001863
-005065
-005414
-004075
-004541
-005356
-003086
0000523
0002153
0001804
0000814
-000175
-000466
0000232
0001804
0003609
0004831
0005297
0005064
0004598
0004307
0004715
0006752
0008498
0005995
0002212
0003143
0006810
0007858
0006577
0005006
0003434
0001979
0001106
0001397
0002037
0001688
0000523
-000699
-001281
-000408
0001106
0001746
0001397
0000349
-001048
-002213
-002504
-001281
-000117
-001805
-004890
-005938
-005181
-004192
-003377
-002795
-002562
-002562
-002620
-002678
-002562
-002096
-001398
-000699
0000116
0001979
0003725
0003550
0002386
0002619
0003550
0004016
0003318
0000523
-002154
-000874
0002328
0002561
0001164
0002444
0004307
0002677
-000757
-002154
-001398
0000116
0001804
0003143
0002910
-000815
-004541
-001630
0003900
0003550
-000408
-001863
-000874
0000582
0001746
0001746
0000698
-000117
-001165
-003901
-006113
-004017
0000116
0001920
0001280
-000466
-001921
-001223
0000407
-000059
-001572
-001223
0000232
0000291
0000349
0003900
0007916
0007218
0003026
-000932
-003086
-002154
0000291
0000582
-000990
-002853
-003784
-002445
0000058
0001280
0001338
0001688
0002153
0002444
0001920
-000466
-003551
-005589
-005414
-001863
0002328
0002444
-000233
-001630
-001398
-000233
0001338
0002444
0002503
0000873
-001048
-000699
0001047
0001920
0001513
-000466
-002445
-001805
0000814
0003026
0004540
0006403
0006519
0001280
-004832
-003726
0001688
0003958
0002561
-001281
-005181
-005239
-002736
-001630
-001689
-001223
-000699
-001107
-001514
0000582
0002910
0000989
-002504
-001805
0000931
0000465
-002038
-003086
-003086
-004075
-004483
-000932
0003318
0002212
-001514
-000874
0002153
0002444
0000640
-001165
-001805
0000582
0003783
0003143
0000756
0001979
0004191
0001047
-003319
-000583
0005762
0007509
0005471
0003841
0002677
0001106
0000116
0001106
0002735
0002503
0000873
-000815
-001747
-000699
0001164
0001629
0000814
-000524
-001339
-000059
0001688
0000698
-001572
-001281
0000349
0000465
-000932
-003319
-004948
-002736
0000582
-000757
-004425
-004774
-002853
-001980
-001805
-001107
-000175
0000523
0001106
0002095
0003492
0005413
0006927
0006694
0005530
0005413
0005879
0005937
0005064
0002561
0000000
0000232
0002095
0002561
0002270
0003900
0005588
0003434
0000000
0000349
0003085
0004307
0003492
0000698
-002795
-004716
-005472
-007335
-008849
-007277
-004192
-002853
-003027
-003144
-003377
-003901
-004250
-004075
-003493
-003260
-003551
-004425
-005356
-005123
-004192
-003784
-003260
-001048
0001629
0002328
0001746
0001979
0002677
0002968
0002677
0001804
0001106
0002270
0003783
0002503
0000174
0000640
0002095
0000291
-002504
-001456
0001571
0001979
0000698
0000582
0000989
-000233
-001863
-001921
-000815
0000116
0000349
-000874
-002445
-002213
-001165
-001747
-003435
-004657
-005007
-004017
-002387
-001514
-001107
-000117
0001106
0002270
0002735
0001455
-000350
-000059
0001455
0001746
0001280
0001164
0001280
0001629
0001571
-000059
-001747
-000815
0001455
0001979
0001047
0000116
-000641
-001398
-001630
-000641
0000640
0000407
-000699
-001572
-001514
0000523
0002037
-001921
-007393
-006637
-002620
-003377
-006287
-004599
-000757
-000059
-001630
-002795
-002445
0001222
0005064
0003550
-000757
-001747
0000174
0002212
0003550
0003900
0003085
0001629
0000582
0001629
0003434
0003026
0001688
0002735
0004365
0002444
-000990
-001689
-000350
0000640
0000407
-002562
-005298
-002562
0002153
0001338
-002911
-004948
-004657
-003377
-002154
-003027
-004483
-002853
-000292
-001107
-003842
-004657
-003842
-003086
-002445
-001630
-001165
-001630
-002271
-001747
-000757
-000408
-001339
-004832
-008034
-005763
-000932
-000175
-002038
-002154
-000583
0002095
0004482
0004540
0003434
0004191
0005530
0004889
0002968
0001397
0000756
0001106
0002328
0003958
0004831
0003259
0000698
0000116
0000698
0000232
-001456
-004017
-005996
-004716
-001980
-002038
-003493
-002096
0000000
-002096
-005298
-003202
0001106
0000873
-002445
-004308
-004133
-001921
0000291
-001281
-004366
-003726
-000757
0000291
0000640
0003783
0007101
0005937
0002095
0000058
0000349
0002386
0004773
0005006
0003841
0003783
0003725
0001164
-002213
-003610
-002504
0000931
0004249
0003550
0000058
-002678
-004017
-004599
-004133
-002445
-000292
0001629
0002153
0000349
-002620
-004075
-004250
-005065
-005822
-005123
-003901
-003726
-004075
-002969
-001689
-002562
-004425
-004425
-003144
-002096
-001863
-003202
-004890
-004541
-003086
-002562
-003027
-004075
-004366
-001572
0002386
0003550
0002503
0001571
0001164
0001571
0002386
0003085
0002794
0000640
-001921
-001921
-000990
-003668
-006928
-004192
0000931
0000582
-002795
-002504
-000408
-001456
-003901
-003493
-001689
-002329
-003610
-001165
0001629
-002387
-008034
-004483
0002677
0000058
-006811
-004541
0002037
0001047
-003435
-001107
0004365
0004249
0000814
0000232
0001862
0003259
0004016
0004540
0004016
0001397
-001514
-001398
0000407
0000174
-001107
-000292
0000814
-001630
-005007
-003668
-000408
-001921
-005589
-005298
-002096
0001106
0002968
0002328
0000000
-001689
-002795
-004192
-005589
-006753
-006695
-004192
-000583
0001862
0002677
0002386
0001338
0000407
-000117
-000292
-000059
0000349
0001280
0003376
0005588
0006286
0005821
0005530
0005588
0006461
0007218
0006053
0004074
0003434
0003841
0004307
0004132
0002503
0000640
0000523
0002095
0004889
0006577
0003492
-001863
-004250
-004017
-004075
-004483
-005239
-005938
-006054
-005123
-001980
0000756
-001223
-005239
-004832
-001921
-001689
-003144
-003493
-002969
-002445
-002213
-002853
-003086
-000757
0002794
0005238
0005821
0004424
0002910
0004947
0008207
0007858
0005122
0003609
0003026
0001629
0000174
0000174
0001164
0001804
0001979
0001629
0001222
0001979
0003026
0002677
0001571
0001455
0001688
0000931
-000641
-002445
-003959
-004890
-005123
-005007
-004192
-001689
0000523
-000757
-003959
-005356
-005065
-005181
-005007
-003610
-001630
0000058
0000465
-001630
-004308
-004017
-001456
0000582
0002386
0005879
0008848
0007683
0004424
0003783
0004656
0003318
0001222
0001688
0003609
0004715
0004074
0000640
-002969
-002096
0001862
0005471
0006927
0004598
0000989
0001106
0003259
0002386
0000174
0000873
0002386
0000291
-003493
-005239
-004716
-002795
-000757
-000583
-001689
-001921
-001456
-000524
-000466
-003901
-007568
-005531
-000757
-000641
-003202
-002911
-000466
0001571
0002910
0004482
0004773
0001397
-002271
0000116
0005588
0007451
0005530
0001571
-001980
-001223
0002212
0003841
0003725
0003434
0002852
0001688
0000407
-001048
-001281
0001862
0005704
0005530
0002386
0000291
-000699
-001863
-002445
-001339
0000291
0000058
-001630
-003435
-004250
-002678
-000117
0000523
-000233
-000292
0000174
0000814
0001164
0000291
-000699
0000174
0002444
0005355
0007159
0005646
0002503
0001629
0002386
0002503
0002212
0002735
0002735
-000175
-004075
-005880
-005007
-001863
0000989
-000350
-003668
-003493
-001281
-001165
-001921
-000292
0001979
0001397
-000524
0000174
0002037
0001571
-000583
-002504
-003610
-003493
-002853
-003551
-004599
-003668
-001805
-001514
-001980
-000699
0001338
0001979
0001862
0002910
0004307
0004365
0003958
0004831
0006170
0006286
0005238
0003492
0002037
0002270
0003376
0003143
0002270
0002270
0003026
0004249
0004656
0001979
-001456
-001048
0001397
0001222
-000932
-003086
-004774
-005996
-006345
-005647
-004483
-003610
-003435
-004017
-004948
-005356
-005123
-004657
-003901
-002795
-002038
-002504
-003551
-003493
-002911
-003377
-003668
-001514
0002095
0004715
0006170
0007159
0007159
0005355
0003201
0003376
0004773
0004424
0002735
0000873
-000292
0000116
0001280
0001629
0000698
-001747
-004075
-003901
-001747
0000465
0002212
0003434
0003958
0004016
0003026
-000233
-003668
-003959
-002271
-002271
-003260
-002911
-002213
-003319
-005181
-005239
-004483
-005298
-006637
-005938
-004541
-005472
-006695
-004192
-000059
0001222
0000116
-000990
-001339
0000000
0001804
0001047
-000350
0001804
0005530
0006752
0005646
0003492
0001746
0002794
0004715
0003259
0000640
0002270
0005471
0004191
0001106
0003318
0006927
0003550
-002445
-001630
0002910
0003026
0000116
-001572
-001630
-000524
0000756
0000232
-001107
-000757
0000349
0000058
-001514
-003668
-005472
-005880
-004774
-002387
-000292
-000641
-002562
-003435
-003551
-004425
-004716
-001921
0002095
0003958
0003783
0003376
0002677
0001746
0000582
-000757
-001863
-002329
-002096
-001514
-000699
0000232
0000814
0000232
-000757
-000583
0000174
0000174
-000466
-001281
-001398
0000465
0002444
0001164
-001980
-003377
-003027
-002096
-001048
-000757
-000874
-000350
0000465
0000989
0000523
-002329
-005298
-004192
-000524
0001746
0002794
0004424
0005704
0004889
0003085
0003026
0004016
0004249
0003783
0003085
0002386
0002212
0002561
0003376
0004307
0004656
0004307
0003609
0001862
-002271
-006054
-004716
-001048
-001514
-004133
-003668
-001456
-001048
-002096
-002911
-003493
-004541
-004948
-002795
-000583
-003086
-007219
-005705
-001572
-002213
-004832
-002562
0002037
0003609
0002095
-000874
-003202
-002271
0000931
0003318
0004249
0003841
0002270
0000058
-001165
0001338
0005006
0005006
0002328
0000523
0000058
0000698
0001979
0002735
0002968
0003143
0002735
0000698
-001456
-001048
0000523
-000175
-002620
-004948
-006287
-005705
-004075
-003551
-004075
-004716
-005298
-005705
-005705
-004599
-003959
-006869
-010653
-010478
-007393
-005589
-004366
-001456
0001920
0004016
0004424
0003318
0001688
0001338
0001804
0001106
0000349
0001688
0003958
0004656
0004365
0005297
0006112
0003783
0001164
0003492
0008033
0008906
0006403
0003143
0000582
0000582
0002328
0003318
0003259
0002852
0001688
-000699
-003319
-004599
-004657
-004366
-004366
-005880
-007277
-005531
-002271
-001456
-002329
-001747
-001281
-004541
-008150
-005472
-000292
-000990
-004890
-005007
-002329
-000757
0000174
0001920
0003492
0002968
0001746
0002677
0004365
0003492
0001688
0002852
0004773
0002561
-001514
-001980
-000524
-001805
-003842
-002678
0000465
0002095
0002328
0003085
0003085
-000117
-003901
-003784
-001456
-001630
-003202
-002969
-001339
0000814
0002503
0002619
0001397
-000175
-001689
-003377
-004250
-003377
-001456
-000292
0000000
-000059
0000174
0001804
0003725
0003492
0002328
0003259
0004773
0003434
0000523
-001281
-000990
0002037
0005238
0004191
0000174
-003144
-004599
-003668
-001281
0000174
0000698
0001397
0002212
0003026
0003318
0001979
0000232
0000174
0001338
0002503
0002968
0002095
0000174
-002096
-003610
-002911
-001339
-002038
-003668
-003086
-001107
0000291
0000756
-000292
-001223
0001106
0004424
0004191
0001862
0001338
0002212
0002270
0002037
0002328
0003259
0005064
0006344
0005180
0002619
0000931
0000756
0002386
