-001398
-000408
0000582
0001513
0001862
0000989
-000408
-001107
-000699
0000989
0002677
0002270
0000640
-000059
0000523
0002561
0004249
0002328
-000350
0002270
0006868
0006170
0002444
0001920
0003318
0002677
0001047
0001280
0002212
0001455
-000292
-001165
-001165
-000932
-000699
-000815
-001165
-000874
-000466
-001165
-002445
-003959
-004425
-002154
0000989
0001222
-000466
-001107
-000932
-000990
-000815
0000174
0001920
0004365
0006053
0004598
0001979
0002619
0004656
0003434
0000291
-001456
-001630
-000641
0000582
0000582
-000408
-001456
-001747
0000174
0002561
0002037
0000407
0002037
0005006
0004831
0002968
0003376
0004424
0001920
-001456
-000292
0003026
0003201
0000698
-002038
-003493
-002154
0000931
0003318
0003725
0000698
-002911
-002096
0001397
0002503
0001862
0002037
0002561
0002095
0001106
0000465
0000523
0001746
0003085
0002677
0000989
-000583
-001980
-003610
-004425
-002969
0000000
0003026
0004773
0003900
0001338
-000874
-001863
-000932
0000873
0001397
0000465
-001689
-003027
-000175
0004191
0004132
0001455
0001455
0002968
0002968
0001571
-000175
-001630
-001980
-001339
-000408
0000582
0001688
0002444
0001804
0001106
0003026
0005297
0003376
-000524
-001747
-000815
-000292
-000175
-000350
0000000
0002619
0005122
0003376
-000175
-000059
0002328
0002735
0001920
0003085
0004191
0001513
-002213
-001398
0001979
0002386
0001280
0002561
0004831
0004889
0003434
0002561
0002270
0002270
0001455
-002504
-006578
-005298
-000524
0002910
0004132
0003783
0001979
-000641
-002795
-003435
-001980
0002095
0005588
0002910
-002154
-000990
0003259
0001979
-001048
0003259
0009895
0008265
0001862
-000233
0000756
-000059
-001223
0000349
0003376
0005355
0005646
0004307
0002386
0001397
0001571
0002153
0002794
0002852
0002735
0003492
0004132
0002968
0000814
-000233
-000233
0000000
0000232
-000350
-000932
0000000
0001338
0001164
-000583
-003377
-005938
-006869
-005880
-003493
-000990
0000058
-000175
-000524
-000757
-000641
-000583
-002038
-003377
-001107
0002328
0002153
0000116
0000814
0002852
0002677
0000989
-000466
-000757
0000989
0003492
0004540
0003841
0001862
-000641
-002795
-003726
-002678
-000699
0000174
0000116
0000465
0001047
0001280
0000989
0000058
-001223
-002387
-002969
-002504
-001456
-000524
-000350
-001689
-003086
-002038
0000058
-000641
-002213
-000233
0002852
0002037
-001281
-003319
-003842
-003959
-003435
-002504
-000932
0002037
0004656
0004191
0001804
0000465
0000349
0000291
0000640
0001804
0002503
0000640
-001980
-001572
0000698
0001979
0001862
0000523
-000757
0000698
0003085
0002386
0000000
-000466
-000117
-002154
-004890
-004890
-002911
-001514
-000408
0001804
0003609
0002677
-000292
-003610
-005531
-003959
-000932
-001398
-003377
-002213
0000465
0000407
-000408
0002852
0006810
0004424
-000815
-000874
0002270
0002968
0002095
0002735
0004074
0004424
0003958
0003667
0003550
0003783
0003376
0000291
-003435
-003901
-002271
-001980
-002096
0000407
0003259
0002386
-000524
-001223
-000350
-000175
-000292
0000174
0000814
0000640
-000292
-001805
-003027
-002562
-000874
0001047
0001862
-000117
-002911
-002387
0000116
0000814
0000000
-001165
-001689
-000059
0002212
0002037
0000291
0000000
0000291
-001048
-002620
-001572
0000873
0002270
0001804
-001048
-003610
-001048
0003725
0004598
0002444
0001222
0000407
-001747
-003959
-003959
-002678
-002445
-002911
-002620
-001980
-002154
-002911
-003551
-004133
-005531
-006462
-004541
-001572
-001223
-002445
-002038
-000757
-000583
-001107
-000874
-000350
-000815
-001805
-002620
-002445
-000466
0002095
0002794
0002037
0001571
0001338
0000756
0000232
0000116
0000756
0002735
0004365
0002619
-000175
0000873
0003958
0004773
0003492
0002095
0000582
-001339
-002736
-002678
-001514
-000117
0000582
-000524
-002678
-004075
-004948
-006753
-008034
-006345
-003027
-000815
-000059
-000175
-000524
-000233
0000640
0001571
0002270
0002735
0002212
-000641
-003435
-002504
0001047
0003958
0005006
0003318
0000931
0001979
0005064
0006868
0006170
0001513
-003726
-003610
-000117
0000931
0000465
0002095
0003841
0001804
-001398
0000000
0003318
0002503
-000466
-000815
0000407
-000233
-001456
0000116
0002386
0001397
-001339
-002096
-001281
-000757
-000583
-000175
0000174
-000175
-000524
0000640
0002212
0001746
0000465
0001222
0002677
0001746
-000350
-000699
-000117
-001223
-002795
-002445
-000874
-000059
-000233
-001048
-001630
-000175
0001862
0001106
-000350
0002444
0006403
0005355
0001280
-000466
0000058
0001455
0002794
0002444
0001455
0002328
0004365
0005879
0005937
0003667
0000698
0000465
0001862
0001746
0000814
0001106
0001746
0000698
-000583
0001106
0003550
0001920
-001747
-002562
-001165
0000058
0000931
0001804
0002619
0003434
0003958
0003841
0003085
0001979
0000582
-001223
-002329
-000990
0001629
0003609
0003958
0001746
-000815
0000174
0002968
0003259
0001513
-000175
-001048
0000232
0001688
-000932
-005065
-005356
-002969
-001630
-001456
-002213
-001863
0003900
0010012
0007159
-000466
-002620
-000932
-002038
-003726
-000641
0003900
0002968
-000757
-000932
0001455
0002735
0002968
0003318
0003143
0000931
-001165
0000640
0004016
0003725
0001397
0001338
0003026
0004598
0005180
0003550
0000814
-000874
-000874
0000698
0003201
0005704
0006752
0005006
0002153
0002037
0003201
0001804
-000408
0000523
0002503
0000523
-002678
-000699
0003143
0001746
-002853
-005589
-005705
-003901
-001630
-002038
-003551
-002096
0000873
0001571
0000814
0000989
0001513
0000698
-000932
-002736
-003435
-001456
0001920
0003900
0004191
0003259
0001571
-000233
-001339
-001048
0000058
0000232
0000116
0000989
0002444
0003376
0003725
0003725
0003376
0003085
0002444
0000465
-001514
-001572
-000466
-000175
-000699
-001223
-001339
-000350
0001106
0001979
0001979
0001338
0000523
0000465
0001338
0003434
0004889
0002794
-000932
-001863
-000699
-000350
-000350
0000814
0002037
0000814
-000990
0000873
0003492
0000640
-004483
-004890
-002329
-001921
-003027
-003435
-002678
-000641
0001862
0003492
0003783
0003143
0001979
0000523
-000233
0000407
0002212
0004598
0005704
0002735
-001630
-001689
0000523
-000990
-003435
-000292
0004715
0003783
-000466
-001747
-000292
0001979
0003783
0003725
0002444
0002503
0002677
0000000
-003377
-003377
-001107
0000349
0000931
0001862
0002619
0002735
0002444
0001920
0001571
0001920
0002444
0001920
0000873
0000640
0000873
0000465
0000058
0000989
0002037
0000931
-001165
-001339
-000466
-000641
-001514
-002038
-002387
-003377
-004075
-002795
-000699
0000000
-000815
-002736
-004133
-001921
0001047
-000932
-005589
-008266
-007743
-003901
0000873
0002561
0001513
-000233
-001048
0001222
0004947
0006694
0005821
0002328
-001223
-001281
0001629
0004831
0006868
0006344
0004132
0002561
0002328
0004074
0005937
0004656
0001280
-001281
-002387
-002096
-001107
-000990
-001223
-000350
0000698
0000291
-000757
-000408
0000582
0000116
-001223
-002213
-002445
-001630
-000815
-002154
-004192
-003668
-001747
-001281
-002038
-002969
-003784
-004890
-005007
-002096
0001804
0003143
0002561
0002735
0003376
0003550
0003259
0002444
0001629
0001920
0002619
0002095
0001164
0001047
0002095
0004249
0006170
0005471
0003259
0001746
0001746
0003841
0006170
0005122
0002153
0000814
0000873
0000640
0000291
0000058
-000117
-000641
-000932
0000058
0001106
-000350
-002620
-002445
-000583
0000523
0000465
-001048
-002795
-002445
-000757
-000233
-000117
0001513
0003085
0001397
-001514
-001223
0000931
0001047
0000523
0002910
0006053
0005995
0003667
0002095
0001280
0000058
-000874
-000583
-000117
-001863
-003435
-000059
0005530
0007916
0006752
0003201
-000408
-000699
0001280
0002444
0002095
-000175
-002154
0000698
0004889
0003201
-001921
-004657
-004250
-000757
0002619
-000059
-005065
-003901
0000407
-000233
-003202
-001863
0001513
0001979
0000174
-001165
-001630
-001398
-000175
0002037
0004482
0006694
0007218
0004074
0000058
0000349
0002910
0002386
0000232
0000349
0001513
0000407
-001747
-002213
-001689
-002562
-004017
-004366
-003784
-003319
-002678
-000757
0000349
-002736
-007335
-008266
-005763
-001980
0000989
0000174
-002329
-001921
0000407
0001164
0000640
-000117
-000641
-000175
0000523
0000174
-001223
-003319
-004948
-004425
-002387
-000292
0000523
-001921
-004657
-001747
0003550
0004424
0001862
-000641
-001805
-000466
0002212
0003783
0003725
0002153
-000175
-002387
-003260
-001514
0001106
0001280
-000466
-002038
-003144
-004133
-004483
-003784
-002213
-000175
0001280
0000814
-000757
-001572
-001863
-002678
-003435
-003086
-001805
-000175
0001164
0001571
0001338
0001746
0002153
0000989
-000466
0000407
0001804
-000350
-003027
0000116
0005588
0005937
0002794
0001455
0001397
-000059
-001398
0000465
0003609
0004831
0003609
0000523
-002329
-001281
0001920
0003085
0002561
0002386
0002212
0001164
-000233
-000874
-001223
-002504
-004366
-006229
-007044
-005880
-003319
-000583
0001222
0001106
-000641
-003493
-005239
-002678
0001804
0002910
0001338
-000175
-001048
-000699
-000175
-001980
-004366
-003784
-001514
-000932
-001107
0000582
0002561
0001338
-001165
-000874
0001280
0002503
0002619
0001979
0001164
0001455
0001979
0000814
-000699
0000523
0002619
0002037
-000524
-002853
-004075
-004133
-002678
0000349
0002968
0002328
-000874
-004599
-006928
-006229
-003493
-001630
-001165
-001747
-003086
-004192
-004541
-004017
-002911
-001805
-000874
-000117
0000407
0000931
0000814
-001107
-003260
-003260
-001572
0000058
0001047
0000989
-000117
-001921
-003493
-003726
-002562
-000699
0001164
0002561
0002910
0002328
0000989
-000466
-001572
-002096
-002562
-004774
-006811
-005065
-001572
-000990
-002038
-001165
0000523
0000465
-000874
-002271
-002736
-000990
0000989
-000990
-004774
-005880
-004541
-002562
-000641
0000931
0001513
0000407
-001165
-001165
0000000
0000640
0000640
0000291
-000175
-000350
-000292
-000233
-000292
-000466
-000408
0000756
0002037
0002270
0000873
-002969
-006229
-003493
0001455
0000407
-003784
-003726
-001165
-000932
-001980
-001048
0000465
0000174
-001689
-004017
-005298
-003610
-000466
0000465
0000058
0001397
0003026
0001804
-000524
-000641
0001106
0003259
0004540
0003376
0001164
0001164
0002503
0002735
0002153
0001397
0001513
0004132
0007276
0007800
0005471
0000989
-002969
-002620
0000523
0002212
0002037
0000465
-001165
-000175
0001571
-000233
-003551
-003959
-002038
0000000
0001397
0001804
0000989
-001223
-003319
-003144
-001572
-001223
-001980
-003377
-003784
-000408
0003958
0003783
0001047
0001629
0003550
0002037
-000757
0000174
0002561
0000931
-002038
-000233
0003667
0003900
0001455
-000292
-000408
0002212
0005355
0004831
0001920
0000058
-000292
0000523
0002095
0003318
0004016
0004947
0004947
0001688
-002096
-000990
0002095
0000232
-004075
-004483
-002736
-003726
-005880
-005239
-002969
-001863
-001980
-002911
-003610
-001805
0000465
-000815
-003493
-002853
0000000
0001920
0002212
0000582
-001281
0000407
0003143
0001280
-002678
-003202
-000757
0002095
0004365
0005122
0004773
0005238
0005355
0002852
-000292
-000466
0001513
0002852
0003318
0003667
0003026
0000000
-003260
-003260
-000932
0000698
0001106
0000349
-000757
-000408
0000523
-000350
-001689
-000524
0001164
-000583
-003377
-001980
0000989
-000408
-003959
-004774
-002911
0000000
0002328
0001920
-000466
-002620
-003377
-001630
0000989
0001280
0000232
0000698
0001920
0001979
0001222
0000756
0001222
0003900
0006461
0005180
0001164
-003144
-005356
-002562
0001513
-000699
-005822
-006171
-002445
0001804
0004656
0003667
0000698
-000175
0000873
0002153
0002677
0001222
-001339
-002620
-003144
-005181
-006986
-006054
-002795
0001164
0004074
0003492
0001047
0000814
0001920
0001746
0001222
0002444
0004191
0003841
0002444
0002561
0003667
0004482
0004482
0003376
0001571
-000757
-001805
0001222
0005471
0005471
0002503
0000756
0000465
0000698
0001571
0003143
0004307
0003201
0000931
-000466
-000408
0000931
0002270
0001455
-000757
-002911
-003668
-001747
0001047
0000931
-000932
-000932
0000291
0001222
0001280
0000000
-001747
-002504
-001805
0000291
0002503
0002852
0001513
-000117
-001339
-001630
-000990
0000000
0001106
0002270
0003143
0003783
0003667
0002153
0000349
-000233
0000873
0003783
0006403
0005064
0001571
0000582
0001280
0000989
-000233
-001863
-003260
-003493
-002504
-000583
0001338
0002153
0001629
-000175
-002096
-002329
-001339
-000874
-000815
-000059
0000873
0001397
0001338
0001106
0000465
-001223
-002271
0000582
0004016
0001629
-003784
-005705
-004075
-000874
0001746
0000582
-002445
-002271
-000292
-000408
-001863
-002504
-002329
-001921
-000932
0001047
0003085
0003318
0002910
0004889
0007159
0005297
0001629
0001280
0002735
0001397
-001339
-002096
-001863
-003784
-006171
-005472
-003202
-002911
-003901
-003668
-002969
-003435
-004075
-002504
-000233
-000641
-002213
-001165
0000698
-000350
-002969
-003959
-003027
-000699
0001455
0000814
-001165
-001165
0000756
0003318
0005297
0004889
0002968
0001513
0001164
0002561
0004191
0003026
0000873
0001746
0003841
0002619
-000117
-000466
0001222
0003376
0004132
0000989
-003435
-003901
-001281
0001164
0002619
0003026
0001862
-001572
-004541
-002853
0001164
0002095
0000523
-000641
-001398
-002678
-003493
-002620
-000641
0000756
0001338
0001629
0000756
-003260
-007219
-005880
-001398
0000349
-000117
-000175
0000174
0000582
0000814
0000291
0000116
0002735
0005238
0002095
-003260
-003551
-000466
0000931
0000814
0000989
0001455
0002735
0003318
0000698
-002853
-003319
-000757
0003143
0005995
0004249
-000175
-002911
-003435
-002562
-001223
-001514
-002795
-003493
-003377
-002678
-001514
0000174
0001571
0001804
0000989
-000233
-000699
0001629
0004831
0005471
0003841
0001513
0000000
0001397
0003783
0002910
-000175
-002562
-003144
-001165
0001920
0003434
0002794
0000058
-002795
-002562
-000408
0000174
-000059
0001571
0003318
0001920
-000990
-001689
-000699
-000233
0000058
0001280
0002270
0001047
-000932
-000699
0000640
0000582
-001048
-004366
-006695
-003610
0001862
0003201
0001338
0000058
-000350
-000408
0000174
0002037
0003609
0002328
-000408
-001863
-001747
-000524
0000931
0001047
0000407
0000407
0001222
0003376
0004656
0001513
-003377
-004308
-002387
-001572
-001630
-000932
-000233
-001165
-002853
-003493
-003260
-002853
-002562
-003027
-004017
-005065
-005705
-005123
-004017
-003610
-003726
-003668
-003435
-003260
-003144
-003319
-003144
-001456
0000640
0000873
0000058
0000232
0000814
0000000
-001339
-001165
-000466
-001689
-003493
-002911
-000932
-000583
-000990
-000292
0001106
0002328
0002910
0002444
0001338
0000232
-000292
0000232
0001804
0003958
0005530
0005238
0002735
-002096
-006171
-004425
-000233
-001689
-005531
-003610
0000756
0000174
-003435
-005065
-004250
-001398
0001106
-000990
-004774
-003959
-000583
-000175
-001572
-000815
0000523
-001165
-003784
-002736
0000232
0000582
-000524
0000349
0002153
0002677
0001629
-001281
-004075
-003435
-001281
-002038
-004192
-003784
-002038
-001921
-002678
-001921
-000641
-001165
-002038
0000058
0003143
0003026
0000349
-002504
-004133
-003435
-000815
0002444
0004191
0001280
-003610
-004774
-003027
-001921
-001398
-000350
0000116
-001689
-003842
-002213
0001397
0002794
0002153
0001338
0000523
-000350
-000641
0000407
0001688
0000582
-000815
0002037
0006286
0006403
0003026
-001398
-004716
-004308
-001630
-000466
-001048
-002504
-003668
-003027
-001281
0000116
0000232
-001689
-004250
-004483
-003202
-002620
-002620
-002213
-001689
-001921
-001980
0000058
0002212
0000523
-002678
-002853
-000815
0000174
0000873
0003783
0006112
0002968
-003086
-006928
-007568
-005822
-002853
-001048
-000583
-000292
0000000
0000989
0002153
0002910
0002735
0001222
-000292
0000989
0003026
0001455
-001689
-001456
0000698
0000931
-000292
-001107
-001572
-002504
-003144
-002387
-000932
-000117
-000175
-000815
-001805
-002562
-003027
-003086
-003202
-004075
-005531
-007684
-008616
-005414
-000583
0000931
0000116
0000349
0001338
0002153
0002270
0000756
-000757
0001222
0004540
0004947
0003143
0001629
0000698
0000058
-000175
-000350
0000116
0002968
0005762
0004598
0001222
-000233
0000058
0000640
0000814
-000583
-002271
-001514
0000116
-001165
-003610
-003144
-001107
-000932
-001921
-001805
-001398
-002445
-003551
-001689
0001222
0001455
-000874
-004308
-006637
-004483
-000408
0000000
-002154
-002911
-002271
-001339
-000059
0001280
0002794
0005355
0007159
0005006
0001455
0001746
0003841
0002328
-000641
0000000
0002852
0004249
0004424
0005122
0005471
0003841
0001338
0000232
0000698
0002270
0003783
0003609
0002212
0001280
0000989
0001397
0001455
-000757
-003842
-005123
-004890
-005065
-005007
-003027
-000524
-000233
-000641
0001979
0005413
0005471
0003201
0002095
0001629
-000292
-001572
0001804
0006694
0006985
0004191
0003026
0002968
0001688
0000174
0000116
0000989
0001629
0001455
-000117
-001689
-000699
0001746
0003026
0003376
0004715
0005413
0002561
-001398
-001398
0000931
0001455
0000698
0000465
0000931
0002037
0002852
0001338
-000583
0000814
0003434
0002444
-000932
-003319
-004075
-002969
-001281
-001572
-003202
-004075
-003726
-001805
0000407
0000873
-000233
-001863
-002736
-001223
0001862
0005006
0006636
0004715
0001455
0001455
0002968
0001746
-001165
-002911
-003202
-002795
-001747
-000059
0001164
-000117
-001980
-000408
0002561
0002386
0000349
-000117
0000640
0001047
0000931
-000233
-001339
-000059
0001688
0000349
-002271
-001980
0000000
0000407
-000292
-000408
0000000
0000582
0001280
0001920
0002619
0003609
0004307
0003725
0002270
0001106
0000640
0000931
0001746
0002386
0003026
0004773
0006053
0004191
0000989
0000174
0001164
0001862
0002444
0003958
0005238
0004249
0002212
0001862
0002212
0000291
-002445
-003027
-002154
-001630
-001805
-002911
-004017
-003319
-001805
-002271
-003435
-002271
-000350
-001165
-003086
-002387
-000641
-001863
-004133
-003319
-000699
0000407
0000407
0001280
0001979
0000291
-001863
-000990
0001804
0003667
0004074
0003318
0002037
0001338
0001629
0003376
0004831
0002910
-000408
-000815
0000814
0001455
0001629
0003259
0005122
0005122
0003609
0001746
-000117
-002154
-002911
-000175
0003259
0002095
-001863
-004075
-004017
-002096
0000174
0000174
-001398
-002271
-002329
-002038
-001514
-001223
-001165
-001107
-001165
-001223
-001339
-002038
-002620
-001805
-000233
0001164
0001338
-001514
-004133
-000874
0005122
0007218
0005238
0001571
-001863
-002620
-000815
0001862
0003900
0003434
0001746
0002037
0003667
0004598
0004365
0002212
-000292
-000583
0000465
-000117
-000990
0000465
0002619
0001920
-000292
-000815
-000292
-000233
-001048
-003493
-005472
-003086
0000698
-000350
-003901
-003901
-001863
-002154
-003377
-002213
0000058
0000698
-000059
-000815
-001398
-001805
-001747
-001281
-000350
0001455
0002561
0000058
-003377
-002562
0000989
0002852
0003492
0005704
0007334
0004482
0000174
0000582
0003783
0004598
0002910
-000233
-002969
-002154
0000291
-000350
-002154
-000233
0002968
0001979
-001107
-001456
-000059
0000058
-000757
-001398
-001863
-002562
-002736
-000815
0001280
0000116
-002329
-001456
0001455
0003259
0003550
0002561
0001106
0000640
0000640
-000757
-001805
0000756
0004482
0004773
0002444
0000931
0000232
-000641
-001165
-000990
-000233
0000873
0001571
0000640
-000699
-000059
0001513
0001338
0000058
-000641
-001048
-002271
-003377
-002678
-001456
-002620
-004483
-003144
-000233
0000116
-000815
-000059
0001513
0001397
0000058
-001107
-001630
-000757
0000523
0000232
-000641
0000407
0001979
0001222
-000524
-000117
0002095
0004540
0006286
0006577
0005704
0005297
0004889
0003201
0000873
-001339
-002038
0000465
0003667
0003143
-000117
-002911
-004192
-003377
-001456
-001223
-001805
-000757
0000756
0000407
-001107
-001863
-001747
-001281
-000641
-000350
0000000
0001746
0003259
0001338
-001747
-001398
0000989
0001280
0000232
-000117
0000349
0001338
0002328
0002328
0001979
0002619
0003550
0003550
0002619
0001338
-000350
-003144
-005298
-004192
-001339
-000641
-001165
0000000
0001455
-000175
-002213
0000523
0005064
0004947
0001629
-000350
-001165
-002678
-003726
-002795
-000524
0001571
0002503
0001164
-001165
-001572
-001165
-003086
-005123
-002387
0001920
0001106
-002504
-003086
-001281
-000233
0000523
0002328
0003783
0002212
-000583
-000699
0001047
0002444
0002852
0002328
0001047
-000233
-000932
-000524
0000698
0001862
0002153
0000174
-001980
-000233
0002852
0001979
-000932
-000932
0000640
0000232
-001572
-003027
-003551
-002445
-001165
-002853
-005181
-003027
0000756
0000000
-003435
-004716
-003610
-001223
0000698
-001223
-004541
-004192
-001572
-000466
-000874
-001223
-001572
-002387
-002504
0000523
0003900
0002212
-001514
-000524
0002968
0003201
0001106
-000699
-001514
-000990
-000117
-001689
-003726
-001980
0001455
0001804
0000232
0000291
0000756
-001165
-003668
-002853
-000350
-000175
-001572
-001863
-001514
-001514
-002096
-003551
-004599
-003144
-000350
0001164
0001338
0000989
0000523
0000756
0001047
-000524
-002329
-001339
0000989
0001455
0000174
-001805
-003144
-001921
0000407
0000116
-001398
-000524
0001513
0001746
0000814
0000291
0000698
0002735
0004656
0003318
0000465
-000059
0000873
0000232
-000757
0000814
0002968
0001746
-001398
-002678
-002853
-004483
-006287
-005647
-003726
-002736
-002795
-003551
-003726
-001107
0002270
0002503
0000523
-000117
-000175
-001805
-003202
-000175
0003609
0000756
-004599
-003319
0001571
0002212
-000350
-002329
-003086
-002329
-000874
-000757
-001223
-000175
0001979
0004074
0005471
0005704
0004831
0003434
0001920
0000291
-000932
-001456
-001281
-000583
0000465
0002095
0002910
0001397
-002096
-006928
-010362
-008732
-004075
-001223
-000757
-001921
-003726
-004192
-003260
-001514
-000350
-002213
-005414
-006345
-005239
-003842
-002213
0000174
0001979
0001862
0000407
-000757
-000815
0000698
0002794
0003318
0002619
0002270
0002386
0002794
0003318
0003318
0003143
0003318
0003725
0004424
0004365
0001455
-002038
-002154
-000233
-000175
-001630
-003377
-004017
-001572
0001862
0001862
-000117
-000233
0000465
-001048
-003784
-005822
-006695
-006811
-005705
-002445
0000582
-000874
-004133
-002736
0001047
0001804
0000116
-001863
-002795
-000757
0002153
0001920
-000524
-002562
-003144
-001456
0001047
0001397
0000058
-001456
-002213
-000699
0001280
0000349
-002445
-004599
-005123
-003610
-001048
0000640
0000756
-000815
-003027
-004133
-003959
-003377
-002562
-001747
-001514
-002911
-004716
-004657
-003202
-001689
-000874
-001281
-002795
-005181
-006345
-003377
0001688
0004831
0005588
0005355
0004249
0002677
0001338
0000582
0000698
0001513
0002386
0002619
0001862
-000350
-002271
-000932
0001920
0002270
0001164
0001688
0003318
0004715
0005006
0002968
0000116
-000175
0000931
0000349
-000874
-000059
0001571
0001106
-000757
-002562
-003086
-000874
0001688
0000116
-003610
-004657
-003493
-002445
-001456
0000000
0001047
0000698
-000757
-002562
-003377
-001572
0001222
0001746
0000058
-002911
-004890
-002154
0002444
0002619
0000000
-000466
0000232
-000932
-002445
-001456
0000814
0001455
0000931
0000873
0001280
0001804
0002153
0002095
0001455
0000116
-001165
-000932
-000292
-001514
-003260
-002620
-000757
-000466
-001048
-000641
0000000
-000932
-002096
-000815
0001164
-000292
-003202
-002969
-001223
-002154
-003784
-001514
0002444
0003667
0002561
0001106
0000232
0000814
0001804
0000523
-001572
-001339
0000756
0003201
0004773
0004307
0002095
-000990
-002736
-000175
0004365
0006170
0005238
0003318
0001222
-000466
-000815
0000989
0003492
0004074
0002735
0000698
-001572
-004308
-005705
-003319
0000291
-000292
-003377
-004832
-004657
-004483
-004192
-003144
-001980
-001630
-001921
-001921
-001689
-001630
-001398
-000641
0000814
0003550
0005879
0004773
0002153
0002386
0004016
0002968
0000873
0001513
0003143
0001746
-000524
0000989
0004132
0004191
0001746
-001107
-003144
-003144
-001572
0000407
0001455
-000059
-002678
-003202
-002213
-002096
-002329
-001572
-000059
0001455
0002444
0001920
0000989
0002386
0003667
-000059
-005589
-006229
-003435
-002096
-001805
-000233
0001513
0001455
0000407
0000582
0001455
0001629
0001164
0000640
0000465
0001106
0002561
0004773
0005937
0003434
-000874
-003202
-002911
-000466
0002677
0004365
0004307
0003434
0002095
0000407
-000641
-000117
0001397
0002328
0002794
0004191
0004831
0001688
-002620
-002678
-000117
0000407
-000641
-001281
-001281
0000058
0000873
-002329
-006869
-007568
-005007
-001747
0000756
0000989
-000350
-000757
-000175
0001280
0002677
0002735
0001397
-000990
-002853
-002154
0000640
0003783
0006228
0007625
0007101
0004191
0000989
0001571
0003492
0000756
-003901
-004541
-002213
-000408
0000291
-000641
-001863
-000641
0001455
0000640
-001630
-001921
-001107
-001863
-003260
-003435
-002329
-000524
0001047
0000640
-000699
-000874
-000233
0000291
-000292
-003610
-006811
-004366
0000349
-000233
-003435
-002329
0001338
0003026
0002561
0000640
-001398
-001456
-000175
0000058
0000058
0001920
0003841
0002561
-000175
-000175
0001106
0000000
-002096
-001921
-000292
0000291
0000349
0000989
0002153
0003783
0004540
0002677
-000990
-004890
-006869
-004308
0000291
0001920
0000465
-002038
-004425
-005123
-003959
-001572
0000989
0002386
0002677
0002910
0002968
0002037
0001280
0003143
0005297
0003376
-000175
-000117
0002212
0002503
0001571
0001571
0002037
0001571
0000873
0001571
0003026
0003958
0004365
0005122
0005355
0003667
0001280
0000174
0000814
0003492
0005879
0004307
0000349
-002096
-002562
-001805
-000699
-000932
-001689
-000932
0000291
-000292
-002154
-004017
-005007
-004541
-002620
0000291
0002561
0001804
-000641
-001805
-001514
-000815
0000407
0002677
0004132
0001571
-002038
-000583
0003318
0002852
0000523
0002503
0005762
0004074
-000233
-001630
-000583
0000407
0000873
0000000
-000699
0002212
0006170
0006694
0004249
0001629
-000175
-000117
0001047
0000931
0000174
0000873
0001455
-001223
-004832
-004541
-002154
-002096
-003493
-003377
-002445
-002387
-003202
-004657
-005589
-004308
-001863
-000350
-000117
-001107
-001921
-000059
0003026
0004656
0004191
0001455
-001456
-000932
0001746
0003143
0003085
0002910
0002270
0000640
-000757
0000000
0001397
0000232
-002154
-002795
-001630
0000873
0003085
0002735
0000523
-001107
-001921
-002562
-002620
-001572
-000699
-002445
-005414
-006345
-005822
-006287
-006637
-004308
-001048
0000000
-000815
-001223
-001223
-000815
-000641
-001805
-002969
-001165
0001513
0000756
-001863
-002562
-001281
0000814
0002561
0002212
0000756
0000582
0001338
0001397
0001164
0001455
0001920
0002212
0001920
0000523
-001223
-002154
-002213
-001689
-001048
-000757
-000874
-000641
-000524
-001398
-002678
-003260
-003086
-001630
-000757
-003784
-007044
-002678
0003725
0000291
-006928
-004075
0004132
0005937
0002735
0000291
-001107
-002329
-002154
0000814
0004831
0006927
0006577
0004307
0001280
-001107
-001805
-000350
0002677
0006286
0008731
0008033
0005180
0002619
0001338
0001920
0003318
0003201
0001688
-000408
-002271
-002736
-002038
-001107
0000058
0001920
0002968
0000407
-003319
-003027
-000466
0000000
-001630
-004541
-006753
-004716
-001165
-001747
-004832
-005705
-004774
-003959
-003027
-001223
0000582
0001047
0000116
-001572
-003551
-005647
-006811
-006229
-004366
-002329
-000932
-000815
-001921
-003901
-005181
-003610
-000466
0001280
0001280
-000175
-001980
-002562
-001747
0000058
0001688
0001804
0000349
-002096
-004250
-004483
-002911
-000233
0001920
0001164
-000990
-001107
0000291
0001338
0000814
-002795
-007219
-008616
-006811
-003144
0000407
0000989
-000524
-001223
-001456
-002795
-004366
-004890
-003842
-000408
0002968
0002328
-000292
0000407
0002270
0000116
-003959
-005298
-003959
-001398
0001164
0002212
0001513
-000408
-002329
-002445
-001048
0000931
0001746
-000874
-004948
-006520
-004948
-000233
0004307
0002794
-002038
-003144
-001863
-002445
-003842
-003901
-003086
-002795
-002795
-002445
-001630
-000408
0000756
0001047
0000291
-001747
-003610
-002795
-000932
-002154
-004250
-002562
0001164
0003026
0002910
0001920
0000698
-000117
-000233
0000000
0000407
0000640
0000291
-001514
-003086
-001630
0001222
0001629
0000291
-000350
-000641
-002154
-003551
-002387
-000117
0000174
-000815
-000699
-000408
-002213
-005007
-007044
-007335
-005472
-002154
0001571
0003550
0001513
-002445
-003901
-002853
-000292
0001455
-001805
-006287
-004599
0000582
0002328
0001280
0001222
0001338
-000641
-002213
0001338
0006344
0005762
0001513
-000932
-001747
-003377
-004075
-000757
0003609
0003841
0001222
0000407
0000640
-000350
-001514
-000408
0001338
0000232
-002096
-002154
-000699
0000465
0000698
-000699
-002562
-002911
-001805
-000059
0001280
0000756
-000641
-000350
0000873
0001164
0000523
-000641
-001398
0000058
0002095
0001280
-001107
-002213
-001689
0000232
0002037
0000756
-001107
0001862
0006636
0006810
0003609
0001280
0000174
-000408
-000641
-001339
-001514
0000407
0003259
0005006
0004889
0002503
-000583
-001689
-001281
-001398
-001747
-001747
-001339
-000583
0000349
0001047
0001222
0000814
-000233
-001863
-003435
-004075
-003726
-002795
-001572
-000350
0000523
0001106
0001455
0002328
0002794
0000814
-001281
0000873
0004482
0003492
0000291
0000814
0002852
0000873
-002445
-001165
0002037
0000989
-002387
-003260
-002096
-001223
-000699
-000059
0000116
-000757
-001863
-001514
-000350
-000233
-000990
-001863
-002678
-003377
-003319
-001456
0000523
-000815
-003260
-001980
0001222
0002444
0001397
-001281
-003668
-002795
-000350
-000408
-002154
-003377
-003726
-003435
-002154
0000756
0003725
0004773
0003725
0000989
-001339
-000059
0002910
0003259
0001746
0001047
0001106
0000873
0000523
0000349
0000174
-000932
-001514
0001164
0004656
0004191
0001280
0000000
0000174
0000174
0000523
0002503
0004307
0002794
0000000
0000407
0002212
0000640
-002445
-002795
-001398
-001456
-001747
0000698
0003609
0003085
0000000
-002678
-004250
-005239
-004541
-000874
0003143
0002910
0000640
0002386
0005821
0005530
0003259
0003725
0005530
0004773
0002735
0002386
0002503
-000408
-003493
-001281
0003550
0005064
0003900
0003318
0002794
0000582
-001107
0001804
0005937
0004715
0000349
-001048
-000350
-000932
-001747
-000466
0001513
0001629
0000407
-000408
-000466
0000465
0001979
0003026
0003492
0003841
0002968
-001456
-005531
-001980
0004656
0004598
0000698
0001397
0004482
0004482
0002677
0002561
0003550
0003667
0003026
0001804
0001280
0003725
0006577
0004715
0000582
-000233
0001338
0001920
0001397
0000116
-001165
-000874
0000058
-000292
-000990
0000291
0001862
0000174
-002969
-004192
-003086
-000175
0002270
0000232
-003435
-002678
0000756
0001920
0001397
0001571
0001862
0001164
-000815
-004832
-008325
-007277
-003086
0000640
0002794
0003434
0002619
0001338
0000174
-000699
-000699
0000756
0002619
0003085
0002386
0001862
0001804
0002503
0003143
0002328
0000756
0000465
0000931
0000349
-000292
0000989
0002386
0000058
-003202
-001630
0002328
0002735
0000814
0000407
0001106
0001280
0000640
-001281
-003202
-002736
-001339
-002562
-004832
-004774
-003202
-002795
-002911
-002096
-000466
0001571
0002735
0000698
-002038
-000408
0003259
0003376
0001397
0001571
0002910
0002968
0002037
0001106
0000465
0000698
0001164
0000698
-000059
0000407
0001513
0001920
0001746
0001804
0002153
0003026
0003201
0000058
-003493
-001630
0002503
0001746
-001921
-003377
-002678
-001048
0000349
-000175
-001747
-001980
-001223
-000757
-000408
0000407
0001222
0001164
0000814
0001397
0002212
0001979
0001164
0001164
0001571
0001222
0000698
0001571
0002561
0001164
-000815
0000291
0002503
0001106
-001921
-002038
0000058
0002037
0003143
0002677
0001338
0000989
0001164
0000116
-000815
0001164
0003783
0002968
-000292
-002911
-004657
-006986
-008034
-004948
-000466
0000232
-001863
-003319
-003493
-002387
-000175
0002910
0004598
0001629
-003610
-006171
-005065
-000350
0004715
0004656
0001513
0001164
0002735
0003143
0002561
0001979
0001920
0003609
0005355
0003841
0001047
0001222
0003143
0003201
0002037
0001397
0001571
0002386
0002910
0001513
-001165
-003551
-004774
-004192
-002562
-001630
-001456
-001747
-001921
-000466
0001106
0000000
-002271
-002504
-001165
-000059
0000349
-000175
-000815
0000000
0001571
0002328
0001862
-000175
-002096
-001398
0000582
0000582
-000699
-000874
-000233
0000232
0000174
-000990
-001747
0000698
0004191
0004656
0002852
0001688
0001164
0000640
0000232
-000117
-000292
0000232
0001164
0001920
0002270
0001979
0001106
-000117
-001107
-000932
-000292
-001223
-002562
-002154
-000757
-000117
-000350
-001223
-002329
-003435
-003144
0000931
0005355
0004424
0000116
-002329
-002271
-000408
0001746
0001688
0000523
0001804
0003434
0000582
-003610
-003144
0000523
0003143
0003958
0003201
0001979
0003085
0005006
0004482
0002852
0003434
0004656
0002910
-000233
-001456
-000990
-000699
-000466
0000000
0000523
0001280
0001688
0001397
0000349
-001630
-003144
-002445
-000932
-001921
-004133
-004774
-003551
-000583
0001920
0000058
-003319
-002096
0001688
0002852
0001920
0001164
0000698
0000349
0000174
0000116
0000349
0001455
0002503
0001862
0000698
0001746
0003376
0002095
-000408
-000117
0001513
0000698
-001281
-001048
0000174
-000757
-002038
0000291
0004132
0005238
0003550
0000465
-002620
-003842
-003610
-003377
-003842
-006171
-008325
-006695
-003260
-002795
-003842
-002154
0000349
-000524
-003086
-003842
-003027
-002213
-001921
-003027
-004133
-002795
-000233
0001222
0000756
-002096
-005065
-004541
-000932
0004132
0007683
0005471
0000291
-001398
-000524
-000583
-001339
-001514
-001747
-003377
-004948
-003377
-000641
-000641
-002504
-003260
-003202
-003260
-003086
-001572
0000291
0000640
0000232
0001280
0002677
0002153
0000698
0000698
0001047
-001223
-003842
-002678
0000931
0003259
0003725
0002794
0000814
-001398
-002562
-001223
0001571
0003550
0003841
0002037
-000932
-003726
-004832
-002678
0000523
0000291
-001980
-002445
-001223
0000582
0002095
0002212
0000814
-001456
-003551
-003959
-003086
-002213
-001863
-002096
-002678
-002911
-002562
-001398
-000175
-000466
-001514
-001514
-000990
-001863
-003319
-003551
-003144
-003493
-004075
-003551
-002445
-002271
-002387
-001514
-000641
-001630
-003493
-003901
-003260
-003260
-003027
-000408
0002503
0002153
-000175
-001514
-001281
0000756
0003026
0003318
0001688
-000641
-002445
-002445
-000932
0000640
0001804
0002328
0002212
0002095
0001804
0001397
0000407
-001863
-004250
-004599
-003319
-001921
-000583
0000931
0002037
0002095
0001688
0002386
0003259
0001979
-000175
-000815
0000291
0003201
0005355
0001979
-003027
-001456
0003725
0004540
0002677
0003143
0004482
0003259
0000698
-000699
-000583
0000756
0001979
0000582
-001398
0000232
0003900
0006170
0006228
0004307
0001688
0000523
0000989
0002561
0003783
0002619
0000465
0000523
0001688
0000873
-001223
-003086
-004133
-004308
-003668
-002736
-002387
-003959
-005763
-004250
-001456
-001805
-003784
-003959
-002387
0000116
0001979
0000873
-001747
-002911
-002329
-000815
0000814
0001106
0000407
-000233
-000583
-000641
-000583
-000466
-000699
-001630
-002504
-001921
-000583
-000466
-000990
-000233
0000640
-001223
-003842
-003260
-000466
0002095
0003318
0002910
0000931
-001805
-003842
-003086
-001048
-000932
-002445
-003959
-004192
-000757
0003318
0002386
-001456
-002736
-001921
-001863
-002271
-002562
-002154
0000058
0002212
0000465
-002329
-000117
0004249
0004132
0001338
0001397
0002735
0001455
-000524
0000873
0003725
0003318
0001338
0001862
0003667
0003958
0002852
0001280
-000175
-001165
-001339
-000524
0000232
-001048
-003027
-002853
-001223
-000059
0000174
-001107
-002678
-002736
-001572
-000117
0000465
-001048
-003319
-003610
-002329
-001281
-000815
-001281
-001805
-000466
0001513
0001629
0000349
-000641
-000583
0001280
0003492
0003143
0001629
0002910
0005122
0004656
0002561
0001746
0002095
0002444
0003143
0005355
0006868
0003841
-000990
-002213
-000408
0001979
0003026
0000465
-003493
-004017
-002038
-001165
-001223
-001223
-000990
-000175
0000232
-001572
-004075
-003959
-002445
-002445
-003435
-004017
-003668
-001747
0000174
-000874
-003144
-002853
-000408
0002561
0004365
0002328
-001223
-001805
0000232
0003026
0005180
0004889
0002910
0001920
0001746
0001571
0001397
0001455
0001513
0000989
0000523
0001280
0002153
0000814
-001223
-000641
0000989
-000233
-002213
-000117
0003259
0001920
-001980
-003202
-002504
-003260
-004192
-002795
-000466
-000524
-001398
0000989
0003841
0001164
-003493
-003027
0000814
0003318
0003259
-000059
-004075
-004017
-001398
-000699
-001456
-001921
-001805
-000932
0000349
0001106
0001397
0001513
0001397
0001222
0000756
-000233
-001107
-000990
-000233
0000407
0000756
0001338
0001571
0000523
-000641
0000582
0002619
0002561
0000640
-001689
-003784
-005414
-005763
-004017
-001398
0000349
0000465
-001689
-003668
-000932
0003550
0003958
0000873
-002387
-004890
-006578
-006404
-003901
-000292
0002328
0003201
0002153
-000059
-002154
-003202
-002329
-000699
-001339
-002038
0002037
0007159
0006286
0001338
-002213
-003784
-004774
-004599
-003319
-001223
0001746
0003609
0000873
-002853
-000233
0004947
0003900
-000233
0000814
0004074
0002153
-002038
-001863
0000523
-000699
-003435
-002969
-000583
0000174
-000466
-001165
-001747
-002562
-002853
-001339
0000698
0001106
0000291
-000059
0000291
0001338
0002619
0003201
0002852
0001164
-000117
0001862
0004831
0003783
0000698
0000349
0001862
0002037
0001280
0000698
0000058
-001223
-002562
-003027
-002853
-002795
-002620
-001747
-000932
-001747
-003086
-002620
-001339
-001398
-002504
-003726
-003842
-000757
0002910
0002503
-000583
-002329
-002038
0000407
0002968
0001804
-000757
0001047
0004656
0004249
0001222
-000408
-000117
0001804
0004016
0004365
0002852
0000232
-001980
-001921
-000117
0001513
0002503
0002503
0001979
0002212
0002328
0000291
-002154
-001281
0000814
-000408
-003435
-004599
-003784
-002154
-000699
-000466
-001514
-003610
-004716
-001165
0003492
0002386
-001805
-002154
0000058
0000756
0000116
-000641
-001339
-001747
-001747
-001572
-000932
0001047
0002968
0002619
0000756
-000990
-001805
-001398
-000233
0000349
0000058
-001514
-002911
-001630
0001164
0002794
0002852
0001280
-000466
0000349
0002153
0001455
-001165
-004308
-005996
-003377
0000814
0001047
-000932
-000175
0001804
0001106
-001223
-002445
-002562
-002154
-001805
-001980
-002969
-005123
-006869
-005647
-002678
-000757
-000641
-002736
-005065
-004250
-001107
0002212
0003492
-000466
-005589
-003959
0001455
0002153
0000582
0003376
0007509
0006985
0003026
-000815
-003202
-003435
-002038
-000815
0000174
0001804
0002852
0001397
-001048
-001223
0000407
0001862
0002503
0001629
0000291
0000523
0001513
0001106
-000117
-000583
-000524
-000524
-000408
0000116
0000873
0001629
0002153
0002735
0002561
0000407
-001921
-001223
0001397
0002910
0003143
0002910
0002270
0001280
0000407
0000232
0000232
-001456
-002969
-000874
0002095
0000232
-003842
-004017
-001805
-001689
-002678
-001747
-000117
-000583
-001980
-001514
-000350
-000990
-002387
-002329
-000757
0001804
0004016
0003783
0001629
-000874
-002329
-001048
0001222
0000756
-001863
-004366
-005472
-003959
-000990
0000756
0001164
0001338
0000756
-001572
-004017
-004425
-002678
0000640
0003318
0002095
-001223
-002678
-002038
-000233
0001862
0002910
0002735
0002037
0000873
-000757
-001863
-001107
0000523
0001222
0000407
-002096
-004948
-005996
-005589
-005531
-005472
-003901
-002329
-003493
-005239
-002504
0001513
0000174
-003784
-003842
-001630
-002213
-003959
-003144
-001165
-001165
-002504
-003551
-003493
-001281
0001164
0000349
-002620
-005356
-006113
-003086
0001804
0005064
0005297
0002328
-001689
-002911
-001398
0001047
0003201
0003492
0002153
0000640
-000408
-000466
0000058
0000116
-000408
-001223
-001980
-002271
-002096
-001630
-001514
-003202
-005239
-005007
-003027
-001107
-000059
-000524
-001921
-002969
-003377
-003319
-002678
-001107
-000059
-001863
-004774
-005123
-003493
-002038
-000932
0000349
0001106
0000756
-000175
-000641
-000583
-000233
0000349
0001397
0002095
0000756
-001281
-001107
0000174
-000524
-001805
-000233
0001920
0000058
-003086
-001281
0002619
0002386
-000641
-002445
-002445
-000117
0002153
-000117
-004425
-005356
-003493
-002154
-001281
-000350
0000232
0000000
-000757
-001514
-001921
-001921
-001456
-000350
0000698
0000465
-000350
0000058
0000582
-000932
-003144
-003086
-001572
-001456
-001630
0000931
0003783
0002503
-000641
-000350
0001571
0000407
-002038
-001572
0000407
0000814
-000175
-001572
-002271
-000350
0002328
0002095
0000116
-000466
0000232
0001106
0001455
0000465
-001165
-001921
-001805
-001689
-001048
0001047
0003026
0002444
0000116
-001456
-001980
-002154
-001514
0000407
0002444
0002677
0001571
0000582
0000000
-000175
0000058
0000349
0000582
0001280
0001397
-001107
-003726
-002213
0001455
0002212
0000989
0001397
0002328
0001047
-000815
-000117
0001629
0000640
-001398
-000233
0001920
0000174
-003493
-004716
-003319
-000641
0002270
0004016
0004598
0005238
0005530
0004540
0002503
-000175
-002213
-001689
-000408
-002504
-005705
-005181
-002096
-000350
0000291
0001106
0001455
0000058
-001281
0001164
0004424
0002735
-001689
-003668
-002678
0000814
0004074
0002386
-001689
-002562
-000757
0001047
0002270
0002386
0001571
0000989
0000349
-001398
-002736
-000874
0001979
0001397
-000699
0000465
0002852
0001746
-000757
0000058
0002386
0001513
-000990
-001514
-000466
0000407
0000698
-000059
-000990
-000757
0000465
0001979
0002910
0002153
0000582
0000058
0000232
-000408
-000932
0000523
0002561
0002677
0001397
0000523
0000174
0000523
0000756
-000524
-001980
-000990
0001513
0003085
0003259
0002386
0000814
-001165
-001805
0001397
0005762
0006170
0003667
0002095
0001280
-000524
-001805
-000059
0002794
0003085
0001280
-000699
-001572
0000116
0002852
0003667
0002212
-000757
-003551
-003377
-000990
0001513
0003026
0002968
0001222
-002154
-004832
-003551
0000116
0002444
0002503
-000175
-003319
-003086
-000117
0003434
0005704
0004424
0001338
0000465
0001222
0001106
0000931
0002852
0005238
0004831
0002794
0002037
0002212
0001920
0000931
-001456
-003726
-003842
-002038
0000407
0002444
0002619
0001920
0002794
0003958
0002444
-000583
-002736
-002969
-000408
0002794
0002794
0000640
-000408
0000349
0003143
0005762
0004424
0000756
-001048
-000932
-000466
0000291
0001164
0001513
0000582
-000233
0001862
0004831
0004074
0001222
0000174
0000698
0001164
0001862
0003609
0004947
0003376
0000232
-001456
-001398
-000408
0000989
0002095
0002386
0001629
0000931
0002503
0004831
0004889
0002910
0000000
-002387
-002096
-000466
-000699
-002038
-002562
-002213
-001572
-000990
-000990
-001107
0000291
0001920
0001455
-000059
-000117
0000698
0000349
-000466
-000175
0000873
0002153
0002852
0002328
0000698
-001281
-003027
-004017
-003726
-001921
0000407
0001804
0001804
0000756
-000815
-002038
-002620
-003144
-002911
-000408
0002328
0001804
-000641
-001572
-001048
-000350
0000000
-000990
-002154
-000815
0001746
0002735
0002503
0002852
0002677
-000466
-003959
-003377
-000233
0000931
0000698
0001862
0002910
0001106
-001630
-001630
0000174
0000931
0000523
-000641
-001398
0000116
0002852
0004482
0004656
0003958
0002561
0001047
0000291
0001164
0002794
0003492
0003026
0002153
0000582
-002387
-004599
-002387
0001688
0002444
0000640
-000466
-000815
-000990
-000524
0001862
0003550
-000117
-005589
-005822
-002504
-000641
-000466
-001048
-001398
0000465
0003376
0005297
0005588
0004249
0001979
-000117
-001223
-000292
0000989
-000699
-003668
-003959
-001805
0001280
0003783
0003783
0002212
0001571
0001804
0002153
0002270
0001513
0000291
-000466
-000292
0001222
0002910
0002968
0001979
0001629
0001804
0002095
0002037
0000465
-000990
0000523
0002968
0002444
-000350
-003260
-004716
-003027
0000349
0002037
0002037
0001629
0001164
0001106
0001047
-000350
-001689
-000292
0002212
0002386
0000989
0000582
0000873
0000232
-000117
0002444
0005064
0002328
-002911
-003842
-001689
-000757
-000757
-000175
0000465
0000232
-000292
-000117
0000523
0000698
0000698
0001280
0002037
0002444
0002037
0000465
-001048
-000408
0001629
0002735
0002561
0001106
-000583
-000932
-000350
-000292
-000583
-000292
0000174
0000291
-000059
-000990
-001398
0000232
0003026
0005530
0006403
0004773
0001222
-002620
-005298
-004890
-002911
-002620
-003202
-001689
0000058
-002271
-005123
-001223
0004947
0004074
-001398
-004599
-004832
-002853
-000175
0000407
-000757
-001921
-002271
-000641
0001338
0000349
-002271
-003493
-003086
-001980
-000932
-001398
-002620
-002853
-002154
-001223
-000524
-000874
-000815
0002677
0006577
0004656
0000116
0000407
0003318
0003318
0001047
-000932
-001572
0000291
0003201
0004016
0003318
0003085
0003259
0003434
0003259
0002095
0000465
-000466
-001107
-002853
-004017
-001107
0002794
0001513
-002678
-004250
-003493
-002620
-001921
-001165
-000699
-000641
-000815
-000524
-000292
-001107
-002154
-001863
-000815
-000524
-000466
0000174
0001280
0002852
0003434
0000814
-002678
-002853
-000583
0001106
0001164
-001398
-004366
-003377
-000292
0000291
-000990
-001689
-001456
-000408
0001047
0002794
0003259
-000292
-004483
-003319
0000931
0002270
0001280
0001222
0001338
-000350
-001398
0003143
0008615
0006053
-001048
-003842
-002969
-002795
-002736
-001048
0000698
-000175
-002096
-001456
0000873
0002503
0002794
0001106
-000932
-000641
0001280
0002910
0003259
0001746
-000699
-002096
-001921
-000292
0002153
0004424
0005297
0003667
0000465
-002562
-004017
-002620
0000232
0001979
0001862
-000408
-002562
-000699
0003201
0004424
0003492
0003201
0002677
0000349
-002678
-004832
-005181
-002969
-000117
-000583
-002387
-000117
0002735
-000932
-007102
-007451
-003668
-000932
-000292
-001863
-004075
-003668
-001630
-000815
-000757
-000117
0001164
0002968
0004424
0004132
0002503
0000349
-001165
-000524
0001280
0002037
0001629
0000814
-000059
-000932
-000583
0003318
0007101
0004132
-002154
-004192
-002096
0001920
0005122
0003725
-000292
-002213
-002154
-002096
-002387
-003493
-005007
-006054
-006113
-004716
-003027
-003668
-004657
-001456
0002852
0002386
-000932
-001980
-001572
-002795
-004716
-005647
-005239
-003493
-001630
-001630
-002678
-002504
-001630
-001805
-002271
-000932
0000523
-001805
-004774
-001921
0003259
0003550
0000232
-002329
-003319
-002795
-001107
0000756
0001979
0002270
0001688
0000640
-000117
0000000
0000873
0001688
0001920
0000814
-000641
-000408
0000058
-002853
-006171
-003959
0001047
0002794
0001862
0001629
0001513
0000232
-001398
-001921
-001048
0001280
0003725
0004191
0002910
0000756
-000874
-000233
0001338
0000407
-001339
-000466
0001862
0002968
0002794
0001629
0000873
0003201
0005762
0003026
-002096
-003027
-000990
-000175
-000466
-000641
-001165
-002969
-004425
-002504
0000931
0001629
0000465
0000232
-000059
-002969
-006171
-005239
-002038
-001165
-001921
-001339
-000757
-003610
-006287
-001863
0005646
0007800
0005413
0003085
0001513
0000640
0000989
0002619
0004191
0003783
0001688
-000874
-002445
-000874
0002270
0003667
0003085
0001338
-000466
-001048
-000117
0002095
0004249
0004191
0002735
0002386
0002735
0002910
0002619
0001862
0000582
-000990
-002387
-003144
-002969
-001805
-000292
0000698
0000698
-000466
-002329
-004483
-005705
-004425
-001980
-000990
-001339
-001339
-001398
-002213
-003144
-003726
-003086
-000059
0003318
0003434
0001106
-000815
-001980
-002213
-001980
-002445
-002678
-000524
0001920
0000698
-002329
-003027
-001921
-001281
-000874
0000523
0002212
0003085
0002968
0002444
0001280
-001223
-003144
-001398
0001688
0001338
-001514
-003377
-003959
-003901
-002853
-000175
0002503
0002794
0001106
-000757
-002096
-002213
-001281
0000174
0001280
0000931
-000175
-000117
0000582
0000291
-000233
0000407
0001629
0002270
0002153
0001397
0000465
0000000
-000233
-001107
-001980
-002096
-001048
0001455
0003958
0004016
0002503
0001804
0001920
0001629
0001513
0002968
0004132
0001746
-002038
-002562
-000583
0001629
0002852
0001920
-000233
-001514
-001398
0000116
0002037
0002503
0001862
0001688
0001862
0001862
0001746
0001746
0001629
0000698
0000116
0001979
0004947
0006112
0005471
0003841
0002153
0001688
0002212
0002503
0002619
0003085
0003609
0003783
0003667
0003783
0004132
0005122
0005588
0003783
0001164
0000931
0002037
0002037
0000931
-000583
-001980
-002678
-002678
-002504
-001863
-000175
0001688
0002561
0002270
0001106
-000175
-000524
-000117
0000000
-000059
0000000
-000117
-000932
-002096
-003027
-003027
-001339
0001164
0003259
0003550
0000349
-003319
-001456
0003026
0003318
0000756
-000408
0000000
0001047
0002735
0005355
0007101
0005588
0002212
0000116
-000292
0000349
0001804
0003900
0005064
0003550
0000232
-002562
-004017
-003551
-002445
-003493
-005414
-005298
-003901
-003260
-002853
-001398
0000291
0001047
0000582
-001165
-003144
-004017
-003610
-002387
-000757
0000756
0001979
0003143
0003958
0004715
0004191
0000465
-003842
-003842
-001456
-001980
-003435
-000990
0002735
0002212
-000408
0000582
0003201
0002794
0000523
-000233
0000232
0000465
0000291
-000583
-001456
-000699
