-000641
-001747
-002911
-004250
-004599
-001863
0001862
0002677
0000814
-001747
-003551
-002678
-000233
0000814
0000582
0000232
-000059
0000000
-000117
-001398
-002795
-002795
-001048
0002444
0005238
0003492
-001281
-006054
-007626
-001921
0006403
0008673
0005821
0003026
0001571
0002735
0004889
0004424
0002153
0000640
0000407
0001280
0002619
0002794
0002270
0002503
0003143
0002968
0002503
0002619
0003026
0003143
0003201
0004191
0005006
0003550
0001164
0000407
0000931
0001338
0001106
-000175
-001805
-002329
-001514
0000698
0002444
0000814
-002795
-005414
-005938
-003959
-000699
0001746
0002561
0001455
0000058
0001804
0004715
0004191
0002095
0003318
0005937
0005297
0003434
0005122
0007683
0005413
0001106
0000873
0003201
0003201
0001688
0000756
0000756
0001513
0002444
0002037
0001106
0001455
0002503
0003201
0002735
-000292
-003726
-003377
-000815
-000117
-000874
-000641
-000350
-001572
-003901
-006287
-007626
-006869
-004425
-001107
0000931
-001747
-005938
-004948
-000990
0000465
0000000
0000407
0001047
0000640
-000641
-002387
-003086
-000350
0003434
0003550
0001222
0000174
0000582
0001513
0002910
0004540
0005762
0005879
0005238
0004715
0004773
0006112
0007509
0006752
0004715
0003434
0002794
0001397
0000698
0003318
0006810
0006461
0003376
0000291
-001223
0000756
0003434
0001047
-003668
-004425
-002213
-000815
-000117
0001455
0001746
-002969
-008732
-008325
-003668
-000408
0000582
-000233
-001805
-002154
-001398
-000757
-000117
0001397
0002561
0001164
-000815
0000465
0003259
0003376
0001862
0001804
0002386
0001280
0000291
0003201
0007218
0006927
0003550
0000814
-000233
0000698
0002735
0004016
0004482
0005471
0005937
0004307
0001455
-000990
-002736
-004133
-004948
-005239
-004774
-003668
-002329
-001805
-001747
-001107
-000292
0000291
0000058
-001747
-003726
-003668
-002096
-000408
0000698
0000523
-000059
0000873
0002677
0004016
0004365
0003841
0002270
-000757
-003260
-002678
0000058
0002677
0003841
0002677
0000116
-001980
-002213
0001047
0004773
0003434
-000757
-001980
-000990
-000757
-000932
-000757
0000058
0002328
0004074
0002095
-001572
-002445
-001398
-001514
-001921
-000466
0001513
0001629
0000465
-000233
-000175
0000349
0000931
0000407
-000466
-000233
0000640
0000756
0000291
0000000
0000116
0000873
0001979
0003259
0004016
0003201
0001920
0002968
0003958
-000699
-006171
-002504
0005006
0004598
-000466
-000990
0001513
0002328
0001455
0000291
-001107
-002445
-003202
-002620
-001689
-002213
-003610
-004716
-004425
-001281
0002270
0001688
-001456
-002911
-002504
-001630
-000292
0002037
0003492
0001047
-002329
-000466
0003492
0002153
-001630
-001048
0001920
0001862
0000116
0000116
0001629
0003958
0005937
0006461
0005471
0003783
0002270
0002037
0002677
0002968
0002503
0000698
-000932
0000349
0002794
0003085
0000873
-003493
-007451
-006753
-003027
-000815
-000350
0000000
-000175
-001165
-002038
-001107
0000814
0001862
0001222
-002154
-005822
-005589
-002795
-001398
-001048
0000291
0001164
-001223
-004133
-002562
0002153
0006694
0008731
0005704
0000291
-001980
-001339
-000757
0000291
0003201
0006344
0007451
0006868
0007218
0006461
-000117
-006695
-002387
0006636
0006519
0000174
-003668
-003842
-000524
0003550
0002677
-000641
0000174
0002735
0001629
-001689
-003668
-003726
-002038
-000175
-001107
-003435
-003726
-002213
-000350
0001164
0001862
0001455
0000000
-001747
-002620
-002038
0000640
0003550
0003550
0001455
-000466
-000990
0000873
0003492
0003085
0000931
0000407
0001513
0003550
0005588
0006228
0005122
0002270
-000641
-001223
0000407
0002910
0004831
0004482
0002270
-000408
-002387
-002562
-001689
-001630
-002213
-002387
-002038
-000990
0000349
0001164
0001106
-000175
-001689
-001572
-000350
0000640
0001222
0001979
0001979
-000583
-003435
-002038
0001746
0003725
0003609
0002095
0000407
0001047
0002444
0000523
-002096
-000292
0003550
0004424
0002794
0001455
0000756
0000989
0001280
0000000
-002096
-003377
-004133
-006054
-007393
-005065
-001339
-001048
-002795
-002096
-000583
-001980
-004425
-003842
-001514
-000757
-001165
-000699
-000583
-003319
-006113
-003610
0001047
0000873
-001572
0000582
0004656
0004656
0002037
0000698
0001047
0002328
0003900
0004656
0004249
0002212
-000059
-000233
0001280
0003026
0004016
0003143
0001280
0000931
0001222
-000175
-001747
-000117
0002386
0000931
-002678
-004133
-003959
-004541
-005298
-005123
-004075
-002329
-001223
-003027
-005705
-005181
-002795
-002504
-003260
-002271
-000815
-001630
-003610
-004483
-004133
-003144
-002096
-001980
-002038
-000292
0001804
0001571
0000407
0001571
0003550
0002677
0000698
0001222
0002968
0002153
0001164
0005413
0010477
0007916
0001280
-000815
0001164
0003550
0005413
0005879
0004482
0000873
-002096
0000174
0004424
0003783
-000292
-002795
-003901
-005472
-006404
-004832
-002213
-001572
-002387
-002562
-002620
-004425
-006229
-004774
-002154
-002853
-005414
-005996
-004890
-003668
-002038
0000873
0003201
0001920
-000757
0000407
0002852
0000931
-002911
-003435
-000874
0002677
0005180
0004074
0000814
-001165
-001572
-000932
-000292
-001281
-002969
-003493
-002213
0001571
0004947
0003259
-001048
-002329
-001281
-001281
-002038
-002678
-003086
-003435
-003435
-002853
-002271
-002620
-003784
-005123
-005822
-004716
-003202
-003959
-005938
-006928
-006054
-002445
0001338
0001106
-002213
-005880
-008150
-007568
-005123
-003435
-002678
-001980
-001689
-002969
-003551
0000989
0006752
0006112
0001571
0000232
0001280
0001629
0001338
0000698
0000058
-000117
0000232
0001164
0001920
0001280
0000058
-000059
0000232
-000757
-002038
-001630
-000524
-001165
-002620
-002853
-002213
-002154
-001805
0000523
0002735
0001106
-002795
-005531
-006171
-005065
-002504
0001047
0003725
0002852
0000582
0001571
0003900
0002968
-000175
-002678
-003610
-002504
-000408
0000873
0000640
-001281
-003144
-001863
0001106
0002212
0001571
0000582
-000350
-000699
-000524
-000350
-000117
0000523
0000931
0000291
-000699
-000524
0000000
-000990
-002620
-002911
-001921
-000059
0001571
0000756
-000874
0000232
0002677
0002852
0001979
0003376
0005471
0004831
0002968
0003550
0005064
0003900
0001455
0000931
0001746
0002095
0001920
0001164
0000698
0002328
0004016
0002212
-001514
-003668
-003319
-000117
0003841
0005297
0004132
0001920
-000815
-004250
-006287
-004192
-000292
0000523
-001223
-002969
-004017
-004541
-003260
0001746
0006636
0004482
-001456
-003610
-002213
-000466
0001397
0003434
0004715
0004016
0002619
0003259
0005064
0005821
0004889
0001338
-002096
-000757
0003318
0005064
0004249
0001513
-000874
0000698
0004249
0005122
0003900
0002968
0002619
0002386
0002503
0002910
0003085
0002386
0000989
-000408
-001456
-001980
-001689
-000641
0000698
0001629
0002037
0002037
0001804
0001513
0000814
-001281
-003610
-004017
-003319
-003610
-004308
-003377
-002562
-005065
-008790
-009722
-007743
-003784
0000232
0001397
0000640
0001280
0002444
0001979
0000756
0000523
0001455
0003434
0004831
0003143
0000116
-000583
0000582
0001455
0001862
0001804
0001164
-000233
-001107
0000582
0003434
0004424
0003725
0002386
0001571
0003259
0005064
0002095
-003086
-004832
-003784
-002853
-002038
-000117
0001106
-001514
-005472
-005705
-003610
-003668
-004599
-003086
-001107
-003027
-005589
-002038
0004307
0006461
0004598
0001338
-001339
-000524
0002386
0003550
0002968
0001688
0000291
-000233
0000116
0000698
0001338
0002444
0003201
0003085
0002037
0000232
-000932
0000931
0004016
0004889
0003434
0000756
-001689
-001514
-000408
-002969
-006113
-003493
0001571
0001746
-001398
-003202
-002969
-000408
0002386
0001688
-000990
-002038
-000932
0002153
0005064
0004540
0001571
-000874
-001630
-000350
0002386
0004947
0006461
0006170
0004947
0004831
0005238
0004482
0002677
-000583
-002969
-000932
0002968
0003201
0000931
-000175
0000232
0002328
0004307
0002910
0000058
0000116
0001629
0001106
-001107
-004133
-005705
-002562
0002212
0002619
-000350
-003202
-003901
0000291
0005355
0003725
-002329
-007044
-007626
-000815
0007451
0005995
-000990
-002678
0000058
0002037
0003900
0008324
0011642
0007451
0000349
-000059
0004365
0006927
0007683
0008731
0009022
0007159
0004249
0002095
0001397
0002503
0003841
0002270
-000524
-000466
0000873
-000524
-003027
-003435
-001863
0000291
0001804
0001106
-001165
-002911
-003610
-003260
-002504
-002853
-004133
-005822
-006578
-004541
-001514
-001107
-002445
-002795
-001921
-000059
0001571
0000873
-000932
-001107
0000116
0001571
0002619
0003085
0002561
0000640
-000990
0000291
0003085
0004831
0004598
0001862
-001223
-000233
0002037
-000757
-005239
-004133
0000291
0002212
0001979
0002212
0002212
0000232
-001805
-000990
0001455
0002328
0001979
0002386
0002735
0001164
-000990
-001048
-000524
-003144
-005996
-003551
0001047
0000989
-002329
-004774
-005181
-002853
0000814
0003085
0003667
0003318
0002677
0002619
0002968
0003026
0002444
0000116
-001514
0001920
0006519
0004365
-000990
-001165
0001629
0001164
-001107
-001630
-000932
-000874
-000990
-000408
0000582
0001280
0001513
0001164
-000059
-002562
-004599
-003027
0000116
0000640
-000815
-001863
-001805
0000349
0002794
0002153
-000059
-000233
0001280
0002968
0003841
0002503
0000291
0000291
0001513
0000989
-000233
0000291
0001397
0000349
-001223
-000117
0002444
0004016
0003550
0000582
-002911
-003319
-001048
0001629
0003725
0004016
0003026
0002735
0002386
0000058
-002853
-004017
-003435
-001863
-000583
-001165
-003202
-005239
-006578
-007160
-006287
-003027
0000582
0001455
-000059
-001630
-002795
-003842
-003668
-000815
0003026
0004889
0004656
0003900
0002794
0001571
0000582
-000350
-000874
-000641
0000232
0001338
0002153
0001862
0001629
0004191
0006810
0004831
0000174
-002678
-003027
-002096
0000407
0005297
0008848
0005646
-001223
-004948
-004890
-002620
0000232
0000582
-000874
-001281
-001863
-005647
-009547
-008499
-003959
-000757
0001106
0003783
0004947
0001222
-004192
-004948
-002445
-001339
-001456
-001048
-000815
-001689
-002911
-003086
-002038
0000523
0002619
0000582
-003027
-002911
0000116
0003900
0005762
0002037
-003668
-003842
-000292
0001047
0001106
0003026
0005122
0004307
0001862
0001338
0001164
-002504
-007044
-007335
-004832
-003784
-004308
-005239
-005996
-005647
-004657
-004308
-004599
-005647
-006229
-004425
-001572
-000757
-001339
-001339
-000815
-000408
-000233
-000466
-000932
-001398
-002154
-004657
-006520
-004192
0000814
0005180
0007392
0007101
0005006
0003085
0002270
0003085
0004598
0004482
0003434
0003434
0003783
0002852
0000873
-001921
-003551
-001107
0002619
0002153
-000699
-000932
0000523
0001047
0000465
-000932
-002387
-002736
-001980
-000641
0000931
0002386
0002852
0001571
-001456
-006229
-009780
-007743
-003086
-002620
-004541
-003551
-001048
-000350
-000990
-001339
-001339
-001572
-001514
-000466
0000523
-000874
-002853
-001456
0001338
0001106
-000874
-001048
-000117
-000233
-000641
0000349
0001397
-000233
-002445
-000874
0002270
0001746
-001165
-002969
-003202
-002154
-000874
-001514
-002620
-000990
0002037
0003259
0002910
0002735
0002794
0002910
0002735
0001513
0000116
0000232
0000698
-001048
-003144
-001689
0001455
0002153
0000989
0000116
0000232
0002386
0004773
0003609
0000814
0000640
0002386
0003259
0002910
0000931
-001398
-001921
-000990
0000174
0000989
0000814
0000232
0001222
0002212
-000117
-003901
-005414
-004716
-003144
-001339
0000291
0000349
-003319
-007510
-006287
-001514
0002153
0002968
-000059
-004425
-005007
-003086
-003086
-004017
-002969
-000815
0000465
0000989
0001513
0002037
0002910
0003783
0004307
0004365
0003958
0003550
0004074
0004715
0003900
0002270
0001688
0001571
0000582
-000524
-000175
0000756
-000117
-001281
0000349
0002910
0002328
-000059
-001048
-000699
-000233
0000000
-000466
-001339
-001805
-001980
-001863
-002387
-004716
-007801
-010129
-010420
-007568
-003551
-001514
-001630
-002678
-003726
-003551
-002329
-000815
0000174
-000524
-001572
-000408
0002037
0003085
0002852
0002444
0001746
0000291
-000815
0000058
0002095
0003376
0003725
0003434
0002910
0002794
0003026
0003143
0002503
-000350
-002853
-000292
0004424
0005180
0002677
0000523
-000874
-001514
-001805
-003319
-004657
-003086
-000233
0000232
-000932
-001223
-000757
0000000
0000582
0000174
-000466
-000292
0001047
0004365
0006868
0004016
-001223
-002387
-000583
0000000
-000292
-000117
0000407
0001280
0001280
-001921
-005298
-003610
0001164
0004016
0004773
0005122
0004656
0002153
-000117
0001920
0005588
0005180
0002270
0001397
0002212
0002735
0002677
0002037
0000873
-000641
-002154
-003726
-004075
-001398
0002328
0003783
0002735
0000523
-002038
-004075
-004716
-003144
-000641
0000465
0000291
0000058
0000000
0000174
0000291
-000408
-001165
-000408
0001164
0002153
0002212
0001397
0000407
0000582
0001629
0002503
0003201
0004424
0005297
0004598
0002561
-000292
-002445
-001747
0000058
-000990
-003668
-004657
-003959
-002736
-001456
-000757
-000815
-001456
-002329
-002911
-003377
-004774
-005472
-002678
0000931
-000117
-003726
-004425
-002969
-002795
-002387
0002212
0006636
0003143
-003842
-004832
-000466
0005588
0010419
0011176
0007800
0001513
-003726
-002504
0002677
0005006
0004715
0004831
0004889
0003667
0002328
0003085
0004365
0002677
0000116
0001164
0003783
0002968
0000523
0000756
0002444
0002735
0001513
-000350
-002213
-003551
-003726
-002271
-000233
0000640
0000174
-001048
-001980
-001223
0000523
0001629
0001397
-000583
-003027
-003959
-003144
-001456
0000232
0000756
0000291
-000408
-000350
0002153
0004773
0002968
-000583
-000175
0002561
0002619
0001397
0002735
0004715
0003609
0000756
-000466
-000059
0000989
0001746
0000582
-001107
-000292
0001280
-000815
-004075
-003610
-000990
-000117
-001165
-003435
-005472
-005531
-003784
-001398
0000349
-000350
-002329
-002504
-001980
-004017
-006404
-005065
-001572
0000058
0000116
0000407
0000756
0000407
0000000
0000174
0001222
0003434
0005122
0003376
0000000
-001048
0000116
0001862
0003259
0002852
0001862
0002910
0005064
0005704
0005122
0004598
0004016
0002503
0001222
0001920
0003259
0002619
0000931
0000814
0001397
0000640
-000408
0000756
0002619
0001629
-000350
0001222
0003725
0001338
-003027
-002736
-000583
-003784
-008674
-007510
-002795
-000990
-001223
-000175
0001571
0002735
0003143
0003143
0002677
0001397
0000116
-000175
0000523
0001979
0003201
0003143
0002328
0002619
0003725
0005064
0005588
0003609
0001106
0001629
0003725
0003550
0001629
-000524
-001805
-000524
0000756
-003260
-008674
-007510
-002271
0000698
0000640
-001630
-004599
-005647
-004716
-002969
-001165
-000699
-000990
-000059
0000756
-001630
-004192
-000641
0004889
0003958
-000874
-003027
-002038
0001164
0004191
0002619
-000699
0000291
0004307
0008207
0008964
0002328
-006695
-008790
-005181
-001980
0000582
0004365
0006344
0001862
-004308
-002678
0002968
0002619
-001456
-002329
-001747
-004308
-007801
-007626
-005298
-004774
-005065
-003319
-000932
-000932
-002445
-003319
-002969
-000990
0001164
0000756
-001048
-001048
0000058
0000174
-000524
-001863
-002387
-000175
0003434
0005530
0005588
0003841
0001513
0000407
0000989
0003492
0005355
0002037
-003086
-003144
0000407
0002503
0002852
0002270
0000698
-001863
-004192
-004541
-003493
-003377
-002795
0001338
0005588
0004016
-001165
-004075
-004425
-003842
-002795
-001630
-001223
-002911
-004483
-001630
0002561
0002095
-001398
-003551
-003493
-000932
0001804
0001047
-002387
-006113
-007917
-004948
-000175
0000523
-001630
-002271
-001805
-001863
-001514
0001280
0004598
0004715
0002677
0001397
0001455
0003259
0005588
0006403
0005180
0001804
-001514
-001107
0001513
0002270
0001513
0000931
0000116
-002154
-004832
-006462
-006578
-005181
-003027
-001223
-000408
-000757
-002154
-004250
-006171
-007335
-007102
-005123
-002911
-002969
-004948
-007102
-008092
-006113
-002795
-001572
-002038
-002795
-002504
0001047
0005238
0005064
0001979
0000174
-000175
-000059
0000000
-001339
-002969
-002736
-001281
0000000
0000232
-001572
-003784
-003202
-001048
-000292
-000990
-002271
-003086
-001281
0000465
-003144
-008441
-007801
-003610
-001980
-002562
-002504
-002271
-003202
-004250
-003726
-001805
0001047
0003143
0002503
0000000
-001980
-002504
-001107
0000873
0000756
-000583
-000815
-000408
-001281
-001805
0001222
0005122
0005006
0001979
-000175
-000932
-000350
0000407
-000932
-002678
-000699
0001979
-000699
-005763
-006753
-004250
-000583
0001513
-001921
-007626
-009489
-006869
-001281
0004191
0005588
0002910
-001747
-005298
-003551
0000931
0001862
0000232
-000233
0000116
0000000
-000466
-001281
-001747
-001398
-000233
0001455
0002794
0002386
0001338
0002386
0003783
0001804
-001630
-002445
-000874
0001455
0003434
0003376
0002212
0002386
0002503
-001223
-005414
-003784
0000931
0002037
0000465
-000292
-000699
-001921
-003726
-005938
-006928
-004075
-000117
-000350
-003086
-003610
-002795
-003726
-005007
-003435
-000874
-001107
-002678
-002213
-000408
0000407
0000349
-000117
-000524
-000175
0000756
0002153
0002910
0001164
-001398
-001630
0000291
0002794
0005064
0006636
0006636
0004132
0001222
0002037
0004307
0002677
-001165
-002736
-002271
-001223
0000058
0001688
0001979
-001514
-006054
-006404
-003551
-001107
0000291
0001164
0000640
-002213
-005298
-004948
-002445
-001747
-001921
-000059
0002386
0002910
0001920
0001106
0000814
0001106
0001688
0001804
0001920
0003492
0004598
0001804
-002271
-002969
-000524
0003026
0005937
0006112
0004016
0001047
-001223
-001107
0000116
-000874
-002387
-000175
0003201
0002037
-001281
-001165
0000698
-000524
-002911
-001980
0000116
-001456
-004075
-002096
0001746
0001513
-001456
-003260
-003668
-003377
-002853
-003027
-003668
-004075
-003959
-003260
-002329
-001398
-001281
-002969
-004832
-003726
-000990
0000232
0000174
0000291
0000523
0000291
0000465
0002328
0004947
0007218
0007858
0005995
0002735
0000582
0000116
0001280
0002677
0001746
-000583
-002213
-002445
-001107
0000931
0002561
0002619
-000175
-003959
-005181
-004192
-003144
-002038
-000699
0000873
0003318
0004715
0002328
-002154
-005356
-005880
-002736
0001280
0000698
-002096
-001339
0001862
0003783
0004656
0006228
0007043
0004773
0001280
0000407
0001338
0001106
0000523
0001455
0003201
0004540
0004773
0002735
0000058
-000292
0000873
0000931
0000058
-001398
-001980
0000756
0004074
0002794
-001048
-002562
-001572
0000756
0002852
0002444
0000698
0001047
0002037
0000814
-001863
-003784
-004599
-004716
-003901
-001630
0000756
0001455
0000756
0000174
-000175
-000466
-000350
0000232
0001688
0004715
0007334
0006170
0003026
0002270
0003085
0002852
0002212
0002910
0004074
0004424
0003376
0000174
-003260
-003901
-002678
-002969
-003493
-001223
0001746
0001513
-000874
-002154
-002154
-001805
-001281
-000641
-000466
-001805
-003202
-001863
0000582
0000756
-000699
-001805
-002271
-002387
-001514
0001629
0004249
0001571
-003668
-005531
-003842
-000583
0002561
0003550
0002735
0001804
0001688
0003783
0006286
0005879
0003318
0000582
-000408
0003143
0007974
0007974
0004656
0003085
0002735
0000814
-001107
-000292
0001513
0000582
-001630
-001165
-000059
-002504
-006637
-008092
-007044
-004948
-003144
-003260
-004657
-005239
-004425
-001689
0000814
-000699
-003842
-003027
-000117
0000291
-001165
-002271
-002736
-002911
-002329
-000699
0001455
0003783
0005064
0003667
0001455
0002270
0004365
0003667
0001455
0000523
0001222
0003026
0005122
0006461
0006112
0003434
0000349
0000058
0002212
0005064
0006286
0002561
-002969
-004250
-001863
0000931
0002328
0000232
-003726
-005822
-005822
-004832
-003086
-000641
0000698
-001747
-005123
-003901
0000000
0001629
0000814
-000990
-002620
-002387
-000932
-000117
0000116
0000698
0001338
0001222
0000814
0000756
0001047
0001455
0001862
0002328
0002910
0004249
0005064
0003143
0000640
0001571
0004715
0007159
0007625
0005122
0001106
-001456
-002271
-002271
-001689
-000815
-000175
-000059
-000233
0000000
0000407
0000232
0000058
0000931
0002212
0003201
0002677
-001223
-005705
-006171
-003493
-001223
0000232
0001629
0002153
0000931
-000932
-001572
-000583
0002095
0004424
0002910
-000059
0000989
0004191
0004889
0003201
0000407
-001747
-000059
0002619
0000116
-004308
-003959
-000292
0002212
0003085
0003143
0002386
0000814
-000466
-000117
0001164
0001862
0001455
-000583
-002736
-002213
-000757
-002445
-005356
-005705
-003610
0000000
0002619
0000291
-003784
-002853
0001222
0003318
0003143
0001513
-000583
-001281
-000815
-000350
0000174
0001397
0002153
0000523
-001921
-001921
-000350
-000583
-000874
0003026
0007567
0006286
0001397
-001689
-002329
-001572
0000174
0002444
0003609
0001746
-001630
-003202
-003377
-004308
-005123
-004017
-003086
-006229
-010944
-012690
-010653
-005239
0000349
0001222
-001689
-004774
-006229
-004308
-001165
-001398
-003959
-005822
-005938
-003144
0000291
-000059
-002387
-002096
0000000
0001338
0001979
0002328
0002561
0003259
0003609
0001746
-000117
0001862
0005821
0007509
0006810
0005180
0002852
0000058
-002445
-004657
-005123
-001805
0002328
0001688
-001863
-003260
-002736
-002213
-001921
-002620
-003260
-001921
0000000
-000059
-001863
-004483
-006171
-004366
-001107
-000641
-001921
-001339
-000583
-003668
-007684
-007277
-003726
-000874
0000698
0001629
0000931
-002445
-006171
-006578
-003901
-000408
0002619
0004074
0003900
0003085
0002037
0001047
0000989
0003376
0005879
0004249
0000640
0000291
0001862
0001513
0000465
0001688
0004191
0006577
0006810
0002328
-003610
-005181
-002736
0001164
0004016
0002910
-001747
-008092
-011992
-007510
0000814
0003259
0000989
0000349
0000349
-001805
-004192
-003726
-001572
-000757
-000874
-000350
0000291
-000292
-001339
-001805
-000874
0002503
0005471
0002852
-001980
-001921
0001455
0003492
0003667
0002503
0000291
-002387
-004366
-004308
-002736
-001165
-000117
-000059
-000524
-000874
-000233
0002735
0005704
0004365
0000814
0000291
0001222
-000408
-003086
-003435
-002271
-001747
-001921
-002038
-002213
-002562
-003202
-004890
-006287
-005472
-003144
-001107
-000292
-002096
-004308
-003086
0000232
0001979
0002270
0002503
0002328
0000756
-001339
-002387
-002387
-001921
-001339
-000583
-000466
-001805
-003493
-003435
-001630
0001629
0003609
-000641
-006520
-005007
0000523
0001920
-000292
-002504
-004250
-005647
-005472
-002096
0001746
0001106
-002271
-004075
-003784
-001863
-000175
-002736
-006229
-003610
0001862
0002561
0000232
0000291
0001862
0002677
0002561
0001862
0001106
0001280
0002503
0005122
0007159
0005238
0001455
0000640
0001746
0001164
-000117
0000291
0001513
0001979
0001280
-000699
-002620
-002387
-000641
0000873
0001106
-001048
-003959
-004308
-003260
-004017
-005531
-005065
-003901
-005298
-007044
-004716
-000932
-001048
-003319
-002795
-000583
0000116
-000117
0000931
0001746
-000932
-003726
-000117
0006344
0007567
0004947
0002852
0002444
0004540
0006985
0005704
0002212
0000000
0000232
0003667
0007625
0007101
0003667
0001979
0001979
0002386
0002968
0003725
0004191
0003725
0003085
0003958
0004307
0000291
-005181
-006345
-003668
-000059
0002561
0001455
-001165
0000174
0003201
0002503
-000175
-000583
0000582
0000931
0000465
-000641
-001456
-000815
0001397
0005762
0008557
0003550
-003901
-002504
0003492
0003085
-000641
0000407
0004074
0005180
0004016
0002561
0001688
0002212
0004016
0006286
0007683
0006519
0003550
0000407
-001398
-000292
0002386
0003492
0002968
0002212
0001047
-001456
-003260
-000583
0003143
0000989
-003959
-004366
-001921
-002154
-003551
-002213
-000117
-001514
-003901
-001398
0002386
0000000
-005472
-006695
-004366
-002271
-000408
0002561
0004889
0004132
0001571
0000582
0000698
0000000
-000815
-000350
0000291
-001048
-003086
-003319
-002038
-000641
0000523
0001338
0001513
0001280
0000582
-001048
-002329
-001165
0000989
0000756
-000874
-001339
-001398
-003144
-005123
-005065
-002853
0001280
0004831
0004249
0001338
0000523
0001688
0003143
0003783
0002095
-000466
-000757
0000582
0001513
0002037
0002735
0003492
0004424
0004947
0004074
0002794
0003201
0004656
0005471
0005297
0004482
0003026
0001222
-000408
-001630
-001747
0000000
0002212
0002037
0000814
0001804
0004191
0006403
0006810
0003318
-001980
-004890
-005531
-006287
-006113
-003202
0000349
0001222
-000350
-002387
-003668
-002562
-000175
0000640
0000291
0000698
0001513
0002270
0002735
0002794
0003026
0005238
0007334
0005762
0002153
-000059
-000117
0001746
0004132
0004365
0003201
0003259
0004424
0005646
0006519
0006577
0005530
0003318
0001222
0001804
0003143
0000873
-002504
-001456
0001455
0000058
-003726
-005239
-004308
-001630
0000582
-001048
-004599
-005705
-004308
-001630
0000349
-001630
-005123
-004832
-002154
-001107
-001514
-001980
-001805
0000232
0002619
0002619
0001106
0000756
0000989
0000174
-001165
-002154
-001863
0000349
0003667
0006868
0007800
0003958
-001863
-004308
-002969
0000232
0004249
0008731
0010419
0005122
-002154
-001514
0003550
0003725
0000582
-000466
0000058
0000000
-000524
-000990
-001165
-000815
-000466
-000990
-002096
-003144
-003260
-001281
0001397
0002503
0001571
-001165
-004483
-006753
-006753
-003551
0000989
0003841
0004191
0002212
-000524
-001281
-000815
-001921
-003610
-003610
-002504
-001863
-001805
-002678
-002969
0000232
0004191
0003667
0000000
-002969
-003726
-001048
0002852
0003725
0001804
-001281
-003551
-002445
0000291
0000349
-000932
0000232
0002328
0002386
0000989
0000291
0000232
0000291
0000232
0000116
-000583
-002620
-004832
-005356
-004075
-001572
0001047
0002561
0002910
0003318
0003026
0000116
-002795
-001165
0002735
0004016
0002735
0000523
-001281
-000699
0000989
0000989
-000524
-002387
-003610
-003144
-001339
0000698
0001804
0000407
-001747
-000757
0001688
0001222
-000699
-000815
0000174
0000058
-000932
-001980
-002329
-000641
0001513
0001280
-000990
-004425
-006287
-002736
0002910
0003609
0000756
-001048
-000932
0001397
0004365
0005122
0004074
0003492
0002910
0001222
-000583
-000815
-000292
-001048
-002387
-002387
-001223
0000465
0001862
0001862
0000698
-000932
-001921
-000524
0001222
-000815
-004075
-002911
0000640
0001455
0000058
-001223
-001980
-002329
-001689
0000989
0003026
0000116
-005007
-006054
-004250
-003551
-003901
-004483
-004599
-003027
-000874
-000524
-001398
-001514
-001048
-000699
-000583
-000990
-000932
0001804
0005180
0005879
0004307
0002619
0001397
0000814
0001164
0002561
0003783
0002735
0000814
0000698
0001920
0002735
0002619
0001455
-000815
-004657
-007451
-005647
-000874
0003259
0004715
0001920
-002853
-005531
-004948
-001048
0002677
0000291
-005472
-008034
-007335
-005705
-004017
-002911
-003319
-006229
-008849
-005763
-000641
-001048
-004948
-006520
-005531
-003319
-001048
0000058
-000466
-002504
-004425
-003551
-001339
-001572
-002445
0000349
0004424
0005122
0003259
0001513
0000698
0001455
0002910
0002852
0002037
0002386
0002735
0000931
-002038
-003842
-004308
-004133
-003726
-003784
-004250
-004948
-005239
-003959
-001921
-000932
-001107
-001747
-002620
-003610
-004250
-003784
-002969
-003027
-003493
-002736
-001572
-001747
-002387
-001514
-000117
-000524
-001514
-000292
0001746
0002095
0000640
-002038
-004657
-005763
-004483
-000059
0004715
0005530
0003259
0001338
0000174
-000408
-000524
-001339
-001630
0000523
0003201
0002444
-000175
-000815
-000117
-000233
-001223
-002620
-004250
-005705
-006695
-007335
-007219
-005647
-004192
-006054
-008034
-003610
0003143
0003958
0000698
-000990
-000932
-000408
-000292
-002445
-004599
-002445
0001920
0003725
0003143
0002037
0001106
0001222
0001746
0000989
-000292
0000000
0001106
0001455
0000814
-001048
-002620
-001572
0000640
0000756
-000583
-001048
-001165
-002271
-003959
-005589
-006345
-004948
-002678
-002154
-002329
0000058
0002444
-000641
-005647
-005239
-001805
-002154
-003784
-000350
0004482
0002968
-001514
-000815
0002561
0002212
-000233
-000699
0000931
0003958
0006577
0005937
0003434
0002794
0003259
0002328
0000523
-001223
-001689
0000582
0003667
0003900
0002270
0001571
0001979
0003085
0004016
0003318
0001804
0001862
0002444
0000873
-001281
-000233
0001571
-000990
-005007
-003959
-000641
-001514
-005007
-007219
-006637
-001456
0004773
0006228
0003085
-002038
-006404
-006928
-003377
0003259
0008207
0004016
-004075
-004366
0000407
0001106
-000408
0001164
0003900
0003609
0001338
-000059
-000408
-000757
-000292
0002852
0006112
0005180
0001920
0000931
0001862
0002328
0003143
0006286
0008964
0006228
0000931
0000058
0001571
-000350
-003610
-003842
-002329
-002911
-004599
-005007
-004425
-004075
-004017
-003668
-003377
-004017
-004657
-003726
-002213
-002154
-003027
-003027
-002387
-001805
-001630
-002038
-003027
-004425
-004948
-002795
0000582
0002212
0002153
0001862
0001513
0000931
0000640
0001688
0002794
0001513
-000466
0000116
0002270
0003376
0003492
0003958
0004132
0002735
0000640
-000408
-000932
-002678
-004657
-005647
-004716
-000583
0003609
0002386
-002038
-004017
-003610
-002969
-001805
0000232
0002852
0006112
0008091
0006228
0002561
0001746
0002444
0000814
-001398
-000583
0001804
0002677
0001920
0000698
-000350
-000408
0000698
0002503
0004365
0005064
0005006
0005646
0005879
0003492
0000058
-001223
-000874
-001398
-001921
-000757
0000873
0000640
-000874
-001921
-002445
-003319
-003610
-002038
0000232
0000814
-000059
-001514
-002387
-000699
0001862
0001920
0000116
-001398
-002096
-001921
-000990
0000640
0002153
0002794
0002503
0002037
0001804
0002386
0003550
0004889
0005471
0003841
0001164
-000408
-000815
-001281
-000990
0001746
0004831
0004540
0001979
0000407
0000058
0000058
0000291
0000873
0001047
-000117
-001630
-001805
-000524
0002212
0004132
0001513
-003260
-005007
-003726
-000815
0001455
-000466
-004366
-004948
-003377
-003319
-004250
-004541
-003726
-001107
0001979
0003376
0002444
-001107
-004716
-004366
-000699
0004598
0007625
0003026
-004599
-005763
-001281
0003725
0007683
0010361
0009546
0002968
-004541
-004425
0000349
0000931
-000990
-000059
0002095
0002386
0001164
-000059
-000466
0000698
0002735
0004191
0004074
0001397
-002387
-004716
-004832
-002795
-000583
-001863
-004483
-003377
-000583
-000874
-003086
-003493
-002736
-002620
-003027
-003842
-003784
-000233
0003900
0003434
0000582
0001280
0003259
0000698
-003319
-002445
0001164
0001920
0001047
0002386
0004831
0005995
0005413
0003085
0000291
-000874
-000641
-000699
-000815
-000524
0000174
0001455
0001979
-000350
-003901
-005414
-004832
-003144
-001339
-001281
-002096
-001514
-000583
-001980
-004075
-003319
-000932
-000175
-000408
0000116
0001164
0002328
0003026
0002619
0001397
0000407
-000408
-001689
-002620
-001863
-000175
0000640
0001047
0002503
0003900
0003143
0001513
0001804
0002677
0001222
-000990
-000466
0001571
0001862
0001397
0003259
0005180
0002794
-001805
-004075
-003901
-002562
-001339
-002504
-004308
-002736
0000523
0001688
0000523
-002213
-004541
-003144
0000058
0000698
-000292
0000465
0002037
0002153
0001164
0000407
-000233
-001747
-002562
-000524
0003085
0005471
0005995
0004656
0002735
0002677
0003085
0000407
-002911
-001863
0001629
0002910
0002212
0001746
0001513
0001164
0000873
0000465
0000407
0001688
0003143
0002910
0001164
-001107
-003377
-005531
-006404
-004483
-001339
-000117
-000233
0000814
0001804
0000116
-002736
-003726
-003610
-004948
-006287
-004774
-001747
-000292
0000174
0001746
0003143
0002095
0000058
0000931
0002270
-000990
-005822
-005763
-002387
-000699
0000232
0003492
0006752
0006053
0002561
-000292
-001630
-001339
0000232
0002212
0002910
0000116
-004192
-006578
-006113
-002795
0001629
0004656
0004424
-000757
-007277
-008616
-006462
-006753
-007917
-005647
-002213
-002038
-004017
-004657
-003842
-002329
-000815
-000117
-000757
-003377
-005531
-003260
0001106
0002153
0000989
0001222
0002153
0001629
0001047
0003143
0006403
0008091
0007392
0003783
-000117
0000116
0002794
0002910
0001571
0001862
0002852
0002270
0000582
-000757
-001339
-000408
0000407
-001921
-005414
-006404
-004948
-002620
-000699
-000990
-002387
-001863
-000699
-002213
-004366
-002969
-000175
-001048
-003319
-001921
0000931
-000117
-003086
-003319
-001572
-000350
0000000
-000408
-001281
-001980
-001456
0001920
0005937
0006577
0004482
0002212
0001164
0003259
0005762
0002852
-002271
-002736
-000466
-001107
-003435
-004075
-002969
-000641
0001338
0000698
-001223
-001281
-000350
-001107
-002853
-003435
-003202
-002969
-002853
-002853
-002678
-001514
-000641
-002445
-005007
-004425
-002154
-001630
-002736
-004366
-005531
-004599
-002445
-000874
0000058
0001280
0002212
0001804
0000640
-000408
-000874
-000990
-000524
0000640
0001688
0001513
0000232
-001572
-002736
-001863
-000059
-000175
-001048
0000465
0002619
0002153
-000350
-002620
-003959
-003435
-002271
-003027
-004774
-005181
-004250
-002795
-001223
-000292
-000233
-000932
-002213
-003610
-004541
-004948
-004017
-000466
0002968
0001688
-002562
-005123
-005763
-006287
-005414
-001339
0003609
0005588
0004482
0001862
-000990
-002562
-002271
0000174
0002212
-000815
-005123
-002969
0002561
0003841
0001862
0000349
-000117
0000698
0002037
0002561
0001688
-001398
-004250
-002271
0001106
-001747
-007102
-006578
-002213
-000059
-000233
-001630
-003260
-003435
-002678
-002504
-002562
-001165
-000059
-002504
-005763
-004716
-001048
0001047
0001455
0001629
0001222
-000583
-001921
0000174
0003725
0004424
0003201
0003085
0003550
0002735
0001397
0000698
0000582
0000349
-000059
-000815
-001165
0000349
0002212
0001513
-001339
-005298
-008208
-007160
-003842
-002445
-002911
-003668
-004366
-004890
-004948
-004483
-003784
-003493
-003260
-001980
-000757
-001747
-003435
-002853
-000699
0000989
0001688
0001047
-000524
-002154
-002853
-001980
-000117
0001106
0001571
0001862
0002037
0002212
0002037
0000407
-001339
-001165
0000407
0001164
0001513
0002852
0003783
0001746
-001339
-001863
-000466
0000116
0000174
0000756
0001397
0001397
0000640
-001165
-002795
-002678
-001456
-000815
-001165
-002736
-004425
-004192
-002445
-000815
0000174
0000174
-000757
-002329
-003784
-003784
-003144
-003901
-004541
-002271
0001920
0005995
0008207
0006810
0003318
0000931
0000582
0002153
0004074
0003376
0001164
-000117
0000523
0004191
0007858
0006170
0001397
-000699
-000408
0000000
0000349
0000931
0001455
0002153
0002153
-000233
-003435
-004832
-003959
-001048
0001979
0001629
-000524
-000757
0000349
0000407
0000291
0002095
0004132
0003259
0000698
-000583
-001165
-003377
-005123
-002387
0001746
0001397
-002271
-005356
-006637
-005298
-002445
-000292
0000291
-000990
-002445
-000757
0002677
0004773
0004540
0001397
-001689
0000523
0005355
0006694
0004831
0002561
0001106
0002444
0004307
0002095
-002271
-004250
-003668
-002038
-000117
0001164
0001338
0000000
-001281
0000174
0002735
0002677
0000873
-000233
0000058
0002503
0005122
0004016
0001513
0002677
0006053
0008382
0007742
0001629
-005181
-004657
0001164
0005588
0007451
0007276
0005122
0001746
-000990
-000641
0001629
0002037
0001746
0003900
0005995
0002735
-002329
-001689
0002095
0002328
0000349
0000698
0001862
0000291
-001863
0000116
0003783
0003958
0001513
-000466
-001747
-003377
-004192
-002387
-000059
-001339
-004017
-003202
-000175
0001688
0002212
0003085
0003026
-000117
-003842
-003668
-000815
0000989
0001746
0002444
0003143
0004249
0004773
0002503
-000059
0002270
0006053
0003958
-001281
-002795
-001747
-002504
-003260
-000175
0003725
0002561
-001048
-000757
0001338
0000058
-002969
-003610
-002271
-000699
0000058
-001339
-003959
-005996
-006811
-006578
-005356
-003377
-001805
-002329
-003784
-003842
-002562
-001281
-000059
0000931
0001571
0002095
0002095
0001106
-000175
-000641
-000350
-000117
0000174
0000756
0001455
0002270
0002561
0001397
0000058
0000931
0003026
0004365
0003841
-000059
-003551
0000232
0006985
0007451
0003318
0000058
-001165
0000174
0002212
0001338
-001863
-005763
-008266
-006869
-003610
-003435
-004366
-001048
0003318
0002735
-001165
-003959
-004483
-002562
0000349
0001629
0001106
0000174
-000932
-001980
-002038
-000059
0002503
0002386
0001164
0003085
0005821
0004249
0000989
0002095
0005413
0005995
0004191
0002212
0000814
0000465
0001222
0002968
0003900
0001106
-002969
-003551
-001572
-000233
0000232
0000407
0000291
0000174
0000000
-000233
-000699
-001921
-002969
-002678
-001339
0000116
0001397
0002444
0002561
0000640
-001514
-000757
0001746
0002794
0002328
0000931
-000583
-001107
-000815
-001107
-001689
-002213
-002445
-001805
-001048
-001747
-002795
-002504
-000350
0004249
0008207
0006810
0001571
-003493
-006054
-003551
0001338
0003550
0002503
-001223
-004599
-002678
0001862
0002619
0000291
-001572
-002620
-003027
-002795
-002154
-002154
-004425
-006869
-005356
-001572
0000349
0000640
0001397
0002270
0002735
0002503
0000989
-000350
0000931
0003376
0003609
0002794
0004132
0006228
0006286
0004831
0003667
0003434
0004656
0006286
0006228
0004889
0003958
0002968
0000349
-001863
-000641
0002503
0004074
0003318
-000175
-003551
-001572
0002735
0002270
-000699
-000059
0001804
-000699
-005123
-005880
-004133
-003668
-003784
-002504
-000990
-001689
-003260
-002795
-001281
-001456
-002562
-002329
-001456
-001863
-002213
0000000
0003201
0004074
0003434
0003958
0004947
0004540
0003492
0003434
0003958
0003900
0003259
0002095
0001106
0001280
0002561
0004482
0005355
0002444
-001747
-001747
0000407
-000466
-002969
-003726
-002562
0000291
0002386
-000408
-005239
-006113
-004017
-002271
-001456
-001747
-002911
-003959
-004890
-005996
-006753
-006753
-005996
-005123
-003784
-001223
0001338
0002037
0001629
0002095
0002794
0002153
0000523
-001747
-002795
-000175
0003667
0003900
0001455
-000233
-000466
0001106
0002852
0001397
-001572
-002445
-001456
-000350
0000232
-000583
-001572
-000117
0001979
0000698
-002562
-004308
-004366
-003551
-002504
-002387
-002853
-002969
-002736
-002154
-001630
-001398
-001572
-002736
-003435
-001107
0001862
0000873
-002445
-003901
-003668
-003610
-003493
-002736
-001863
-001456
-001398
-001339
-000932
0000814
0002794
0003026
0002095
0001862
0002328
0003550
0004249
0002270
-000583
-000292
0002037
0003492
0003550
0002328
0000582
0000058
0000116
-001107
-002387
-000990
0001629
0002619
0001455
-001921
-005181
-004948
-001863
0001804
0003725
0000640
-004308
-004425
-001339
-000292
-000466
0000989
0002852
0002735
0001571
0001571
0002212
0002095
0001571
0001629
0001629
-000233
-001980
0000640
0004365
0002328
-002329
-002154
0000291
-002154
-006113
-004017
0000640
-000117
-003493
-002096
0000931
-001863
-006869
-006054
-001747
0000640
0000232
-003027
-006113
-003551
0001804
0003434
0001746
-000408
-002096
-002387
-001165
0001280
0003085
0001164
-002213
-002096
-000059
-000524
-002154
-001281
0000814
0001106
0000174
-000583
-000408
0001629
0004016
0004191
0002619
0001629
0001106
0000232
-000292
0000523
0002037
0003376
0003609
0001571
-000990
-000408
0001571
0000873
-001630
-003027
-003726
-005123
-006054
-004308
-001223
0000407
0000582
0000756
0000465
-001107
-002911
-003027
-002445
-003610
-005414
-005647
-004657
-003784
-003726
-005181
-006404
-004133
0000116
0003143
0004016
0002444
0000523
0002619
0006286
0006228
0003609
0001746
0001280
0002270
0003259
0001106
-002096
-002096
0000465
0003201
0004598
0003143
0000058
-002038
-001805
0002095
0006577
0006286
0002386
-000990
-003027
-003551
-003027
-003027
-002969
-000874
0001513
0000756
-001456
-001048
0000814
0001106
0000174
-000932
-001514
-000757
0000407
-000292
-001980
-002445
-002038
-002213
-002445
-001747
-000524
0000174
0000756
0002619
0003900
0001222
-002562
-001514
0002386
0003900
0003609
0004249
0004656
0002270
-001107
-002271
-001514
-000524
0000291
0000756
0000756
0000523
-000233
-002445
-004483
-004017
-001747
0000698
0002153
0001455
-000292
-000990
-000524
0000698
0001513
0000582
-001689
-004017
-005414
-004890
-002504
0001862
0004889
0001513
-004657
-006637
-003959
0001804
0007392
0008265
0004947
0000465
-002445
-000408
0004016
0004947
0003318
0002735
0002910
0002677
0002270
0002037
0002270
0003318
0004191
0003201
0001338
0000756
0000989
0000349
-000524
-000175
0000873
0001688
0001688
0000058
-001514
-000175
0002328
0002037
-000117
-000990
-001107
-002213
-003260
-002329
-000350
0000523
0000407
0000640
0000814
0000349
0000058
0001338
0003492
0005122
0005471
0004249
0002095
0000814
-000233
-003377
-005705
-002154
0003783
0005006
0002328
-000292
-001805
-001689
-000583
-000059
-000757
-003610
-006229
-004192
0000291
0002677
0002037
-001747
-006054
-006404
-004250
-004017
-004832
-003959
-001921
0000232
0001222
-000524
-003260
-003551
-001398
0002153
0005180
0005355
0003376
0001455
0000989
0003376
0006810
0007683
0006577
0005588
0005297
0006519
0007509
0004947
0000989
-000175
0001106
0002444
0003376
0003958
0003318
0000640
-002562
-003901
-003377
-001980
-000350
0000989
0001280
-000292
-002154
-001223
0000873
0000523
-001863
-004774
-006113
-002969
0001746
0002503
-000117
-002853
-004483
-004017
-002213
-000815
-000350
-000583
-000757
0000465
0002735
0005238
0006577
0004773
0001513
0000174
0000582
0000931
0001455
0003201
0004715
0003550
0001338
0001222
0003026
0005762
0007858
0006985
0004424
0002968
0002910
0003434
0004249
0004831
0004656
0003550
0001688
-000815
-002853
-003377
-002736
-002387
-002213
-001339
-000117
0000814
0001338
0001571
0001164
-000466
-002329
-002678
-002271
-003027
-004250
-004250
-003260
-002038
-000757
0001106
0002444
0001513
-000175
0000349
0002386
0004016
0004424
0002968
0000698
-001048
-000641
0004191
0009080
0006694
-000350
-005239
-006287
-003726
0001513
0008149
0012107
0007916
-000059
-002387
-000583
-000990
-002096
0000058
0002677
-000175
-004657
-002504
0002794
0003085
0000407
0000756
0002619
0001862
0000058
0000698
0002328
0001571
-000524
-001805
-001572
0000756
0002735
-000233
-005123
-005356
-002154
0000523
0001513
0000349
-002096
-003901
-003901
-000932
0002735
0002852
0000814
0000989
0002444
0002386
0001455
0001106
0001164
0001222
0001106
0000756
0000000
-001456
-003202
-005007
-005996
-004832
-002853
-002795
-003901
-003551
-002504
-002504
-002969
-002329
-001223
-001456
-001572
0001455
0004889
0003609
-000350
-001980
-001339
-000466
0000582
0001862
0003318
0005297
0006927
0007159
0006053
0004307
0002968
0003492
0004947
0004831
0003725
0003609
0003434
0001164
-001921
-003493
-003260
-002154
-000292
0002444
0004307
0002503
-000874
-001689
-000175
0001571
0002852
0003259
0002270
-000233
-003144
-005298
-005996
-005298
-004250
-005123
-006229
-004250
-000466
0001979
0002794
0002794
0002561
0003667
0005238
0005238
0003958
0002386
0001397
0002270
0004249
0005937
0006461
0005180
0003026
0001920
0002095
0002910
0004016
0005238
0005762
0004773
0002735
0000756
-000583
-001223
-001048
-000233
0000698
0000698
0000291
0000756
0001571
0001164
0000465
0001629
0002677
0000000
-004250
-005589
-004308
-001980
-000117
-000757
-003086
-004948
-005298
-003319
-000641
-000583
-001805
-000874
0001338
0002270
0001920
0000873
-000292
-000641
-000408
-000990
-001514
-000757
0000989
0002968
0004482
0005064
0005006
0005704
0006228
0005122
0003026
0001164
0000698
0002444
0005064
0006286
0005180
0001571
-002678
-004483
-003668
-001398
0000698
0000232
-002038
-003959
-004133
-001048
0002735
0002619
-000583
-003842
-006345
-008558
-008849
-005065
-000059
0001164
-000990
-003959
-005938
-004832
-001572
0001222
0002561
0001513
-000233
0000582
0002561
0002037
-000117
-001630
-002038
-001456
-000233
0000523
0000989
0002095
0003143
0003201
0002444
0001920
0001222
-000524
-002329
-002678
-001863
-001281
-000699
0001222
0002561
-000175
-004017
-003202
0000291
0001455
0000116
-003027
-005647
-004075
-000408
0000756
-000408
-002154
-003493
-003551
-001921
0001979
0005064
0002503
-002911
-004774
-003901
-004075
-004308
-002445
0000058
0000640
-000059
0000232
0000873
0000349
-000874
-001805
-002154
-001398
-000292
-000408
-001339
-002096
-002445
-002329
-001689
-000524
0000465
0000582
0000174
0000582
0000873
-000524
-003202
-006113
-008150
-008732
-007102
-002387
0001804
-000408
-005356
-004948
-001223
-000292
-001514
-002445
-002096
0001222
0004773
0003550
0000000
0000174
0002328
0001746
-000524
-001689
-001630
-000699
0000232
-000408
-001514
-000117
0001979
0000989
-001572
-002038
-001223
-001805
-002445
0000174
0003085
0000640
-004366
-005589
-003842
-002562
-001980
-001456
-001223
-001339
-001456
-000641
0000116
-001223
-003086
-002154
0000000
-000117
-001398
-000932
0000698
0001862
0002212
0001862
0001164
0000989
0000873
-000583
-001863
-000233
0002677
0003026
0002037
0002794
0004424
0004307
0003201
0002910
0002910
0001513
-000175
-000117
0000989
0001397
0001047
0000291
-000175
0000931
0002153
0000116
-002911
-002154
0000698
0001106
-000408
-001805
-002504
-001921
-001107
-002213
-004075
-004541
-003435
-001048
0000989
0000349
-002271
-005356
-006345
-001980
0004132
0005006
0001920
-000757
-001165
0002968
0007625
0005530
-000932
-005472
-006520
-003668
0000698
0001804
0000407
0000174
0000582
0000116
-000641
-000874
-000233
0001688
0003318
0002212
-000117
-000117
0001455
0002503
0002095
-000990
-004308
-003144
-000059
-001165
-004425
-004541
-002445
-001165
-000757
-000583
-001107
-003086
-005065
-005123
-003668
-002154
-000990
-000408
-000175
0000465
0000931
0000291
-000932
-001805
-001980
-000990
0000349
0000465
-000233
-000757
-000699
0000523
0001920
0001920
0000989
0000116
0000116
0002212
0004249
0002037
-001863
-002038
-000117
-000874
-003086
-003726
-002795
-000815
0000931
0000756
-000641
-001048
-001048
-002154
-003610
-004483
-004133
-001921
0000407
-000641
-003027
-002096
0000814
0001920
0001513
0000756
0000349
0001164
0002328
0002270
0001746
0002968
0004715
0004947
0003609
0001164
-000990
-000815
0000523
0000174
-001048
-000932
-000117
-000408
-001048
-000059
0001280
0000582
-001223
-001339
-000932
-002795
-005356
-005938
-004075
0000174
0004132
0003376
-000117
-001630
-000874
0000698
0002212
0001804
0000407
0000756
0001629
0000698
-001165
-002213
-001980
-000466
0001164
0000989
0000000
0000582
0002212
0003550
0004191
0003609
0002503
0002095
0002386
0003318
0003841
0002386
0000407
0000931
0002968
0003841
0003725
0003958
0004249
0004191
0003783
0003259
0002619
0002037
0001164
-000699
-002271
-001456
0000465
0000814
-000175
-001398
-002620
-003726
-004075
-002213
-000583
-003319
-008092
-009896
-008732
-007160
-005065
-002154
0000523
0002037
0001920
-000059
-001863
0000349
0004074
0003900
0001455
0000989
0002153
0003085
0003783
0004365
0005355
0008498
0011118
0009080
0004016
-000175
-002445
-003260
-001863
0002852
0007101
0005006
-001048
-005123
-005880
-003086
0001222
0003259
0002852
0001455
-000117
-000757
-000466
0000465
0000698
-001980
-005123
-004133
-001107
-000757
-002329
-003202
-003086
-001921
-000175
0001513
0002212
0000465
-002213
-003027
-002271
-001572
-000874
0000349
0001164
-000117
-001805
-000583
0002153
0003085
0002328
0000931
-000233
0000116
0001164
0000640
-000641
-000990
-000175
0001920
0003725
0003143
0001164
0000698
0000989
-000583
-002213
-000408
0002910
0003376
0001629
-000059
-001514
-003377
-004541
-003551
-001630
-001456
-001980
-000233
0002095
0001688
-000117
-000117
0001164
0002270
0002968
0003783
0003958
0002503
0000873
0001688
0003434
0002852
0000698
-001107
-001689
-000408
0001804
0003434
0003900
0002735
0001455
0002794
0004656
0002153
-002213
-002969
-001223
-000932
-001398
-000699
0000058
-001398
-003319
-002445
-000059
0001164
0000698
-001747
-004017
-002504
0000698
0000465
-001980
-003319
-003260
-002154
-000350
0001629
0002503
0000465
-002096
0000000
0003841
0002968
-000292
0000058
0002561
0003259
0002677
0003376
0003958
0001571
-001805
-002620
-001048
0001338
0003085
0002037
-000233
-000350
0000698
-000117
-001339
0000174
0002910
0004132
0003143
-000408
-003493
-000699
0004424
0004365
0000756
-001281
-001572
-001165
-000466
-000583
-001048
0000116
0001047
-001747
-005589
-005356
-002562
-001863
-002387
-001514
-000292
-001107
-002562
-001339
0000931
0000756
-000350
0001280
0003667
0002212
-000815
-000641
0001862
0003725
0004424
0004074
0003026
0002270
0001688
0000000
-001281
0000640
0003143
0000931
-003377
-003784
-001398
0000116
0000814
0002270
0002794
-000233
-004599
-006171
-004832
-002213
0000407
0001455
0000698
-001281
-003435
-004541
-003726
0000116
0003725
0001222
-003668
-002911
0001513
0004249
0004424
0002153
-000524
-000117
0002619
0005297
0006752
0006286
0004191
0001688
-000175
-000815
0000232
0002968
0005355
0004074
0000931
0000523
0001746
0000873
-000641
0000349
0002212
0001920
-000175
-002445
-003959
-003959
-003086
-003027
-003260
-002387
-001107
-000408
-001048
-003551
-006287
-006520
-004425
-001281
0001047
-000350
-003144
-002096
0000465
-001165
-004308
-003086
0000582
0001862
0001280
0001222
0001920
0003725
0005238
0004191
0001688
0000523
0000582
0000232
-000059
0000931
0002095
0000931
-000699
0000931
0003783
0003434
0000698
-001747
-003086
-002736
-001339
-000699
-000757
-000932
-000990
-000699
-000408
-000641
-001048
-000408
0000582
0000931
0000000
-003551
