-000408
-000292
0000814
0001397
0001746
0002677
0003550
0003318
0002153
0000465
-000641
0000640
0002677
0001862
-000466
-001165
-000641
-000408
-000699
-001572
-002213
-001223
0000873
0002968
0003725
0001164
-002213
-001921
0000873
0002037
0002095
0003201
0003900
0001513
-001805
-002096
0000174
0003201
0005064
0003201
-000350
-000990
0000698
0002212
0002677
0001047
-000990
-000059
0002910
0005530
0006752
0005762
0003783
0003376
0003434
0000873
-002387
-002678
-000757
0000640
0000931
-000117
-001863
-003377
-003668
-002038
0000465
0002153
0001920
-001223
-004716
-004133
-000815
0001455
0001804
-000641
-003202
-000932
0003550
0004132
0002212
0002328
0003609
0003609
0002910
0002794
0003201
0004132
0004947
0004773
0003841
0002794
0002270
0002852
0003900
0004074
0003318
0001979
0000698
0000349
0000756
0001280
0001688
0001571
0001455
0002444
0003667
0003434
0002212
0001106
0000291
-000699
-001456
-001630
-001165
-000059
0000989
0000814
-000292
-001398
-001689
-000117
0002037
0001862
0001222
0004715
0008731
0006519
0000989
-000990
0000349
0002561
0004191
0003026
0000465
0000232
0001222
0000291
-001165
-000408
0001746
0003318
0003667
0002328
0000000
-002154
-003260
-002445
-000583
0000349
0000814
0002852
0004947
0004831
0002735
-000583
-003202
-002271
0000523
0000873
-000466
-000874
-000932
-002154
-004017
-005763
-006753
-006345
-005414
-005589
-006171
-005239
-003260
-001398
-000175
-000059
-000292
0000640
0001920
0001629
0000523
0000116
0000698
0002561
0004482
0004889
0003783
0002095
0000523
-000350
-000466
0000000
0000349
-000874
-002271
-000990
0000931
-000874
-004075
-003144
0000174
0001338
0000640
-000175
-000932
-001747
-002096
-001281
-000408
-001921
-004483
-005414
-005123
-005705
-006171
-004716
-002620
-002562
-004075
-005763
-006171
-003086
0001106
0001688
0000465
0002153
0004831
0003841
0001164
0001106
0002735
0002968
0002677
0004074
0005646
0004540
0001746
-000292
-001165
-001223
-001048
-002096
-004017
-005996
-007044
-005705
-003027
-001398
-000815
-000292
0000232
0001106
0001979
0002561
0002095
-000466
-002969
-001514
0001688
0001338
-001281
-002678
-002853
-002678
-002678
-004017
-005589
-005472
-004075
-003027
-002038
-000175
0001571
0001688
0000698
0000407
0000523
0000174
0000000
0001338
0003259
0004074
0003841
0003318
0002794
0002677
0002735
0002444
0001979
0001688
0001455
0000931
0000174
-000757
-001339
-000408
0000931
0000814
0000000
0000756
0002386
0003376
0002968
0000291
-002562
-001572
0001338
0001280
-000466
-000059
0001106
0000291
-001980
-004250
-005298
-003784
-001223
-000874
-002154
-003435
-003726
-001863
0001106
0003201
0003958
0003958
0003259
0002095
0001338
0002095
0003550
0003725
0002968
0002386
0001688
-000292
-002445
-002969
-002504
-002911
-003842
-004133
-004017
-004366
-004599
-003319
-001339
0000349
0000640
-001805
-004541
-002387
0001746
0001571
-001107
-000699
0000873
-001165
-004366
-003260
-000524
-002678
-006578
-005007
-000932
-001223
-004774
-007975
-009431
-007975
-004425
-000990
0001222
0001571
0000523
-000757
-000757
0002444
0006810
0008731
0007800
0005238
0002270
0000931
0000523
-001747
-003784
-001921
0001862
0003143
0001746
-001107
-004133
-005356
-005007
-004483
-003901
-003144
-002096
-000059
0001804
0001979
0000640
-001281
-002911
-003260
-002504
-001747
-001048
-000059
0000291
-001805
-004483
-004366
-002445
-001863
-001747
0000116
0002444
0002735
0001629
0001222
0001397
0001455
0001455
0001338
0000989
-000117
-000990
0000116
0001979
0002212
0001106
-000233
-000874
0000232
0002328
0003725
0004074
0003318
0001804
-000175
-001630
-001339
-000350
-001048
-002562
-002736
-001921
-000990
-000699
-002562
-004250
-001165
0003143
0001513
-002911
-002329
0001280
0002270
0001397
0001571
0002037
0000756
-000641
0000989
0003667
0002968
0000582
0000407
0001688
0001862
0001222
0000931
0000523
-001223
-003086
-002795
-000932
0001222
0002503
0001688
-000408
-001456
-001514
-001281
-001107
-001398
-002038
-002853
-003260
-002154
-000583
-000466
-001165
-000990
-000350
-001048
-001805
0000407
0002735
-000175
-004832
-003493
0001513
0004074
0003900
0002153
0000291
0000931
0002852
0002968
0001862
0001455
0001979
0003492
0004831
0003841
0002037
0003026
0004773
0002677
-000466
0001338
0005413
0005297
0002910
0002852
0004482
0005413
0004889
0001746
-002154
-003319
-002620
-002736
-003551
-004250
-004308
-002911
-001048
-000990
-001747
-001281
0000116
0001804
0002328
-000292
-003668
-002911
-000175
-000350
-002329
-002853
-001572
0001629
0004482
0003550
0000174
-001980
-002562
-002387
-002038
-002853
-003726
-002620
-000292
0001280
0002212
0003783
0004598
0002328
-001456
-003842
-004599
-004599
-003784
-001514
0000116
-002154
-005996
-006695
-004192
0000349
0004424
0004482
0001280
-002504
-005239
-005822
-003551
0001571
0006519
0006694
0003318
0000058
-001572
-000233
0002037
0000465
-002271
-000350
0003900
0005122
0003550
0001397
-000117
0001106
0003201
0002444
-000233
-002096
-002736
-002620
-001630
0000523
0002561
0003026
0002153
0001164
0000814
0002444
0004016
0001164
-003027
-002213
0001338
0002037
0000407
-000932
-001339
0000232
0002037
0000931
-002096
-004250
-005181
-005007
-004133
-003435
-003319
-004075
-004716
-003551
-001572
-000932
-001281
-001572
-001223
0000582
0002735
0003434
0003026
0003201
0003376
0002503
0001222
0000873
0001164
0001164
0000640
-000932
-002329
-001514
0000814
0003143
0004307
0002968
0000756
0000814
0002561
0004074
0004307
0002328
-000641
-002213
-002620
-003493
-004133
-002853
-000757
0000174
-000117
-000815
-001281
-000757
0000465
0001455
0001513
-000524
-002795
-002154
0000000
0000116
-001514
-003610
-005007
-004366
-002096
0000698
0002328
0000465
-002154
0000000
0004773
0007159
0007043
0005995
0004540
0003725
0003143
0001513
-000350
-001107
-000757
0000000
0000989
0002328
0002619
0000174
-003319
-004599
-003668
-002271
-001107
-000990
-001398
-000874
-000175
-000990
-002329
-001630
0000000
-000175
-000874
0000407
0002503
0002794
0001513
-000292
-001689
-001630
-000932
-001572
-002736
-002853
-001863
0000174
0001979
0001338
-000408
-000350
0001106
0002619
0003376
0002153
0000523
0001862
0004016
0002328
-001456
-003086
-002853
-002620
-002154
-000524
0001106
0001222
0000058
-001339
-002562
-003493
-003260
-000815
0002037
0002270
0000291
-002154
-003784
-003435
-001921
-001689
-002329
-002154
-001689
-002445
-003202
-002038
0000291
0002095
0002619
0001106
-000583
0000931
0003725
0003550
0001280
-000641
-001107
0001280
0004249
0003434
0000116
-002154
-002213
0000814
0004598
0004656
0002328
0001746
0001920
-000059
-002445
-001747
0000058
-001456
-004716
-006171
-005880
-005472
-005123
-005065
-005239
-005705
-005181
-001339
0002328
-000757
-006578
-006287
-002329
-001630
-003202
-003842
-003726
-003784
-003901
-003959
-003435
-001689
0000523
0001979
0002328
0001979
0000698
-001980
-003959
-002213
0001629
0004074
0004365
0003201
0001222
-000175
-000874
-001980
-002504
-001107
0000931
0001164
0000116
-000524
-000641
-000641
-000583
-000757
-001165
-001514
-002213
-004366
-005647
-001805
0003550
0003434
-000117
-001514
-001107
-001572
-002387
-002795
-002445
-000699
0001164
0000814
-000524
0000174
0002270
0004074
0004598
0002386
-000466
-000292
0002212
0004365
0005238
0004249
0002212
0000523
0000058
0001629
0003725
0003492
0001571
-000117
-000874
0000058
0001106
-000466
-003260
-004017
-003435
-004133
-005181
-004716
-003319
-001921
-001689
-004774
-007801
-004716
0000814
0000407
-003377
-003319
-000757
0000291
0000174
0000523
0000814
0000116
-001339
-003551
-004541
-001165
0003609
0004424
0001513
-003202
-007277
-007277
-004890
-005065
-006171
-003901
-000117
0001106
0000582
0001164
0002444
0003434
0003667
0003201
0001688
-001572
-004541
-004017
-001805
-002562
-004832
-005239
-004192
-003377
-003260
-004425
-006054
-006404
-005647
-004716
-003901
-003144
-002853
-003784
-004599
-002387
0000873
0001280
-000233
-000699
-000583
-001398
-002795
-003668
-003959
-003959
-003610
-002911
-001514
0001513
0004074
0003085
0000116
-000815
-000059
0000523
0000465
-000641
-001747
-001048
0000989
0003318
0004598
0003434
0000989
0000000
0000232
0000349
0000349
0000407
0000232
-001339
-002504
0000232
0003841
0002212
-002154
-003144
-001863
-002504
-003668
-002387
0000000
0000000
-001165
-000408
0000931
-000292
-002387
-001689
0000174
-000350
-002387
-003668
-003668
-002271
-000059
0001746
0002386
0001280
-000408
-000466
0000407
0000232
-000815
-001921
-002271
-000874
0001746
0005180
0006927
0003550
-001921
-003435
-001980
-001921
-002154
0000582
0003550
0002095
-001863
-003551
-003202
-002911
-002795
-002911
-003260
-003959
-004425
-003610
-001921
-000059
0001047
0000698
-000408
-000350
0000465
0000873
0000640
-000583
-001339
0001164
0004074
0001222
-003377
-001339
0004249
0005413
0003492
0003085
0003667
0003026
0001920
0001920
0002095
-000117
-002387
-000350
0003550
0004365
0002328
-000233
-002620
-003842
-004308
-005705
-007219
-007626
-006695
-004192
-001689
-001747
-003377
-003784
-003435
-003726
-004716
-006229
-007219
-006113
-003668
-001572
-000408
-000175
-000757
-001747
-002038
0000465
0003434
0002444
-000583
-000408
0001455
0000931
-000699
-000350
0001280
0002270
0002386
0001513
0000232
-000408
-000350
0000407
0000814
-000815
-002736
-001747
0000523
0000058
-002038
-002678
-001863
0000000
0001280
-000466
-003260
-002795
-000292
0000756
0000174
-001747
-003435
-002038
0000407
-000757
-003551
-003784
-001572
0001571
0003725
0001862
-001805
-002387
-001107
-002329
-003377
0001338
0007392
0005646
0000000
0000058
0003492
0003900
0002328
0002037
0002677
0003259
0002852
-000292
-003901
-003959
-001689
-000583
-000932
-002562
-003493
-000699
0003841
0005995
0005297
0002619
-000699
-002096
-001980
-002620
-003260
-002213
-000757
-001339
-002562
-001223
0001688
0003550
0004191
0004016
0003318
0002561
0001688
-000175
-001747
-000524
0001688
0001571
0000000
-000117
0000814
0001688
0001979
0001222
0000232
0000465
0001920
0003958
0005588
0005471
0004016
0002677
0001688
0000931
0000640
0001397
0001862
-000874
-004250
-003551
-000524
0000523
-000292
-001805
-002853
-001339
0001047
0000814
-001107
-001863
-001514
-000699
-000233
-001514
-003319
-003144
-001398
0000116
0000989
0000989
0000814
0002270
0003609
0001455
-001572
0000058
0003609
0002968
-000175
-001630
-001165
0000174
0001397
0000640
-000524
0001513
0004889
0005297
0004016
0004831
0005995
0003958
0000640
0000291
0001513
0000407
-002329
-004890
-006404
-005996
-004599
-004425
-004716
-003493
-001689
-001048
-001339
-001339
-001048
-000641
-000350
-000641
-001630
-003726
-005298
-003610
-000641
-000350
-002096
-003377
-003610
-002504
-000641
0000582
0000989
0001222
0001106
0000814
0000582
0000756
0000931
0000116
-001048
-000874
-000117
-000292
-001281
-002329
-002795
-001514
0000174
-000233
-001980
-002795
-002736
-002387
-002038
-002096
-002562
-003493
-004308
-004192
-003260
-002562
-001805
0000058
0001629
0000465
-001980
-002736
-001689
0000640
0002270
0000407
-003319
-005007
-004366
-002329
-000059
0000640
0000174
0000232
0000640
0001164
0000931
-002154
-004832
-000932
0004598
0001455
-005880
-006928
-003319
-001281
-000990
-001805
-002387
0000000
0003143
0002444
-000292
-000408
0001280
0002153
0001804
-000233
-002911
-004250
-004366
-004192
-003901
-003610
-003144
-001514
0000058
-000641
-002096
-000757
0001746
0001804
0000523
0001222
0002735
0002561
0001222
0000174
-000524
-001048
-001398
-001514
-001572
-002038
-002562
-002736
-002387
-001572
-000524
0000174
0000407
0000407
0000000
-001165
-002213
-001630
-000117
0000465
0000000
-001572
-003202
-003260
-002562
-003319
-004366
-002911
-000699
-001572
-003784
-002969
-000874
-001863
-004250
-004425
-002620
-000175
0001688
0001629
-000059
-002329
-003435
-001165
0002619
0003550
0002328
0001746
0001629
0001280
0000756
0000116
-000350
-000292
0000291
0000989
0001513
0001571
0001280
0001047
0001047
0001280
0001164
-000524
-002271
-001165
0001164
0000931
-000874
-001223
-000990
-002329
-004133
-003901
-002795
-003610
-005065
-004192
-001805
0000116
0000349
-002387
-005822
-005996
-003377
-000524
0001455
0001746
0000640
-000757
-001514
-000699
0000931
0001455
0001047
0000640
0000174
-001048
-002038
-001223
0000465
0001164
0000582
-001048
-002329
-001398
0001280
0004424
0006112
0003783
-000059
0000000
0002328
0002270
0000291
-002096
-003610
-003027
-001165
0000058
-000292
-003901
-007277
-004250
0001571
0002619
-000350
-003202
-005007
-005181
-003726
-000932
0001280
0000116
-002736
-003260
-002213
-002504
-003319
-002969
-001630
0000523
0001862
0000000
-002853
-002562
0000523
0004191
0007043
0007334
0005588
0003667
0002212
0001804
0002270
0002794
0002735
0000814
-001223
-000524
0001804
0003201
0002968
0000465
-001805
0000523
0004598
0004132
0000523
-001863
-002678
-002736
-001805
0000232
0002270
0003550
0002852
-001048
-005298
-004657
-001165
0000116
-000699
-001921
-002678
-001339
0000465
-000408
-002795
-003842
-003260
-001689
0000232
0001397
0002037
0002794
0003841
0005821
0007334
0006403
0004249
0003492
0004132
0004656
0005821
0009139
0011700
0008731
0002794
-000408
-000524
0000349
0001571
0001979
0001571
0001164
0001338
0003201
0005064
0003900
0000582
-002445
-004425
-004948
-004192
-003086
-001689
0000291
0001397
-000757
-003901
-003842
-001223
0000873
0002212
0003725
0004249
0002270
-000292
0000232
0002677
0004074
0003783
0001629
-001048
-001805
-000874
0000465
0001397
0000814
0000000
0002037
0004773
0003318
0000232
0001106
0003609
0002037
-001747
-003493
-002795
-000466
0001513
-000292
-003493
-002504
0000465
-000117
-002387
-001456
0000582
-001048
-003784
-001572
0002037
-000524
-005938
-007277
-004832
-001456
0000873
-001048
-004250
-002387
0002212
0003900
0003376
0003492
0003783
0003143
0001629
-000699
-002445
-001456
0000989
0001920
0002037
0003667
0005762
0006636
0005471
0001862
-002213
-003202
-001805
-000699
-000059
0000931
0001280
-000757
-003377
-003144
-001165
-000524
-000757
0000116
0000582
-002096
-005589
-005181
-002387
-000990
-001456
-003319
-005065
-003726
-000815
0000407
0000232
0000698
0001397
0001047
0000640
0002037
0003667
0002037
-000641
0000174
0003085
0004132
0003667
0003376
0003026
0002212
0000931
-001048
-002329
-000757
0002328
0004307
0004424
0002735
0000523
-000059
0000640
0000989
0000989
0001047
0001047
0000989
0000756
0000058
-000874
-002213
-002736
-000524
0001688
-001398
-006404
-006345
-002736
-000408
0000232
-000175
-000932
-000641
0000174
0000000
-000524
0000174
0000873
-000815
-003202
-003086
-000932
0001164
0002561
0002794
0001804
0000058
-001456
-001689
-000874
-000233
-000059
-000117
-000350
-000292
0000000
0000058
0000232
0001280
0002444
0002561
0001804
0000989
0000116
-001165
-002154
-002154
-001048
0001397
0003492
0002619
0000232
0000000
0000989
0000931
-000117
-001165
-001921
-002562
-002329
-000292
0001979
0001513
-000583
-001107
-000233
0000814
0002037
0003725
0004656
0002910
-000233
-002213
-002678
-002329
-001398
-000059
0000814
0000349
-000874
-001398
-001572
-002387
-003027
-001863
-000233
-000699
-002562
-003377
-003260
-003027
-002853
-002853
-003144
-004133
-005123
-005007
-004017
-003319
-002736
-002096
-001514
-001165
-001223
-001980
-002853
-002853
-002329
-002387
-002620
-002213
-001048
0001280
0003259
0002968
0000989
-000408
-001165
-002096
-002620
-001980
-000524
0000640
0001106
0000232
-001165
-001747
-001689
-002387
-002911
-001863
0000116
0001746
0002037
0000291
-002504
-004250
-004599
-003726
-002329
-001863
-002096
-001339
-000874
-003610
-006986
-006578
-003668
-002038
-001398
0000000
0001106
-000117
-002213
-002445
-001165
-000059
0000814
0001862
0002328
0001106
-000699
-001048
0000000
0001455
0002735
0002910
0002386
0002095
0002153
0002444
0003085
0004656
0005471
0002444
-001747
-001863
0000116
-000932
-003319
-002562
-000466
-000524
-002678
-005647
-007859
-007219
-004774
-003493
-003260
-002795
-002504
-003319
-004075
-002795
-000757
-000699
-001921
-002213
-001805
-001805
-001689
-000175
0001571
0001688
0000582
-000932
-001281
0001629
0005530
0005821
0003725
0003434
0003725
0001513
-001165
-000350
0002037
0001164
-001398
-002154
-001281
0000058
0000873
-000292
-002329
-002969
-002620
-002504
-002562
-002445
-002154
-001339
-000990
-002678
-004948
-004948
-003435
-002911
-003144
-002795
-002387
-003260
-003959
-001921
0001047
0001222
-000175
0000174
0000989
-001223
-004075
-003086
0000523
0003259
0004598
0005297
0004365
0000640
-003668
-004890
-003610
-002271
-001456
-001281
-001921
-003435
-004483
-002795
-000117
-000059
-001572
-001689
-001456
-003551
-006054
-005181
-002271
-000350
-000117
-001689
-003610
-002969
-001514
-003726
-006869
-005123
-000699
0001455
0000756
-002154
-005705
-007335
-006753
-004832
-002678
-002096
-002853
-004075
-004599
-002213
0000873
0000465
-001805
-001630
0000232
0001338
0001688
0001979
0002095
0002503
0002444
0000640
-001514
-001572
-000292
-000059
-000874
-002271
-003377
-002504
-001107
-001980
-004133
-005356
-005065
-002969
-000757
-001165
-003086
-003260
-002445
-003144
-004250
-004133
-002678
0000058
0002561
0002852
0001629
0001338
0001280
-000350
-002387
-002620
-001456
-000408
0000523
0001746
0002735
0002968
0002328
0000465
-001107
0000174
0002735
0003026
0002212
0003609
0005588
0004715
0002212
0000989
0001047
0001513
0001979
0001746
0000931
0000582
-000350
-003784
-007743
-008558
-006637
-004425
-001980
0001746
0004424
0002677
-000932
-000874
0001280
0000582
-001339
-000874
0000931
0001222
0000756
0001571
0002735
0002386
0001106
0000640
0000465
-001398
-002504
0001746
0007567
0007334
0003143
0000814
0000814
0002328
0004249
0004656
0003667
0002386
0001338
0000698
0000873
0002503
0003492
-000233
-004948
-003086
0002037
0002561
0000000
-001398
-000990
0000931
0002968
0002153
0000000
0000000
0001164
0001047
-000233
-001863
-002853
-001630
-000059
-002096
-005239
-004133
-000874
-000292
-001514
-002038
-001339
0001222
0003667
0002503
-000583
-001747
-001165
-000408
0000523
0001746
0002852
0003318
0003376
0003725
0004016
0003201
0002153
0002561
0003434
0002619
0000698
-000583
-001281
-002213
-002562
-000699
0001338
-000408
-003901
-004192
-002678
-003319
-004541
-002678
-000117
-001339
-004366
-004133
-001980
-001630
-002678
-003610
-003959
-002911
-001339
-000699
-000932
-001630
-001572
0001222
0004482
0004365
0001920
0000291
-000059
0000698
0001688
0001455
0000174
-001630
-002911
-002329
-000699
0000291
0000174
-001572
-003377
-002329
0000116
0000756
-000233
-001805
-002853
-001980
-000233
-000059
-001165
-002504
-003027
-000757
0001804
-000641
-004948
-004308
-000815
-000292
-001514
-000583
0000814
-000990
-004017
-004308
-001980
0001920
0005006
0003609
0000116
-000233
0001979
0004132
0004947
0002910
-000175
-000350
0001106
0000523
-000815
-000233
0001397
0002037
0001513
-000117
-001339
0000174
0002910
0003259
0002270
0002677
0003667
0002968
0001106
-000699
-002038
-002795
-003377
-005356
-006753
-004075
0000291
0001804
0000873
0000000
-000175
0001280
0003026
0002735
0000814
-001281
-002678
-002562
-001689
-002038
-002969
-003493
-002853
-000175
0002619
0002153
-000059
0000058
0001513
0001106
-000175
-000117
0001280
0003259
0004831
0004889
0003434
0000989
-001107
-001223
0000232
0001164
0001920
0003900
0005064
0001862
-002911
-004017
-001980
0000000
0001280
0001804
0001164
-001165
-003551
-003435
-001863
-001630
-002329
-003027
-002795
0000000
0002968
0001862
-001281
-001514
0000116
0000058
-000815
0000058
0001920
0003259
0003667
0003085
0002503
0004307
0006985
0007276
0005937
0005006
0004715
0005122
0005180
0002794
-000757
-002853
-003610
-004483
-004948
-004425
-003027
-000583
0001338
0000989
-001281
-004366
-006229
-003959
0000000
0000232
-001339
0000640
0003434
0001513
-003260
-006578
-007044
-004425
-000350
0002095
0002095
0000116
-002562
-003784
-003435
-002504
-000932
0001920
0003958
0002153
-001107
-000874
0002037
0004889
0006112
0004016
0000582
-000350
0000756
0001338
0001513
0002270
0002561
0000465
-002154
-001514
0000582
0000116
-001980
-002911
-002387
-000932
0000640
0000582
-000466
-000757
-000699
-001514
-002445
-002154
-001223
-001048
-001572
-002562
-003144
-002038
-000583
-001805
-004133
-004192
-002504
-000874
-000117
-001223
-002678
-001456
0000873
0001222
-000292
-002736
-004366
-002271
0001106
0000873
-001747
-003202
-002620
0000523
0004016
0004307
0002037
0000116
-000990
-001281
-000641
0000756
0001979
0001746
0000523
-000874
-001398
0000640
0003085
0001862
-001107
-001165
0000232
-001107
-003610
-003784
-002562
-002911
-004017
-003842
-003202
-003842
-004948
-004716
-003493
-002562
-001921
-001514
-001223
-000932
-000175
0001862
0003783
0003026
0001047
0001280
0002852
0003201
0002328
0001164
-000524
-003377
-005647
-004890
-001980
0000582
0002153
0003085
0002794
0000640
-002096
-003377
-003377
-003668
-004075
-004541
-004657
-003901
-002678
-001689
-001048
-000408
-000350
-002445
-004366
-002038
0001862
0001571
-000990
-000641
0001338
0001513
0000291
-001223
-001921
-000059
0002794
0003201
0001746
0000232
-000815
-001747
-001747
0000465
0002794
0001164
-002096
-001398
0001280
0001106
-001223
-003493
-004948
-004832
-004308
-006404
-008732
-007102
-003086
-000524
-000233
-002329
-005065
-005065
-003784
-004890
-006986
-006404
-004599
-004832
-006054
-005239
-003842
-004948
-006753
-005414
-002445
-001863
-002329
-000117
0003026
0003259
0002095
0003550
0005413
0003376
-000466
-001921
-000699
0002386
0005180
0004249
0000814
-002038
-003027
-001456
0001629
0003958
0004656
0003318
0001455
0002212
0004424
0005238
0004016
0000523
-003377
-004541
-003842
-004366
-005414
-005298
-004250
-002795
-001980
-003260
-005472
-005705
-004599
-004017
-003842
-003668
-003319
-002736
-001572
0000931
0003085
0001688
-001107
-000641
0001338
0000000
-002620
-002096
0000058
-000408
-001572
0000873
0004482
0003958
0000698
-001921
-002678
-000699
0002095
0001979
0000058
-000408
0000698
0002910
0004365
0002153
-001572
-001689
0000116
-001048
-002969
-000524
0003143
0001920
-002213
-004425
-004308
-003144
-001863
-002271
-003319
-002853
-001281
0000058
0000814
0000640
-000350
-002271
-003842
-003319
-001339
0000523
0001106
-001281
-004133
-002911
0000698
0002561
0002386
0001455
-000292
-003493
-005822
-003610
0001222
0004715
0005413
0002212
-002038
-001747
0001397
0002619
0002328
0002619
0002561
0000174
-002736
-002736
-000815
-000175
-000350
0000698
0001513
-000641
-003435
-001921
0001571
0001397
-000757
-000990
0000756
0003492
0005297
0002677
-001281
0000232
0004307
0004016
0000989
0000000
0000232
-000757
-002271
-002853
-002504
-001863
-000815
0001222
0002561
0000465
-002795
-002678
-000292
0000640
0000349
0000232
0000174
-000117
-000233
0000756
0001571
-000175
-003027
-003959
-003668
-004832
-005996
-004425
-001630
-000932
-001863
-002387
-002678
-003435
-004192
-004657
-004133
-001223
0001804
0001164
-001630
-002213
-001514
-002969
-004483
-001805
0002153
0001455
-001398
0000291
0003900
0003143
0000116
0000174
0001688
0000465
-001747
-000583
0001979
0001455
-001048
-002562
-002562
-001107
0000698
0000582
-000583
0000000
0001106
-000233
-002213
-001456
0001106
0003143
0003667
0002095
-000583
-002445
-003260
-003726
-003610
-003027
-002213
-001805
-001921
-002504
-002969
-002096
-000757
-000815
-001689
-001630
-000874
-000117
0000465
0000873
0001397
0002561
0003900
0004889
0004773
0002968
0000756
0000407
0001164
0000349
-001048
-000699
0000756
0001455
0001746
0002794
0003725
0003085
0001629
0001513
0001804
0000174
-002154
-002445
-001630
-001921
-002678
-002504
-001281
0000873
0002503
0001688
-000699
-002154
-002736
-003319
-003551
-003086
-001805
0000698
0002852
0002503
0000465
-000699
-001223
-002678
-003202
0000756
0005588
0004773
0000873
0000291
0002270
0003783
0004307
0003783
0002735
0002386
0002794
0003609
0004249
0004424
0003434
0000058
-003377
-002678
0000698
0002794
0003259
0003201
0002212
-000524
-003260
-003144
-001223
0000000
-000117
-001398
-003027
-003202
-002038
-000408
0001047
0001746
0001571
0000465
-000117
0002386
0005297
0003492
-000583
-000932
0001164
0001513
0000582
-000233
-000233
0001164
0003085
0004132
0003900
0002153
0000116
-000408
0000814
0003434
0005762
0005471
0003550
0002561
0002735
0003667
0004249
0002037
-000990
-001107
0000523
0000523
-000815
-002154
-002853
-002329
-001281
-001398
-002445
-004017
-005298
-005531
-005123
-005763
-005705
-001339
0003841
0002968
-001107
-001456
0000698
0001164
0000756
0001804
0003026
0001920
-000233
-000815
-000350
-000990
-001398
0001164
0004656
0005297
0003085
-000932
-004308
-003610
-000524
0000523
0000349
0002153
0004249
0003318
0000931
0000698
0001688
0001397
0000232
-000815
-001630
-002504
-003086
-002853
-002620
-003784
-005647
-007160
-007044
-003610
0000407
0000000
-002795
-002678
-000466
0001047
0001164
-000583
-002736
-002562
-000408
0002328
0004540
0004889
0003434
0000814
-001456
-001223
0000989
0003259
0004773
0005471
0004540
0000989
-002387
-001107
0002735
0003958
0002735
0001047
-000408
-001048
-001048
-001223
-001514
-001514
-001398
-001398
-001689
-002096
-002911
-004599
-005880
-004133
-001281
-000699
-002329
-005007
-007160
-006753
-004250
-001107
0000756
-000932
-004425
-005880
-004890
-002038
0001280
0002852
0002735
0002677
0002386
0001455
0000582
0001164
0001920
0000232
-002445
-003202
-002154
-000524
0000407
-000932
-003144
-003435
-001747
0000698
0002677
0002328
0000291
-001863
-002969
-001514
0000873
0000407
-001805
-002969
-002969
-002562
-001980
-001514
-001805
-003435
-005414
-005763
-004541
-002620
-000874
-000292
-000815
-001980
-002736
-001223
0000814
-000408
-002504
0000116
0004074
0002212
-002387
-002038
0000989
0000931
-000815
-000175
0001862
0003201
0002677
-001514
-006287
-006462
-002736
0001513
0004831
0006286
0004947
-000117
-005239
-004308
-000233
-000350
-003144
-004133
-003260
-001165
0000523
-000699
-003377
-004250
-003086
-000699
0001688
0002444
0001222
-002038
-004948
-003726
-000117
0001397
0001280
0002386
0003609
0002910
0001280
0000756
0000756
-000757
-002271
-000874
0001397
0000058
-003202
-004483
-003377
-000524
0002561
0003201
0001862
0000523
-000292
-000292
0000291
0000989
0001280
0000523
-000699
-001281
-001456
-001689
-002562
-005414
-007859
-006171
-002154
-000117
-000292
-001398
-002620
-002620
-001107
0001862
0004889
0005879
0004773
0002503
0000407
0000582
0001920
0001513
0000582
0001746
0003492
0002677
0000291
-000990
-001165
-001048
-000641
-000233
0000523
0002503
0004365
0003958
0001629
-001514
-003726
-002736
0000174
0001979
0002328
0001688
0000465
-000641
-001048
-000292
0000989
0001397
0000756
-000524
-001980
-003027
-003377
-003086
-002445
-001805
-001514
-001980
-002445
-001398
0000232
0000582
0000058
0000058
0000174
-000990
-001980
0000116
0003259
0002968
0001047
0002444
0004831
0002852
-000990
-001630
0000232
0002328
0003085
0000465
-002911
-001980
0001688
0003725
0003667
0002095
0000582
0001979
0004656
0005122
0003725
0001920
0000698
0001688
0002794
-000524
-004832
-003610
0000873
0002735
0002153
0001106
0000407
0001106
0002212
0001338
-001048
-004017
-005938
-004483
-001281
0000349
0000291
-000233
-000641
0000232
0001106
-000408
-002620
-001863
0000291
0000174
-001107
-000757
0001047
0003434
0005180
0004424
0002212
0001047
0001280
0002503
0003900
0004365
0003783
0003259
0002212
-000699
-004017
-005705
-005181
-002329
0000873
0000698
-001281
-000990
0000174
-001572
-004250
-004192
-001921
0000523
0002270
0003201
0002677
0000291
-002445
-003202
-001921
0000349
0001979
0000465
-002154
-001165
0001804
0002561
0001513
0000407
-000175
0000058
0001106
0002794
0003783
0002095
-000466
-000408
0001164
0000814
-000408
0000640
0002386
0001746
0000058
0001164
0002794
0000058
-004192
-003435
-000350
-001747
-004774
-003202
0000640
0000873
-000932
-000292
0001688
0002095
0001629
0002677
0003900
0002735
0000640
0000814
0002328
0002968
0002386
0000640
-001048
-000641
0001047
0001571
0000814
-000932
-002736
-003551
-002795
0000000
0003550
0005821
0006519
0006752
0005937
0003085
-000117
-000641
0000291
-000990
-002445
0000000
0004424
0006810
0006344
0002561
-001805
-001980
0000349
0000349
-001223
-001747
-001514
-001514
-001572
-001107
-000757
-001805
-002736
-000524
0002794
0002735
0000465
-000815
-000583
0001571
0003492
0001455
-002213
-002329
-000117
0000989
0001047
0001106
0001629
0003725
0005297
0002619
-002038
-003493
-002213
-000699
0000058
-001223
-003202
-002911
-001165
-000641
-000699
0000349
0001920
0003201
0003259
0000523
-002271
-000292
0003900
0004598
0001979
-001572
-004774
-006404
-005647
-002678
0000989
0003376
0003434
0000698
-002562
-002213
0000116
0000232
-001165
-001514
-001398
-002329
-003610
-004133
-003551
-001572
0000407
0000174
-001398
-001863
-001514
-001689
-001747
-000466
0001455
0002794
0003259
0003201
0002444
0000582
-001281
-001456
-000641
-000757
-001456
-001572
-001048
0000000
0000873
0000407
-001107
-002853
-003959
-003377
-001863
-000990
-001165
-002562
-004425
-005880
-005880
-003319
0000000
0000523
-001107
-002387
-003027
-003260
-002562
0000232
0002619
0000000
-004133
-002329
0002444
0003143
0001106
0000640
0001338
0001280
0001164
0002386
0003259
0000814
-002911
-003901
-002154
0000931
0003667
0003667
0001920
0001455
0001397
-000815
-003319
-002329
0000407
0000756
-000466
-000524
-000175
-001456
-003202
-003319
-001980
0000000
0001571
0001280
-000117
-000583
-000175
0000000
0000058
0000407
0000756
0001106
0000756
-001747
-004425
-003668
-001107
-000932
-002213
-002038
-000874
-000350
0000000
0001164
0002212
0001862
0000349
-001398
-002271
-000815
0001397
0001164
-000466
-000699
0000291
0001804
0002735
0001106
-001107
0000174
0003026
0002735
0000582
0000465
0001338
0000523
-001514
-003959
-005822
-005938
-004832
-003726
-002620
-000757
0001106
0001688
0001280
0000931
0000989
0001688
0002212
0000698
-001514
-001630
-000292
0000000
0000291
0003434
0006461
0004249
-000524
-001630
-000059
0000349
-000292
-001165
-002213
-003784
-004832
-004017
-001980
-000117
0000931
0000931
-000175
-002096
-004017
-005065
-004832
-003086
-001281
-001980
-003668
-003202
-001339
0000116
-000059
-003726
-007684
-005472
-000466
-000350
-003260
-003493
-002154
-002096
-002795
-002969
-002329
-000932
0000814
0002037
0002677
0003085
0003318
0003783
0003900
0002503
0000407
-000932
-001223
-000292
0001106
0001455
0001164
0001688
0002095
0000698
-001572
-002620
-002795
-003493
-004075
-002969
-001514
-002329
-004599
-006171
-006869
-007044
-006869
-006578
-006695
-008092
-008907
-005880
-000641
0003667
0005180
0002095
-002445
-002853
0000058
0002619
0003725
0002386
-000466
-002795
-003726
-002853
-000641
0001688
0002910
0001804
0000058
0001164
0003725
0004889
0003783
0000174
-003726
-004192
-002387
-001980
-002562
-002736
-002387
-001572
-000757
-000699
-001281
-001805
-002445
-004017
-005414
-004657
-002795
-002154
-002445
-002387
-002271
-002678
-002678
-000175
0002619
0001280
-001689
-000408
0002735
0002386
-000233
-001689
-001572
-000466
0000873
0001513
0000465
-003260
-006811
-005181
-000641
0001804
0001338
-001572
-004541
-003202
0000291
0000465
-001107
0000232
0002794
0003143
0001862
0001164
0000989
0000232
-000175
0001338
0003026
0001920
-001107
-003551
-004832
-005181
-004541
-003784
-002271
0002095
0006053
0004656
0000174
-001456
-000990
-002038
-002853
0000232
0004132
0003259
-000292
-001223
-000059
0000989
0001629
0002095
0002386
0002852
0003085
0002212
0001106
0001455
0002561
0002968
0002561
0001979
0001106
-000175
-000932
0000407
0002619
0003550
0002910
0000931
-001223
-001630
-001107
-002154
-003668
-003551
-002213
-000583
0000058
-002038
-005239
-006462
-005705
-004192
-002504
-001339
-001048
-001630
-002154
-000815
0001047
0000232
-001630
-000815
0001222
0000931
-000350
0000582
0002212
0001222
-001165
-002387
-002329
-001805
-001223
-001339
-001456
0000058
0002037
0002153
0000814
-000233
-000815
-001048
-000815
-000117
0000407
-000408
-001805
-002096
-001805
-002387
-003027
-001980
-000757
-002795
-005589
-003784
0000000
0000058
-002620
-004716
-005414
-004192
-002562
-003842
-005938
-004366
-000815
0000465
-000292
-001107
-001398
0000058
0002037
0002270
0001338
0001047
0001338
0002037
0002212
0000000
-002213
0000174
0004365
0004307
0001629
0000989
0001862
0002037
0001397
-000059
-001048
0000640
0003143
0002852
0000814
0000349
0000465
-001398
-003668
-003668
-001630
0001164
0003085
0002095
-000583
-001921
-002154
-003086
-003610
-001747
0000989
0001688
0000640
-000699
-001281
0000349
0003201
0005588
0006112
0003259
-000757
-001747
-000350
0000698
0001164
0000873
0000232
0000349
0001106
0002153
0003026
0003259
0002794
0001746
0000989
0002095
0003725
0003725
0001862
-001281
-003959
-003959
-001747
0000873
0002444
0001629
-000874
-003144
-004075
-002504
-000059
0000116
-001165
-000815
0000058
-000932
-002387
-001223
0001513
0004016
0004889
0002852
-000350
-001456
-000292
0001979
0003841
0003201
0001106
-000292
-000408
0000873
0002619
0003201
0002735
0001920
0001222
0000873
0000814
0000582
-000059
-001339
-002562
-002911
-002387
-001689
-000932
0000174
0000873
0000291
-000815
-000641
0000174
-000292
-000699
0001862
0004715
0002503
-001980
-002271
-000175
-001165
-003435
-003027
-000932
0000000
-000175
-000874
-001398
-000699
0000523
0000756
0000232
0000174
0000116
-001107
-002795
-004075
-004075
-001921
0001280
0003492
0003725
0001338
-001689
-001805
0000174
0001106
0001164
0001455
0001338
-000641
-002853
-002562
-000815
-000466
-000757
0000698
0002270
0000873
-001980
-003027
-002853
-003784
-005123
-005414
-004250
-001339
0001106
-001223
-004832
-001863
0003259
0000640
-005181
-003435
0001920
0001455
-002213
-001863
0000640
0000349
-001107
0000058
0002910
0005122
0005704
0004191
0001804
0001047
0001397
0000989
-000175
-002038
-003435
-002678
-000757
0000465
0000756
0001106
0001047
0000116
-001165
-001689
-001689
-002096
-002329
-000815
0000931
0000174
-001514
-000408
0001920
0001746
-000233
-001747
-002678
-003610
-004250
-004599
-004425
-003260
-002096
-002504
-003668
-003668
-002678
-001456
-000059
0001629
0003201
0003841
0003900
0004656
0005238
0004074
0001920
0000291
-000524
-000699
-000175
0001455
0002619
0001047
-001805
-002387
-001339
-000932
-000757
0000582
0002153
0002677
0001513
-001863
-005181
-004890
-002038
0000291
0001397
0001222
0000291
0000058
0000407
0000756
0000698
-000583
-002154
-002038
-000990
-000932
-001514
-001863
-001863
-001514
-001514
-003319
-005298
-004366
-001281
0001629
0003434
0003609
0002619
0002037
0001688
0000582
-000117
0001571
0003725
0002095
-000408
0002677
0007509
0005762
0000640
0000000
0002153
0002328
0000640
-001980
-003435
-000059
0004656
0003609
-000874
-002795
-002678
-003493
-004541
-004716
-003842
-001456
0000232
-002620
-007219
-008325
-006054
-002154
0001106
0000814
-002038
-003959
-004774
-005356
-005007
-003027
-000292
0001397
0001920
0002095
0001280
-001514
-004308
-003726
-001223
-000524
-000874
0000174
0001455
0000523
-001514
-002154
-001863
-002154
-003260
-005239
-007102
-007335
-006520
-006345
-006229
-004541
-002445
-001747
-002387
-003027
-003842
-006171
-007451
-003319
0002735
0003841
0001338
0000174
0000058
-000641
-001456
-001456
-000990
-001048
-001223
-000815
0000174
0001629
0002561
0001513
-000350
0000000
0001222
0000116
-001805
-001281
0000349
0000000
-001514
-001980
-001514
-000990
-000524
0000058
-000175
-002562
-005356
-005123
-003260
-003319
-004425
-004308
-002853
-000233
0002037
0001571
-000583
-001398
-000990
-000583
-000583
-001223
-002271
-003551
-003842
-001514
0001571
0001804
-000408
-003319
-004948
-002853
0001164
0003318
0002910
0000407
-002154
-001398
0001397
0002619
0002677
0003143
0003900
0004947
0005238
0003318
0000523
-000641
-000583
-001048
-001398
-000175
0001629
0002619
0002328
0000640
-001514
-002620
-002736
-003551
-003842
-001514
0001338
0000931
-001456
-002678
-002678
-002504
-002154
-001805
-001456
-001165
-000932
-000990
-000815
0000640
0002270
0002503
0001455
-000292
-001398
0000640
0003609
0003085
0000698
0000931
0002735
0003201
0002794
0003201
0003725
0003259
0002153
0001164
0000698
0001164
0001920
0001979
0001164
-000117
-001398
-002096
-002096
-001863
-001747
-002329
-003144
-003726
-003551
-002271
-000699
-000350
-000583
0000174
0001571
0002968
0003376
0001338
-001339
-001223
0000756
0001920
0002153
0002561
0002444
0000989
-000874
-001107
-000466
-001223
-002096
-000292
0002386
0002444
0000465
-001223
-002445
-004017
-004425
-001456
0002386
0002386
-000233
-002154
-002504
-001223
0000756
0001338
0000756
0000349
0000116
-000233
-000233
0000756
0002328
0004074
0004773
0002328
-000874
-000641
0001629
0002619
0001397
-002795
-006578
-003901
0001979
0003900
0002503
0001804
0001222
-001398
-003668
-001514
0002386
0001979
-000524
0000756
0003667
0003376
0000814
-001339
-001980
-000059
0002503
0001862
-000757
-002038
-001805
-000466
0000989
0000814
-000059
0000873
0002328
0001688
-000350
-002096
-002562
-000466
0002153
0001746
-000815
-002853
-003726
-003668
-002795
-001805
-001107
-000757
-001223
-002911
-004832
-005589
-004832
-002678
-000524
-000233
-000990
-000233
0001106
0000756
-000408
-000175
0000873
0001688
0001920
0001688
0001047
-000524
-000874
0003434
0009080
0009895
0006752
0004016
0001920
-000292
-001514
-000699
0001571
0003841
0005006
0004307
0002561
0001571
0001571
0002328
0003259
0003492
0002794
0000931
-000466
0001164
0003958
0004365
0002386
-000757
-003319
-002911
-000874
-000175
-000524
-000175
0000523
0000465
0000291
0001280
0002910
0004191
0004540
0003085
0001629
0003318
0006170
0006170
0003841
0001280
-000350
0000000
0001629
0002735
0003026
0002735
0001862
0000640
-000350
0000116
0000814
-000524
-002271
-000990
0001804
0002212
0000873
0000000
-000583
-001921
-003027
-002620
-001572
-001980
-003086
-002678
-001572
-001805
-003027
-004192
-004948
-005356
-004774
-002038
0000814
0000465
-001689
-002154
-000990
0000931
0002968
0004424
0004831
0003725
0001979
0000814
0000523
0000873
0001222
0000174
-000874
0000582
0003550
0005821
0006403
0004365
0001397
0001047
0001862
-000117
-002911
-002504
-000350
0000000
-001107
-002038
-002853
-003901
-004133
-001514
0001222
-001107
-005356
-004425
-000641
-000175
-001921
-001921
-000932
-001048
-001572
-000874
0000174
-000466
-001630
-000815
0001047
0001746
0000873
-001921
-004133
-001921
0002444
0003958
0002735
0000756
-000932
-000990
0000174
0000756
0001106
0003026
0004249
0000640
-004541
-004774
-001630
0000116
0000232
-000350
-000932
-000117
0000698
-001805
-005181
-004483
-001223
0000640
0001047
0001338
0000814
-001921
-004599
-003202
0000174
0000523
-001165
-001921
-001514
-000059
0001338
0001106
-000292
-001223
-001107
0000407
0002619
0004715
0005588
0004016
0001571
0001979
0003434
0001804
-001223
-002096
-000990
0000640
0001979
0001688
0000523
-000117
0000058
0000756
0001571
0002037
0001513
-000699
-003202
-003493
-001805
0000523
0002037
0000756
-001689
-001805
-000350
0000407
0000407
0000116
-000408
-001165
-001398
0000232
0002153
0001047
-001223
0000291
0002677
-000524
-005414
-003784
0001280
0001804
-000233
0000873
0003085
0001979
-000641
-000408
0001513
0002328
0002095
0001862
0001338
-000233
-001339
0000640
0003492
0002270
-000874
-000699
0001455
0001862
0000989
0000698
0000640
0000000
-000990
-002096
-002678
-001456
0000116
-000350
-002562
-005472
-006811
-002736
0002910
0002386
-001572
-001689
0000523
0000756
0000116
0001571
0003841
0004482
0003550
0001979
0000582
-000059
0000582
0003143
0004889
0000873
-004832
-003842
0001106
0002735
0001164
-001165
-003144
-003435
-001805
0001338
0003958
0003259
0000640
-000350
-000350
-002096
-003959
-002504
0000116
-000815
-003377
-003027
-001165
-001456
-003144
-004017
-004075
-004192
-004366
-005065
-005822
-005880
-005298
-004541
-003493
-001572
0000407
0001397
0001338
0000698
-000059
-000641
-000233
0002386
0005355
0005297
0002735
-000292
-002213
-001456
0000756
0001513
0000931
0000058
-000699
-000815
-000350
0000116
0000640
0001455
0001688
-000233
-002620
-002096
-000350
-001689
-004483
-004716
-003493
-003901
-005239
-005647
-005007
-003551
-001630
0000465
0002153
0003667
0003900
0001455
-001747
-002445
-001223
-000524
-000699
-001863
-002911
-001805
0000756
0003201
0004191
0002444
-000059
0000873
0003550
0003725
0001979
0000232
-000990
-001747
-001747
-001572
-000757
0002153
0004307
0000523
-005007
-003551
0001222
0000174
-004017
-004308
-001630
0000582
0001397
0000291
-001980
-003551
-003784
-002038
-000059
-001223
-003726
-003086
-001107
-002736
-005298
-003319
0000756
0001629
-000175
-002562
-003726
-001398
0002735
0005413
0005646
0003201
0000116
0000349
0002212
0001164
-001223
-001223
0000640
0002561
0003783
0003667
0002095
-000757
-003086
-002038
0000407
-000233
-003027
-005472
-006287
-003784
-000524
-001398
-004774
-006287
-005763
-003784
-001863
-002678
-004308
-002329
0000698
-000815
-004366
-004425
-001747
0000582
0001920
0001920
0001338
0002386
0003725
0002386
-000117
-000874
0000116
0001513
0002561
0002037
0001047
0002386
0004249
0002619
-000408
-000466
0001164
0000756
-000932
-001863
-001921
-001398
-000932
-001689
-002853
-002213
-001107
-002271
-004599
-005589
-005123
-003842
-002795
-003377
-004890
-005763
-005181
-002562
0000640
0001862
0001455
0001629
0001804
0000523
-000815
0000407
0002619
0002386
0000407
-001339
-002096
-001456
0000232
0002095
0003259
0002794
0001397
0000465
0000349
0001047
0001979
0001920
0000989
-000175
-000932
-000408
0000931
0001629
0001804
0002153
0002852
0004482
0005180
0001338
-003668
-003435
0000232
0001746
0001397
0001106
0000873
0000582
-000175
-002504
-004425
-002445
0001397
0002794
0001920
0000931
-000117
-001223
-002096
-002736
-002329
0000814
0003900
0002153
-002154
-003901
-002911
-001223
0001222
0004889
0007742
0006927
0004249
0004249
0005704
0004889
0002735
0000931
0000291
0001513
0003550
0004656
0004424
0002968
0000989
-000524
-000990
-000117
0001513
0002910
0003259
0001979
0000000
-000757
-000408
0000407
0000698
-001863
-004657
-002795
0001397
0002735
0001746
0000640
0000291
0001862
0004191
0004773
0004074
0004074
0004132
0002735
0001164
0002212
0003841
0001746
-001863
-002329
-000466
0000873
0001397
0000989
0000582
0002444
0004424
0002444
-001572
-003319
-002736
-001398
-000175
-000292
-001165
-000990
-000408
-001456
-002678
-000874
0001979
0001920
0000000
-000641
-000466
-000932
-001281
0000291
0002503
0002677
0001397
0000407
-000175
-000583
-000699
-000466
-000117
-000117
-000059
0001222
0002852
0003376
0003085
0003201
0003201
0001920
0000174
-000350
-000175
-000932
-001863
-001921
-000815
0001571
0003783
0003841
0002037
-000233
-001805
-001456
0000058
0000582
0000349
0000582
0001338
0002735
0003958
0004307
0003492
0001338
-000874
-001514
-000757
0000349
0000814
-000990
-003435
-002853
-001165
-002911
-005822
-004192
-000990
-002678
-006287
-004832
-000292
0001804
0002444
0004715
0007334
0007625
0006053
0004191
0002328
-000233
-001630
0000931
0004482
0002444
-001689
-000117
0004016
0002735
-000524
0002037
0007159
0007567
0003900
-000815
-004017
-002154
0001862
0001397
-001689
-001980
-000524
-000699
-001689
-001339
-000932
-003144
-005880
-005065
-001980
0000349
0000698
-002329
-005356
-001921
0003841
0002619
-002271
-002271
0000349
-000583
-003202
-002678
0000000
0001979
0002910
0003026
0002270
0001106
-000350
-002620
-003959
-001339
0002561
0002561
0000058
-000699
-000466
-002038
-003610
-001921
0001338
0002735
0002503
0002735
0002852
0001571
0000174
0001164
0002968
0002328
0000232
-000350
0000000
-000815
-001921
-001980
-001165
-000350
-000233
-002096
-004308
-003959
-001514
0000989
0002852
0003725
0003026
-000059
-003027
-001630
0002037
0002503
0000756
0000000
0000000
-000292
-000699
-001223
-001456
-000757
-000233
-002387
-004890
-002911
0000931
0000756
-001572
-001223
0000291
-001048
-003610
-004192
-003202
-002213
-001921
-003144
-004599
-003959
-001805
0000116
0000814
-000292
-002387
-003959
-004075
-001980
0000291
-000641
-003260
-003726
-002271
-000117
0001222
-000990
-004250
-003493
-000815
-001339
-003202
-001630
0001397
0001629
0000058
-000350
0000000
-000583
-001107
0000582
0002386
0000465
-003377
-005123
-004425
-002445
-000233
0000523
-000233
-001747
-002911
-002154
-000466
-000524
-001572
-001863
-001398
-000583
0000116
-000059
-001048
-002678
-003901
-003493
-001747
0000174
0001571
0001688
0000582
-001339
-003027
-002853
-001456
-000874
-000408
0001513
0004016
0005704
0005355
0001222
-003086
-001281
0003259
0002212
-001398
0000000
0003492
0001629
-002329
-000932
0003201
0003259
0001047
0001455
0002968
0001920
0000174
0001513
0004482
0005530
0004482
0002444
-000117
-002853
-004366
-002853
-000408
-001630
-003901
-000990
0003318
0000989
-004774
-006462
-004541
-002038
-000350
-001689
-004075
-003435
-001048
-000408
-000990
-000932
-000641
-001689
-002562
-000292
0002794
0001920
-000815
-000641
0001222
0001513
0000291
-001398
-002620
-001747
0000000
0000232
-000815
-002096
-002736
-001572
0000291
0000465
-000583
-001048
-001223
-002271
-003027
-001048
0001688
0001106
-001281
-001805
-000699
0000407
0001047
0001047
0000582
0000640
0000989
0000989
0000814
0001338
0001455
-001048
-003959
-003493
-000524
0001979
0003259
0003143
0001688
-000699
-002562
-001863
0000232
0000814
0000291
0000232
0000349
-000175
-000641
0000349
0001513
0000291
-002271
-003784
-003959
-003610
-002795
-001630
-000990
-002329
-004483
-005239
-004366
-002329
0000058
0001629
0001862
0000523
-001107
-000932
0000349
0000814
0000523
0000407
0000174
-000932
-002038
-001805
-000757
-000233
-000117
0000407
0001106
0001746
0001920
0000873
-000350
0000465
0001571
-000757
-003784
-001572
0002968
0003318
0000873
0000174
0000465
-001165
-002853
-001048
0001804
0000873
-002096
-002678
-001398
-000699
-000524
-000466
-000641
-001456
-002038
-001107
0000523
0001106
0000291
-002154
-004308
-003027
0000407
0003085
0003725
0001164
-002387
-002795
-001398
-002736
-004657
-002504
0001862
0004132
0004249
0003667
0003026
0003783
0004889
0003841
0001979
0002095
0003318
0003376
0003026
0004191
0005762
0005588
0004365
0004191
0004191
0002328
-000408
-001689
-002387
-005239
-007277
-002736
0003958
0003492
-000641
0000756
0004773
0004132
0000931
0000582
0002153
0002910
0002677
0001862
0000873
0000582
0000989
0001571
0002270
0002852
0003434
0004424
0005064
0004249
0002503
0000931
0000349
0001571
0003434
0003725
0002910
0002677
0002503
0001164
-000292
0000291
0001804
0001571
0000698
0001688
0003318
0002910
0000814
-001980
-003959
-003202
-001223
-001630
-003435
-003959
-003086
-000583
0001455
-000233
-003726
-004483
-003319
-003086
-003435
-003202
-002911
-003551
-004192
-003027
-001281
-001398
-002736
-003668
-003144
0000698
0004482
0002153
-002795
-002678
0000873
0002968
0002910
0000698
-002154
-002853
-002038
-002329
-002736
-000641
0002095
0002212
0000058
-002853
-004832
-003319
-000466
-000815
-002853
-002562
-000699
0000756
0001222
0000116
-001398
-001165
0000174
0001106
0000873
-001107
-003551
-004250
-003202
-001165
0000232
-001339
-004308
-005531
-004890
-003435
-001514
0000756
0002153
0001222
-001223
-003377
-003901
-001689
0001513
0002153
0000814
-000408
-000932
-000175
0001164
0001455
0001164
0001571
0002386
0002735
0002735
0002968
0003085
0002328
0001455
0002328
0003434
0001804
-000990
-001398
-000292
-000059
-000524
-000874
-000874
-000233
0000640
0000698
0000698
0002037
0003900
0004656
0004424
0004249
0003492
0000873
-002096
-003027
-001921
0000000
0001629
0001397
-000059
-001165
-001223
0000931
0003085
0001106
-002329
-001107
0002677
0004016
0003376
0003434
0003900
0004132
0003841
0002619
0001222
0001106
0001804
0002153
0001746
0000232
-000990
0000931
0003725
0002619
-000583
-001921
-001339
-000524
0000291
0001047
0000814
-002213
-005298
-003493
0000698
0001513
-000583
-002853
-004192
-003435
-001107
0001338
0003259
0004424
0004947
0005646
0005995
0005006
0003259
0001804
0001164
0001397
0001920
0001513
0000756
0000582
0001164
0002386
0003667
0004307
0003958
0002444
0000756
0000873
0001397
-001223
-004483
-003086
0000058
-001107
-004890
-007044
-006637
-003260
0000698
0001106
-001107
-002795
-003377
-003202
-001980
0000523
0002444
0000873
-002445
-003726
-003377
-004017
-004541
-002678
-000175
-000583
-002678
-003435
-003027
-002795
-002387
-000990
0000814
0002153
0002561
0001455
0000349
0001862
0004132
0003201
0000582
-000059
0000640
0000465
-000408
-000815
-001048
-001630
-002387
-002911
-003027
-002271
-001514
-002969
-004541
-002038
0002095
0003201
0001338
-001398
-003551
-002620
-000874
-003551
-007743
-007277
-003959
-002562
-003086
-004192
