-000117
0000698
0001979
0001047
-000059
0003318
0007916
0007043
0002735
0000523
0000407
0000873
0001280
0000116
-001456
-000815
0000698
-000292
-002271
-001863
-000408
-001514
-003260
-001223
0002095
0001047
-002096
-002096
0000000
0001164
0001106
-000059
-001165
-000059
0001979
0002095
0001164
0002095
0003026
0000407
-003260
-002911
0000291
0002968
0004016
0002328
0000291
0002677
0006636
0005995
0002328
-000292
-000874
0000814
0003085
0002677
0000582
0000000
0000465
-000117
-000583
0001513
0003609
0000582
-004133
-003086
0000756
0000058
-003260
-003959
-002504
-000932
0000116
0000174
-000350
0000174
0001106
0001106
0000232
-001223
-002445
-001980
-000757
-000874
-001514
-000059
0001629
0000116
-002620
-001980
0000814
0002561
0003026
0002852
0002386
0002910
0003085
0000349
-003027
-002620
0000349
0002444
0002794
0000931
-001747
-002969
-002213
0000582
0003376
0003376
0000989
-002154
-004541
-004948
-003377
-000699
0001222
-000292
-003319
-003260
-001456
-001107
-002329
-004948
-007044
-005589
-002271
-001281
-001921
-001339
-000466
-001630
-003144
-001921
0000407
-000175
-001747
0000291
0003841
0004249
0002619
0002619
0002852
-000292
-003726
-001689
0002503
0001571
-002096
-002213
-000059
0000407
-000292
-000292
0000116
0000291
0000465
0001106
0001513
0000116
-001863
-001747
-000699
-001339
-002911
-003610
-003202
-001863
-000408
-000059
-000932
-002562
-004075
-003901
-002911
-003435
-004425
-003144
-001398
-002736
-005356
-005414
-003260
0000058
0001804
-001689
-007160
-008150
-004832
0000291
0004715
0005297
0002386
-002329
-005531
-002504
0003259
0003841
0001106
0000873
0002095
0001571
-000175
-001747
-002678
-002911
-002096
0000174
0002270
0001629
-000350
-000350
0000640
-000699
-002678
-001630
0000698
-000059
-002329
-002271
-000932
-001339
-002620
-002678
-001514
0000232
0001688
0001280
-000233
-000990
-000466
0002328
0004831
0002619
-001805
-002678
-000932
0000058
-000059
-001107
-002271
-002096
-000932
0000000
0000465
0000349
0000291
0001455
0002852
0002212
0000116
-002213
-003144
-000699
0002852
0003201
0001571
0001688
0002852
0002968
0001862
-000408
-002445
-001921
0000000
0000582
-000233
-001281
-002271
-003202
-002736
0001047
0005122
0003900
-000350
-001921
-000874
0000814
0002619
0004249
0004598
0002561
-000117
0000116
0002095
0002503
0002037
0002852
0003725
0001979
-000466
0000232
0002328
0001338
-001281
-002096
-000815
0001920
0004307
0003609
0000931
-001223
-001980
-000699
0001047
0000174
-001689
-000757
0001455
0001688
0000058
-002329
-004366
-004716
-003959
-004250
-004716
-003668
-001747
-000117
0000582
0000058
-001398
-003086
-004017
-003493
-001572
0001222
0003609
0004249
0003143
0001338
-000175
-000175
0000931
0001920
0002270
0001746
0000407
-001747
-003086
-000874
0002503
0002212
0000349
0002444
0005530
0003259
-001689
-003202
-001980
-000932
-000699
-001514
-003202
-005472
-006869
-005705
-003086
-001747
-001339
-000408
0000232
-001514
-003493
-001689
0002095
0003667
0003026
0001629
-000175
-002213
-003377
-002213
0000291
0002095
0002619
0002153
0000931
-000699
-001398
0000873
0004249
0005064
0003609
0001513
-000059
0000698
0002561
0003143
0002037
-000757
-002795
0000000
0005180
0007858
0006810
0001571
-004192
-004716
-001048
0002444
0004249
0002852
0000174
0000407
0002212
0002328
0001106
-000059
-000932
-001456
-001863
-002969
-003610
-001980
0001164
0004831
0006577
0002852
-002504
-001980
0002212
0003958
0003085
0001222
-000175
0001455
0004016
0002852
-000117
-000292
0001397
0002386
0002212
0001047
-000408
-000874
-000699
-001572
-002271
-000350
0002735
0004132
0003550
0001222
-001223
-001165
0000349
0000698
0000058
-000117
-000117
-000990
-001572
0000174
0002735
0002968
0001338
-000641
-001980
-001572
-000117
0000756
0000814
0000232
-000292
0000582
0002153
0003085
0003026
0001746
0000407
0001455
0003609
0004191
0003492
0003026
0002968
0003550
0004132
0003259
0001688
0000814
0000931
0002037
0003259
0003026
0001571
0000058
-001165
-001630
-001630
-001921
-002154
-001747
-000990
-000408
0000000
0000931
0001629
0001280
0000058
-001747
-002620
-000117
0003201
0002037
-001223
-000815
0001920
0002968
0002677
0002677
0002444
0000698
-000699
0001688
0005471
0005879
0003783
0002503
0001688
-000350
-001805
0000349
0003900
0004074
0001979
0001513
0001688
-000117
-002387
-002562
-000699
0002386
0004424
0001513
-003202
-003144
-000175
0000174
-001398
-002271
-002504
-002562
-002271
-001456
-000583
-000059
-000583
-003377
-005938
-004017
0000000
0000523
-000757
0001222
0004365
0004132
0001920
0001513
0001862
0000232
-001863
-001863
-000408
0000465
0000640
0000349
0000000
0000349
0001047
0001106
0000931
0001688
0002503
0001746
0000291
0000465
0001222
0000000
-001223
0001455
0005530
0005646
0003201
0002677
0001979
-003784
-009896
-007801
-000990
0002153
0001513
0000000
-001689
-003086
-002678
0001688
0006519
0006170
0001804
-002678
-005065
-003319
0000989
0003725
0004656
0005471
0005064
0001629
-001747
0000291
0004831
0005297
0002561
-000292
-001630
0000232
0003492
0004424
0003783
0004424
0005122
0003434
0000698
-000466
0000174
0002095
0004016
0003725
0001920
0000465
-000233
-000292
0000465
0002037
0003259
0001920
-000233
0000698
0002852
0001979
-000524
-001339
-000524
0000756
0001862
0002212
0001688
0000465
-000757
-001165
-000757
-000233
0000582
0002153
0003667
0003841
0002968
0002037
0001746
0002852
0004307
0004191
0002968
0002212
0001688
0000407
-000815
-000757
-000233
-001223
-002504
-001339
0000640
0000000
-001339
0001397
0005297
0004656
0001106
-000583
-000757
-000990
-001747
-003668
-005531
-005181
-003435
-002445
-002329
-002504
-002736
-002678
-002213
-000932
-000059
-002038
-004250
-001281
0003609
0003550
0000931
0001746
0004598
0005704
0004656
0001397
-001747
-001048
0002037
0003259
0002910
0003143
0003143
0001455
-000757
-001456
-000932
-000583
-000815
-001630
-002795
-003784
-004308
-004192
-003726
-003493
-003260
-002271
-001107
-000292
-000583
-002620
-005065
-005589
-004483
-003086
-002271
-002911
-004308
-004774
-004366
-003901
-003202
-002038
-000350
0002561
0004656
0002444
-001165
0000000
0003143
0001513
-002504
-003551
-001747
0000523
0002735
0005006
0005762
0003085
-000990
-002387
-001398
-000059
0001047
0001164
0000465
0000000
-000466
-001223
-002096
-002853
-003027
-001689
-000524
-003086
-006171
-003260
0002270
0002968
0000291
-000641
-000524
-002387
-004017
-001398
0002677
0002735
-000466
-003784
-006345
-008092
-007626
-003551
0001746
0004540
0003492
-002387
-007917
-004308
0004307
0008091
0006985
0004598
0001513
-002154
-003901
-000175
0005180
0004598
0000582
0000116
0002270
0003550
0003434
0001571
-000641
-000408
0001338
0002212
0001920
0000523
-000815
0000116
0001920
0001338
-000757
-001630
-001630
-002154
-002445
-000815
0001047
0000058
-002154
-001630
0000407
0000232
-000699
0001047
0003841
0004656
0003201
-000059
-002795
-001456
0002095
0003609
0003026
0002095
0001047
0000407
-000059
-001572
-002387
0000582
0004132
0001513
-003493
-002504
0002212
0004715
0004365
0001920
-001165
-002154
-001630
-002271
-002736
0000058
0003085
0000698
-003610
-002620
0001688
0004016
0003609
0000698
-002504
-001863
0000582
-000292
-003319
-005647
-005996
-003377
0000873
0004249
0005588
0004656
0002444
0000814
0000232
0000291
0000640
-000059
-000524
0002037
0005238
0004773
0002095
0001222
0001629
0001397
0000756
0000349
0000349
0001106
0001979
0001920
0001222
0000873
0000814
0000582
0000000
-001572
-003086
-003086
-002096
-001339
-001165
-001165
-001689
-003260
-004425
-003086
-000175
0002386
0003318
0001397
-001572
-001921
-000699
-001339
-002096
0001106
0005413
0005471
0002444
-000233
-001107
0000873
0004132
0005238
0004482
0003609
0002968
0002910
0002735
0001338
-000932
-003319
-004425
-002678
0000756
0003667
0004831
0003783
0001455
0000174
-000175
-000874
-001398
-001165
-000524
0000000
-000233
-002038
-003842
-002387
0000058
-001456
-004716
-004657
-002154
-000175
0000523
-000233
-001514
-001339
0000174
0001979
0003318
0003259
0002677
0003900
0005180
0002852
-000815
-000874
0001280
0001862
0001513
0002852
0004482
0004482
0002503
-001805
-004832
-000524
0006636
0007858
0003900
-001398
-004716
-001514
0004715
0006112
0004132
0004540
0004889
-000524
-006520
-003435
0003900
0003841
-000524
-000524
0001804
0001047
-001398
-002329
-001398
0000989
0003667
0005006
0004656
0002910
0000873
0000349
0000989
0001280
0001164
0000873
0000640
0000756
0001222
0001862
0002212
0001688
0000640
0000000
0000058
0000989
0002095
0001920
0001338
0002095
0003609
0004773
0004482
0001338
-002387
-002562
-000292
0000814
0000989
0001629
0001979
0000407
-001805
-001921
-000932
-001339
-002213
-000874
0001222
0001280
0000174
0000232
0001164
0001688
0001629
0000698
-000117
0001047
0002677
0001513
-000350
0001571
0005180
0005995
0004132
0000989
-001689
-001514
0000814
0003026
0004365
0004424
0003550
0002910
0002212
0000523
-001223
-001339
-000233
0000698
0001455
0002677
0003434
0001979
-000292
-000874
-000292
-000699
-000990
0001338
0004191
0003667
0000989
-000466
-001048
-002853
-004657
-004657
-003260
-001921
-000874
0000116
0000756
0000698
-000059
-001689
-002853
-001689
0001047
0003434
0004482
0003667
0001746
0000349
0000000
0001164
0002212
0000291
-002562
-001689
0001397
0002794
0002503
0001455
0000582
0001338
0002794
0003026
0001920
-000233
-002329
-002795
-002154
-002387
-002853
-001805
-000524
-001921
-004133
-003319
-000932
-000641
-001630
-001398
-000641
-000990
-001630
-000524
0000873
-000641
-002678
-000524
0003550
0004307
0002910
0003085
0004249
0004715
0004074
0001746
-000932
-001805
-000757
0001629
0003609
0002677
0000116
-000757
0000000
0001047
0001862
0002037
0001571
0001047
0000407
-000874
-001980
-001398
-000292
-001048
-002387
-001281
0000407
-001514
-004890
-005414
-004017
-003959
-004599
-003959
-002678
-002387
-002038
0000407
0003259
0003492
0001338
-001805
-004483
-005065
-003493
-000466
0002444
0003318
0002153
-000583
-002329
0001222
0006403
0005762
0001571
0000000
0001047
0002677
0004365
0005588
0005413
0002794
-000233
0000058
0002037
0001513
-000408
-000699
0000000
-000233
-000699
0000174
0001455
0001397
0000407
-000583
-000583
0001920
0004656
0003609
0000174
-002154
-002795
-002271
-001107
-000466
-000408
0000058
0000116
-002038
-003959
-001398
0002910
0003143
0000407
-001572
-002445
-002795
-002562
-001980
-001339
-001165
-000757
0001397
0003841
0004482
0003143
0000000
-002736
-001747
0001222
0002444
0001280
-002096
-005181
-003901
-000408
0000465
-000815
-001863
-002038
-000583
0000873
-000932
-003668
-002154
0000931
-000350
-003668
-003260
-000874
-000932
-002445
-002329
-001630
-003027
-005181
-005356
-004192
-003493
-003027
-001805
-000524
-000233
-000757
-001107
-001514
-003027
-003901
-000815
0003259
0002794
-000292
-000350
0000931
-001107
-003959
-002562
0000931
0001513
-000350
-002620
-003668
-001398
0002095
0002561
0000698
-000757
-001398
-001165
-000292
0000523
0000814
0000349
-000699
-001630
-002213
-002271
-002038
-002154
-002387
-001980
-001339
-001048
-001048
-001048
-001281
-002736
-004133
-003668
-001514
0001804
0003958
0000756
-004017
-002387
0002095
0000873
-003202
-003202
-000117
0002910
0004365
0002561
-000990
-003144
-003726
-003901
-003726
-003901
-004017
-003319
-002038
-001281
-000117
0003783
0007101
0004016
-002096
-003842
-001456
0002386
0005122
0003026
-001456
-003027
-002096
-001165
-000990
-002504
-004599
-005181
-004075
-001223
0000814
-002562
-007393
-005356
0000582
0002794
0001513
-000641
-002154
-001048
0002503
0008033
0011758
0008324
0001047
-002969
-002504
0002328
0007101
0004307
-002562
-004366
-002736
-003726
-005298
-002562
0001338
0000232
-003435
-003668
-001398
-000350
-000408
-000233
-000408
-002154
-003784
-001747
0001571
0001106
-001456
-001747
-000641
-001165
-002154
-000932
0001164
0001629
0000756
-000059
-000408
-000117
0000873
0002444
0003725
0003609
0002561
0001804
0001513
0001106
0000989
0001746
0002503
0001629
0000058
0000291
0000931
-001572
-004832
-004192
-000932
0001455
0002153
0000756
-001398
-001805
-000699
0000407
0000582
-001398
-004017
-003901
-002387
-002911
-004017
-002562
0000116
0001222
0000582
-000932
-002795
-004366
-004832
-003493
-001456
-000874
-001165
-000641
0000523
0001804
0002852
0003609
0003900
0004191
0003609
0001164
-002154
-004832
-005298
-001805
0003492
0007218
0007800
0004831
0000465
-001281
-000757
-000583
-000292
0001513
0003434
0003085
0001338
0000000
-000408
0000000
0000756
0000814
-000233
-003086
-005763
-004948
-001805
0000640
0001629
0000873
-000699
-001048
-000408
0000174
0000232
-001107
-002096
0000756
0004947
0005879
0003725
0000000
-002795
-001048
0002677
0002910
0000640
-000175
0000349
0000989
0001804
0002910
0003609
0003085
0001979
0001455
0001746
0002444
0003550
0005471
0006461
0004191
0000116
-002795
-003726
-002969
-001048
0000873
0002153
0002328
0001397
-000117
-001863
-003610
-004366
-003144
-000932
0000000
-000524
-002213
-003551
-002038
0000465
0000174
-001980
-003493
-003435
-001281
0001397
0001688
0000291
-000757
-000583
0001804
0004424
0003492
0000523
-000641
-000583
-001980
-003610
-003027
-001689
-002795
-004948
-004716
-003260
-003959
-004716
-000932
0004307
0005180
0002153
-002096
-005531
-006054
-004017
-001572
0000640
0002386
0002910
0001804
-000292
-002154
-002969
-001980
-000233
0000116
-000524
-000641
-000117
0001455
0002735
0001746
-000641
-002736
-003202
-001165
0002735
0007218
0009895
0008091
0003259
-001048
-003144
-001863
0001280
0002852
0002735
0002095
0001280
0000814
0000989
0002270
0003550
0002852
0001106
0000640
0001397
0002561
0003085
0001106
-001980
-003319
-003202
-003319
-003435
-002911
-002213
-002096
-002387
-002911
-003319
-003260
-002736
-002038
-001223
-000699
-000233
0000756
0002095
0003318
0003900
0003259
0001629
-000175
-001398
-001281
0000058
0002095
0003143
0000407
-003551
-003668
-000815
0001746
0003492
0004715
0004773
0003318
0001397
0001222
0001629
-000815
-003842
-002736
0000058
-001514
-004425
-001689
0003201
0002852
-001048
-003784
-004308
-002620
-000117
0000232
-000583
0000232
0001571
0001397
-000233
-002911
-004716
-002853
0000465
0000582
-001165
-001107
0000582
0003259
0004947
0002270
-001572
0000407
0004889
0004016
0000640
0002153
0005471
0003376
-001165
-001339
0001222
0001920
0001513
0003026
0004307
0001397
-002911
-002736
-000059
-000233
-002445
-003668
-003784
-003319
-002329
-000583
0000407
-001980
-005531
-005996
-003784
-001165
0000756
0001047
-000233
-002154
-003202
-001339
0001629
0001571
-000583
-002445
-002911
-000874
0001862
0001979
0000058
-001980
-002969
-001863
0000291
0001688
0001746
0000698
-000990
-002213
-002620
-002562
-001980
-000874
0000116
0000116
-000641
-001572
-002213
-001980
-001339
-001921
-002678
-001223
0000349
-002271
-006229
-006113
-002736
0001106
0003026
-000583
-005531
-003202
0002968
0005064
0003318
0001164
-000932
-003319
-004308
-001980
0001688
0002619
0001280
0000116
-000815
-002213
-002969
-001456
0000873
0000931
-000350
-000524
0000523
0002095
0003550
0004540
0004191
0001571
-001048
0000407
0003783
0004249
0001979
-001689
-004366
-002562
0001106
0000465
-002678
-003377
-002562
-003377
-004832
-005414
-004774
-002911
-001339
-002562
-005239
-006287
-005589
-003784
-002154
-002562
-003784
-002562
0000000
0000989
0000931
0001688
0002561
0002037
0000873
0000873
0001397
0000814
-000524
-001747
-002038
-000175
0001979
0000931
-001980
-003435
-003202
-001921
-000233
0001222
0001513
-000583
-003144
-002795
-000583
0000698
0000698
-000117
-001572
-003726
-005007
-003027
0000174
0000174
-002154
-003610
-004017
-004017
-003668
-003086
-002271
-001107
-000117
-000233
-000641
0000465
0002153
0002561
0001688
0000174
-001398
-002620
-002969
-001980
-000524
-000117
-000641
-001572
-002271
-001747
-000524
-000059
0000058
0001222
0002677
0002910
0002386
0002270
0002328
0001979
0001164
-000292
-001398
-000699
0000349
-001747
-004832
-004890
-002795
-001630
-001398
-001339
-000932
0001338
0003376
0001455
-002154
-002445
-000583
-000408
-001165
-000350
0001047
0000873
0000000
0000582
0001979
0002735
0002561
0001688
0000349
-000990
-001921
-001980
-001689
-002213
-002853
-001980
-000641
-000815
-002038
-002562
-002329
-001165
-000233
-001980
-004133
-001572
0002561
0001513
-002096
-001747
0000931
0001513
0000291
-000932
-001805
-001572
-001165
-002154
-003784
-004308
-003842
-002969
-002038
-001048
-000583
-001398
-002329
-001514
0000349
0002095
0002444
-000408
-003784
-002271
0001804
0003201
0001804
-001514
-003842
-000699
0004947
0006461
0004307
0001746
-000524
-002795
-003027
0001571
0007101
0006519
0001571
-002154
-003435
-001921
0000989
0002677
0002328
-000175
-002504
-000524
0003783
0005762
0005064
0002503
-000466
-001223
-000641
-001456
-003144
-004133
-004483
-004890
-004774
-003202
-001398
-001514
-002271
-000524
0002212
0002328
0000756
-000059
0000116
0001222
0002619
0003143
0002910
0003143
0003085
0000523
-001747
0001746
0007276
0007159
0003376
0001920
0002153
0001222
-000117
-000583
-000059
0001862
0003376
0001746
-001514
-002795
-002387
-002038
-001456
0000523
0001804
-001572
-005938
-004541
0000058
0001280
-000233
-001514
-002096
-001630
-000583
0000058
0000465
0001280
0002270
0003143
0003434
0002735
0001571
0001106
0001338
0001746
0002270
0002968
0003259
0002328
0001455
0003376
0006170
0006286
0004132
0001106
-001165
-000757
0001164
0001397
0000174
-001456
-002562
-001921
-000815
-002038
-004425
-005123
-004250
-003086
-001805
-000699
0000232
0001571
0002328
0001280
-001165
-004425
-006753
-006171
-003551
-000932
0000640
0000349
-000641
0000582
0002328
0000814
-002271
-003551
-002795
-001165
0000931
0002735
0003958
0004831
0005238
0005471
0005297
0004598
0003492
0001804
0000116
-000932
-001339
-001921
-001980
-000292
0001979
0003026
0002386
0000000
-002736
-003319
-002562
-002969
-003784
-003377
-002096
-000641
0000232
0000058
-000932
-001689
-002038
-001805
-001223
-000932
-001048
-001689
-002445
-002736
-002445
-002096
-001630
-000757
0000058
0000291
0000058
-000117
-000233
-000350
-000466
-000583
-000292
0000931
0002270
0002328
0001629
0002212
0002153
-002736
-008266
-006404
-000175
0003318
0002910
-001281
-005938
-005472
-000932
0003841
0006519
0004598
-000292
-004366
-005705
-002736
0001862
0002677
0000814
0000465
0000640
-001805
-004483
-002911
0000814
0001862
0000931
0001397
0001920
-000524
-003784
-004192
-001921
0001222
0003900
0004598
0003725
0002677
0002037
0002270
0002677
0001338
-000233
0000931
0003201
0002619
0000698
0001047
0002444
0001571
-000524
-001165
-000641
-000059
0000116
-000874
-002620
-004250
-005007
-003959
-002096
-001165
-001339
-002213
-002562
-000466
0002561
0003492
0002619
0001397
0000523
0000465
0000989
0000989
0000582
0000000
-000292
0000174
0001222
0002328
0002968
0002153
0000873
0001164
0002328
0002444
0002328
0003900
0005297
0002619
-001630
-002504
-000874
-000059
-000059
0000058
0000058
-000059
-000757
-003144
-005239
-003551
-000292
0000232
-001572
-003726
-005123
-004075
-002271
-003435
-005763
-005007
-002562
-001630
-002562
-005007
-007393
-007335
-005298
-002911
-001107
-000932
-001921
-002620
-002387
-000408
0002153
0002794
0002095
0002212
0002095
-000466
-003377
-002736
-000292
-000408
-002154
-003202
-002911
-001165
0001338
0003783
0004831
0003085
0000116
-000990
-000117
0002153
0003841
0001920
-001863
-003668
-003319
-002271
-001339
-002096
-003668
-004192
-003435
-001514
0000698
0001746
0001397
-000059
-001456
-000874
0000814
0001222
0000465
-000583
-001398
-001281
-000408
0000407
0000814
0000640
0000000
-000699
-001048
-001107
-000292
0002735
0005530
0004016
0000116
-001398
-001107
-001514
-001980
-001223
-000117
-000350
-001281
-001398
-000292
0002794
0005064
0001688
-004192
-005996
-004308
-002678
-001572
-000815
-000990
-003202
-005414
-004483
-001398
0001571
0002386
-000990
-006171
-008907
-007219
0000814
0009488
0009197
0003259
0001455
0003026
0003609
0003376
0003143
0003318
0005122
0006344
0002270
-003086
-001747
0003143
0003434
0000873
0000291
0001280
0001862
0002095
0002619
0002735
0001164
-000757
-000466
0000640
-001514
-004308
-002504
0001164
0001106
-001980
-005065
-006986
-006811
-005065
-003726
-002562
0000000
0001979
-000117
-003842
-004308
-002387
-001223
-001223
-002271
-003435
-002969
-001398
-000466
0000058
0001047
0001862
0001513
0000523
-000117
-000233
-000059
0000582
0001920
0003492
0004715
0005064
0004365
0003026
0001862
0001164
0000931
0000756
-000175
-001398
-001572
-001281
-002038
-003086
-002853
-001747
-000932
-000641
-000990
-001689
-001980
-002038
-002387
-002795
-002853
-002329
-000583
0000756
-001223
-004366
-004017
-001630
-001048
-001514
-000408
0001397
0001862
0001920
0004132
0006053
0003201
-001747
-002911
-000932
0001106
0002561
0003026
0002561
0001862
0001106
0000116
-000583
-000059
0000640
-000233
-001689
-001281
0000232
0000989
0000931
0000873
0000523
-000641
-002271
-004192
-005065
-002853
0000058
-000932
-003435
-001921
0001455
0001571
-000932
-003784
-005065
-002445
0001979
0003434
0002794
0003143
0004132
0004831
0004132
-000117
-004890
-004832
-001339
0000640
0001513
0003841
0005355
0002212
-002387
-002154
0001280
0002735
0002910
0004715
0006170
0003958
0000232
-000175
0001688
0002619
0002212
0000698
-001048
-001747
-001281
-000408
0000232
-000350
-002038
-004192
-005705
-005007
-002911
-001048
-000408
-002154
-004250
-002620
0000582
0000349
-001921
-002562
-001689
-000641
0000640
0002735
0003841
0001280
-003086
-005763
-005763
-003260
0000640
0004773
0006228
0000931
-005822
-004250
0002386
0005588
0004947
0002503
-000350
-001630
-000932
0001397
0003958
0004715
0003550
0001164
-001107
-001572
-000233
0001979
0003434
0002037
-000874
-002387
-002038
-000059
0001688
-000292
-003202
-001048
0003841
0005821
0004424
0000698
-003086
-002911
-000233
0000931
0000931
0001862
0003026
0003259
0002910
0002619
0002444
0002735
0002794
0001106
-000466
0001513
0004656
0003609
0000349
-000175
0001513
0003201
0003841
0002270
-000233
-000757
-000059
-000175
-001165
-002795
-004017
-003086
-001107
-000350
-000932
-002387
-003377
-001398
0001455
0000989
-001223
-000932
0000989
0002270
0002095
-000524
-003260
-002213
0001280
0003725
0004424
0003201
0001280
0000989
0001979
0002619
0002852
0003026
0002677
0001106
-000524
-000292
0001106
0001455
0001280
0001629
0002677
0004947
0006112
0001746
-004425
-004948
-001747
-000932
-001630
-001456
-000408
0001164
0002095
0001106
-001223
-003435
-004541
-003842
-001747
0000698
0002037
0000523
-002329
-003435
-002329
0001047
0004132
0002503
-001223
-001223
0001280
0002677
0002677
0001920
0000756
-000408
-000292
0002968
0006461
0004831
0000756
0000989
0003376
0002619
0000407
0000756
0002735
0003958
0003492
0000058
-003842
-003784
-001223
-000466
-000815
-000175
0001222
0003201
0004249
0002270
-001630
-005181
-006869
-005239
-001921
-000175
-000233
-000641
-001398
-002911
-003901
-002504
0000000
0000989
0000465
-000175
-000932
-002096
-002736
-001805
0000291
0002677
0004482
0005006
0004249
0002444
0000698
0000407
0001047
0000756
0000116
0000698
0001979
0003201
0003609
0001979
-000408
-001107
-000815
-001805
-002911
-001572
0000291
-001165
-004425
-006404
-005239
0001280
0009022
0011176
0007276
-000874
-008383
-008383
-002969
0001222
0003026
0002794
0001222
0000465
0000407
-000117
-000117
0002095
0004947
0005821
0004365
0000873
-002329
-001630
0001629
0003667
0003667
0001629
-000874
-000641
0001338
0002153
0002153
0003026
0003783
0002852
0000582
-002213
-004192
-003726
-001572
0000000
0000873
0002270
0002677
-000699
-004716
-003668
0000407
0002386
0001746
-000699
-003086
-002213
0000582
0001920
0001804
0001688
0000989
-001456
-004017
-004133
-002271
0000174
0001513
-000815
-004075
-002445
0001338
0000931
-002096
-003086
-002329
-001456
-000233
0002386
0004656
0003900
0001338
-000117
-000350
-000117
0000116
-000466
-001281
-001165
-000524
-000059
-000292
-001921
-003435
-001805
0001280
0002735
0002095
-000059
-002445
-003202
-002154
0000232
0002153
0000814
-001980
-001980
-000583
-001630
-003784
-004133
-003086
-002504
-002213
-001514
-000932
-001223
-001630
-000524
0001047
0000931
-000233
-001107
-001223
-000466
0000698
0001338
0001222
0000523
-000117
0000523
0001455
0000814
-000990
-002562
-003144
-002096
-000292
0000407
-000117
-001165
-002154
-002329
-001572
0000232
0001513
-000233
-003435
-004366
-003901
-005007
-006811
-007219
-006695
-006578
-006462
-005298
-003726
-002795
-002678
-003319
-003959
-003610
-002329
-000757
0000465
0000698
0000174
-000350
-000466
0000349
0001164
0000291
-001572
-003027
-003086
-000815
0001862
0000873
-001805
-001456
0000814
0001571
0001455
0002503
0003667
0003318
0001920
0000989
0000465
-000350
-001048
-000757
-000757
-003784
-007335
-006520
-003086
-000932
-001165
-004483
-007975
-006753
-002387
0000989
0001571
-002096
-006578
-005065
0000407
0004074
0005530
0006053
0005238
0002561
-000175
-000233
0001862
0004191
0005297
0003609
0000407
-001456
-001514
0000116
0001920
0001222
-000583
0000174
0001862
0000814
-001223
-000466
0001862
0002735
0002270
0002037
0001164
-001980
-005589
-006869
-005531
-002504
0000232
-000408
-002736
-002387
-000350
0000582
0000174
-001281
-002853
-003260
-002620
-002096
-001747
-001747
-001747
-000990
0000232
0001164
0001920
0003085
0003958
0003841
0002852
0001862
0000989
0000349
-000059
-000699
-000699
0001920
0004365
0001164
-003726
-001747
0003783
0004715
0002444
0001571
0001513
0000407
-001165
-002213
-002387
-001572
-000233
0000465
0000465
0000640
0000174
-002387
-005007
-004192
-001339
-000059
-000175
0000407
0000698
-001223
-003610
-003144
-001223
-001689
-002911
-001223
0001688
0001862
0000465
0000465
0001397
0001280
0000873
0001571
0002503
0002270
0000756
-002096
-003959
-001514
0003434
0006577
0006927
0004656
0001397
0000174
0000465
0000058
-000874
-001630
-002096
-001980
-001863
-002911
-004017
-003086
-000932
0000407
0000640
-000641
-001921
-000350
0002153
0001280
-001281
-001630
-000641
-001165
-002387
-002504
-001689
-000466
0000465
0000058
-000874
-000815
0000232
0001920
0003085
0002270
0000465
-000117
0000698
0002095
0004074
0006927
0008964
0007742
0004482
0001979
0000582
-000292
-000699
-001048
-000815
0001106
0002910
0001338
-001980
-003435
-002562
0000116
0002561
0000814
-002445
-001223
0002153
0001862
-000350
0000232
0002386
0003085
0002386
0001571
0000814
0000000
0000000
0002153
0004074
0001397
-003202
-003610
-001747
-003027
-005472
-004599
-001456
0001397
0003143
0003841
0002677
-001689
-005472
-002562
0003958
0006985
0005704
0001280
-003784
-005647
-004133
-000757
0002444
0002444
0000640
0001047
0002386
0001746
-000292
-002271
-003086
-001281
0001164
0000232
-001980
-000466
0003026
0004365
0003550
0001979
0000116
-001747
-002329
-000059
0002910
0002386
-000059
0000058
0001164
-000408
-003144
-003726
-002504
-000990
0000174
0000291
-000408
-001048
-001107
-000175
0001280
0002561
0002677
0000232
-002678
-002213
0000174
0000116
-000641
0002095
0005704
0004889
0001746
0001804
0003143
0000931
-002329
-001398
0001455
0000873
-001630
-001747
-000466
-000583
-001223
0000349
0001862
-001689
-005938
-002562
0004656
0007043
0005180
0002444
0000582
0002095
0004773
0003376
0000000
-000874
0000465
0001920
0002968
0003201
0003143
0004598
0005879
0003900
0000873
0001629
0003958
0002735
-000815
-003901
-004890
-001921
0002386
0003026
0000931
-000175
-000233
-000292
-000059
0001338
0002270
0000174
-003202
-004075
-002795
-001107
-000117
-001398
-003260
-002213
0000291
0000174
-001107
-000524
0001746
0004598
0006403
0004249
0000873
0001746
0004773
0004540
0002153
0000989
0000116
-003493
-006637
-003901
0001862
0004016
0002968
0001571
0000640
0001222
0002444
0002270
0001397
0001688
0002619
0002619
0002270
0003667
0004365
-000524
-006462
-004599
0001280
0002561
-000059
-002853
-004133
-001107
0002735
0000349
-004716
-004192
-000175
0001804
0001455
-000524
-002620
-002329
-000466
0000698
0000756
-000292
-001398
-000408
0001513
0001513
0000349
0000174
0000698
0000756
0001047
0003085
0004889
0003201
-000408
-002795
-002620
0001164
0004947
0002444
-003610
-006171
-005763
-005531
-004948
-002678
-000117
0000232
-000117
0002677
0005879
0004424
-000466
-005531
-008266
-006345
-001514
0002561
0004074
0001746
-002213
-003435
-002678
-002969
-003901
-004133
-003551
-002096
-000175
0001804
0002561
0000174
-002911
-001805
0001571
0002270
0001571
0003376
0005937
0005879
0003609
0000640
-001921
-002678
-002096
-002329
-002329
0000873
0003841
0000523
-005065
-004250
0000465
0002153
0000989
-000583
-001805
-001281
-000117
-000466
-001863
-002736
-002620
-001048
0000640
0000232
-001747
-003610
-004366
-002969
-000815
-000757
-001921
-002213
-001456
0000116
0001280
-000059
-002387
-002445
-000641
0001571
0003259
0003318
0002386
0002561
0002968
0001338
-000932
-001398
-000408
0000931
0001513
-000117
-002678
-003610
-003144
-003319
-002969
0000116
0003434
0002270
-001107
-001339
0000582
0001106
0000465
-000350
-001281
-002096
-002795
-003260
-003726
-005065
-005763
-003260
0000407
0001047
-000350
-000815
-000408
-000059
-000466
-003144
-005705
-003668
0000756
0002270
0001746
0002153
0003026
0003492
0002503
-001921
-006287
-004308
0000873
0002270
0000174
-002620
-004425
-002795
0000407
0000640
-000990
-000990
-000292
-001223
-002736
-002620
-001398
-000583
0000058
0001513
0002503
0001047
-001630
-002969
-003086
-003319
-003610
-003959
-004133
-003901
-003493
-003551
-003435
-002038
-000466
-001048
-002562
-001980
-000466
-000699
-001863
-001572
-000641
-000815
-001223
0000000
0001979
0002794
0002619
0002503
0002444
0002386
0002328
0001979
0001047
-001165
-003319
-002853
-000932
-000292
-000757
-001339
-001572
-000815
-000117
-001689
-004192
-005531
-004483
0000407
0004715
0000407
-007684
-008965
-004890
-001107
0000116
-004017
-009664
-009489
-004657
0000756
0004307
0004307
0000756
-005181
-009838
-007917
-001921
0002037
0003143
0002561
0001455
0002270
0004016
0003900
0002503
0001746
0001571
0001804
0001920
0000931
-000408
-000757
-000059
0001280
0002270
0001106
-000874
-000815
0000349
0000058
-001048
-001514
-001456
-001980
-002329
-000874
0000931
0000232
-001689
-001921
-001165
-001398
-001863
-000583
0001106
0000465
-001281
-001339
-000583
-001281
-002213
-000874
0001455
0001746
0000814
0000989
0001746
0001513
0000640
-000117
-000350
0000814
0002153
0001571
-000059
-000233
0000465
0000582
0000174
-000815
-001514
-000641
0000698
0000058
-001572
-001805
-000757
0001280
0002852
0001862
-000583
-001223
-001165
-003726
-006113
-003260
0002270
0004715
0004191
0003143
0002153
0001804
0002095
0003085
0003434
0001280
-001689
-001689
0000000
0000000
-000874
-000233
0000814
-000175
-001572
0000116
0002677
0001571
-001514
-002154
-000583
0001455
0003085
0003201
0002037
0000407
-000699
0000349
0002037
0000640
-001398
0001047
0004947
0004074
0000232
-001980
-002096
-001048
0000291
0000349
-000583
-001514
-001689
-000350
0001688
0002735
0002503
0001338
0000000
-000350
0000174
0000640
0000814
0000640
0000349
0000407
0000582
0000058
-000233
0001629
0004016
0003900
0001920
0000291
-000175
0000873
0002677
0003492
0003376
0003434
0003201
0001338
-000292
0001280
0004016
0003550
0000698
-002038
-002969
0000407
0004889
0003958
0000349
0000989
0003550
0002619
-000699
-002853
-004017
-005531
-006637
-005996
-004192
-002736
-001921
-001863
-001980
-000932
0000407
0000407
-001223
-005123
-008150
-004948
0000989
0001629
-000524
0001571
0005122
0004016
0000174
-001572
-000524
0003026
0007159
0009022
0007858
0004074
-000408
-002795
-002562
-000059
0002444
0001222
-001630
-001398
0001047
0002794
0003609
0003841
0002968
0000582
-002271
-003842
-003610
-001980
0000291
0002212
0003026
0002270
0000989
0001338
0002212
0001164
-000990
-002329
-002736
-002678
-002096
-000932
0000523
0002095
0003259
0003201
0002212
0000989
0000465
0001862
0003958
0004307
0003259
0003085
0002735
-000233
-003086
-000815
0003667
0004016
0001338
-000583
-001223
-000292
0001106
0000640
-000757
-000699
0000291
0001047
0001106
0000349
-000699
-000641
-000175
-001048
-002271
-001572
-000408
-002271
-004599
-002562
0001862
0004016
0003609
0002328
0000000
-004075
-007044
-004890
0000058
0002444
0002444
0002735
0002910
0002503
0001804
0001338
0001338
0002037
0002503
0000698
-001281
0001164
0005064
0004016
0000291
-000641
0001106
0004132
0006170
0003609
-001107
-002969
-001514
0002619
0006577
0005821
0001979
-000350
-000874
-000583
-000059
-000233
-000990
-001514
-001456
0000174
0001804
0000582
-001863
-002678
-001107
0003492
0007625
0005704
0000814
0000291
0002677
0002910
0002037
0002852
0003783
0000931
-002504
-000233
0004482
0004365
0001106
-000524
-000350
0000174
0000989
0002328
0002968
0001222
-001572
-002678
-002038
-000583
0000640
0000232
-001165
-001863
-001572
-000466
0000698
0000582
-000466
-001165
-001572
-002154
-002736
-003551
-003784
-001921
0000232
-000932
-003202
-001514
0002328
0003900
0003026
0000640
-001689
-001863
-000292
0001629
0002270
-000524
-004133
-003086
0000058
-000874
-003435
-001630
0002212
0002852
0001106
0000000
-000990
-003668
-006229
-005996
-003435
-000059
0001397
-003377
-009140
-005298
0002968
0004249
0000000
-003784
-005531
-004133
-001165
0000000
-000583
-001339
-002096
-002911
-002678
0000174
0003609
0003550
0001222
-000175
-000292
0000349
0001338
0001629
0001513
0001688
0002153
0002677
0003550
0005180
0006694
0006868
0005413
0002095
-000524
0001688
0005762
0005413
0002212
0000931
0001164
0000756
0000349
0001164
0002386
0002910
0002153
-000408
-003319
-004308
-003377
-001398
0000523
0000582
-000408
-000117
0000291
-001980
-004948
-004541
-002620
-003901
-006229
-004948
-001572
0000465
0000873
0000640
0000058
-000583
-000815
-000292
0000640
0001222
0001222
0000931
0000058
-001514
-002969
-003086
-002154
-001514
-001048
-000641
0000116
0002270
0004424
0004773
0003318
0000873
-001223
-001281
-000175
-000408
-001281
-001281
-000466
0001222
0002212
0000407
-003027
-005472
-005938
-004366
-001630
0001047
0001979
-000641
-004599
-005589
-003959
-001921
-000292
-000059
-000699
-000815
-000641
-001048
-001689
-001572
-000874
0000291
0001164
0000582
-000699
-000408
0000058
-002329
-005298
-004541
-001339
0001280
0002270
0001047
-000990
-000583
0000523
-002096
-005531
-004017
0000291
0002212
0001746
0000465
-000932
-000932
-000757
-003260
-006637
-007568
-006404
-005065
-004133
-003842
-003842
-003551
-002387
0000523
0003085
0001513
-002154
-003551
-002911
-002562
-001863
0000814
0003609
0003259
0001222
0001397
0002503
0001222
-000757
0000058
0002153
0001455
-000292
0000873
0003550
0004656
0004365
0004365
0004191
0003259
0001746
-000175
-001572
-001456
-000292
0000698
0000814
-000466
-002387
-003959
-004308
-001863
0000465
-002504
-008092
-011177
-010711
-006986
-002678
-002096
-004017
-004832
-003959
-001514
0001513
0003958
0004249
0000232
-004599
-003901
0000174
0001688
0001338
0002677
0003725
0000465
-003610
-001921
0002852
0004249
0003143
0003492
0003958
0001804
-000932
-000524
0001571
0001862
0000814
0000000
0000116
0001979
0004249
0004715
0003609
0001804
0000349
0000698
0001862
0001571
0000058
-001572
-002911
-003842
-003377
0000000
0003725
0003085
0000058
-000466
0000698
0000582
-000059
0000756
0001979
0001629
0000291
-000583
-000466
0000698
0002386
0004016
0004598
0003318
0000931
-001223
-001921
0000058
0002619
0001629
-001048
-001107
0000873
0003085
0004132
0001920
-001165
-000408
0002619
0003550
0002735
0002153
0001571
0000058
-001514
-001339
-000699
-002387
-004716
-004133
-001921
-001165
-001921
-003668
-004832
-003086
-000059
0000989
0000291
-000757
-001514
-001165
0000174
0002095
0003434
0002619
0000756
0000756
0001513
0000291
-001572
-001165
0000698
0001804
0002212
0002561
0002968
0003900
0004715
0004715
0003609
0001338
-001281
-003610
-004017
-000175
0004715
0004831
0001862
0000698
0001047
0001047
0000640
-000350
-001165
-000524
0000698
0000814
-000175
-001863
-003377
-003319
-002271
-001805
-001805
-001456
-000815
0000291
0001047
0000291
-001398
-002678
-002969
-002096
-000408
0001047
0002328
0004424
0005588
0002677
-001805
-003202
-002213
-002096
-002678
-003493
-003260
-000117
0004016
0005530
0004540
0002852
0001222
0000407
0000349
-000117
-000408
0000465
0001455
0000465
-001398
-001805
-001165
-001165
-001572
-001630
-001980
-004250
-005938
-002736
0002677
0004715
0003841
0003434
0002910
0000698
-001921
-002911
-002620
-003027
-003144
-000932
0001629
0001338
-001048
-003202
-003610
-000757
0003609
0006286
0006344
0003550
0000349
0000465
0003550
0007159
0009546
0008789
0005762
0003318
0001804
0000407
-000408
-000583
-000350
-000524
-000524
0001455
0003609
0003026
0000582
-001107
-001863
-002387
-002038
-000175
0002328
0004249
0004598
0002619
-000350
-001747
-000990
0001746
0005006
0006636
0005937
0002968
-000699
-002969
-002504
0001804
0006694
0007101
0003667
-000699
-003319
-000815
0003725
0003725
0000640
-000874
-001048
-002038
-002445
0000116
0003550
0003667
0001629
0001397
0001979
0000756
-001223
-001980
-001398
0000291
0001513
-000350
-003726
-005356
-004774
-002096
0000814
0000931
-001398
-004308
-006520
-006753
-005007
-002213
0000174
0000291
-000932
-001223
-000059
0002852
0005646
0005180
0002677
0001513
0001920
0003318
0004540
0003783
0001862
0000582
0000232
0000174
0000582
0002153
0003085
-000059
-003842
-001572
0003783
0005413
0003725
0001571
0000058
0000291
0001222
0000000
-002387
-004075
-004308
-002736
-000641
-000233
-001223
-002096
-002504
-002329
-001281
0000814
0002619
0002444
0000931
0000116
-000117
-000641
-000990
-000292
0000989
0002386
0003143
0002328
0000931
0001280
0002095
0000232
-002329
-001689
0000873
0002037
0001455
-000408
-002213
-001514
0000000
-001572
-004192
-003260
-000757
-001630
-003842
-002620
0000174
0000232
-001223
-000932
0000116
-000350
-001514
-001456
-000815
-001514
-003027
-004599
-005123
-003260
-000757
-001223
-003202
-003319
-001921
-000699
-000059
-000175
-000932
-002329
-003260
-002154
0000349
0003201
0004889
0003434
0000698
0000465
0001862
0002037
0001397
0001455
0001804
0001455
0000523
-000641
-001165
0000756
0002968
0001804
-001747
-004716
-005822
-004075
-000815
0001513
0001397
-002736
-006986
-004425
0001629
0003900
0002095
-001689
-005123
-004716
-001630
0000349
0000640
-000175
-001747
-002969
-003435
-002911
-001863
-001456
-000990
0001338
0003958
0004191
0002677
0001397
0000873
0001513
0002735
0003434
0003201
0002037
0000698
0000465
0001047
0000931
0000698
0001629
0002561
0001164
-001281
-001921
-001165
-000524
-000641
-002329
-004366
-004599
-003493
-002387
-001747
-001572
-002154
-003901
-005589
-005414
-003842
-002329
-001223
-000408
-000117
-000059
-000524
-002213
-003551
-001630
0001164
-000175
-003493
-004075
-002096
0000640
0002503
0000756
-002154
-001398
0001455
0002735
0002037
0000291
-002096
-005123
-006578
-003493
0001746
0004249
0003958
0002444
0001280
0003609
0006403
0003376
-002445
-004075
-002678
-002562
-003319
-003202
-002911
-004017
-005123
-003784
-001339
-000641
-001456
-002445
-003027
-002736
-001572
0000640
0001746
-001747
-006520
-006404
-002562
0000349
0001920
0002968
0002677
0000349
-002271
-002387
-000117
0003667
0006170
0003085
-002154
-002562
0000349
0001513
0000989
0000523
0000058
-000583
-000815
0000407
0001920
0001397
-000233
-000874
-000815
-001514
-002154
-001339
0000232
0000931
0000698
-000350
-001339
-000874
-000117
-001630
-004366
-006054
-005938
-003377
-000233
0000058
-001281
-000699
0000873
0001222
0000756
0000931
0001513
0002095
0002037
0000232
-002329
-003668
-003726
-003319
-002387
-001165
0000407
0002503
0004074
0003609
0001920
0001106
0000756
-000466
-001689
-001107
0000116
-000059
-001165
-001863
-001747
-000408
0001106
0002037
0000756
-005239
-011119
-008674
-001107
0003900
0004307
-000524
-006462
-005880
-000524
0003841
0006170
0007101
0005704
0001164
-003551
-003668
-000524
0001746
0002735
0002910
0002328
0000814
-000233
0001338
0003841
0003958
0002153
0000291
-000466
0001338
0003900
0003958
0001979
-000117
-001223
-000175
0001920
0002212
0001106
0000174
-000583
-001339
-001689
-001456
-000874
-000757
-000932
-000757
-000350
0000174
0000232
-001456
-003202
-001921
0000582
0000291
-001689
-002271
-001689
-000641
-000059
-001456
-003260
-002329
-000117
-000117
-001048
0000640
0003318
0004016
0002735
0000814
-000583
0000000
0002153
0004191
0005180
0004424
0002328
-000466
-002387
-001630
0000523
0001338
0000698
-000466
-001630
-002096
-002213
-003086
-003726
-002562
-000408
0000814
0000756
-000233
-001339
-001165
-000292
-000292
-001048
-002387
-003610
-004017
-003435
-002504
-001223
0000407
0001455
0000465
-001223
-000932
0000814
0001979
0002794
0004249
0005471
0005530
0004424
0002677
0001164
0001222
0002153
0002270
0001571
0000465
-000583
-001281
-000990
0001338
0003492
0001338
-002154
-000815
0002852
0002852
0000116
-002562
-003959
-002911
-001456
-004192
-007568
-004308
0002153
0003958
0002095
0000989
0000291
-001863
-003726
-002562
0000058
0000582
-000757
-002562
-003435
-001165
0001979
0001513
-000990
-001514
-000233
0001629
0003026
0002561
0001047
0000407
0000814
0001746
0002968
0004249
0005006
0004947
0003783
0001746
-000408
-001456
-001223
-000350
0001047
0002968
0004074
0002386
-000175
0000756
0002735
-000117
-004308
-002678
0001571
0000640
-003144
-003610
-001689
-000466
-000233
-000641
-000990
0000174
0001629
0001047
-000874
-002562
-003086
-001689
0000698
0002037
0001920
0000582
-001048
-001921
-000641
0004424
0009721
0009197
0004074
-002038
-005472
-001863
0004540
0004656
0000465
-001281
-000874
-000874
-000350
0003259
0006286
0002270
-004599
-005181
-001863
-002213
-003959
-001514
0002503
0002677
0000174
-001630
-001747
0000465
0003376
0003492
0001629
0000058
-000641
-000350
0000523
0001047
0001106
0001222
0001222
0000640
0000116
0000582
0001746
0002735
0003085
0002677
0001280
-001398
-003377
-001747
0001804
0003609
0003085
0000291
-002620
-002329
0000058
0001338
0001338
0001047
0000640
0000465
0000407
-000059
-000815
-001863
-002853
-003901
-003959
-000874
0002444
0000873
-003435
-005239
-004483
-002387
-000757
-002562
-005181
-002911
0001455
0001688
-000292
0000931
0003492
0002910
0000640
-000292
0000465
0002153
0003841
0004016
0003026
0002328
0001688
0000407
-000815
-000815
0000232
0001222
0001979
0002153
0001804
0000873
-000408
-001980
-003144
-003551
-002736
-000117
0002153
0000698
-002736
-004133
-003610
-002795
-002096
-002271
-002853
-002736
-002445
-002853
-003784
-004774
-005065
-003842
-002154
-002038
-002620
-002096
-000699
0000931
0002095
0002212
0001688
0001455
0001513
0001920
0001979
0000698
-001223
-002911
-003202
-001165
0001862
0003376
0003201
0002153
0001222
0002386
0004132
0003376
0001513
0002328
0003841
0001688
-002038
-003086
-001921
-001165
-001048
-001630
-002387
-002387
-001863
-002038
-001980
0000058
0002328
0001979
-000408
-003144
-004832
-004366
-002038
0001222
0003318
0001688
-001747
-002795
-001048
0002794
0006577
0007218
0005122
0002270
0000058
0000582
0002386
0001513
0000174
0003143
0006927
0004947
-001048
-006928
-009664
-006462
-000466
0001979
0000523
-003377
-005763
-000175
0008091
0007858
0002153
0000349
0000523
-003319
-007393
-004192
0002153
0002735
-000583
-001689
-001223
-001689
-002562
-002329
-001921
-003784
-005705
-002911
0001222
-000466
-005239
-006928
-005007
-000524
0003783
0003550
0000232
-002096
-002504
-001048
0001571
0004074
0005588
0005530
0004249
0002910
0002212
0003201
0004074
0001222
-003086
-003959
-002271
-000932
-000524
-000815
-001572
-001747
-001980
-004250
-006404
-004425
-000932
-001514
-004599
-005822
-005239
-004308
-003260
-002795
-002387
-000757
0000931
0000291
-001339
-001165
0000232
0001106
0001222
0000756
0000116
-000350
-000175
0000989
0002503
0003085
0002852
0002735
0002503
0002037
0001280
0000174
-000408
0001222
0003550
0003958
0002968
0002503
0002328
0001804
0001164
0001106
0001222
0000698
-000175
-000932
-001107
0000058
0000814
-002271
-006229
-005123
-000932
0001455
0001455
-000524
-003086
-003842
-002678
-000524
0001280
0000523
-001165
0000058
0002735
0003201
0002677
0004307
0006286
0004598
0001571
0002503
0005122
0004074
0000989
-000233
0000174
0000698
0000814
-000408
-001630
-000175
0002328
0002852
0001338
-001398
-003202
-000815
0003318
0003958
0001688
-000990
-002736
-001630
0000582
0000058
-001980
-002096
-001048
-000641
-001630
-005065
-007859
-004716
0000931
0001746
-001281
-004366
-005705
-003144
0001047
0001920
0000814
0002037
0003550
0000931
-002911
-001805
0001979
0003085
0002095
0001862
0001920
0000931
-000175
-000117
0000698
0000407
0000000
0001280
0003259
0003900
0003434
0003085
0002677
0001746
0000523
-000874
-002038
-003377
-003551
-000117
0003434
0000349
-005239
-004425
0000232
0001804
0000000
-003959
-007626
-007102
-003668
-000932
0000814
0003026
0003841
0000174
-004250
-002387
0002503
0002037
-000990
0000873
0004424
0002735
-001572
-002562
-000583
0001979
0003725
0002794
0000523
0000407
0001513
0001397
0000523
0000000
0000232
0001920
0003900
0004365
0003259
0001338
-000874
-002911
-003842
-002911
-000524
0002386
0004074
0002328
-000932
-001689
-000699
-000641
-001107
-000874
-000524
-001223
-002154
-001339
-000233
-001747
-004017
-002853
-000059
0000000
-001048
0001164
0004307
0003376
0000232
-000583
0000349
0000931
0001047
0001106
0001280
0002212
0003026
0002444
0001047
0000698
0001047
0001047
0000756
0000116
-000292
0000349
0001571
0002619
0002910
0001862
0000407
0000174
0000931
0001571
0001629
0000407
-000874
-000408
0001455
0003550
0004424
0002444
-000932
-002562
-002445
-002038
-001398
-000874
-000408
0000407
0000931
-000175
-001514
-000233
0002212
0002270
0001106
0001920
0003492
0002968
0001513
0001979
0002968
0001629
-000874
-001980
-001921
-002445
-002445
0000232
0003609
0003900
0002270
0002270
0003085
0002328
0001164
0001862
0003085
0002270
0000232
-000932
-001048
-001048
-000874
-000699
-000583
-000408
-000699
-002329
-004308
-005007
-004366
-002504
-000874
-001747
-003493
-002911
-000699
0000698
0000989
-000059
-000874
0001338
0004773
0006112
0005064
0002095
-000815
-000524
0001513
0001222
0000058
0001513
0004191
0004831
0003958
0003376
0003026
0002212
0001280
0000582
0000232
0000582
0001047
0000582
-000117
0000931
0001979
-000292
-003842
-004366
-002562
-000990
-000292
-001048
-002213
-001339
0000116
-001689
-004308
-002329
0001338
0000349
-003493
-005472
-004948
-001921
0001571
0002153
0000116
-002969
-004948
-003144
0001164
0004947
0006403
0004074
-000059
-002329
-001805
0001629
0005006
0003201
-001048
-001630
0000349
0001106
0000989
0001513
0002037
0001397
-000059
-001223
-001863
-002387
-001980
0000523
0003201
0002794
0000582
-000350
0000116
0000931
0001688
0002386
0001979
-001223
-004774
-004425
-001630
-000641
-000932
-000350
0000582
0000814
0000931
0002270
0003783
0003550
0002503
0002968
0004074
0003841
0002386
0000232
-001514
-001689
-000175
0002619
0005006
0004889
0002677
0000349
-001456
-002387
-002213
-000990
0000232
-000583
-001514
0002095
0006752
0005646
0001280
0000116
0001222
0000931
-000292
-001398
-002154
-002387
-002213
-002795
-002853
0000291
0003900
0002968
-000757
-002795
-002562
-000583
0001688
0001629
0000349
0000873
0002503
0003259
0003085
0002794
0001746
-001863
-005065
-002736
0002444
0004307
0003376
0002619
0001979
0000989
-000059
-001048
-001456
-000874
0000116
0000232
-000350
-000815
-001048
-001107
-000874
-000408
0000000
-000117
-000641
-001048
-001514
-002853
-004133
-003901
-002038
0001629
0004132
0000465
-005414
-005298
-001572
-001281
-002678
-000874
0002270
0003026
0001513
-000583
-002329
-002154
-001048
-001281
-001921
-000757
0001397
0002968
0002794
-000292
-003901
-003551
-000757
0000116
-000175
0001397
0002619
-000350
-005123
-006869
-005472
-002504
0000465
0001222
-000233
-002620
-004599
-004541
-003027
-001863
-001223
-000699
-000408
-000117
-000350
-001980
-003377
-001980
0000873
0001862
0001164
0000756
0000058
-002329
-004541
-003610
-000815
0001047
0001513
0000465
-000815
0000232
0001920
0000698
-001689
-000932
0000640
-002096
-006229
-005880
-002387
0000291
0001338
0000640
-000932
-001747
-001456
-000408
0000989
0002153
0002095
-000990
-004425
-003202
-000059
-001281
-004716
-004832
-002969
-003202
-004017
-001398
0001629
-000932
-005705
-005589
-001921
0000814
0002153
0002968
0002910
0001571
0000291
0001513
0002968
-000641
-005414
-003842
0001513
0003841
0003143
0001164
-000233
0002503
0006112
0004132
-000524
-000874
0001397
0000989
-000757
-000350
0000756
-000408
-002562
-002678
-001339
-000524
-000641
-001980
-003493
-003202
-001514
0000116
0000640
-000990
-003668
-005472
