0007451
0010012
0008906
0004598
-000233
-001398
0000523
0002503
0003259
0001688
-000466
0000698
0003550
0003783
0002677
0003783
0005471
0004132
0001455
0001047
0002212
0002794
0002794
0003026
0002794
0000756
-001514
-000990
0000349
-002096
-005647
-004774
-001223
0000174
-000233
-000175
-000292
-001689
-003202
-002911
-001514
-000641
-000350
-000175
0000407
0002095
0003783
0003434
0001920
0001397
0001571
0000873
0000349
0001746
0003667
0003550
0002095
0000931
0000698
0001629
0003085
0003783
0003667
0003492
0002735
0000523
-002038
-003086
-002795
-002795
-002387
0000000
0002386
0001280
-001514
-002038
-000874
-000117
-000350
-002038
-003784
-002795
-000408
0000407
0000058
0000349
0000756
-000466
-001572
0000465
0003609
0003376
0001455
0002095
0004307
0005588
0005122
0002503
-000815
-001921
-001107
-000524
0000291
0002735
0005122
0004656
0002153
-000292
-001514
-000699
0000931
0000698
-000815
-002038
-002620
-002562
-002038
-001165
-000524
-000990
-002387
-004366
-005531
-003901
-001339
-001980
-003842
-001805
0001629
0000931
-001456
0000291
0003841
0003958
0001688
0000116
-000175
0000931
0002561
0003026
0002735
0003376
0004132
0002910
0001338
0002677
0005646
0007392
0006985
0003667
-000466
-001514
-000641
-001630
-002969
-001456
0001164
0000989
-000990
-002096
-002620
-003377
-004366
-005822
-006986
-007044
-006404
-006054
-006287
-007743
-008558
-005531
-001339
-001689
-004425
-003842
-001980
-003842
-006753
-005007
-000350
0003026
0003783
0001455
-001921
-002853
-001165
0001688
0004598
0006053
0006170
0006053
0005995
0006344
0006344
0004132
0001571
0002270
0004365
0003318
0000349
-001281
-001339
-000641
0000640
0002270
0003143
0001688
-001107
-003668
-004890
-003610
-001921
-003610
-006753
-006695
-004541
-003202
-003319
-005123
-007393
-007975
-006869
-004308
-002445
-004425
-008266
-009838
-008325
-003842
0001164
0002794
0001222
-002038
-004599
-003086
0000640
0002037
0001746
0002910
0004773
0005879
0006053
0005530
0004831
0004656
0004831
0004831
0004424
0003376
0002037
0000873
-000117
-001165
-001980
-002387
-002213
-001165
0000174
0001222
0001164
-001048
-003610
-002795
-000757
-001980
-005123
-006578
-006287
-005298
-003842
-002445
-001281
0000000
0000523
-001281
-003493
-002969
-000408
0001571
0002386
0002328
0001513
0001047
0000698
-000175
-000757
0000582
0002677
0003434
0003143
0003259
0003201
0002095
0000232
-001514
-002562
-003086
-002562
-000233
0001571
-001398
-006171
-006695
-004192
-002620
-002154
-001921
-001689
-000408
0000523
-001747
-005007
-004716
-002387
-001863
-002329
-001281
0000232
0000349
-000699
-001805
-001921
0000640
0003550
0002561
-000292
-000117
0001688
0001455
-000059
-000524
-000292
-000699
-001281
-000757
0000174
0000000
-000408
0000640
0002386
0003026
0002561
0001920
0001106
0000116
-000815
-001689
-001921
-000874
0000989
0002910
0003958
0003259
0001629
0000873
0000756
-000233
-001223
-000583
0000058
-002620
-006229
-006229
-003493
-000874
0000349
-000990
-003551
-004716
-003901
-000932
0002212
0002212
0000582
0000931
0003085
0005995
0007800
0005238
0001571
0003143
0007683
0009080
0007742
0006170
0004365
0001338
-000990
0000116
0002386
0000873
-002271
-002154
0000058
0000931
0000756
0001397
0001688
-000233
-003144
-004948
-005181
-004541
-003086
-000874
0000407
-002038
-005822
-005938
-003959
-004250
-006171
-007568
-007801
-006345
-004017
-002387
-001456
-000583
0000465
0002153
0003783
0004365
0003725
0002153
0000582
0000058
0000814
0002735
0004889
0005762
0005879
0007392
0008498
0006112
0001455
-003202
-005647
-003784
0000523
0002910
0003201
0002561
0001920
0002910
0004540
0004889
0003958
0002386
0000756
-000059
-000757
-003668
-006345
-004308
-000408
-000757
-003726
-004890
-004250
-002795
-001689
-002795
-004716
-004599
-002562
0000058
0002328
0003201
0003026
0003725
0004016
0001222
-002038
-001107
0002328
0003376
0002561
0002270
0002328
0002153
0001920
0001280
0001280
0003550
0005879
0004191
0000523
-000466
0000640
0001338
0001571
0002037
0002444
0002270
0001746
0001920
0001920
-000292
-002736
-001805
0001222
0003259
0003550
0002270
0000291
-000641
-000583
-000699
-000699
0000174
0001164
0001222
0000814
0001629
0002561
0001688
-000117
-001223
-001048
0000465
0002328
0002794
0001629
-001398
-003959
-002620
0001164
0003667
0004656
0005297
0005180
0003958
0001979
-000175
-001456
-000641
0001164
0001746
0001513
0002561
0003841
0003492
0002153
0001338
0000931
0000582
0000000
-001107
-002154
-001863
-000932
-001048
-001863
-002445
-002154
0000000
0002619
0003434
0002794
0002095
0002153
0004249
0006636
0005937
0003376
0001804
0001862
0003841
0005180
0000873
-004716
-002736
0003318
0004307
0002328
0004656
0007392
0002503
-004599
-002271
0004132
0001629
-005065
-004366
0000349
-000233
-002853
0001047
0006577
0003492
-003377
-002911
0001746
0002328
-000059
-001456
-001048
0002095
0005355
0004249
0000291
-002620
-003377
-001805
0000756
0001280
0000931
0003026
0005704
0005471
0003259
0001862
0001397
0001047
0001397
0003085
0005413
0007159
0007800
0007509
0006170
0003958
0001920
0001571
0001979
0001047
-000583
-001805
-001980
-000815
0000582
-000117
-002271
-004366
-005414
-004192
-002271
-002911
-004832
-005007
-003901
-003377
-003260
-002562
-001863
-001805
-002504
-004133
-005414
-004425
-002329
-001980
-002271
-000408
0002037
0001862
0000174
-000117
0001047
0003085
0005064
0005530
0005006
0004715
0005064
0006810
0008149
0006112
0002852
0003143
0005355
0005413
0004016
0003143
0002794
0002561
0002386
0001746
0001397
0002852
0004947
0005821
0004889
0001920
-001572
-002795
-002445
-002853
-003493
-003202
-002154
-000408
0000814
-000350
-002329
-001689
-000175
-002038
-004948
-003377
-000292
-002504
-006404
-004250
0001164
0002735
0001920
0003550
0006170
0006461
0005238
0004598
0004540
0004540
0004307
0003434
0002212
0001280
0001280
0003318
0005413
0003783
0000698
0001222
0003841
0004947
0004074
0001397
-001572
-001980
-000757
-000524
-001165
-001980
-002213
-000815
0001571
0004191
0005355
0002619
-001398
-001281
0000989
0000232
-002445
-004308
-004250
-001339
0002619
0004365
0003725
0001862
-000233
-000874
-000350
0000174
0000756
0002095
0003143
0002503
0000989
0000291
0000582
0002037
0002619
-001398
-006229
-004541
0000349
0000756
-002154
-004250
-004832
-003610
-002038
-003202
-004774
-001980
0002735
0003958
0002561
0002095
0001862
-000466
-002969
-002271
-000408
-002853
-005880
-001980
0004482
0003550
-001165
-000408
0002910
0000698
-003319
-000815
0004715
0005355
0002735
0001688
0002095
0002677
0003085
0002735
0001979
0001338
0001222
0002037
0002910
0001920
0000291
0000931
0002037
-000059
-003668
-004948
-004541
-005007
-005705
-005065
-003726
-003319
-003202
-002154
-000932
-001048
-002213
-003319
-004133
-004657
-004948
-005472
-005239
-001921
0001746
0000814
-002795
-004250
-004017
-004657
-005239
-003959
-001572
0000640
0001571
-000175
-002329
-000292
0003667
0004598
0003026
0001280
0000349
0001455
0003609
0004773
0004947
0005064
0004773
0003492
0001804
0000465
0000291
0002619
0005180
0003958
0000291
-002213
-003086
-002678
-001805
-002154
-003144
-003027
-002445
-002969
-004366
-006345
-007393
-005181
-002154
-003319
-006520
-006753
-004948
-004366
-004890
-005647
-005822
-004308
-001980
-000466
-000233
-001863
-003319
-000932
0003143
0004074
0002619
0001629
0001164
0000814
0000931
0002328
0003609
0001862
-000815
-000350
0002095
0002794
0002095
0001629
0000989
-001398
-002969
0000465
0005413
0004482
0000000
-001572
-001165
-002387
-003959
-003551
-001980
-001107
-001456
-003493
-005414
-004308
-001456
0000058
-000233
-002154
-004599
-005763
-004890
-001456
0002444
0003434
0001688
-001048
-002853
-001281
0002037
0003201
0002212
0000291
-001107
0000291
0002328
0000349
-003027
-001630
0001920
0001338
-001747
-003202
-002504
0000232
0003259
0003492
0002037
0002328
0003609
0003609
0002677
0001746
0000814
-000583
-001980
-002911
-003319
-003668
-003493
-001863
-000524
-003144
-006229
-002620
0003434
0002677
-001630
-000292
0002968
-001107
-006986
-003086
0005064
0004889
-000117
-000292
0002794
0003900
0003609
0004424
0004831
0002270
-001514
-003319
-002911
-001165
0000291
-001398
-004250
-004017
-001980
-001514
-002445
-003668
-004075
-001689
0001164
0000058
-003144
-003901
-002736
-002213
-002038
-001514
-000874
-000815
-000932
-000350
0000291
-000408
-001630
-001689
-001048
-000757
-000641
0000058
0001047
0001338
0001338
0002212
0003259
0003550
0002735
0000465
-001281
0000931
0004831
0005297
0003783
0004715
0005995
0002852
-001863
-002562
-000175
0001862
0002619
0001688
-000175
-001456
-001805
-001456
-000699
-000292
-000466
-001689
-003027
-002678
-002154
-004657
-007859
-007859
-004774
0000174
0003667
0000756
-004599
-003901
0000407
0001629
0000232
-000641
-001339
-003319
-004425
-000815
0004365
0005064
0002968
0003667
0005413
0003900
0001280
0001979
0004307
0004249
0002794
0002561
0003201
0003259
0003085
0003841
0004249
0001513
-001689
-000233
0003434
0003492
0001164
0000291
0000698
0000931
0000873
0000814
0000000
-002853
-005589
-003901
-000408
-000874
-003842
-005181
-005123
-005123
-005007
-004075
-003319
-004308
-005589
-004075
-001281
-000583
-001514
-002096
-001747
0000058
0002561
0004307
0004540
0002677
0000116
-000466
0000698
0002212
0003259
0002794
0001804
0002444
0003667
0002619
0000989
0002328
0004715
0003958
0001280
-000292
-000874
-001805
-002213
-000408
0001629
0000407
-002445
-002795
-001630
-001630
-002736
-004192
-005123
-003901
-002271
-003551
-005822
-004832
-001980
-000990
-001107
0000174
0001629
0000989
-000932
-001747
-001630
-001107
-000874
-002445
-003319
0001688
0007858
0006053
0000116
0000000
0002503
-001456
-006287
-000350
0009663
0009313
0002561
0001106
0002735
0000058
-003610
-001339
0003550
0003958
0001746
0003026
0005355
0003434
-000524
-001747
-000466
0001164
0002386
0002444
0001629
0000873
0000291
0000000
-000233
-000815
-001281
-000699
0000349
0000640
0000291
-000059
-000059
0000698
0001804
0002095
0002153
0003143
0004598
0005821
0005995
0004249
0001280
-001747
-003668
-003260
-001805
-002445
-004075
-003842
-002504
-002271
-002795
-002969
-003144
-004425
-005298
-002853
0000174
-002154
-006578
-006462
-002911
0000523
0002153
0000000
-003377
-002504
0000640
0000931
-000466
-000233
0000989
0001513
0001455
0000931
0000814
0002619
0004889
0004947
0003667
0003434
0004016
0004365
0004656
0005471
0005995
0004773
0002561
0000873
0000232
0001106
0002561
0003201
0002677
0001280
-000117
-000117
0000873
0001920
0002037
-000117
-003319
-005007
-005007
-003901
-002445
-001572
-001107
0000291
0001455
0000523
-002096
-005123
-007219
-006695
-004599
-003668
-003610
-002795
-001572
-000350
0000465
0000349
0000116
0001629
0003492
0003318
0001746
0000523
0000291
0001397
0002735
0001920
0000349
0001397
0003550
0003841
0002153
-000874
-003202
-001572
0001979
0002270
0000756
0001164
0002735
0003492
0002852
0000407
-001980
-001165
0001164
0000698
-001514
-002678
-002969
-003493
-004483
-006637
-008499
-007626
-005472
-005531
-006287
-004133
-001107
-001572
-004075
-005007
-004483
-003668
-002620
-000990
0000407
0000698
0000116
-000524
-001048
-001747
-001689
0000523
0002910
0001746
-001630
-003842
-004017
-001514
0001455
0001106
-001223
-001281
-000466
-002504
-005007
-003319
0000582
0002270
0002037
0002386
0002677
0001688
0000116
-000641
-000874
-002154
-003202
-001514
0001455
0002794
0002444
0001280
-000059
-000699
-000641
-000815
-000757
0000291
0001280
0000000
-002096
-001863
-000408
-000233
-000990
-001630
-001281
0001106
0003900
0004016
0002677
0002910
0003958
0003725
0002328
0000523
-000990
-001339
-001048
-001630
-002271
-000815
0001164
0000873
-000874
-001689
-001514
-000932
-000175
0000756
0000989
-000699
-002853
-002795
-001165
0000116
0000349
-001048
-002795
-002213
-000117
0001280
0001688
0001571
0000814
-000059
-001107
-003027
-004133
-002213
0001397
0003725
0004365
0003783
0003026
0003900
0005471
0005297
0004074
0003667
0003492
0002037
0000058
-000990
-001165
-001339
-001223
-000175
0000931
0000582
-000641
-001339
-001572
-001980
-002678
-003726
-004890
-005822
-006054
-005239
-003901
-003202
-002620
-000699
0001222
0000465
-001281
-000815
0001513
0004715
0006228
0001688
-004192
-002387
0003783
0005762
0004482
0004249
0004715
0004773
0004365
0003725
0003143
0002968
0003550
0005588
0007101
0004656
0000756
0000931
0003376
0003492
0001920
0000989
0000814
0001164
0002037
0003201
0003609
0001397
-001514
-001223
0000814
0001047
-000350
-002387
-004075
-003959
-002911
-003202
-004192
-004483
-004017
-003027
-002271
-002795
-004075
-004599
-004192
-003144
-001921
-001339
-001107
-000117
0000640
-001223
-003377
-001689
0001746
0002037
0000174
-000932
-000932
0000000
0001338
0001979
0001920
0001804
0001513
0001047
0000873
0001804
0003434
0005180
0005879
0003725
0000698
0000465
0001920
0001455
0000174
0000291
0001280
0001629
0000640
-002736
-006404
-006345
-004483
-005531
-007975
-007975
-006462
-007102
-007393
-001921
0004132
0000873
-006578
-006404
-001747
-001339
-003027
-000583
0003318
0003143
0000582
0000465
0001862
0001804
0000931
0000523
0000989
0003026
0004656
0002561
-001339
-003144
-002678
-000815
0001164
0001106
0000000
0000756
0002153
0001164
-000524
0000989
0003259
0000931
-003202
-002736
-000175
-001805
-005007
-003551
0000058
0000058
-002213
-002853
-002154
-001514
-001165
-000932
-000990
-001514
-001980
-001456
-000583
-000699
-001165
-000466
0000756
0000873
0000640
0001746
0003201
0003318
0002095
0000232
-001514
-002096
-001980
-002678
-003726
-004250
-003784
-001863
0000116
-000292
-002154
-002795
-002620
-003668
-004541
-002445
0000291
-000815
-003901
-004716
-003319
-001398
0000232
0000407
-000233
0000174
0001397
0002619
0003201
0002503
0001397
0001979
0002968
0001688
-000408
0000116
0001979
0002270
0001397
0000873
0000756
0000989
0001106
0000232
-000350
0001920
0004715
0003143
-000524
-000699
0001047
0000291
-002038
-003784
-004483
-004308
-003726
-003610
-003901
-004192
-004075
-003144
-001863
-000874
-001048
-003551
-006345
-005531
-002911
-002969
-004308
-003027
-001107
-002969
-006404
-006404
-004483
-004774
-005996
-004774
-002154
-000175
0000582
0000232
-000350
0000698
0002794
0004598
0005530
0005180
0004307
0004540
0005413
0005762
0005006
0002153
-000932
-000932
0000989
0001862
0001571
0000698
-000292
-000292
-000117
-001456
-003202
-003377
-002213
-000350
0001222
0001280
0000058
-001223
-002678
-005298
-007102
-004832
-001048
-001048
-003435
-003726
-002969
-004250
-006171
-005705
-003668
-002445
-001921
-001107
-000699
-002096
-003784
-002736
-000641
-001456
-003027
-000583
0003783
0005355
0004540
0003667
0003026
0002561
0001804
-000233
-002562
-003435
-003027
-002562
-001863
0000058
0001979
0002503
0001804
0001164
0000873
0000931
0000814
-000524
-001980
-000874
0000814
-000757
-003784
-004308
-002620
-000350
0001513
0001862
0001164
0001280
0001688
0000756
-000524
0000058
0001804
0003259
0003725
0002561
0000465
-001572
-002445
-001165
0000582
-000699
-003144
-002562
0000000
0001688
0001862
0000465
-001572
-002504
-002096
-000815
0000465
0000349
-000466
0000058
0001047
0000116
-001339
-000350
0001804
0002037
0000989
0000582
0000931
0001571
0002153
0002095
0001222
-000408
-002038
-002504
-001921
-001048
-000117
0001164
0001629
-000524
-003260
-002562
0000407
0002270
0002735
0002270
0001280
0000873
0000989
0001106
0000989
0000000
-000932
0000116
0002095
0002794
0002037
-000117
-002096
-001456
0000174
-000874
-003551
-005239
-005007
-002154
0001746
0003958
0004074
0002735
0000873
0000174
-000117
-001863
-004308
-005996
-006345
-005239
-003551
-002795
-002736
-002154
-001048
0000989
0002212
-000175
-003668
-003027
-000175
0000000
-001048
0000523
0003725
0006112
0006868
0005471
0003085
0001571
0001920
0005122
0008673
0008033
0005180
0005355
0006985
0005937
0003434
0002735
0002968
0001746
0000116
0000000
0001047
0001979
0002561
0003143
0002677
-000350
-004308
-006404
-006229
-005065
-003319
-001514
-000583
-001398
-003027
-003784
-003784
-004192
-004250
-002445
-000117
0000174
-000757
-000524
0000698
0002503
0003958
0004074
0003550
0004191
0005238
0004773
0003259
0001397
0000465
0002037
0005122
0007683
0008673
0007218
0004307
0001688
0000465
0001746
0003609
0002037
-000757
0000291
0003085
0002386
0000291
0002386
0005413
0002153
-003260
-002096
0002328
0001280
-002213
-000292
0003667
0002095
-001863
-000466
0003492
0003492
0000756
-000757
-000990
-000815
-000350
0000174
0000698
0001629
0002270
0001629
0000640
0001164
0002677
0003725
0003841
0002386
0000756
0001862
0004016
0003550
0001397
0000640
0000523
-001281
-003260
-002853
-000641
0001629
0002852
0001979
0000232
0000407
0001280
-000757
-003493
-002271
0000756
0000523
-001223
0000349
0002910
0001338
-002096
-001863
0000000
-001747
-004425
-002271
0001920
0002153
-000292
-001456
-001048
0000291
0001571
0001106
0000232
0002386
0005355
0004773
0002328
0002386
0003609
0002328
0000174
0000814
0003085
0004424
0004074
0001979
-000815
-002736
-003202
-002504
-000990
0000582
0001979
0003783
0004947
0004482
0002852
0001397
-000059
-002736
-005065
-004250
-001980
-002154
-003435
-002154
-000233
-001630
-004483
-004657
-002387
0000698
0002852
0001280
-001747
-001805
0000698
0003841
0006053
0005355
0003434
0004132
0006228
0006519
0005879
0006868
0007974
0006112
0003026
0002619
0003667
0002619
0000523
-000175
0000174
-000059
-000350
0000407
0001513
0001629
0000814
-000117
-000815
-000641
-000524
-002445
-004890
-004948
-003027
-000233
0001804
0001280
-000990
-002620
-003493
-004657
-005181
-004075
-001980
-000641
-000059
0000232
0000640
0002212
0003841
0003201
0001920
0003201
0006170
0008382
0009430
0009663
0008731
0006228
0003900
0004656
0006868
0006810
0005006
0003609
0003026
0003550
0004365
0003609
0001979
0001047
0000640
0000116
-000524
-001107
-001630
-002504
-003319
-003319
-003377
-005472
-007510
-005763
-002736
-003435
-006928
-010478
-011526
-006578
0000582
0002444
0000640
0001047
0002212
-000117
-003260
-001456
0001920
-000874
-005123
-000466
0007858
0008382
0003841
0002503
0003725
0004074
0004424
0006927
0009139
0006694
0002095
0001455
0002910
0001164
-001863
-002096
-000583
-000117
-000233
0000873
0002212
0001804
0000523
0000291
0000465
-000757
-002213
-001630
-000175
-000350
-001747
-002795
-003726
-005472
-006637
-005414
-002678
-000815
0000000
0000873
0000873
-001514
-004425
-004716
-002969
-001456
0000058
0002677
0004656
0003550
0001047
0001106
0002386
0001338
-000815
-001281
-000292
0000756
0001688
0002386
0002270
0000873
-000757
-000757
0000291
0000291
-000292
-000059
0000058
-001980
-004425
-003959
-001747
-000408
-000466
-001747
-003086
-002562
-000699
0000698
0000989
-000117
-001747
-002387
-002387
-003260
-003784
-001398
0001688
0001222
-001281
-001747
-000757
-000350
-000233
0000814
0001862
0001280
-000059
-000350
0000640
0002852
0004598
0002910
-000233
-000117
0001513
-000292
-003027
-001107
0002503
0001338
-002795
-005007
-004890
-003144
-000932
-000350
-000990
-001572
-002096
-003144
-003842
-002445
-000350
-000233
-001223
-000524
0000465
-001921
-004948
-003202
0000640
0000232
-002445
-002213
-000408
-000583
-001747
-001165
0000000
-001165
-002562
0000582
0005122
0004889
0001513
-000117
0000058
0000873
0001688
0001338
0000407
0000465
0001280
0002153
0002561
0001397
-000233
-000117
0000814
0000523
-000874
-002504
-003726
-003377
-002736
-004599
-007160
-006695
-004599
-004017
-004483
-003493
-002562
-004657
-007277
-005763
-001863
0000000
-000059
-000292
-000408
0000407
0000989
-001107
-003901
-003144
-000757
-001747
-003610
-000408
0004424
0003667
0000465
0002794
0007101
0005238
0000989
0003841
0008673
0004016
-004832
-006229
-001980
0001222
0002677
0003085
0002444
0001455
0000465
-000466
-001048
-001339
-001281
-000757
-000990
-004017
-007801
-008849
-007393
-004832
-003086
-004948
-008441
-008965
-007568
-008092
-008616
-005298
-000699
0000116
-001747
-002620
-002504
-002562
-002504
-001747
-000524
0000814
0001513
0000349
-001398
-000641
0001047
0000116
-001456
0001164
0005297
0005180
0002794
0003201
0005646
0008091
0008789
0005704
0000873
-001921
-001863
0001106
0004016
0001338
-003668
-003726
-000699
-000233
-001921
-004133
-005472
-003842
-001456
-002853
-005996
-005996
-003901
-002736
-002387
-001921
-001398
-000932
-000757
-001281
-001572
-000117
0002037
0003143
0003026
0002270
0001455
0001455
0001979
0001920
0001513
0001455
0001455
0000931
0000174
-000524
-001048
-001747
-002096
-000990
0000698
0001455
0000931
-000641
-002213
-001980
-000815
-000641
-001281
-001689
-001980
-002678
-003144
-002504
-001339
-000990
-001747
-003668
-005356
-004599
-001980
0000814
0002619
0001920
0000523
0002212
0005355
0006636
0005588
0002852
-000233
-002213
-001921
0001338
0005122
0005646
0002910
-001805
-005996
-006229
-003668
-001747
-001281
-002154
-003959
-005239
-005822
-005880
-005298
-004716
-003493
-000292
0002386
0000582
-003610
-005239
-004192
-001921
0000349
0001106
-000175
-003493
-006578
-005822
-002795
-001630
-001689
-000175
0001746
0002037
0001047
0000116
-000175
0000698
0002444
0004249
0005762
0007101
0007916
0008149
0007625
0005646
0003667
0003783
0005180
0005646
0004947
0003143
0001222
0000232
0000407
0001338
0001629
-001572
-005239
-003027
0001571
0000989
-002620
-002911
-001689
-003842
-006986
-005763
-002562
-003610
-005880
-002562
0002852
0002735
-000117
0001571
0005355
0005588
0003085
0000989
-000466
-002154
-002736
-000641
0002561
0003841
0003900
0005646
0007101
0004307
0000000
-000233
0002328
0003550
0003550
0003958
0003667
0000000
-003144
0001164
0008382
0008673
0004249
0002619
0002677
0000698
-001805
-002038
-000757
0000000
0000174
0000291
0000116
-000990
-002329
-002795
-002620
-002562
-002911
-004483
-005647
-003610
-000408
-000699
-002736
-002271
-000117
0001047
0001338
0001106
0001455
0004482
0007334
0004540
-000757
-001456
0000931
0001571
0001280
0002561
0004424
0004773
0004424
0005471
0006519
0004947
0002095
0000873
0001222
0001920
0002561
0002386
0001920
0002212
0002910
0003259
0003318
0003550
0003434
0001920
0000000
-000583
-000350
-000815
-001805
-002795
-003610
-004133
-003784
-001339
0001222
0000873
-001514
-003377
-003668
-001456
0001688
0002503
0001746
0002212
0003026
0002503
0001164
0000232
0000232
0001746
0003376
0002212
0000232
0001920
0005064
0005122
0002677
-000117
-001921
-000990
0001164
0001222
-000059
-000292
0000291
0000698
0000814
0000931
0000814
0000523
0000000
-000815
-001572
-001980
-002154
-002620
-002795
-001398
-000059
-001980
-005123
-005356
-003319
-001514
-000641
-001980
-003435
-001048
0003143
0004656
0004016
0003667
0003492
0002619
0001862
0003026
0004424
0002561
-000350
0000349
0002968
0002910
0001746
0003783
0006636
0005238
0001629
0001164
0002386
0000931
-001689
-002504
-001630
-000117
0001280
0001804
0000640
-003260
-007277
-007393
-004657
-002795
-002096
-002154
-002969
-004716
-005996
-004716
-002329
-002213
-002911
-000117
0003318
0001280
-002387
0001106
0007101
0005355
-000466
-001048
0001688
0001746
0000640
0002444
0005238
0005471
0003900
0003026
0003026
0003609
0004598
0005646
0005995
0004191
0001862
0001920
0003085
0002270
-000117
-002911
-004716
-004075
-001572
0001455
0003376
0002328
-000699
-003842
-005705
-005181
-003493
-003726
-004948
-004774
-003319
-001048
0000349
-002038
-005414
-004425
-000583
0001862
0002444
0002328
0001397
-000466
-001805
-000292
0002619
0003725
0003201
0002328
0002153
0004482
0007276
0006286
0003143
0001920
0002561
0003783
0004540
0003318
0001338
0001455
0002619
0002212
0000640
-000524
-001281
-002213
-002387
0000174
0002968
0001455
-002620
-004890
-005123
-005007
-004250
-002154
-000350
-001281
-003784
-005181
-005065
-003959
-002504
-002154
-002387
-001921
-001223
-001572
-001921
-000233
0001862
0001047
-000874
0000232
0002794
0002677
0001164
0001280
0002386
0002794
0002328
0000989
-000233
0000814
0002328
0000640
-002329
-002329
0000116
0002968
0004715
0003725
0000698
-002271
-004483
-005996
-005705
-001747
0002677
0001979
-001689
-002911
-001863
-000408
0000349
-001339
-003726
-003086
-000757
-000815
-001863
-000408
0001862
0001338
-000350
0000814
0003143
0003085
0001455
0000291
0000349
0002153
0004132
0003026
0000349
-000175
0000523
-000466
-002271
-002562
-002562
-005239
-007975
-005996
-001398
0000582
0000582
0001920
0003609
0003492
0002503
0002735
0003609
0003259
0002095
0001047
-000117
-002213
-004250
-004541
-003319
-001339
0000000
-001223
-003842
-005414
-005414
-003842
-001805
-001456
-001921
-000757
0000989
0000931
0000174
0001629
0003318
0000523
-002969
0000756
0007334
0007334
0003492
0004191
0006228
0001979
-004133
-002853
0001862
0000756
-003668
-004541
-003260
-003901
-005414
-005647
-004366
-001339
0001047
-000699
-004890
-007160
-007335
-006520
-005414
-005007
-004890
-003610
-001980
-001689
-002271
-002271
-001921
-002271
-002213
0000523
0003550
0002619
-000641
-001863
-001281
-000583
-000059
-000117
-000175
0001106
0003143
0005006
0005471
0002444
-001339
-001165
0001862
0004307
0005006
0003026
0000116
0000058
0001571
0000931
-000757
-000874
0000000
0000814
0000582
-002213
-005414
-005356
-003260
-002504
-003202
-004133
-005239
-006869
-007510
-004599
-000815
-000874
-003842
-006520
-007568
-005298
-002096
-002620
-005298
-005880
-004716
-003610
-002620
-001398
-000466
-000641
-000757
0001920
0005413
0005821
0003900
0002444
0001629
0000989
0000873
0001280
0002444
0004656
0006752
0006985
0005762
0004831
0003434
-000524
-003959
-001456
0003667
0003725
0000349
-001572
-001980
-002329
-002678
-003493
-003901
-002154
-000350
-002795
-006578
-005472
-002096
-002969
-006229
-007277
-006520
-006113
-005472
-003319
-000699
0000349
-000117
-001339
-002504
-002678
-001921
-001107
-000815
-001747
-003551
-005414
-006171
-004483
-001456
0000523
0001455
0002794
0003143
0000116
-004308
-006287
-006054
-005763
-005123
-003493
-001747
-000990
-001107
-001165
-000932
-000350
-000117
-001921
-004133
-003610
-001572
-001223
-001805
-000757
0000523
-000699
-002736
-001805
0000465
0000640
-000932
-002445
-003086
-002387
-000583
0001688
0003492
0003841
0003085
0002153
0001688
0002386
0003318
0002503
0000698
-000408
-001223
-003668
-005705
-003784
-000699
-002853
-006811
-004657
0000000
-000990
-004716
-003842
-000350
0000232
-001048
-000815
-000524
-003377
-006695
-005414
-001165
0001862
0002910
0002735
0001397
-000175
-001572
-002387
-002562
-002445
-001863
-000757
0000931
0003492
0005879
0006577
0006403
0007392
0009022
0009721
0009371
0008033
0006286
0005413
0004540
0001688
-001456
-001630
-000175
-000117
-001398
-002736
-003435
-002387
-000874
-001921
-003784
-002387
0000232
-000292
-003027
-005007
-006345
-008674
-010246
-008849
-005298
-001514
0000407
-002096
-006171
-005647
-002445
-001747
-002445
-000990
0001513
0002968
0003318
0002910
0002444
0003143
0004074
0003201
0001571
0001804
0003085
0003318
0002794
0002968
0003318
0003085
0002444
0001862
0001804
0003434
0004947
0003259
0000174
-000641
0000523
0001804
0002910
0003550
0003550
0002619
0001513
0001455
0001397
-001048
-004133
-005007
-003959
-003086
-002562
-002329
-002678
-003784
-005065
-005880
-005880
-005239
-004017
-002387
-000874
0000116
0000116
-001223
-002504
-001339
0001164
0002503
0002561
0002095
0001862
0003376
0005413
0005704
0004831
0004831
0005180
0004656
0003434
0001920
0001047
0001920
0003609
0003900
0003434
0004715
0005937
0003667
0000174
0000232
0002095
0001397
-000815
-001398
-001281
-002853
-004890
-004890
-003027
0000058
0002095
-000757
-005414
-005589
-002504
0000116
0001222
0000174
-001281
0000698
0003783
0003085
0000000
-001339
-000990
-000350
0000640
0002444
0004016
0004074
0002968
0002037
0001338
0000640
0000232
0000116
0000349
0000756
0001106
0000989
0000640
0000523
0000465
-000408
-001281
-000350
0000756
-001339
-004133
-001572
0002444
-000175
-006113
-007743
-005647
-003202
-001630
-002271
-003668
-002795
-000059
0003434
0005297
0001862
-003435
-003551
-000583
-001165
-002911
-000524
0004307
0007916
0009139
0007334
0004132
0003201
0003958
0003958
0003667
0004424
0005530
0005704
0004831
0003259
0001688
0001338
0001513
-000059
-001572
0000407
0003667
0003725
0000873
-003027
-005822
-004541
-000815
0001455
0001746
0000640
-001223
-002678
-003260
-002736
-001689
-001165
-001107
-000815
-000583
-001223
-001805
-000408
0001746
0002328
0001629
0001222
0000931
0000232
-000233
0000349
0001688
0003143
0004424
0005297
0006170
0008440
0010245
0008440
0005006
0004132
0005413
0006577
0007101
0006810
0005704
0004424
0003026
0000873
-000757
-000117
0001513
0001455
-000117
-001980
-002969
-000874
0001688
-000524
-005007
-005938
-004599
-005472
-006869
-005414
-002562
-001747
-002620
-003551
-004250
-004774
-004541
-003027
-000990
0000640
0000989
-000583
-002562
-002620
-000815
0001455
0003434
0004132
0003841
0003609
0003434
0002677
0001979
0002561
0003376
0002328
0000814
0001862
0003783
0003085
0000814
0000000
0000582
0001513
0002503
0003376
0003318
0001222
-001048
0000349
0002910
0000873
-003202
-003668
-001747
-001165
-001747
-002445
-003319
-004948
-006171
-004483
-002271
-004483
-007917
-006054
-001048
0001629
0001804
0001513
0000873
0000407
0000058
-000350
-000874
-002038
-002445
0000232
0003958
0005006
0003725
0002444
0001397
0000116
-000757
-000641
-000117
-000466
-001107
-000408
0000756
0000756
0000291
0000931
0002328
0003958
0004831
0004307
0002561
0000582
-000874
-001165
-000292
0001688
0003259
0002153
-000233
-000815
-000059
-000292
-000815
-000233
0001222
0003026
0003725
0001280
-002271
-002969
-001048
0001979
0004307
0003318
0001106
0003318
0006344
0002794
-003551
-004366
-001572
-001456
-002620
-001048
0001047
-001456
-004948
-001863
0003667
0002444
-002271
-002387
0000349
0000582
-000757
-000874
-000350
-000874
-002096
-003551
-004483
-004192
-002911
-000990
0000174
-001630
-003842
-000932
0003783
0003201
-000292
-000990
0000582
0002037
0003085
0004074
0004132
0002270
-000059
0000000
0001338
0000640
-000583
0001164
0003725
0002677
-000350
-001223
0000000
0001979
0003783
0004074
0003143
0002794
0002153
-000757
-003784
-002969
-000466
-001107
-003493
-003901
-003260
-004366
-005822
-005123
-003144
-002096
-002038
-002213
-002445
-002795
-002911
-002795
-002562
-002795
-002736
-000408
0001862
-000292
-004308
-004541
-002096
-000350
0000582
0001222
0002503
0006752
0011467
0012515
0010245
0007218
0004132
0000931
-000408
0002794
0007159
0006636
0002386
-001514
-003493
-002038
0000814
0000640
-001223
-000932
0000232
-000641
-003086
-005589
-006928
-005414
-002911
-003202
-004890
-004483
-002969
-003202
-004483
-004890
-004948
-005938
-007219
-007568
-006753
-004774
-002736
-002562
-003377
-002853
-001514
-000874
-000874
-000932
-000583
0000698
0002095
0001746
0000582
0001106
0002212
0001222
-000583
-000757
-000117
-000641
-001863
-002329
-001863
-000757
0000407
0000814
0000523
0000523
0000174
-002038
-004192
-002795
0000116
0000232
-001863
-003551
-005007
-006986
-008616
-008558
-006928
-003901
-001165
-000932
-002445
-003435
-003726
-003610
-003377
-003901
-004366
-003027
-000641
0001164
0001455
-001048
-003959
-002736
0000407
0000232
-002154
-003377
-003551
-004075
-004075
-001980
0000523
0000465
-000874
-000175
0001629
0001862
0001222
0001629
0001862
-000932
-004483
-004483
-001980
-000117
0000698
0000814
0000291
-000408
-001165
-001863
-002271
-002271
-001863
-001223
-000524
0000174
0000640
0001164
0001513
0001222
0000931
0001571
0002619
0002910
0002444
0001862
0000989
-000699
-002096
-001456
0000291
0001106
0000640
-001107
-003668
-005996
-007684
-009023
-009140
-006753
-003784
-003086
-004890
-008383
-011061
-009256
-004657
-001514
-000757
-002562
-005181
-005123
-003377
-002853
-003435
-004250
-004599
-003784
-001689
0001688
0004540
0004598
0001979
-002038
-005065
-003610
0000465
0002968
0003026
0000931
-001805
-002562
-001165
0001338
0003550
0003259
0001862
0003143
0005297
0004656
0002212
0000523
-000175
-000408
-000524
-001456
-002445
-001921
-000932
-001805
-003726
-004774
-004716
-004192
-003144
-001281
0000116
-000874
-003086
-003784
-003610
-005065
-006928
-006928
-005414
-003435
-002038
-002445
-003668
-003377
-002504
-003377
-004774
-004192
-002795
-003086
-004366
-004657
-003668
-001630
0000873
0002852
0004016
0004831
0005064
0004482
0003434
0002270
0001629
0001862
0002619
0003259
0003434
0002852
0001920
0001106
0001047
0002910
0004540
0001629
-002969
-003726
-001281
0001106
0002328
0001397
-000815
-002038
-002795
-004599
-006404
-006345
-004832
-002853
-001921
-003784
-006869
-007277
-006404
-008616
-010770
-006869
-000350
0001688
-000233
-003202
-005065
-002736
0001164
0000407
-002620
-001980
0000698
0001106
0000465
0002037
0004016
0002444
-000524
-000233
0001979
0002212
0001222
0001513
0002503
0002444
0001688
0001106
0000814
0000698
0000698
0000698
0000756
0001629
0001746
-001863
-006345
-006695
-003959
-001456
0000058
0000698
0000582
0000291
0000058
-000466
-000524
0001571
0003026
-001805
-007859
-004657
0002619
0002153
-002736
-002678
0000232
-000350
-002096
0000058
0004074
0005588
0004947
0004307
0003725
0003085
0002561
0002444
0002386
0001688
0000640
0000407
0000291
-001281
-003260
-003551
-002504
-001630
-000874
0000116
0000582
-000699
-002678
-003551
-003086
-001689
-000524
-001572
-003726
-004541
-004366
-004716
-004657
-002795
0000174
0002561
0003725
0003259
0001979
0001222
0001571
0003609
0005646
0004482
0001804
0001571
0002619
0001571
-000117
0000756
0002677
0002386
0000989
0001688
0003201
0002677
0000756
-000990
-002154
-002736
-002795
-002736
-002504
-001630
-000757
-000932
-001863
-002504
-003027
-004017
-004657
-003668
-001689
0000000
0000582
-000408
-001863
-001921
-000815
0000116
0000523
0000291
-000524
-001921
-002736
-001339
0000640
-000292
-002038
0000000
0004132
0006461
0006752
0006344
0005297
0004016
0002794
0001629
0000989
0001513
0002444
0002561
0001920
0001338
0001222
0002561
0003434
0000465
-003260
-001281
0003318
0003318
0000640
0000640
0002095
0001746
0000058
-001456
-002329
-002562
-002329
-002445
-002445
-001107
0000465
-000059
-001398
-000583
0000989
0000291
-001339
-000815
0000640
-000583
-002329
-000233
0003783
0005180
0004424
0004074
0003609
0001804
0000232
0001571
0004482
0006170
0006461
0006636
0006228
0004656
0002968
0003318
0004482
0003667
0002037
0002328
0003667
0003958
0003143
0001746
0000640
0001106
0002037
0001280
-000641
-002795
-003784
-002038
0000523
-000233
-003027
-004774
-004832
-003086
-001048
-001805
-003784
-003610
-001572
0001047
0002212
-001514
-006578
-006113
-002154
-000932
-001107
0001455
0004424
0002910
-000233
0001513
0005297
0004715
0001280
-000466
-000292
0000989
0002561
0002735
0001979
0002037
0002619
0002735
0002386
0001862
0001455
0001280
0001338
0001862
0001746
-000815
-003784
-003260
-000524
0000873
0000698
-000350
-001281
-000117
0001513
0000058
-002562
-002154
0000291
0001862
0002212
0002212
0001513
-000233
-001863
-001630
-000117
0001047
0001222
0000174
-001339
-001689
-000990
0000349
0001513
0001920
0001222
-000466
-002038
-001456
0000407
0001571
0001629
0000640
-000757
-001630
-001747
-001805
-001572
-000583
0000349
0000058
-001165
-002445
-003027
-001747
0000232
0000756
0000640
0002328
0004424
0003900
0001862
0000756
0000931
0001862
0002852
0002386
0001338
0002095
0003085
0000989
-001921
-001048
0002328
0004947
0006112
0006286
0004889
0001106
-002387
-001339
0002037
0002386
0000291
-001980
-003144
-001747
0000698
0001164
0000116
-000059
0000349
0000523
0000582
0000640
0000756
0000931
0000698
-000583
-002387
-003493
-003726
-003493
-002911
-001805
-000641
0000349
0000640
-000408
-001689
-001572
-000292
0000640
0001164
0001688
0001862
0001164
0000174
-000233
0000232
0001397
0002677
0002794
0002561
0003958
0006053
0006985
0006636
0005530
0004016
0002444
0001629
0002677
0003958
0002677
-000233
-002154
-003260
-005123
-006404
-004657
-001689
-001048
-002154
-002678
-003027
-004250
-005181
-003377
-000990
-002562
-005589
-004308
-000874
-000408
-001805
-001863
-001165
-001747
-002911
-003377
-002736
-000699
0001513
0001571
0000523
0000814
0002328
0004424
0006112
0006286
0005006
0002561
0000407
0000523
0002212
0003376
0003725
0003841
0003201
0000407
-001980
0000291
0004424
0003550
0000873
0004249
0009022
0004947
-002678
-001572
0003667
0001513
-004250
-004192
-000874
-001398
-003260
-000699
0003318
0002328
-001456
-002562
-001572
-001398
-001747
-001921
-002504
-005065
-007510
-006404
-002853
0000174
0001804
0001629
0000756
0001513
0003201
0004249
0003841
0000989
-002504
-003610
-002911
-002678
-002329
-000233
0001920
0001164
-000990
-000874
0000232
-001339
-003668
-002562
0000349
0001397
0000756
-000350
-001107
-000641
0000349
0000174
-000699
-001048
-000641
0000814
0002037
0001222
-001456
-005065
-007219
-004599
0000174
0001513
0000174
-000583
-000175
0002095
0004307
0002677
-000175
0001513
0005238
0005297
0002503
-000408
-001980
-000641
0001746
0000989
-001281
-000932
0000814
0000989
-000059
-001223
-001747
-000699
0000756
0000174
-001572
-002154
-001689
-000466
-000059
-003260
-006695
-003551
0002386
0002852
-000408
-001339
-000757
-001805
-002969
-001456
0001106
0001164
-000466
-001223
-001339
-001921
-002154
-000641
0001629
0002619
0002444
0001804
0001746
0004016
0006636
0005995
0003026
0000523
-000932
-001921
-001805
0000174
0002153
0000931
-002096
-003435
-002911
-001456
0000232
0001397
0001688
0001106
-000350
-002736
-004541
-003086
-000583
-001456
-004075
-004017
-002795
-004425
-007102
-007102
-005123
-003144
-002038
-002562
-003842
-003668
-002853
-004017
-005239
-002853
0001106
0002212
0000756
-001572
-003086
-001747
0001513
0004191
0005646
0006112
0005762
0005238
0004831
0004365
0004482
0006286
0007800
0005530
0001338
-000583
-000641
-001107
-001572
-000990
-000233
-001398
-003027
-002096
-000524
-002562
-005938
-005065
-002795
-005763
-009955
-006811
-000466
-000699
-004308
-002504
0001280
-001514
-006637
-004599
0000523
-001281
-005996
-003493
0001920
0000174
-004774
-003551
0000523
-000757
-004774
-005356
-002678
0001513
0005413
0006403
0005297
0005006
0005297
0005471
0005064
0003492
0001804
0002037
0003085
0002677
0001571
0001862
0003143
0004307
0004831
0004307
0002735
0000465
-001689
-002853
-003144
-003784
-004017
-001921
0000523
0000000
-002736
-005181
-006578
-006229
-004832
-003959
-003551
-002620
-001572
-000932
-001107
-002736
-004657
-004832
-003551
-002504
-001339
0001222
0003667
0003376
0001629
0001862
0002852
0002095
0000000
-002329
-003377
-001281
0001746
0001513
-000699
-001456
-000350
0002619
0005122
0003026
-000583
0000989
0005064
0005238
0002444
0000000
-001398
-001514
-000932
-001223
-001921
-001805
-001223
-000932
-001048
-001107
-001921
-005065
-007743
-004948
0000582
0002444
0001862
0002910
0004598
0004656
0003609
0002735
0002328
0002270
0002619
0003958
0004773
0002444
-000466
0000873
0004249
0004307
0002037
0001047
0000814
-000466
-001921
-002213
-001456
-000117
0000989
0001106
0000291
-001223
-002096
-000408
0002212
0002328
0000465
-001572
-002795
-002387
-000932
-000350
-000524
-000583
-000757
-001398
-001980
-001747
-000815
0000640
0001629
0000116
-001456
0001455
0006461
0008906
0008382
0005879
0003026
0002095
0003026
0004831
0005646
0002735
-001339
-001281
0001397
0002619
0001920
-000292
-002795
-003551
-002853
-002096
-001689
-002445
-003086
-001281
0001513
0002677
0001571
-001921
-006054
-008266
-008441
-007859
-006811
-005763
-004832
-003551
-002213
-000466
0000756
0000058
-001456
-000990
0000232
-000583
-002154
-001747
0000174
0002270
0003492
0003085
0001455
0000232
-000233
0000058
0001513
0005355
0008615
0005821
0001106
0002910
0008265
0009721
0007858
0005879
0004132
0002212
0001629
0004540
0008033
0006577
0002619
0002212
0004191
0004889
0004074
0002677
0000698
-002271
-004541
-003377
-000990
-002445
-005356
-003726
-000175
-000641
-003319
-003319
-001689
-001456
-002213
-002620
-002329
-000524
0001513
0001688
0000931
0002095
0003783
0003318
0001862
0002444
0004074
0004307
0003376
0001979
0001222
0002852
0005471
0006112
0005064
0003783
0002386
0000582
-000466
0000756
0002968
0003900
0003259
0001222
-000350
0001920
0005530
0005238
0002503
0001804
0002270
0001222
0000058
0001513
0004074
0004656
0003958
0004656
0005006
0001455
-003027
-002853
0000116
0000582
-000699
-001281
-000641
0001746
0004016
0002561
-000233
0001280
0004365
0002852
-000932
-001048
0001222
0002270
0002095
0001455
0000407
-000699
-001747
-002678
-003319
-003901
-004075
-003202
-001921
-001921
-001921
0001164
0004715
0003609
-000117
-001456
-001223
-002795
-004716
-004541
-002154
0002212
0005879
0005588
0002153
-001456
-003086
-000292
0004656
0007218
0006927
0005180
0003143
0002619
0003318
0003900
0003900
0002328
0000989
0002794
0005995
0006985
0005937
0004424
0002968
0002270
0001746
-000059
-001921
-001339
0000232
-000757
-002969
-003726
-002911
-000990
0000465
-001514
-004308
-002620
0001164
0001338
-001223
-003260
-004133
-003144
-001630
-002038
-003319
-002678
-001107
-000990
-001689
-001165
-000408
-001572
-002969
-001223
0002328
0004191
0004540
0005355
0005471
0002619
-000524
0000873
0004831
0006810
0006461
0004831
0003085
0003259
0003900
0001513
-001805
-001398
0001047
0001338
0000291
0001106
0001629
-002620
-007568
-005123
0000989
0002037
-000699
-001863
-001805
-002096
-002387
-001805
-001398
-002562
-004774
-007160
-007859
-004425
0000407
0001280
-001107
-003784
-004890
-001980
0002444
0003259
0001338
-000175
-000466
0000931
0002852
0002852
0001920
0002444
0003667
0003900
0003550
0003900
0004482
0004307
0003259
0001280
-000583
-001107
-000524
-000059
0000291
0001338
0001862
0000116
-002853
-005123
-005880
-004599
-002154
-000059
0000640
-000815
-003260
-004599
-004657
-003901
-003551
-005589
-008266
-008325
-006345
-004948
-003842
-001980
-000117
0000756
0000698
-000059
-000408
0001047
0003143
0003492
0002794
0003318
0004307
0003667
0002561
0003434
0004831
0003143
0000349
0000407
0002386
0003550
0003725
0003725
0003259
0001920
0000582
0000582
0001455
0001688
0001688
0002386
0003085
0002735
0001338
-000524
-002562
-004948
-006171
-003784
-000641
-002504
-006345
-005472
-001514
0001164
0002212
0002794
0002619
0001455
0000465
0001338
0003026
0003667
0003085
0001571
0000349
0001629
0004016
0005238
0004074
-000932
-005996
-004832
0000116
0002561
0002095
-000175
-002853
-003551
-002969
-003202
-004192
-005647
-006054
-002795
0001164
0000174
-003842
-005880
-005705
-004541
-003377
-004425
-006171
-005239
-003027
-003086
-003726
-000815
0002910
0001804
-001572
-001339
0000989
0001164
-000117
-000583
-000874
-002853
-004425
-001921
0002677
0005180
0004947
0002212
-001281
-002969
-002562
-001165
0000814
0002677
0003434
0002153
-000117
-001223
-001223
-001107
-000932
-000641
-000641
-001048
-001689
-001630
-001747
-004075
-006811
-006578
-004948
-005938
-007568
-005356
-001572
-000699
-002329
-003842
-005007
-006695
-007219
-003901
0000000
-001630
-005822
-005531
-002038
0000582
0002095
0003958
0004889
0002794
-000059
0000931
0003725
0003085
0000523
0000291
0001513
0001455
0000989
0002328
0004307
0004656
0003667
0002386
0001338
0000989
0001397
0002794
0003550
0001164
-002329
-002853
-001339
-000932
-001572
-002038
-002620
-004133
-005589
-005298
-004017
-003726
-004075
-004075
-003842
-003610
-003901
-005705
-007743
-008266
-007102
-005007
-002969
-002154
-002329
-002329
-001921
-001048
-000292
-001048
-001921
-000117
0002677
0003026
0001338
-000350
-001223
-000350
0001280
0001338
0000698
0002095
0003958
0003085
0000640
-000524
-000408
-000408
0000058
0002503
0004831
0003318
-000233
-001572
-001572
-003144
-004832
-003493
-000874
-000524
-002154
-004192
-005763
-006054
-005472
-005531
-005822
-005007
-003784
-003726
-004192
-003319
-001921
-001398
-001689
-001980
-001747
-000350
0001397
0002212
0001979
0001455
0000756
-000292
-000932
0000174
0001338
-000815
-003901
-002911
0000349
0001338
0000756
0001397
0002444
0001862
0000640
0001280
0002153
-000059
-003668
-005007
-004133
-002096
-000466
-001980
-004133
-001456
0003318
0004074
0001746
0000058
-001223
-003551
-005589
-005589
-003726
-000815
0001688
0001688
0000640
0002037
0004132
0003026
0000640
0001280
0003318
0002444
0000349
0000989
0002910
0002794
0001222
-000117
-000815
-000757
-000292
-000699
-001572
-002096
-002096
-001165
-000641
-002853
-005880
-005705
-003551
-002853
-003144
-002213
-001456
-003493
-006345
-005996
-003726
-003086
-003435
-002795
-001863
-002504
-003726
-003027
-001689
-002795
-003784
0000640
0007043
0008382
0006344
0007043
0008149
0004191
-000932
0000931
0005995
0004889
0001280
0004540
0009721
0006112
-001048
0000291
0005821
0004074
-001048
-000059
0004074
0003841
0001106
0000931
0002153
0001862
0000407
-000932
-001863
-002620
-002795
-001456
-000233
-001863
-004948
-006171
-005589
-005065
-004133
-001980
0000232
0000756
-000059
-000641
-001223
-002678
-003610
-001281
0002444
0003783
0003201
0002619
0002328
0002328
0002444
0002153
0002037
0003550
0005355
0004598
0002968
0004424
0007218
0007334
0005238
0002677
0000523
-001107
-001281
0000814
0003492
0004016
0002910
0002444
0002328
0001804
0000640
-001689
-003726
-003435
-001863
-001747
-002562
-002562
-002213
-002678
-002911
-000699
0001804
0000523
-002678
-003784
-002736
-000466
0001455
0000465
-002213
-004133
-003726
0000931
0006403
0006694
0003492
0001979
0002444
0003900
0005646
0006636
0006461
0005646
0003958
0001164
-001223
-001107
0000814
0002561
0003376
0002852
0001629
0001397
0001629
0000582
-000757
-000757
0000116
0000814
0000756
-000524
-002096
-001921
-000815
-000466
-000932
-002096
-003027
-002678
-001339
0000116
0000756
-000932
-002969
-001339
0001862
0001979
0000000
-001048
-001048
-000233
0000407
-000990
-002504
-000408
0003318
0004365
0003085
0001047
0000116
0003259
0007567
0007276
0004074
0002561
0002677
0002794
0002503
0001280
-000524
-002213
-002678
-000059
0002968
0001397
-002387
-002678
-000932
-001514
-003610
-004948
-005181
-004192
-002620
-001456
-000583
0001047
0002444
0001979
0000058
-002213
-003842
-003726
-002038
0000349
0002852
0005238
0006752
0006403
0005064
0004307
0004191
0004249
0003609
0000407
-002795
-001398
0002212
0002503
0000523
0000000
-000175
-003202
-005880
-002038
0003841
0001920
-003901
-003959
-000874
-001863
-005007
-005065
-003842
-005880
-008907
-008208
-004948
-002620
-001572
-001281
-001223
-000524
0000640
0001688
0002095
0001106
0000349
0002852
0006286
0005821
0002852
0001164
0001164
0002153
0003376
0002968
0002212
0004249
0007043
0006636
0004249
0003550
0003725
0002794
0001338
0000873
0001106
0001047
0000756
0000174
0000058
0001629
0003201
0001571
-001747
-003260
-003260
-003260
-003435
-003668
-003959
-004308
-004425
-003610
-002969
-004483
-006753
-007160
-006054
-005123
-004483
-004017
-003551
-002387
-001107
-000990
-001048
0001513
0003841
0000698
-004250
-003377
0001513
0005413
0006985
0005588
0003143
0003259
0005238
0006577
0006636
0005180
0003026
0001513
0001455
0003259
0005471
0005413
0003376
0000989
-000757
-000641
0000814
0001920
0002328
0001979
0000814
-001572
-003551
-002911
-001107
-001398
-003144
-004017
-004192
-004890
-005472
-005181
-003901
-001863
-000350
-001630
-004192
-004657
-003493
-002795
-002445
-001921
-001281
-000757
-000292
0000582
0001571
0002270
0002503
0001979
0001629
0003900
0006112
0003201
-001689
-001630
0001338
0001513
0000174
0000989
0002735
0002968
0001979
0001455
0000873
-001223
-003260
-002911
-000757
0001280
0002619
0003259
0003026
0002386
0001047
-002154
-005007
-003901
-000641
0000698
0000058
-001281
-002445
-002329
-000990
0001106
0002852
0003026
0002037
0000931
0000407
0001338
0002677
0002561
0001397
0000523
0000058
-000233
-000175
0000756
0001513
-000059
-002271
-001805
-000059
-000757
-002795
-003668
-003377
-002504
-001921
-003493
-004890
-001165
0003958
0003143
-001165
-002271
-000990
-000699
-000932
-000059
0000407
-003202
-006404
-000466
0008149
0005937
-001572
-000815
0004831
0005995
0003958
0003550
0003958
0002386
0001106
0003958
0008265
0008557
0005704
0003434
0002153
0001629
0001397
0000058
-001572
-001863
-001048
-000175
0000465
0000698
0000407
-000408
-000932
0000058
0001455
0001164
-000408
-001572
-002736
-005123
-007743
-009023
-008907
-008441
-007335
-005239
-003260
-003202
-004425
-005298
-005181
-003260
-001107
-001863
-003726
-002504
0000640
0002619
0003318
0003783
0003667
0002212
0000465
-000175
0000116
0000232
0000523
0002270
0003841
0002794
0000058
-002096
-002154
0001862
0006461
0005122
0000756
0000291
0002619
0004249
0004074
0000873
-003027
-003086
-001107
-001863
-003842
-003551
-001514
0001047
0001804
-002736
-008849
-009664
