0001629
0000000
-001572
-000233
0002095
0001513
-000932
-002504
-002213
0000465
0003725
0004307
0002386
-000524
-002911
-002853
-000757
0001862
0003725
0003609
0001688
-000932
-003086
-003901
-003260
-001863
-000757
-001165
-002445
-002795
-002271
-001398
-000757
-001630
-002678
-001281
0001106
0001397
0000407
0000582
0001629
0003201
0004074
0002561
0000465
0001746
0004773
0005821
0005064
0003550
0002444
0003550
0005180
0003783
0000814
-000524
-000292
0000000
0000465
0001222
0001804
0001804
0001106
-000583
-001572
0001571
0005122
0001688
-004599
-004425
-000350
0000582
-000874
-001456
-001398
-001747
-002038
-001514
-000815
-001514
-002562
-001572
-000350
-002504
-005880
-006054
-003842
-002736
-001863
0001106
0003900
0001920
-001281
0002037
0007916
0007683
0003841
0003434
0005238
0005122
0004249
0005413
0006985
0005879
0003143
0001455
0000989
0001338
0001979
0002095
0001746
0001688
0001920
0002735
0003376
0002328
0000756
0000931
0001804
0000756
-001165
-001398
-000874
-001747
-003959
-007219
-009605
-008325
-004948
-003144
-002969
-002795
-002736
-003610
-004017
-001281
0001746
-000466
-004366
-002213
0003376
0005995
0005937
0006810
0006519
0000931
-004774
-000699
0007392
0006344
0000407
0000931
0004656
0002852
-001048
0000873
0005413
0005006
0001338
-000641
-000699
0000116
0001746
0004424
0006053
0003318
-000757
0000232
0003783
0003900
0001455
-000292
-000874
-000175
0000814
-000117
-001980
-002329
-001863
-002213
-002911
-002562
-001863
-002096
-002736
-002736
-001630
0001164
0004132
0004773
0003609
0002444
0001571
0001164
0000465
-002213
-004774
-003493
0000000
0001513
0001746
0003725
0005646
0004132
0001222
0001222
0003201
0004307
0004424
0004016
0003259
0002153
0001106
0000640
0000523
0000291
-000292
-001863
-002620
0000349
0004598
0005646
0003609
0000582
-002154
-003260
-002445
-000175
0002095
0001746
0000232
0001338
0003492
0002910
0000698
-000815
-000641
0002095
0005297
0005238
0003259
0003376
0004365
0003434
0001338
-000175
-000932
-001514
-001805
-001223
-000699
-001630
-003144
-003493
-002911
-002562
-002096
-000350
0001047
-000292
-003202
-004890
-005007
-004075
-002795
-002038
-002271
-003493
-004599
-003842
-001398
0001571
0003550
0002619
-000233
-002445
-003551
-004192
-003610
-000990
0002212
0003318
0003318
0005413
0007858
0007101
0004482
0002794
0002735
0004540
0006112
0003259
-001630
-003377
-002329
-001281
-000408
0000989
0001862
0001164
-000175
0000174
0000931
-000757
-003726
-005181
-005065
-004308
-003027
-001398
0000116
0001106
0000931
-001165
-003668
-003726
-002387
-002387
-003610
-005589
-006578
-003784
0000291
0000465
-001572
-001514
0000291
0002444
0003900
0003201
0002153
0004074
0007392
0008848
0007800
0004249
0000756
0001571
0004656
0005006
0002852
0000058
-002213
-002678
-001456
0000174
0002037
0004424
0005646
0003376
-000815
-003668
-004425
-003027
-001514
-004017
-007510
-005589
-001980
-005123
-010828
-009896
-004948
-003377
-004366
-004483
-004133
-004366
-004483
-002969
-000874
-000350
-001281
-003027
-004541
-004366
-003377
-003959
-004890
-003726
-001339
0000349
0000931
0000465
-000292
0000058
0001280
0002503
0002735
0000291
-002504
-001223
0001804
0001106
-001281
-000233
0002677
0003376
0002386
0001862
0001338
-000233
-001805
-001805
-000699
-000059
-000059
-000408
-000874
-000990
-000815
-000874
-001223
-001863
-002562
-003319
-003726
-003842
-003027
-000292
0002503
0002095
0000000
0000000
0001862
0004656
0006403
0004074
0000116
0000232
0002212
0000407
-002795
-002213
0000640
0001688
0001164
0000756
0000465
-000233
-000990
-001514
-001689
-001980
-001747
0000000
0001979
0002212
0000465
-002969
-005880
-005065
-001980
-000350
-000757
-003260
-005181
-001630
0003725
0003492
-000059
-000292
0001338
0000174
-001863
-000757
0001746
0001571
0000000
0000640
0002328
0002386
0001571
0001513
0002212
0002910
0003958
0006577
0008440
0005821
0000814
-002096
-002445
-001165
0000582
0000756
-000292
-001281
-001863
-001456
-000757
-000932
-002096
-004133
-005822
-005589
-004133
-002969
-002678
-003668
-005239
-005938
-005705
-004716
-003784
-003959
-004832
-005589
-005298
-002853
0000116
0000407
-000874
-000874
-000059
-000408
-000583
0002212
0005646
0005180
0002212
0000640
0000989
0002852
0005180
0006170
0005821
0005180
0004249
0003143
0001862
0000116
-001107
-000117
0001571
0000989
-000874
-001572
-000932
0000582
0001629
0000000
-003435
-007044
-009198
-007975
-005298
-005763
-006986
-002736
0002677
0000640
-004832
-004366
-000932
-002969
-006404
-001572
0005762
0003259
-003842
-002911
0002386
0002095
-000815
0001047
0005180
0005704
0003609
0002153
0001746
0002212
0003143
0003725
0004074
0004540
0005355
0007276
0008498
0005762
0001629
0001455
0003841
0004598
0003609
0001222
-001048
-000408
0001513
0001164
-000292
0000407
0002095
0002153
0000756
-001165
-002445
-000990
0001047
-000757
-004017
-003493
-000757
-000292
-001223
-000641
0000174
-001456
-003959
-004541
-003144
-000292
0001920
0000349
-002504
-000815
0002910
0002677
0000756
0002735
0006461
0007218
0005704
0004307
0003318
0002619
0002153
0001688
0001164
0000582
-000059
-001339
-001747
0001164
0004947
0005122
0002619
0000931
0000058
-001165
-002154
-002329
-001689
-000699
0000523
0002270
0003085
0000465
-003551
-005181
-004425
-003086
-001398
0000756
0002037
0000291
-002387
-001980
0001047
0005006
0007742
0006461
0003376
0003492
0005879
0007451
0007742
0007101
0005588
0003376
0001746
0002794
0004889
0004598
0002619
0001222
0000523
0000465
0000058
-002678
-005356
-003784
0000349
0002852
0002852
0000058
-003319
-002969
-000408
0000058
-000757
-000408
0000582
0001222
0000931
-001048
-003435
-003959
-002911
-001863
-001107
-000815
-000583
0000814
0002328
0001862
0000582
0001047
0002735
0003958
0004424
0004191
0003900
0004889
0005762
0003201
-000466
-000699
0001804
0005064
0006636
0002852
-002736
-002911
0000349
0000931
-000466
-001281
-001572
-001980
-002445
-003319
-003959
-003726
-002853
-002213
-002038
-002096
-002795
-004599
-006054
-004657
-002387
-003726
-006287
-004716
-001223
-001165
-003319
-003901
-002969
-000757
0000640
-002445
-006578
-004948
-000059
0001338
0000873
0003492
0006636
0005238
0001920
0002561
0005180
0004773
0002386
0000989
0000640
0000582
0000698
0000756
0000931
0001862
0002735
0001862
0000465
0001280
0002910
0002561
0000523
-001630
-003086
-002853
-001281
0000465
0001513
0000756
-001339
-004192
-005996
-004133
-001223
-002678
-005996
-005065
-001572
-000233
-000466
0000291
0001397
0001746
0001629
0001746
0002037
0002153
0002444
0003841
0005530
0006286
0006112
0005530
0004889
0004191
0003841
0004249
0004482
0003201
0000989
-000990
-001863
-000524
0000989
-001514
-005356
-005239
-002038
0001280
0003376
0003609
0001629
-002562
-006345
-006345
-003086
0000931
0004249
0005937
0005006
0000698
-003842
-003668
-000524
0000582
-000059
-000699
-000932
-000350
0000291
-000699
-002329
-002504
-002096
-003260
-004948
-005123
-003726
-000874
0001746
0001629
-000059
-000641
0000291
0003492
0005762
0001222
-005763
-005938
-002038
-001980
-003668
-001281
0002386
0001920
-001398
-003610
-004599
-005414
-005589
-004483
-002620
-000874
-000350
-002096
-004599
-004832
-003027
-001048
0000814
0002677
0003900
0004016
0003085
0001513
0000349
0000698
0002386
0004482
0006286
0006868
0006636
0007334
0007567
0005122
0001629
0000349
0001222
0002910
0004482
0004773
0003900
0003085
0002095
0000349
-001281
-001514
-001107
-001805
-002562
-000641
0001804
0000698
-002271
-003086
-001980
-000699
0000000
-001048
-002445
-001456
0000407
-000466
-002445
-001514
0000814
0000814
-000583
-000699
-000059
-000059
-000466
-000699
0000058
0003259
0006403
0004947
0001397
0001979
0004889
0005180
0004191
0005355
0007101
0005937
0003783
0004715
0006636
0004773
0001047
-000175
0000523
0001047
0001164
0001047
0000407
-000932
-002504
-003493
-003551
-002213
-001281
-003842
-007743
-008383
-006811
-006869
-007277
-004657
-001572
-002911
-006462
-006811
-005298
-006113
-007626
-006229
-003144
-001456
-000874
0000116
0001688
0004424
0006636
0005646
0002968
0002153
0002794
0003492
0003492
0001571
-000699
-000292
0001571
0001397
0000465
0002270
0004540
0002852
-000932
-002154
-001689
-002445
-003493
-002504
-000583
0000000
-000524
-001107
-001398
-000932
-000292
-000699
-001980
-003668
-004774
-003435
-001689
-003842
-006928
-004541
0000582
0002270
0000756
-001921
-003901
-002853
0000174
0002503
0003318
0002677
0001513
0002153
0003434
0002735
0000873
-000233
0000058
0002561
0005180
0004831
0002153
-000815
-002096
0001106
0005879
0006752
0004191
0000814
-001747
-001863
-000117
0001222
0001862
0002095
0002095
0002677
0002561
-001048
-005065
-003726
0000349
0000814
-001456
-003086
-003959
-005065
-005414
-003610
-001223
-001165
-002271
-001398
0000407
0000407
-000874
-001980
-002504
-002271
-001339
-000233
0000349
-000815
-002154
0000000
0002852
0000523
-004017
-004308
-001805
-000815
-001223
-001980
-001863
0001513
0005588
0005238
0002153
0000931
0001513
0002095
0002619
0002852
0002561
0001688
0000349
-001456
-002736
-002678
-001514
-000350
0000174
-000524
-002154
-003726
-004716
-004716
-004483
-005822
-007219
-006054
-002678
0001629
0004947
0004773
0002328
0000349
0000000
0002212
0004889
0004424
0002037
0001397
0001979
0002037
0001164
-000815
-002911
-003202
-002329
-001805
-002096
-003435
-004657
-003668
-001339
0000407
0001397
0002328
0002328
0000523
-002213
-004483
-005472
-004948
-003784
-004133
-004657
-002387
0000873
0001397
0000465
0002212
0003783
-000466
-006462
-005763
-001223
-000524
-001689
0000814
0004598
0004424
0002212
0003143
0005297
0003900
0001280
0002677
0005879
0006228
0004424
0003085
0002503
0002444
0002852
0003492
0003725
0002968
0001571
0000698
0000291
0000582
0000291
-002911
-006404
-005298
-001747
-000815
-002154
-003319
-004133
-004366
-004075
-003493
-003086
-003260
-003901
-004541
-005007
-004832
-004599
-006171
-007219
-003493
0001920
0002852
0000640
-000292
0000232
0001455
0002910
0003550
0003900
0005704
0007159
0005297
0001746
-000408
-000408
0002095
0004598
0002561
-001281
-000815
0002095
0002619
0001513
0001746
0002619
0003085
0002677
0000698
-001572
-002387
-001630
0000232
0001513
-000350
-003959
-005763
-006054
-006404
-006287
-004017
-001805
-003435
-006578
-005996
-002678
0000174
0001979
0002794
0002677
0002444
0001397
-002329
-005880
-004541
-000292
0002037
0002212
0001280
0000232
0000523
0001804
0002270
0002503
0004074
0005238
0002677
-001572
-003319
-002736
-001630
-000815
-001689
-002795
-000815
0001862
0000116
-003260
-001980
0001746
0002503
0001222
0000931
0001106
0000582
-000408
-001281
-001863
-002678
-002853
-000699
0001629
0000232
-003027
-003784
-002562
-001747
-001456
-001863
-002154
-000932
0000989
0002212
0002153
0000873
-000990
-002678
-003202
-001281
0001164
0000931
-000990
-001921
-001630
-000175
0001047
-000233
-002620
-002620
-001281
-001689
-002736
-002154
-000466
0000873
0001629
0001862
0001338
-000350
-002154
-002795
-002096
-000524
0000640
-000408
-002504
-003144
-002154
0000058
0001920
0000814
-001572
-001165
0000698
0000232
-000815
0001513
0004424
0002270
-001805
-000815
0002968
0003318
0001688
0002794
0004424
0001397
-002329
0001222
0007276
0005471
-000408
-000699
0002386
0002386
0000582
0000989
0001979
-000466
-003377
-001165
0003085
0002153
-001689
-002562
-001339
-001514
-002154
-000815
0001106
0000931
-000583
-001223
-000990
-000059
0000465
-001339
-003610
-002678
0000349
0002677
0003783
0004365
0004132
0002735
0001222
0001106
0002328
0004365
0005762
0003900
0001338
0003143
0007043
0008091
0006519
0004016
0001688
0000814
0001280
0002153
0002910
0002852
0002386
0002852
0003376
0002386
0000814
0000756
0001688
0002212
0001979
0000931
-000350
-000932
-001048
-001165
-001747
-003901
-005938
-004774
-001980
-000757
-001048
-001572
-002329
-003319
-004599
-006986
-007975
-003086
0003492
0003550
-000175
0000058
0002677
0002852
0001571
0001047
0001629
0003085
0004773
0006053
0005821
0002677
-001048
-001339
0000989
0003201
0004074
0002386
0000058
0001106
0003550
0002561
-000117
-000408
0000698
0000000
-001863
-003668
-004541
-003610
-001805
-001165
-001223
-000233
0000989
0001164
0000291
-001456
-002853
-002271
-000583
-000059
-000408
-000583
-000583
-000815
-001107
-001339
-000990
0001106
0003085
0001513
-001165
0000407
0004191
0005588
0004889
0004132
0003725
0004191
0004656
0003492
0002095
0003841
0006228
0004424
0000349
-001165
-000292
0000989
0002386
0004307
0004947
0001455
-002911
-001689
0002270
0001920
-001107
-002213
-001456
-000175
0001047
0001222
0000582
0000000
-000699
-002038
-003377
-003959
-003377
-001107
0001222
0001280
-000175
-000990
-000932
-000117
0000989
0001629
0002212
0003958
0005530
0004773
0002503
0000989
0000349
-000233
-000175
0001746
0003376
0000931
-003144
-004250
-002853
-001747
-001048
0000174
0000465
-002678
-005996
-003493
0001513
0001222
-002271
-003027
-001921
-002387
-002969
-000175
0002561
-001514
-007975
-008034
-003202
0000989
0003318
0003492
0002270
0002037
0002619
0002677
0002794
0004191
0005646
0004598
0002619
0003143
0004947
0005588
0004307
0000523
-002969
-001572
0002095
0001746
-001165
-002562
-002329
-001165
0000232
0000640
0000116
-000815
-001747
-002387
-002562
-002154
-001863
-003260
-004948
-004133
-002154
-002445
-003959
-003435
-002271
-003842
-005880
-003319
0000698
-000350
-003842
-003668
-000524
0002619
0004598
0004249
0002212
0000058
-000932
0000582
0003201
0003783
0003259
0004016
0005762
0007800
0008091
0003434
-002445
-002387
0001455
0002503
0001513
0001455
0001688
0000349
-001339
-001398
-000117
0001571
0002677
0001979
0000407
0000291
0000756
-000641
-003027
-004250
-004308
-004075
-003551
-002795
-002445
-002795
-004541
-008907
-012982
-012167
-007743
-003551
-000874
-000350
-001339
-001456
-001281
-002504
-003842
-002678
-000524
-000583
-001572
-000292
0001804
0001455
0000058
0001047
0003143
0003026
0001397
0000232
-000350
-000990
-001048
0000523
0002212
0001106
-000874
0000465
0003492
0004132
0003026
0002386
0002037
0001746
0000523
-003842
-007917
-005763
0000000
0002968
0002735
0000931
-001689
-003842
-004890
-005065
-004366
-003027
-002096
-003668
-005705
-004308
-001165
-000233
-001339
-003551
-005007
-002911
0000465
0000174
-002096
-001456
0000523
0000116
-001747
-002678
-002154
-000175
0002095
0002677
0001862
0001222
0000756
-000292
-000757
0001338
0003783
0002561
-001165
-004425
-005880
-004017
-000990
-000874
-002969
-004774
-005414
-004425
-002213
0000349
0001571
-000815
-004366
-004366
-001921
-001165
-001456
-001281
-000117
0002677
0005646
0006636
0005530
0003609
0001513
-000233
-000932
0000058
0001746
0002153
0001222
-000641
-002271
-001747
-000699
-002329
-005007
-004890
-002969
-002096
-002038
-001456
-000583
0000349
0000698
-000233
-001805
-002620
-002620
-002154
-001863
-003260
-004890
-004017
-001863
-000932
-001572
-003901
-006054
-005181
-002562
-001747
-001747
0000291
0002677
0002212
0000174
-000117
0001106
0002561
0003783
0004365
0004540
0004831
0004947
0004191
0003026
0002735
0002619
0000349
-002096
-001165
0001455
0001629
0000174
-000350
-000466
-001572
-002969
-003377
-003086
-003377
-003901
-004017
-003901
-004192
-005007
-006811
-008034
-006520
-003784
-003377
-004832
-005938
-006462
-006637
-006054
-004366
-002504
-002387
-003202
-002853
-001980
-001689
-002213
-004017
-005298
-002678
0001106
0000465
-001980
0000232
0004656
0005704
0004598
0005180
0006228
0004773
0002153
0001513
0001804
0000465
-001398
-001630
-000466
0001222
0002212
0000523
-002213
-002795
-001514
0000174
0001047
-000524
-003493
-005414
-006171
-006695
-006753
-006054
-005239
-005705
-006753
-006811
-005996
-005065
-004192
-003551
-002911
-001572
-000059
0000582
0000582
0000582
0000698
0000814
0001047
0001222
0001862
0003667
0005530
0005355
0003725
0002328
0001397
0000523
0000116
0000814
0001688
0001047
-000350
-000641
-000292
-000932
-001572
0000058
0002328
0001688
-000466
-000815
0000407
0001862
0002677
0002095
0000582
-000699
-001223
-000350
0000407
-002038
-005356
-005123
-002387
-000350
0000523
0001222
0001047
-000874
-002911
-002387
-000641
-001107
-002562
-001921
-000059
0000349
0000640
0004191
0007683
0004540
-001048
0000000
0004482
0004191
0001338
0002095
0004598
0004132
0001979
0001513
0002270
0002735
0002735
0001862
0000814
0001047
0001862
0001397
0000756
0002968
0005064
0001455
-004716
-007219
-005996
-003086
-000117
0000523
0000232
0002968
0006461
0006577
0004016
0001397
-000059
0000698
0002677
0003434
0003318
0003783
0004424
0004191
0003201
0001804
0000174
-001514
-002678
-002562
-001863
-002038
-002736
-003493
-003260
-000408
0002212
-000699
-006113
-007626
-005181
-000699
0002677
-000292
-005880
-006054
-002620
-001048
-000990
-000292
0000523
0000582
0000058
-000524
-000874
-000524
-000175
-001165
-002445
-001863
-000292
0000000
-000175
0000814
0002619
0004540
0005646
0004947
0003376
0003026
0003783
0004773
0005413
0005180
0004249
0003026
0002212
0002619
0003725
0004540
0003958
0000640
-003260
-003784
-001572
0000931
0002619
0002444
0000989
0000232
-000292
-002329
-004250
-003377
-000990
-000292
-001339
-003027
-004716
-005880
-005996
-005298
-004075
-002911
-002562
-004308
-006345
-005531
-002853
-001107
0000058
0002386
0004249
0002619
-000350
0000000
0002619
0004307
0005006
0005588
0005937
0005704
0005122
0004598
0003958
0002328
0001338
0003900
0007509
0007276
0004482
0003143
0002852
0001862
0000873
0001629
0002735
0001629
-000583
-001281
-000408
0001629
0003085
0001280
-002154
-003551
-003202
-003319
-003668
-003668
-003610
-004133
-004133
-001863
0001397
0003085
0002735
0000814
-001398
-001805
-000641
0000698
0001571
0001513
0000523
-000990
-001980
-000990
0001106
0002153
0002037
0001455
0000523
-000524
-001339
-001747
-001630
-000874
0000058
0000640
0000000
-003377
-006578
-004192
0000465
-000408
-003377
0000349
0005995
0002910
-003668
-001398
0004482
0001455
-005414
-004075
0001397
0000756
-003202
-003027
-000699
-001456
-003493
-002853
-000117
0003201
0004947
0002619
-001747
-003610
-002620
-000175
0002444
0002968
0002328
0003376
0004656
0002852
0000000
0000000
0001746
0002037
0000931
-000699
-002154
-002445
-001689
-000699
0000174
0000465
0000407
0000814
0000873
-001398
-003959
-003086
-000583
-000233
-001921
-004425
-006171
-005472
-002795
0000291
0002153
0001280
-001456
-003668
-004541
-003668
-001980
-001689
-001514
0002095
0006170
0005122
0001920
0003492
0007276
0007159
0004365
0002619
0002212
0002212
0002910
0004773
0006403
0005646
0003318
0001920
0001106
-000757
-002504
-002213
-001107
-001863
-003551
-003901
-002969
-001398
-000292
-001048
-003202
-004948
-006113
-006928
-006695
-004192
-001514
-002562
-005414
-005531
-004308
-005589
-007743
-007451
-005239
-002736
-001048
-001630
-002736
-000350
0003434
0003783
0002444
0004074
0006519
0004773
0001688
0003376
0007159
0006985
0003900
0001047
-000233
0001571
0004016
0001688
-002329
-001339
0002328
0002735
0001280
0001804
0003026
0002037
0000116
0000698
0002095
0000756
-001980
-003435
-002969
-000466
0001804
-000175
-004192
-005181
-004075
-004133
-005298
-006695
-007335
-005472
-002504
-001514
-002038
-002154
-001689
-000466
0000873
0001047
0000640
0000989
0001920
0002968
0003725
0003434
0003143
0005238
0007276
0004424
-000292
-000757
0001746
0003026
0002852
0001571
-000292
-002213
-003027
-001107
0001746
0001688
0000000
-000175
0000814
0001513
0001920
0002444
0002270
-000117
-002969
-003260
-002154
-003027
-004774
-004948
-003842
-002445
-001339
-001107
-001398
-001281
-000874
-001281
-001048
0002561
0006170
0003492
-001980
-002096
0001164
0001804
0001047
0002794
0004365
0000523
-004541
-002271
0003667
0004191
0001164
0000640
0001455
0000407
-001107
-000350
0001397
0001280
0000058
0000291
0000756
-000699
-003202
-005065
-005589
-004483
-002504
-001107
-000757
-001747
-003493
-005472
-006404
-004716
-002038
-001921
-003435
-003901
-003202
-001689
0000232
0002095
0003318
0003434
0002561
0001338
0000582
0002037
0003667
0001746
-001921
-003086
-001921
0000116
0001629
0000116
-002154
0000058
0003550
0001629
-003144
-005007
-003435
0000640
0004132
0001804
-003319
-004192
-002387
-003027
-005123
-006171
-005763
-003493
-001339
-003493
-006928
-005239
-001223
-001339
-004599
-008092
-009431
-005822
0000116
0002444
0001920
0002328
0002561
0000116
-002678
-001398
0001746
0001455
-000466
0000465
0003085
0004540
0004307
0002153
-000292
0000000
0001571
0000756
-001165
-001339
-000175
0000931
0000814
-001805
-005123
-005239
-003551
-003551
-004890
-006578
-007684
-007393
-006113
-004832
-004308
-005181
-006578
-007160
-006811
-006404
-005414
-002795
-000233
-000757
-003202
-004832
-004890
-003319
-001223
-000408
-000524
0000000
0001047
0002212
0002910
0002386
0001338
0001106
0001979
0004540
0006752
0005180
0002095
0002503
0004540
0003201
-000117
-002271
-002213
0000756
0004482
0005704
0003958
0000000
-003726
-003260
-000408
-000117
-001514
-002038
-001980
-002038
-002853
-005880
-008558
-006462
-002445
-003086
-005938
-004716
-001863
-003027
-006345
-007684
-006637
-003784
-000932
-000990
-002853
-003319
-002445
-001107
0000232
0001222
0001979
0003609
0004831
0003318
0001338
0003667
0007276
0005238
0000814
0001804
0005180
0003841
0000000
-000874
0000698
0002328
0003143
0002095
-000059
-001805
-001980
0001106
0004307
0001920
-002853
-002387
0001164
0001920
0000291
-001689
-002736
-001281
0000931
0000116
-002620
-004366
-004832
-004541
-003493
-001747
-000175
0000058
-000292
0000407
0001397
0000523
-000932
-000117
0001397
0000174
-001805
-000233
0002794
0002619
0000407
-000292
0000291
0000756
0001222
0002153
0002386
0000058
-002853
-002678
-000175
0001979
0002852
0001979
0000232
-000292
0000291
0001164
0001571
0000465
-001223
-001456
-000699
-000233
-000350
-001281
-002329
-001863
-000874
-001339
-002445
-002271
-000990
0000523
0002095
0003900
0005588
0007043
0007858
0007509
0006636
0006519
0006810
0006286
0005180
0004016
0002910
0001571
0000407
-000466
-000757
0000000
0000465
-001921
-005239
-005763
-004133
-003027
-002038
0000756
0002968
0000582
-003493
-003027
0000000
0000291
-001281
-001398
-000990
-002329
-004250
-004541
-003610
-002911
-002271
-000757
0000814
0001629
0001746
0002095
0001862
-000874
-003260
-000292
0004831
0004656
0001688
0002212
0004598
0003900
0001862
0002503
0004889
0006344
0006868
0007392
0007334
0005879
0003725
0002735
0002095
-000524
-003202
-002271
0000116
-000583
-002911
-002736
-001107
-000990
-001921
-002504
-002795
-003319
-004017
-004832
-005531
-005705
-005705
-006229
-006637
-005589
-004250
-005239
-006695
-005007
-000874
0003667
0006403
0004598
0000640
-000292
0001455
0003376
0004656
0004365
0003434
0004249
0005530
0004656
0002677
0002444
0003259
0003318
0002735
0002328
0001746
0000291
-000874
0000349
0002095
-000117
-002969
0000232
0005762
0005762
0002212
0001571
0001979
-002213
-006695
-002795
0003900
0001513
-005589
-006928
-003959
-002736
-002853
-002213
-001339
-000757
-000524
-000757
-000699
0000698
0002503
0002968
0002386
0001862
0001513
0001164
0001338
0002386
0004016
0005762
0006694
0005588
0003667
0003783
0004715
0003550
0001629
0002153
0003609
0002735
0000291
-001630
-002213
-000641
0001338
0000582
-001863
-003319
-003319
-001747
-000117
-001107
-003901
-006520
-007393
-004657
-000233
0002095
0001979
0000465
-001514
-002213
-001980
-002213
-002736
-003551
-003435
-000175
0003958
0004540
0002794
0002561
0003259
0003085
0002444
0002095
0002328
0003376
0004249
0003492
0001571
-000233
-001398
-001630
-000990
0000523
0001455
-000292
-003260
-004133
-003493
-003842
-004366
-003435
-001572
-000059
0000814
0000873
0000407
0000232
0000116
-001048
-002387
-002911
-002562
-001689
-000699
0000174
0000174
-002213
-004075
-000175
0005821
0006112
0003085
0003201
0005006
0004016
0001979
0002503
0004540
0004831
0004424
0005588
0007159
0006927
0005238
0003026
0001397
0001804
0002852
0001397
-001165
-001689
-001048
-001747
-003086
-003726
-003435
-002213
-000641
0000465
0000989
0001397
0001164
-000874
-002911
-001514
0000873
-001223
-004657
-002795
0001746
0002794
0000873
-001630
-003202
-001805
0001164
0002153
0001688
0001688
0002386
0003958
0005821
0007159
0007334
0005530
0003376
0003725
0005413
0005471
0004424
0003841
0003841
0004656
0005530
0005530
0004365
0001979
-000350
-000524
0000814
0002212
0002561
0000465
-002271
-001689
0000582
0000698
-000990
-002795
-003959
-003202
-002445
-005822
-009896
-007335
-002562
-005705
-011992
-010478
-004657
-003202
-004541
-003144
-000932
-002445
-005472
-004890
-002387
-002562
-003260
0000582
0005821
0006577
0004249
0003550
0004132
0004191
0004016
0004249
0004424
0003900
0002910
0001746
0000989
0001571
0002561
0002095
0000989
0001164
0002037
0002561
0002444
0001513
0000349
0000116
0000523
0000814
0000698
0000058
-000699
-000699
-000524
-001689
-002911
-001747
0000116
-001281
-003901
-003202
-001165
-002329
-005181
-005822
-004599
-003435
-002154
-000292
0001571
0002910
0003201
0001688
0000000
0000873
0003550
0005588
0006228
0005122
0003201
0002444
0002561
0002386
0002037
0002037
0001979
0000814
-000292
0000873
0002503
0000873
-002504
-003668
-003027
-002213
-001863
-002736
-003610
-001747
0001222
0001920
0001047
0000931
0001164
0000174
-001281
-001863
-001514
-000699
0000174
0000291
0000174
0000582
0002095
0005646
0008440
0005413
0000291
0000814
0004540
0004598
0002153
0000640
0000174
0000058
0000291
0000989
0001571
0001513
0000756
-000699
-001805
-000524
0001397
0000523
-001514
-000990
0000873
0001455
0000582
-000990
-002154
-001223
0001047
0003143
0003550
0000349
-003842
-004017
-001921
-002504
-004774
-005996
-005763
-004133
-002154
-002213
-003144
-002154
0000000
0001222
0002037
0004249
0006170
0004482
0001746
0003667
0007625
0007858
0005704
0005006
0005355
0005355
0004482
0001513
-001165
0000407
0003725
0003026
-000233
-001456
-001689
-003842
-006404
-006404
-004599
-002736
-001863
-003027
-005181
-005822
-005065
-003959
-002969
-002504
-002562
-002736
-002445
-000641
0001106
-000059
-002969
-005181
-005763
-004425
-002504
-002853
-004599
-005356
-005007
-004366
-003086
-000059
0002503
0000873
-002154
-000408
0004016
0005762
0005355
0005704
0005821
0002910
0000058
0003318
0008033
0004132
-003493
-003551
0000582
-000233
-003435
-002096
0000698
-002329
-007102
-004832
0000931
0001979
-000874
-003901
-005996
-006986
-005938
-001805
0001979
-000292
-005705
-007626
-006404
-004366
-002911
-004133
-005647
-002387
0002328
0001746
-002096
-003610
-003027
-002387
-001689
-000524
0000582
0001106
0000756
-000990
-002736
-001980
-000117
-000583
-002038
-001223
0000989
0002328
0002444
0001222
-000175
0000407
0002095
0002212
0001455
0001688
0001746
-001281
-004890
-004308
-001747
-002504
-004716
-004133
-001805
-000815
-001048
-001281
-001572
-002096
-002329
-001398
-000466
-002213
-004250
-001689
0002735
0003259
0001338
0001920
0003201
0000873
-002678
-002736
-000175
0001862
0002561
0001571
-000292
-001281
-000990
0000698
0002153
0000523
-002445
-003319
-002504
-002038
-002096
-002271
-002562
-002795
-002678
-001921
-001048
-000699
-001339
-003319
-005822
-007684
-008325
-007626
-005763
-002853
-000699
-002038
-004832
-004890
-002795
-001048
-000350
-001107
-002620
-003260
-002620
-000874
0001397
0003143
0003958
0003725
0002794
0001746
0001455
0003143
0005180
0004540
0001979
-000117
-001048
-000932
0000058
0001106
0001164
-001630
-004832
-004192
-001107
0000523
0000465
-000699
-002154
-002387
-001863
-001980
-002445
-002853
-002795
-001805
-000350
0000640
0000873
0000523
-000815
-004075
-006928
-005938
-002620
-001398
-001281
0000873
0003376
0002735
0000989
0002619
0005588
0005064
0002328
0000931
0000931
0001688
0002444
0002037
0001106
0001455
0002386
0002444
0001804
0001164
0000698
0001164
0001164
-001980
-005763
-005007
-002387
-005065
-008674
-003435
0004249
0000989
-007102
-005181
0001455
-000466
-006171
-004017
0001862
0000989
-003551
-003551
-001456
-003784
-006928
-003610
0002968
0006170
0005704
0003725
0001513
0000814
0001862
0003958
0005762
0005297
0003550
0003609
0004191
0002328
-000292
-000292
0001513
0002561
0002619
0001979
0000931
-000292
-000815
0000349
0002037
0001804
0000349
-000466
-000699
-001107
-001165
0000116
0001571
0001047
-000757
-001747
-002096
-002853
-003260
-001689
0000116
-000815
-003435
-004948
-004890
-003493
-001281
0001222
0002386
0000116
-003493
-003901
-002038
-001165
-000408
0003143
0006752
0005762
0002328
0001455
0002852
0004656
0005879
0005355
0003667
0002444
0002153
0003026
0004249
0003958
0002444
0000465
-001048
-000699
0000232
-000757
-002562
-002445
-000990
0000000
0000465
0001106
0001804
0002910
0003783
0004016
0003318
0001746
0000058
-000641
-000874
-002620
-004133
-001863
0001804
0001513
-000932
-000466
0001513
0001280
-000059
0000116
0001222
0001688
0001629
0001862
0001979
0001222
0000523
0001804
0003783
0003841
0002561
0001979
0001455
-001048
-003959
-004890
-003959
-001805
-000466
-003610
-007626
-005414
0000174
0002153
0000698
-001514
-002911
-001281
0001629
0001629
-000699
-003202
-004716
-004308
-002329
-000059
0001397
0000407
-001339
-000059
0002561
0002619
0000989
-000117
0000232
0003085
0006927
0009313
0009430
0007276
0004482
0003841
0004656
0004365
0003609
0004132
0004715
0002619
-000350
-000815
-000059
-002096
-004657
-002736
0000407
-002562
-008034
-008616
-005123
-001281
0001164
0000698
-001805
-004075
-005123
-004483
-002620
-000641
0000232
-001980
-005181
-005822
-004017
-001572
0000698
0002212
0002444
0001397
0000000
-000233
0000291
-000233
-000408
0002561
0006228
0005937
0003667
0004947
0007509
0006170
0003259
0004016
0006810
0007742
0006519
0004074
0001804
0002095
0003376
0001920
-000932
-002562
-002504
-001339
0000523
0002735
0003958
0002444
-000059
-000175
0001338
0001920
0001164
-001223
-003784
-003668
-001980
-001689
-002387
-002504
-002271
-002445
-002387
-000699
0000873
-001223
-004192
-002504
0001455
0001804
0000058
-000059
0001455
0003609
0005238
0004598
0002735
0002503
0003376
0003434
0003143
0003550
0004365
0005180
0005355
0004016
0002328
0002677
0003783
0002561
0000407
0000814
0002270
0000931
-001165
0000407
0003259
0002037
-001223
-001572
-000175
-000350
-001456
-001980
-001689
-000117
0000931
-001980
-006171
-006345
-003435
-000408
0001222
0000058
-002736
-004599
-004541
-001630
0001862
0002212
0000000
-002620
-004075
-002387
0000640
0000814
-000757
-000583
0000756
0001688
0002037
0001804
0001222
0000523
0000232
0001106
0002153
0001338
-000233
0000058
0001164
0000640
-001223
-003959
-005647
-003260
0000291
-000932
-004657
-005356
-003610
-002154
-001456
-001747
-002678
-002911
-003202
-005822
-008441
-007160
-003435
-000874
-000292
-001863
-003901
-003668
-001456
0000640
0002503
0004424
0005588
0004947
0003550
0003434
0003841
0002735
0001222
0001920
0003492
0002794
0000814
0000291
0000640
-000233
-001223
-000117
0002037
0002968
0002735
0002095
0001397
0000756
0000349
0000058
-000233
-000757
-001456
-002213
-002620
-002096
-001165
-001107
-001514
-001980
-001572
0001280
0004191
0002852
-000524
-000699
0001513
0003259
0003725
0002386
0000523
0000523
0002212
0004424
0006461
0007974
0008440
0007916
0006286
0003259
0000873
0002677
0005530
0002794
-002387
-003435
-001107
0001106
0002153
0000931
-001863
-004308
-005472
-004890
-003086
-000990
0000058
-001339
-003842
-004832
-004250
-003260
-002096
-000815
-000524
-002620
-005705
-007160
-006695
-004832
-002678
-002329
-002562
-000059
0003318
0003492
0001629
0000873
0001397
0003026
0004598
0004424
0002794
0000873
0000058
0002328
0005530
0005413
0003259
0002619
0003143
0002968
0002444
0002503
0002444
0000814
-001339
-002271
-002154
-001747
-001572
-002562
-003784
-003842
-002562
0000174
0001920
-001630
-006695
-005298
-000583
-000408
-003435
-005007
-005414
-006345
-006869
-005938
-003319
0001746
0005879
0003783
-001630
-003319
-002096
-002271
-002271
0001455
0006112
0006752
0004540
0003318
0002619
0000349
-001689
-000059
0002968
0002095
-000466
0000232
0002561
0002503
0000465
-002271
-004075
-002620
0000349
0000873
-000233
-000233
0000407
0000232
-000815
-002795
-004541
-004017
-002387
-002038
-002969
-004133
-005239
-006113
-006345
-005996
-004774
-002329
-000233
-000874
-003202
-004890
-005472
-005472
-004890
-003668
-002504
-002387
-002445
-000408
0001688
-000350
-004017
-004308
-002329
-002213
-002504
0000931
0004598
0002328
-002911
-003959
-001980
-001630
-001747
0000698
0003900
0004132
0002386
0001047
0000698
0001804
0002910
0001338
-001456
-002445
-002038
-002271
-003086
-004250
-005065
-004541
-003784
-005414
-007277
-005007
-000932
0000116
-001165
-002445
-002736
-000990
0001629
0002619
0002153
0001513
0000698
-000524
-001630
-002096
-001514
0000232
0001979
0001862
0000058
-002853
-004948
-003319
-000641
-002795
-006695
-005356
-001398
-001107
-003027
-002620
-001165
-001980
-003668
-002620
-001107
-004483
-008383
-004192
0003318
0003434
-000699
0000174
0002910
-000117
-005065
-003668
0001164
0002328
0001338
0003201
0005762
0004773
0001979
0001106
0002095
0003492
0004656
0004598
0003492
0002153
0001106
0001164
0001688
0001222
0000174
-000583
-000990
-001223
-001456
-001921
-002445
-002911
-003144
-003202
-003319
-003842
-004483
-004716
-004832
-005414
-006462
-008034
-008616
-005472
-001281
-001165
-003959
-005938
-006637
-006578
-005589
-003319
-001339
-002096
-004541
-005880
-006054
-006113
-005065
-001223
0003259
0004947
0004132
0003318
0002735
0002153
0002386
0004773
0007567
0007858
0006286
0005180
0004191
0001571
-000932
-000292
0001804
0001280
-000408
0000465
0002503
0002619
0001280
-000117
-000641
0001338
0003318
0000407
-004657
-006229
-004948
-004133
-004133
-004716
-005239
-004425
-002853
-001747
-001339
-001223
-001805
-003668
-005531
-005298
-003959
-004192
-004832
-003144
-000292
0001047
0001222
0001746
0002794
0004656
0006053
0004889
0002561
0002270
0003143
0002386
0000698
-000408
-000815
-000757
-000466
-000699
-001048
-000874
-000117
0001047
0001979
0001688
0001047
0002386
0004191
0003201
0001164
0002503
0004656
0002444
-002096
-004250
-003842
-002038
-000059
0000174
-000699
-000408
0000698
0001746
0002386
0002794
0002619
0001397
-000059
-000059
0000989
0002153
0003085
0003900
0003783
0001629
-000932
-000757
0000989
0001513
0001106
0001338
0001804
0001862
0001397
0000291
-001048
-002620
-002853
0000640
0005006
0004715
0001106
-001630
-002620
-001630
0000116
-000175
-001456
-001107
0000116
0000174
-000059
0001397
0003434
0004132
0003550
0003026
0001920
-001281
-003842
-000990
0003958
0004016
0001571
0003841
0007509
0005297
0000756
0001571
0005297
0005762
0004132
0004424
0005471
0004365
0002561
0003376
0005238
0004540
0002852
0004074
0006053
0003841
0000058
0000523
0002968
0001920
-001048
-001805
-000990
-000699
-001048
-001689
-002562
-003842
-004832
-004716
-003726
-002504
-001281
0000349
0001513
0001164
-000059
-000583
-000350
0000058
0000814
0002037
0003318
0004132
0004074
0002677
0001222
0002212
0004307
0004132
0002852
0003492
0004656
0002735
0000174
0001920
0006053
0008207
0007509
0004016
-000117
-001281
0000116
0001455
0002328
0002852
0002270
-000583
-003319
-001514
0002153
0001455
-001572
-001572
0000058
-000408
-002562
-005007
-006578
-005996
-004075
-002853
-003086
-005298
-007510
-006637
-003551
-000874
0000814
0001862
0002037
0001455
0000873
0001571
0002852
0002910
0002794
0004889
0007916
0009837
0009488
0005937
0001280
-000874
-000059
0002677
0005355
0004947
0002561
0001338
0001746
0003143
0004773
0005122
0004191
0002619
0001571
0003026
0004889
0002968
-001281
-004425
-005531
-004425
-002213
-001165
-001048
-000117
0000465
-001630
-004832
-005938
-005647
-006986
-007859
-004308
0000873
0002153
0000931
0001862
0003318
0001280
-001689
-000932
0002270
0003958
0004424
0005238
0006053
0006461
0006286
0005530
0004132
0001513
-000641
0000640
0003259
0003259
0000989
-001572
-003435
-003726
-002445
-000292
0001688
0002503
0001979
0000232
-001514
-001339
0000291
0002037
0002735
0000873
-001863
-002096
-000641
-000757
-001339
0000291
0002735
0003376
0002153
-000175
-002271
-002445
-001165
-000059
0000349
-000699
-001689
0000349
0003667
0004482
0003259
0001979
0000989
-000059
-000408
0000989
0002386
0000523
-002678
-002736
-001398
-003435
-006229
-004250
-000117
0000291
-001572
-001398
-000175
-000583
-001689
-001398
-000583
-001514
-002853
-001572
0000989
0001979
0001571
0000814
0000000
-000641
-000641
-000059
0001629
0005530
0008673
0005821
0000640
0000465
0003841
0005937
0006112
0004307
0002328
0003609
0006286
0005937
0003900
0003667
0005006
0007509
0008673
0004307
-002038
-003202
-000583
0000640
0000523
0000407
0000232
-000059
-000233
-000524
-000699
-000350
-000117
-001339
-002853
-002329
-000699
0000058
-000466
-002096
-004017
-005181
-005181
-004192
-002853
-002096
-002213
-003202
-003901
-002038
0000523
0000174
-001980
-002853
-001980
0000523
0003725
0006461
0007974
0008149
0007218
0005588
0004598
0006403
0008906
0007509
0004249
0004191
0005762
0004947
0002677
0001804
0001746
0001047
-000233
-001572
-002096
-000641
0001629
0002153
0000873
-001630
-003842
-003901
-002504
-001921
-002271
-003260
-004425
-005181
-005763
-007451
-008558
-005880
-002154
-003086
-006345
-005647
-002911
-003319
-004832
-002736
0000873
0001513
0000349
0000989
0002561
0003143
0002677
0001455
0000989
0004191
0007683
0005122
-000815
-004075
-003901
-000990
0002095
0000931
-002038
-000815
0002561
0002968
0001513
0002037
0003026
0001222
-001805
-003144
-002504
-000641
0001222
0000931
-000815
-001747
-002038
-002213
-002445
-003319
-003959
-002445
-000408
-001165
-003551
-004890
-004366
-001339
0002212
0003143
0001920
0000873
0000523
0001397
0002503
0001862
0000291
-000233
0000000
0000116
-000292
-002387
-004192
-001863
0001571
-000350
-004017
-000874
0004889
0003725
-001572
-003726
-003260
-003435
-003493
-000932
0001222
-002853
-008499
-006113
0000116
-000350
-004483
-004017
-001165
-001863
-004133
-003086
-000233
0000931
0000465
-000583
-001514
-001107
0000174
0001164
0001513
0001164
0000814
0001862
0003143
0002153
0000174
0000349
0001513
0000989
-000699
-001863
-002387
-002678
-002620
-001863
-001339
-002096
-003551
-004075
-003784
-003493
-002911
-001223
0000349
0000000
-001921
-004425
-005996
-004657
-002213
-002736
-005007
-005822
-005181
-004075
-002853
-001805
-001339
-001165
-001747
-003726
-005239
-003784
-000117
0003434
0005471
0004831
0002561
0000756
0000291
0001862
0003958
0003609
0002212
0003376
0005588
0005704
0003900
0001280
-000815
-000932
0000756
0003085
0004656
0003725
0001280
-000117
-000059
0001338
0002794
0001979
-000292
-002154
-003377
-004599
-005414
-005472
-005181
-005007
-005356
-006753
-008150
-007975
-006404
-004541
-002795
-001223
-000583
-001514
-003144
-004075
-003493
-000932
0002444
0004424
0005006
0005355
0005122
0003259
0001629
0003434
0006286
0005006
0001920
0002561
0005006
0005006
0002677
-000408
-002795
-002678
-000583
0001688
0002852
0001746
-000757
-002736
-003260
-001630
0000698
0000873
-000408
-000641
-000699
-002620
-005298
-006345
-005763
-004250
-003144
-004599
-007219
-007859
-007160
-007510
-008092
-007393
-005298
-001747
0001397
0001455
-000292
-000117
0001222
0001280
0000465
-000233
-000117
0001629
0003725
0003841
0002328
0000756
-000233
-000350
0000291
0001164
0001513
0000407
-001223
-001630
-001223
-001514
-001572
0000523
0002677
0001513
-002562
-007975
-011352
-007451
-001107
-002678
-007859
-006054
-000583
-000175
-002445
-000815
0002037
-000175
-004017
-001689
0002794
0000465
-005123
-005298
-001689
0000523
0001338
0002503
0003492
0003492
0003201
0004307
0005762
0005530
0004191
0003259
0002852
0002735
0002037
-001398
-004890
-004017
-000292
0002037
0002852
0003318
0003259
0002328
0001397
0001979
0002328
-000990
-005531
-006753
-005298
-004657
-004308
-002736
-000932
-000583
-001689
-003610
-005065
-004308
-002038
-000059
0001047
0000640
0000000
0001513
0004016
0005238
0004598
0002270
-000233
-000757
0000582
0002386
0003492
0002444
0000465
0000232
0001688
0004191
0005588
0002561
-001980
-001980
0001280
0003783
0004598
0003609
0001513
0000000
-000757
-001339
-001689
-001339
-001223
-002678
-004890
-006345
-006811
-006695
-006229
-005589
-005414
-006928
-008150
-005356
-000874
0000349
-001223
-003493
-004250
-000350
0004947
0005064
0001862
0001047
0001979
0002386
0002386
0003026
0003492
0002212
0000698
0001979
0004773
0006519
0006810
0006752
0005762
0002619
-000641
-000524
0001047
-000583
-003668
-004133
-002795
-002213
-001980
-000524
0000931
0000349
-001398
-002445
-002504
-001689
-000583
-000059
-000350
-001572
-002969
-002911
-002213
-002969
-004425
-005123
-004716
-002795
-000408
0000756
0000523
-000583
-001980
-002736
-002213
0000116
0002910
0004424
0004191
0002503
0000465
-000175
0000291
0001106
0001338
-000641
-002387
0001280
0006228
0003783
-001805
-000932
0003958
0006112
0005762
0005413
0004598
0002561
0000000
-002213
-003260
-002154
-000350
-000175
-001398
-002678
-003493
-002911
-001689
-001572
-002096
-001630
-000932
-001398
-002445
-002562
-002096
-002329
-002795
-002387
-001689
-002445
-002911
0000407
0004540
0003201
-000117
0002852
0007800
0004540
-001630
0000989
0007683
0007159
0002561
0002503
0004773
0003085
0000000
0001222
0004365
0003434
0000291
-000466
0000814
0002037
0002503
0001571
-000233
-001398
-001514
-000757
0000523
0001629
0001804
0000232
-002096
-003260
-002853
-001107
0000989
0001862
0001164
-000466
-002213
-003260
-002853
-000583
0002328
0003550
0003026
0001513
-000350
-002213
-002911
-000815
0002212
0002561
0001106
0000582
0000756
0000873
0000523
-000874
-002445
-002678
-001630
0000058
0001397
0000873
-000641
-001048
-000815
-001689
-002969
-003260
-002387
-000699
0001047
0001688
0001106
-000583
-001863
-000233
0002212
0000873
-002096
-001456
0001222
0002037
0001164
-000524
-001398
0000814
0004424
0005471
0004831
0005704
0006868
0005646
0003783
0005006
0007451
0007043
0004889
0003900
0004132
0004947
0005355
0003725
0001164
0000291
0000116
-002271
-005123
-005356
-003377
-000932
0000523
-000815
-003435
-003901
-002969
-003086
-003377
-001630
0000174
-002096
-005822
-005414
-002504
-001572
-002504
-003901
-005007
-004657
-003319
-002620
-002387
-001572
-000350
0000931
0002212
0003841
0004773
0003434
0001979
0004598
0009197
0011060
0009837
0006228
0002619
0002561
0004365
0002910
0000058
-000233
0001571
0003958
0005413
0004132
0001106
-001689
-002736
-000583
0002677
0002968
0000873
-000990
-001747
-000932
0000291
-000757
-002678
-002213
-000641
-001281
-002969
-003260
-002620
-002387
-002329
-001921
-001107
-000059
0001222
0003143
0004656
0003900
0002270
0002910
0004365
0003085
0000814
0001455
0003376
0002503
0000756
0002153
0004889
0005122
0003376
0001571
0000814
0002677
0004424
0000232
-005531
-003726
0001862
0001979
-001048
-000757
0001280
0000814
-000524
0001513
0003667
-000583
-007160
-007568
-004192
-004599
-006345
-003144
0001629
0000814
-002736
-002271
0000698
0001629
0000931
0000407
-000059
-000874
-001630
-001398
-000815
-001689
-002678
-001223
0001047
0000349
-001630
-001281
0000814
0002386
0003376
0004831
0005006
0001047
-003493
-001805
0002852
0002735
-000524
-001689
-001223
-000757
-000699
-001805
-002911
-001863
0000000
-000175
-001980
-003784
-005239
-006637
-006637
-003086
0001222
0001222
-001165
-000408
0001455
-000408
-003842
-004075
-001863
-000292
0000523
0001455
0001629
-000524
-002795
-001514
0001979
0004307
0005122
0005530
0004889
0002386
-000350
-000408
0001338
0002444
0002328
0000640
-001398
-001456
-000466
-001339
-002911
-002911
-001572
-000059
0000814
0000232
-001048
-001165
-000408
0000058
0000232
0000232
-000117
-001398
-002504
-001747
-000059
0000058
-000990
-001805
-002096
-001980
-001689
-002154
-002213
0000407
0003609
0003550
0001629
0001629
0002968
0003318
0003085
0003201
0003550
0003725
0003376
0002153
0000873
0001338
0002444
0001513
-000175
0000582
0001804
-001165
-005705
-006637
-004774
-003784
-002969
-000524
0001804
0000989
-002213
-005647
-007975
-008092
-006520
-004599
-003610
-005065
-007219
-006171
-003726
-003959
-006113
-008034
-008558
-006520
-003377
-002038
-001921
-000583
0000989
0000814
-000059
0000814
0002386
0002328
0001746
0003201
0005530
0006694
0006461
0005413
0004365
0004889
0005937
0005355
0003900
0003318
0003201
0002386
0000989
-001107
-002911
-002911
-002096
-002387
-003668
-004832
-005531
-005763
-005356
-004017
-003202
-005589
-008674
-007044
-003435
-004075
-006578
-004890
-001456
-001980
-004716
-005123
-003726
-002853
-001805
0001280
0004540
0004831
0003434
0004132
0005355
0003026
-000350
0000465
0003609
0004132
0003026
0003143
0003841
0003376
0002503
0003026
0003958
0003492
0001862
-000292
-001514
0000465
0003259
0001979
-001107
-000524
0001979
0002095
0000116
-002213
-004075
-004832
-003959
-001165
0001688
0002095
0000465
-001747
-003202
-002096
0000058
0000116
-001456
-002736
-003377
-003202
-002504
-001863
-001398
-000757
-000350
-000524
-000874
-000815
-000117
0001746
0003318
0002095
-000408
-000874
-000175
-001165
-002678
-002271
-000524
0000989
0001629
0001222
0000000
-001223
-002096
-002387
-001921
-000815
0000174
-000233
-001572
-002853
-003493
-003377
-002445
-000350
0001164
-000350
-003027
-002271
0000058
-000699
-002795
-002213
0000116
0001746
0001804
-000990
-003959
-002213
0002386
0005471
0006228
0005413
0003958
0004365
0005180
0003143
0000058
-000466
0000698
0001047
0000523
-000292
-000815
-000292
0000582
0000174
-000757
-000175
0000640
-001223
-003784
-003086
-000524
0000349
-000117
-000350
-000699
-001921
-003435
-004133
-003842
-003027
-001572
0000814
0002852
0002270
0000931
0003026
0006170
0005471
0002328
0000291
-000117
0000756
0002037
0002037
0001571
0002619
0004540
0006344
0006985
0005180
0002910
0004249
0006752
0004831
0000931
0000640
0002619
0003318
0002386
0000174
-002154
-002736
-001980
-001863
-001689
0000058
0002270
0002910
0001688
-001398
-004366
-003668
-001456
-002678
-005239
-004483
-001805
-000408
-000815
-003027
-005181
-003668
-000757
-001921
-005181
-006345
-005007
-001048
0002328
-000233
-005356
-005414
-001863
-000059
0001455
0007043
0011700
0006286
-003144
-003959
0001106
0003085
0002386
0001920
0001804
0002270
0002968
0003725
0003725
0001920
-000466
-000815
0000116
0000058
-000292
0000756
0002153
0001688
0000291
0000640
0001280
-000990
-004017
-003610
-000990
0001047
0001280
-001980
-005589
-003842
0000349
0000523
-002213
-004017
-004133
-002096
0000698
0001455
0000698
0000058
0000174
0001688
0003376
0003318
0001920
0000407
-000175
0001222
0003841
0006286
0007218
0005355
0002095
0000465
0000407
0000465
0000873
0002153
0003550
0003783
0003318
0003900
0004074
0001106
-003202
-005531
-005531
-004308
-002154
0000931
0003026
0001979
-000641
-000874
0000756
0002095
0002794
0002503
0001862
0002794
0003841
0002095
-000757
-001223
0000058
0000465
0000640
0002153
0004132
0005297
0005180
0003201
0000931
0001397
0003026
0001746
-000699
0000174
0002444
0001571
-000408
0001280
0004132
0002503
-001107
-001107
0000989
0000756
-000524
0000698
0002444
0000698
-002504
-002329
-000757
-002678
-005938
-005589
-002736
-000641
0000465
0001688
0002503
0002561
0002037
0001629
0000873
-001572
-003901
-002853
-000175
0000174
-000699
0000465
0002794
0004482
0004889
0003550
0001455
0000407
0000873
0003318
0005821
0004831
0002212
0002503
0004074
0002735
0000000
-001107
-000292
0001804
0003667
0002852
0000232
-001863
-002795
-002038
-000874
-002096
-004250
-004192
-002678
-002445
-002911
-002795
-001980
-000524
0000873
0000931
0000349
0000465
0000873
0000000
-001107
-000175
0001688
0002619
0002328
0001513
0000756
0001047
0002386
0004365
0006112
0006170
0005238
0005180
0005122
0002677
0000291
0002503
0006403
0005762
0002386
0001280
0001920
0001804
0001746
0003725
0005937
0004831
0001920
0000931
0000873
-001281
-003959
-004366
-003144
-002329
-002096
-001921
-002329
-004192
-006054
-005123
-002678
-001514
-002096
-004425
-006753
-006345
-003319
0001164
0004715
0003900
0001222
0002735
0005413
0002561
-002504
-002504
0001106
0003434
0004191
0004074
0003376
0002386
0001979
0003434
0005530
0006461
0005646
0002968
-000175
-001747
-001223
0000989
0002968
0001513
-001572
-002038
-000466
0000698
0001164
0001047
0000640
0000582
0000465
-000874
-002329
-002038
-000699
-000408
-000874
-001107
-001165
-001572
-001863
-001572
-000874
0000000
0000349
-000874
-002329
-001572
0000698
0003026
0004074
0002328
-000117
0000582
0003667
0006810
0008207
0005879
0001629
-000874
-000699
0002444
0005821
0004482
0000232
-001689
-001689
-002154
-002213
-000233
0002270
0002503
0001455
0001920
0002677
0000756
-002096
-002329
-001048
-000874
