0000407
0000116
0000582
0001688
0002561
0001629
-000292
-001398
-001514
-000990
0000000
0001164
0001920
0001397
0000291
0000523
0001222
0000465
-001398
-003551
-004774
-003435
-000990
-000699
-001572
-000699
0000873
0000640
0000000
0001629
0004598
0006636
0007276
0006868
0005821
0004947
0004249
0003143
0002386
0002968
0004482
0006519
0007509
0005413
0002270
0002328
0003492
0000465
-003842
-003610
-000233
0002212
0003026
0002386
0000989
0000465
0001338
0004598
0007043
0003143
-003202
-004017
-001107
-000524
-001747
-002911
-003260
-001980
-000059
-000059
-001281
-001398
-001572
-004075
-007160
-007684
-005647
-002271
0001164
0002561
0002910
0005413
0007683
0004889
0000523
0001920
0006519
0008091
0006927
0005122
0004074
0005530
0007974
0007916
0005879
0003609
0002852
0005704
0009721
0009663
0006868
0005238
0004365
0001804
-000815
-000699
0000523
-000757
-002795
-001398
0000931
-001107
-004774
-003726
-000292
-000175
-002562
-004425
-005298
-005007
-004308
-005007
-006229
-006229
-005414
-005414
-005181
-002736
0000000
-000641
-002736
-001689
0000989
0001746
0001338
0001979
0003026
0002910
0002270
0002386
0002910
0002910
0002794
0003609
0004424
0003376
0001397
0000523
0000582
0000174
0000000
0001862
0004016
0003376
0000814
-001281
-002387
-002795
-002562
-002795
-002562
0000058
0003376
0004947
0004191
0001397
-001689
-002154
-001048
-002038
-003610
-002853
-000408
0001920
0002968
0000989
-001456
0000873
0004540
0001164
-004192
-000408
0007334
0006577
0001746
0004132
0009371
0006985
0000931
0000931
0004016
0002386
-001281
-000233
0003026
0002910
0000640
-000408
0000232
0002852
0005238
0003958
0000640
-000815
-000175
0002095
0003841
0001338
-002678
-002271
0000989
0002677
0002328
0000116
-002038
-000408
0002270
-000408
-004890
-003319
0001862
0004598
0004307
0002153
-000641
-002096
-001689
0000174
0002444
0003376
0003085
0002852
0002444
0001164
-000466
-001747
-002271
-002213
-001339
0000698
0002212
0000174
-003144
-002969
-000932
-001572
-003202
-002096
0000407
0000873
0000291
0002037
0003841
0001222
-003319
-004541
-002969
-001398
-000292
0000523
0000523
-000990
-002504
-001630
0000582
0001804
0001629
-000233
-001921
-000233
0003434
0005821
0006519
0006053
0005297
0006228
0007451
0005821
0003434
0004831
0007625
0006112
0002328
0001280
0002153
0002270
0001571
0000640
-000233
-000583
-000583
-000583
-000524
0000291
0000931
-000117
-001456
-000117
0002503
0003783
0002561
-002213
-007219
-006462
-002213
-000524
-001048
-001048
-000815
-000815
-001398
-002911
-004541
-004890
-004133
-003726
-003144
-000990
0001338
0001629
0000582
0000523
0001280
0001862
0002328
0003318
0003900
0002619
0000814
0000814
0002503
0005064
0007276
0007567
0006286
0004598
0003085
0002444
0002153
0000698
-000815
-000524
0001164
0002735
0003492
0002735
0000989
-000524
-001514
-002213
-002562
-002562
-002213
-001456
-000874
-001398
-002678
-004250
-005239
-004541
-003435
-004774
-007102
-007626
-006287
-003959
-001863
-002445
-003784
-001514
0001804
0000407
-002853
-000757
0003085
0000349
-004948
-004133
0000291
0001862
0001338
0002444
0003900
0002735
0001047
0003143
0006170
0004365
-000233
-002620
-002213
0000291
0003085
0003492
0001513
-001630
-003959
-002853
0000000
0000523
-000815
-001572
-002038
-003086
-004133
-004192
-004133
-006578
-008674
-004948
0000931
0001338
-001398
-001048
0001397
0002735
0003143
0003958
0004307
0002444
0000116
0000814
0002444
0000291
-003144
-002271
0000756
0000873
-001048
-002387
-002853
-002620
-002038
-001980
-002154
-001689
-000932
-000815
-001456
-002795
-003784
-002911
-000874
0001106
0001629
-000757
-004308
-005472
-004483
-003027
-001863
-001630
-002154
-003086
-003027
0000116
0004249
0005238
0004249
0004773
0005530
0003550
0000756
0000698
0003085
0006694
0009197
0007218
0002794
0000873
0001106
0001106
0000989
0001164
0001164
0000349
-000932
-001980
-003027
-004832
-006869
-008325
-008383
-006345
-003377
-001863
-001572
-000990
-001048
-003842
-007102
-007102
-004657
-002853
-002096
-002329
-003027
-003027
-002329
-001339
-000524
0000116
-000350
-003610
-006578
-003959
0001338
0002677
0001397
0002619
0004831
0005122
0003841
0002270
0001513
0003201
0005530
0004656
0002095
0001746
0002794
0002212
0001047
0001979
0002910
-000641
-005123
-003610
0001397
0003609
0002735
0000116
-002387
-001456
0001222
0001571
-000117
-001921
-003377
-004366
-004832
-004948
-005123
-006229
-007335
-006811
-005414
-005123
-005414
-004657
-003319
-001980
-000990
-000350
0000232
0001571
0002677
0001862
0000582
0001920
0004365
0004424
0003143
0003550
0004715
0004365
0002968
0001571
0000640
0000523
0000698
-000699
-001980
0000291
0003841
0004365
0002095
-001398
-003435
0000174
0005762
0005704
0002153
0001804
0003026
0000989
-001921
-000815
0001338
-002678
-008266
-005531
0000756
-000583
-005472
-003260
0001804
-000524
-005763
-003668
0001804
0001280
-002562
-001921
0000582
-001689
-005472
-003784
0001047
0003085
0002910
0003725
0004249
0001979
-000757
0000698
0003609
0001513
-002329
-000583
0003958
0004598
0002619
0002328
0002735
0000931
-001223
-000466
0002037
0003376
0002386
-002096
-006695
-005647
-001281
-000175
-001339
-001223
-000233
0000349
0000640
0000931
0001397
0002503
0003434
0002910
0001164
-001398
-002911
-000757
0003318
0005762
0005879
0003958
0001920
0003201
0006053
0006461
0004831
0002852
0001629
0002503
0004016
0002852
0000465
0000873
0002212
0000232
-003202
-004017
-002329
0000698
0003201
0002561
0000116
-000466
-000233
-002387
-004948
-004250
-001630
-000350
-000350
-000524
-000292
0001804
0003550
0000873
-003842
-005880
-004890
-002387
0000349
0001338
0000931
0000814
0000873
0000058
-000524
0000873
0003085
0003841
0003259
0002503
0002095
0002852
0004307
0005995
0006577
0004016
0000640
0001222
0003783
0003434
0001106
-000524
-001398
-002620
-003319
-001805
-000175
-002329
-005938
-005763
-003144
-002096
-002213
-001572
-001339
-003842
-007044
-007393
-005298
-002853
-001107
-001281
-002562
-002969
-002504
-001630
-000583
0000407
0001222
0001862
0002503
0003900
0004889
0003259
0000989
0002153
0005122
0005937
0004715
0002270
0000523
0002212
0005588
0006636
0005821
0005238
0005355
0006636
0007276
0003667
-001572
-003901
-003086
-000932
0001280
0002095
0001222
-000874
-002911
-002562
-001223
-001863
-003551
-003842
-003202
-003377
-004308
-005472
-006462
-006520
-005531
-002969
-000932
-003668
-007160
-003202
0003900
0004598
0001455
0002503
0005238
0003143
-000408
0002037
0006636
0004074
-000990
0002153
0008207
0005180
-002329
-003202
-000059
-000932
-003260
-001107
0002735
0002270
-000408
0000116
0002619
0003725
0003259
0002386
0000873
-001980
-004075
-002154
0001164
-000059
-003086
-001572
0002328
0003609
0002212
-000233
-002853
-004832
-005647
-005647
-004948
-003784
-002620
-001747
-001223
-000990
-000757
0000000
0000814
0000814
0000174
-000641
-001048
0000058
0001629
0001397
0000465
0001222
0002852
0003201
0002503
0001862
0001047
-000641
-002329
-002329
-001398
-001339
-001747
-001456
-000583
0000349
0001047
0001222
0001338
0001979
0002968
0004191
0004365
0001629
-001805
-001863
-000117
-001281
-003435
-002445
0000349
0001571
0001164
0000000
-001281
-001805
-001456
-000350
0000931
0001688
0001746
0001397
0000873
0000582
0000407
0000000
-000466
-000874
-000990
-000233
0000407
-001107
-003202
-002620
-000466
0000465
0000349
0000349
0000291
-000292
-001223
-002678
-003319
-001107
0001746
0000873
-002213
-003435
-003086
-003435
-003610
-001921
0000523
0001746
0001746
0001629
0001047
-000699
-002853
-004716
-004890
-001281
0002852
0001746
-001980
-002271
0000698
0005064
0008033
0005588
0000814
0000582
0003143
0003376
0001804
0000000
-000117
0004540
0010128
0009837
0004947
0000465
-002271
-002620
-001398
-000757
-001107
-002445
-003842
-003493
-002504
-003726
-005763
-005531
-004192
-004425
-005705
-006229
-006229
-006345
-006171
-004890
-003610
-004133
-005822
-007335
-007219
-003668
0000931
0001920
0000407
-000059
0000407
0000523
0000465
0000465
0000291
-001107
-002445
-001863
0000058
0001920
0002794
0001629
0000116
0001862
0004249
0001629
-003027
-002620
0000291
-000874
-003260
-000233
0005006
0005064
0001979
0001455
0001979
-000990
-004250
-001456
0003318
0001397
-004017
-004832
-002678
-002969
-004541
-004425
-003027
-000990
0000465
-000059
-001630
-002329
-002038
-001572
-000932
-000350
0000582
0002794
0004831
0004424
0002037
-000757
-002329
-000583
0002503
0002677
0000814
-000175
0000232
0002037
0003841
0003318
0001164
-000757
-001514
-000350
0001629
0002386
0001513
-000815
-003086
-002504
-000175
0001280
0001338
0000000
-001572
-001048
0000756
0002095
0002037
-000583
-004017
-005065
-004425
-004716
-005531
-005996
-005938
-005181
-003842
-002038
-000815
-001630
-002969
-001398
0001688
0003143
0002968
0002386
0001455
-000641
-001630
0002153
0007101
0006112
0001397
-000874
-001107
-002096
-003202
-003551
-003260
-003260
-002969
-001689
0000116
0001455
0001804
0001047
-000524
-002154
-003435
-004017
-004017
-003551
-003260
-004133
-005531
-005880
-005356
-004657
-003551
-001048
0001222
0000523
-001398
-000699
0001629
0002386
0002153
0002677
0003201
0002212
0000989
0002270
0004540
0004307
0002561
0002095
0002386
0002503
0001862
-000466
-002795
-002154
-000350
-001572
-004366
-005065
-004250
-004017
-004308
-004774
-005007
-004017
-002504
-001805
-002504
-005589
-008441
-006578
-002445
-001572
-002969
-003551
-002911
-000699
0001280
0000174
-002329
-001980
-000466
-002096
-004192
-001107
0004074
0004482
0002386
0004365
0007625
0005646
0001629
0002619
0006286
0007334
0005530
0001862
-001107
0000814
0004307
0002386
-002620
-004425
-003610
-003260
-002911
-001398
0000465
0001513
0001513
0000989
-000408
-003784
-006986
-006753
-004192
-002969
-002271
0001106
0003376
-002504
-010828
-010013
-004133
-004075
-007044
-004948
-000583
-000583
-002678
-000815
0002212
0000058
-003842
-002271
0002619
0005122
0005471
0005995
0005937
0003841
0001513
0002503
0004365
0001397
-003260
-002736
0000640
0000873
-001223
-003027
-004133
-004483
-004017
-003027
-002096
-001863
-002504
-004250
-005531
-003842
-000815
-000292
-001339
-000815
-000233
-002911
-006520
-006462
-004250
-004133
-005239
-005356
-004192
-001514
0001397
0002619
0001979
0000174
-001921
-003260
-003493
-002853
-001223
0002037
0004656
0003085
-000408
-001107
0000931
0004540
0007334
0005588
0001338
-000408
-000233
-001339
-002562
-001863
0000232
0002444
0004191
0004831
0004656
0004889
0004773
0003376
0000989
-001747
-003551
-003027
-001223
-000699
-001048
-000757
-000292
-001048
-001980
-000990
0000640
0000000
-002096
-004017
-004366
-001689
0001979
0002503
0000989
0000931
0001804
0001746
0001164
0001047
0001106
0000756
0000407
0001047
0002270
0003318
0003783
0003434
0002037
-000641
-003260
-003959
-002911
-001339
-000233
-000815
-002154
-002096
-001281
-001398
-001805
-000524
0000931
-000292
-002620
-002387
-000932
-001514
-003319
-004308
-004075
-002387
-000350
0000465
0000116
-000524
-000990
-000641
0000116
0000291
-000059
-000699
-001165
-000932
0000174
0001979
0003376
0002735
0000931
-000350
-000350
0001338
0003609
0004365
0003609
0002561
0001047
-001456
-003551
-002969
-000932
-000233
-000350
0000582
0001804
0001862
0001222
0000756
0001106
0002968
0004773
0003783
0000640
-002853
-005065
-004075
-001630
-001689
-003027
-002213
-000524
-000699
-001456
0000698
0003376
0001397
-002504
-002038
0001047
0001571
0001280
0004598
0008207
0005704
0000873
0001979
0006286
0006286
0004016
0004831
0006927
0006228
0004016
0003667
0004307
0003550
0002153
0001513
0001746
0002444
0003085
0002444
0001804
0003725
0006170
0005006
0001571
-001048
-002271
-002096
-001398
-001863
-003435
-005472
-007277
-008034
-007743
-007277
-006287
-003144
-000466
-002911
-007102
-005880
-001689
-000990
-002562
-002620
-001107
0001164
0003318
0004132
0003783
0003667
0003900
0004074
0004540
0005995
0007451
0007218
0005704
0004307
0003259
0002561
0002037
0000814
-000059
0000814
0002561
0003434
0002852
0000407
-002038
-001572
0001164
0003841
0005471
0005297
0003434
0000873
-001572
-002795
-003202
-004425
-005007
-002096
0001804
0002037
0000058
-000292
0000814
0002270
0003143
0002153
0000523
0000465
0001804
0003550
0004831
0004831
0003609
0001688
0000058
0000116
0001338
0002270
0002270
0000873
-000932
-001630
-000641
0002503
0005588
0005122
0002677
0002212
0002735
0001338
-000699
-000815
0000232
0000058
-000815
-001048
-000874
-000990
-001689
-003027
-004250
-003959
-002911
-003086
-003435
-001689
0000756
0000698
-000699
-000641
0000465
0001222
0001513
0001804
0001746
0001164
0000232
-000524
-000524
0001164
0003143
0002794
0001047
-000292
-000408
0000873
0002852
0004715
0004482
-000757
-006811
-006229
-001165
0002095
0003085
0003026
0002212
0001455
0000989
0000756
0000989
0001746
0002212
0000989
-001223
-003493
-004308
-002038
0001455
0002503
0001222
-000990
-002736
-002096
-000117
0000407
0000000
0000698
0001804
0001920
0001571
0002037
0003085
0004016
0004307
0003609
0002328
0001397
0001280
0001862
0003434
0007334
0009779
0004482
-003377
-002969
0001979
0001280
-002154
-000524
0002444
-001863
-007568
-001980
0007683
0005588
-002504
-001980
0003259
0002328
-001747
-001107
0001338
-001630
-006171
-004017
0001164
0000814
-003027
-004541
-003784
-002213
-000583
0000116
0000058
0000640
0000989
-000524
-002271
-001281
0001629
0004482
0006053
0005471
0003609
0002270
0002270
0004074
0005762
0003609
0000058
0000407
0003201
0004016
0003434
0003725
0004307
0003783
0002503
0001222
0000058
-000990
-001514
-000699
0000582
0000814
0000116
-000699
-001514
-002387
-003027
-003086
-002795
-002678
-003086
-004716
-006171
-004483
-001689
-002387
-004541
-003086
-000233
-000757
-003260
-003842
-002853
-002038
-000757
0002794
0006053
0004889
0001338
0000523
0001862
0002852
0003318
0003550
0003143
0001338
-000466
0000058
0001862
0001920
0001164
0002153
0003085
0000349
-003435
-002678
0000058
-001281
-004250
-003435
-000292
0000989
0000640
0000407
-000059
-001572
-002736
-001223
0000989
-000175
-002911
-002969
-001339
-000932
-001514
-002038
-002620
-003901
-004541
-002213
0001047
0001280
-000350
-000524
0000349
0000640
0000814
0002095
0003725
0003958
0003492
0004424
0005471
0004191
0001746
0000756
0000349
-002038
-004774
-004890
-002736
0000174
0002386
0001979
0000291
0000756
0002561
0003026
0002735
0003259
0003783
0002561
0000582
-000233
-000292
-000990
-001805
-001398
-000583
-001281
-002678
-003260
-002329
0000698
0003667
0002735
-000292
-001223
0000000
0002270
0004016
0002619
-000059
0000174
0002503
0004424
0004947
0003201
0000465
-000932
-000815
-000175
0000407
0000116
-000932
-001980
-002678
-002795
-002795
-003551
-004657
-005007
-004541
-003435
-002736
-004366
-006520
-005589
-002678
-000350
0000523
-000117
-002096
-005181
-006928
-003493
0001455
0000407
-003086
0000000
0005879
0005821
0002735
0004016
0007043
0005238
0001397
0001280
0003841
0005762
0005995
0003550
0000349
0000232
0001804
0001047
-000524
0000582
0002794
0002444
0000523
-000350
-000292
-000524
-001048
-001747
-002213
-001339
-000583
-003202
-006462
-004948
-001281
-001630
-004716
-006753
-006928
-004716
-002038
-002445
-004716
-005647
-005239
-005065
-004541
-002736
-000757
-000408
-001281
-002154
-002562
-002562
-001689
0000873
0003492
0003900
0002677
0002095
0002270
0003026
0003550
0002095
0000756
0004249
0008906
0007159
0002270
0001979
0004249
0003725
0001164
-000932
-001980
-001689
-000874
-001630
-002678
-001048
0001571
0001862
0000465
-000524
-000874
-000641
-000233
-000641
-001514
-002154
-002329
-002096
-001921
-002678
-004133
-005472
-006811
-009314
-010653
-007393
-001747
0002095
0002735
-000350
-004192
-003260
-000117
-001048
-004192
-004541
-002795
-001456
-000583
0000523
0001047
-000408
-002038
-000466
0002444
0002386
0000640
0000698
0001979
0002386
0002037
0001455
0000698
-000583
-001223
0000931
0003609
0002444
-000815
-001863
-001107
-000466
-000466
-001689
-003377
-003901
-003319
-002387
-001398
-000699
-000932
-002853
-004948
-004716
-002911
-001863
-001747
-002096
-002504
-002271
-001572
-001456
-001165
0000698
0002852
0002968
0001455
0000058
-000757
-000874
-000175
0001280
0002328
0001338
-000583
-001107
-000408
0000174
0000465
0000407
0000291
0000523
0001222
0002386
0003259
0002910
0001106
-002620
-005705
-004133
-000117
0001513
0000407
-002620
-005647
-005123
-003377
-006404
-009896
-005123
0003318
0005879
0003492
0001455
0000407
0000349
0001629
0005122
0007742
0004307
-001048
0000582
0005704
0005471
0002037
0002212
0003492
-000524
-005531
-003260
0002386
0002328
-001630
-003842
-003901
-002853
-001165
0000814
0001513
-001281
-005065
-004483
-001747
-001980
-004366
-005938
-006404
-005938
-004890
-004308
-003901
-002504
-000990
-001107
-001747
0000058
0002386
0001338
-000874
0000582
0003900
0005122
0004540
0003783
0003550
0004424
0006170
0007916
0008615
0006752
0003667
0001862
0001164
-000175
-001107
0000523
0003143
0004016
0003259
0002212
0000989
-000641
-001456
0000523
0003143
0002212
-000815
-002329
-002504
-003260
-003610
-001514
0000756
-001048
-005181
-007626
-007743
-005996
-003610
-002562
-002795
-003377
-003086
-000292
0003085
0003201
0001047
-000815
-001281
0000931
0004132
0005413
0004715
0002968
0001397
0001920
0003667
0004191
0003958
0004715
0005413
0004540
0002677
0001455
0000989
0001338
0001804
0001222
0000349
0000640
0001571
0001629
0001397
0002852
0003609
-000932
-006578
-005763
-001107
0000291
-001223
-002736
-004133
-006171
-007277
-005239
-001863
-000466
-000990
-001805
-002271
-001689
-000641
-000583
-000757
0000814
0002677
0001862
-000641
-002096
-002329
-002096
-001165
0000640
0002328
0002444
0001455
0000698
0000931
0003259
0005821
0005238
0002910
0002212
0002794
0002910
0002503
0001571
0000873
0001688
0003085
0002735
0001047
-000990
-002445
-001980
-000408
0000465
0000989
0002735
0004715
0005530
0005006
0003725
0001804
-001398
-003668
-001805
0001920
0002561
0001222
0001862
0003318
0002561
0000756
0001047
0001455
-002969
-007743
-004250
0003318
0005471
0003143
0000756
-000583
-000117
0001862
0004074
0005006
0002794
-000350
0000582
0002852
0000640
-003610
-004599
-002620
0000407
0002270
-000699
-004890
-002911
0002735
0005238
0004889
0004191
0003201
0001688
0000349
0000174
0000931
0001920
0002619
0002910
0002794
0002735
0002328
0000174
-001805
-000466
0002212
0001804
-000292
-000757
0000756
0004249
0007451
0006810
0003667
0001746
0001571
0003026
0004656
0003841
0001688
0001047
0001629
0002677
0002794
-000466
-004599
-004716
-002271
-001165
-001339
-001339
-001398
-001689
-002853
-006054
-008849
-007102
-002795
-000583
-000932
-002678
-004948
-006462
-006578
-005123
-003319
-003493
-004366
-002911
-000233
0000814
0001106
0003318
0006112
0007392
0006927
0005006
0002968
0003085
0004656
0005821
0006286
0006927
0006519
0003201
-000350
0000873
0004540
0005064
0003318
0002037
0001571
0001455
0001513
0000640
-000292
0000291
0001338
0000582
-001165
-001921
-001921
-002154
-002562
-002969
-003260
-003551
-003319
-001689
-000175
-001747
-004250
-003086
-000350
-001572
-004250
-002620
0000989
0001106
-000757
-000641
0000931
0002270
0002735
0001338
-000175
0001862
0005064
0004656
0001979
0000931
0000989
0000232
-000466
0000523
0002619
0004482
0005413
0005064
0003434
0000756
-001339
-000350
0001746
0000291
-002562
-001514
0000989
-000874
-004250
-002562
0001629
0002444
0000523
-001398
-002853
-003726
-003726
-002504
-001514
-003377
-005705
-003435
0000698
0000698
-001747
-001747
-000350
-000815
-001689
0000116
0002968
0002968
0001455
0001688
0002794
0002270
0000873
-000175
-000233
0001338
0002852
0001338
-001747
-003319
-003027
-001572
-000466
-002445
-005007
-002504
0001222
-002154
-008208
-007044
-002154
-002969
-005938
-002213
0003609
0001513
-004017
-002154
0002503
-001165
-007801
-005531
0001164
0001338
-002096
-000932
0002503
0002328
0000232
0000232
0002037
0004016
0005297
0004656
0002794
0001047
0000407
0001920
0003841
0002619
-000233
-000815
-000233
-001630
-003551
-003027
-001281
-001572
-002969
-003144
-002736
-003610
-004716
-003668
-002096
-003319
-005763
-005822
-004425
-004599
-005531
-004774
-003260
-003377
-003784
-001689
0000814
-000641
-003784
-003377
-000583
0000931
0001338
0001746
0002153
0002619
0003492
0005355
0007218
0007218
0006170
0005879
0006053
0005413
0004307
0003259
0002677
0002619
0003085
0004016
0004831
0005122
0004540
0002735
0000989
0001164
0002503
0002968
0002503
0001629
0000407
-001223
-002911
-004483
-005007
-003668
-001747
-001863
-003551
-005123
-005705
-004657
-002853
-002329
-003086
-004948
-006054
-003435
0000174
-001048
-004483
-004133
-001165
0000349
0000582
0000232
0000407
0003492
0006577
0003900
-000815
0000640
0005355
0005995
0003609
0002386
0001920
0000582
-000757
-000932
-000350
-000524
-000699
0000407
0002095
0002968
0002561
0000873
-001281
-002911
-003202
-001456
0000640
0000116
-001805
-001921
-001165
-002329
-004017
-003202
-001689
-003493
-006345
-005356
-002387
-002096
-003027
-001048
0001804
0001106
-001456
-002038
-001281
-000990
-001165
-001572
-001107
0002328
0006461
0007159
0005122
0003259
0001804
-000233
-001689
-001165
0000756
0002910
0004249
0003667
0002328
0002735
0003958
0003783
0002386
0000523
-000815
-000466
0001164
0003026
0003725
0001571
-001863
-003551
-003842
-005007
-006054
-005181
-003668
-004075
-005181
-003377
-000990
-002795
-006054
-004774
-000641
0002153
0002444
-000292
-003842
-004250
-001747
0001862
0004307
0002677
-001107
-002562
-001805
-000757
0000000
-000233
-001456
-003144
-004366
-003668
-001863
-001048
-000699
0001280
0002794
0000000
-004308
-004425
-001805
-000874
-001398
-001921
-002038
-001339
-000350
-000175
-000990
-003086
-004948
-004250
-001980
-000583
-000408
-001107
-001980
-001689
-000233
0002153
0003783
0001920
-001107
-000757
0002153
0004598
0005646
0004773
0002910
0002270
0002386
0001571
0000523
0000640
0001688
0002968
0003550
0002444
0000116
-002387
-003901
-003027
-001281
-001980
-003668
-003144
-001281
-000524
-000815
-001456
-002213
-002736
-002911
-002736
-002562
-003202
-004192
-004541
-004133
-003144
-001747
-000117
0000814
-000466
-001863
0000640
0004540
0004365
0001979
0002212
0004016
0004074
0003376
0004074
0005355
0005937
0005297
0002794
-000059
-000874
0000174
0001629
0002735
0002153
0001047
0002212
0004074
0003085
0000465
-000815
-000757
-000350
0000058
-000408
-001281
-001572
-001921
-004075
-006695
-007335
-006520
-006345
-005996
-003551
-001398
-003784
-008150
-008790
-006578
-004774
-003959
-004133
-004890
-005181
-004774
-003435
-001747
-000408
0000523
0001280
0002153
0003958
0005297
0004132
0001804
0001106
0002095
0003841
0005471
0005704
0004773
0003492
0002619
0002852
0003783
0004249
0003900
0002794
0001222
-000175
-000932
-000292
0000873
0001106
0000756
0001280
0001688
-000233
-003377
-005938
-006986
-005822
-003726
-002911
-003260
-003901
-003668
-000524
0002561
-000350
-005181
-003493
0001920
0004016
0003143
0001862
0001164
0002968
0004773
0001280
-003784
-002853
0001513
0002444
0000931
0001047
0001455
-001223
-003842
0000232
0005646
0001455
-006345
-004192
0002852
0002328
-002795
-004133
-002271
-000350
0001047
0001688
0001571
0001280
0000873
0000349
0000174
0001280
0002212
-000117
-003202
-002154
0001513
0003958
0004424
0003201
0001164
-000117
-000059
0001397
0002910
0002270
0000291
-000699
-000350
0001455
0003376
0003201
0001920
0002153
0002910
0001804
-000117
-000466
0000349
0000756
0000291
-001630
-004250
-006578
-007393
-005298
-001980
-000583
-000932
-001514
-001514
0000640
0002852
0001047
-002562
-002911
-001223
-001572
-002853
-002213
-000757
-001398
-002329
0000640
0004715
0004482
0001804
0001629
0003259
0004424
0004715
0004307
0003667
0003725
0004191
0004365
0004074
0003259
0002677
0004074
0005995
0005588
0003783
0003085
0002910
0001455
-000350
-000641
-000292
-001339
-002969
-003319
-002504
-001572
-000641
0000698
0001164
-001572
-005007
-004716
-002038
-000583
-000990
-003377
-005880
-005181
-002678
-002038
-002853
-003610
-003842
-002795
-001165
-000292
-000059
0000000
0000465
0002444
0004482
0004482
0002561
-000932
-003610
-002620
0001338
0005879
0008789
0007334
0003725
0003143
0004482
0003958
0002619
0003376
0004773
0003259
0001106
0002910
0006170
0005471
0002677
0002503
0003783
0003259
0001280
-000932
-002562
-002795
-002329
-003144
-004483
-004192
-003319
-004133
-005938
-007160
-007451
-006753
-005181
-002504
-000815
-003144
-007044
-007510
-005123
-002911
-001281
0000000
0000814
0001862
0002619
0002619
0001746
-000233
-001339
0002270
0007159
0006810
0003201
0002037
0002503
0001746
0000116
-001514
-002620
-002620
-002154
-003027
-003668
-001048
0002619
0003318
0001397
-000990
-002853
-003377
-002445
-000292
0001280
-001048
-004832
-005298
-003202
-000874
-000117
-003202
-007160
-006229
-002213
0000058
0000582
0001397
0001979
0001222
0000349
0001688
0004074
0005006
0004540
0003783
0002910
0002095
0001513
0001629
0002095
0002386
0002619
0003085
0003609
0003900
0003667
0002386
0000582
-000757
-001223
-000641
-000059
-001398
-003610
-004366
-003842
-002969
-002096
-001630
-001339
-000641
0000232
0001047
0000931
-001863
-005065
-004657
-002154
-001805
-002620
-001630
0000000
-000292
-001863
-003377
-004017
-003610
-002038
0000116
0002270
0003725
0003900
0002444
0000756
0001746
0003841
0003667
0001804
-000117
-001165
0000058
0001862
0000698
-001747
-001572
-000233
-001281
-003086
-001747
0001047
0000989
-000466
0000640
0001862
-002387
-007975
-006986
-001980
-000059
-000699
-000874
-000990
-002038
-002969
-002038
0000174
0002212
0002503
-001281
-005822
-005123
-001048
0000931
0000814
0000349
0000174
0001920
0003958
0003026
0000756
0001047
0003201
0005064
0005879
0005471
0003900
0001571
-000408
-000408
0000407
-000757
-002271
-001107
0001338
0001513
0000058
-000583
-001107
-003260
-005531
-005356
-003784
-003377
-004075
-004948
-005123
-002911
-000233
-000990
-003668
-004541
-004017
-003784
-003901
-004366
-004483
-003319
-001456
-000350
-000292
-000932
-001514
-000524
0001513
0003550
0005238
0006519
0007334
0008498
0009022
0007159
0004249
0002677
0002852
0004598
0005937
0003434
-000641
-001223
0000523
0000931
0000640
0001688
0002794
0001513
-000466
0000756
0003085
0001920
-001165
-002620
-002969
-004308
-005647
-004832
-003086
-002911
-003668
-003377
-002213
-000350
0000931
-000524
-002969
-002795
-001398
-002969
-005356
-004308
-001514
-001514
-002329
0001106
0004947
0001338
-004948
-003610
0002270
0004424
0003550
0003376
0003492
0002619
0001397
0000814
0001164
0002910
0004831
0004773
0003376
0002677
0002386
0001571
0000873
0001338
0001746
-000466
-003668
-003901
-002795
-004425
-006753
-005531
-002736
-002562
-004483
-006869
-007568
-003668
0001746
0002735
0000174
-002445
-003842
-002620
-000466
-001398
-003610
-002911
-000059
0002852
0004307
0002444
-000757
-001514
-000466
-000757
-001223
0000873
0003318
0001688
-001980
-003027
-002271
-003202
-004250
-001980
0001280
0000873
-001339
-000757
0001222
0000873
-000815
-001281
-000874
-000757
-000874
-000815
-000699
-000641
-000466
0000116
0000873
0001571
0001338
-001339
-003784
-001223
0003550
0004249
0002561
0003143
0005355
0007218
0007567
0005122
0001455
-000524
-000641
-000117
0000523
0000640
0000465
0000523
0001164
0002794
0003900
0001979
-001689
-004541
-005356
-003260
-000175
0000698
-000874
-003668
-006287
-006928
-005763
-003901
-002678
-004017
-006520
-007277
-006287
-004599
-003086
-003027
-004250
-005705
-006753
-007160
-006520
-004774
-002329
0000174
0001920
0002735
0002037
-000408
-002795
-002096
0000873
0003725
0005413
0005064
0003725
0004016
0005006
0004132
0002677
0003201
0004598
0004656
0003667
0002968
0002270
0000873
-000583
-001107
-000874
-000583
-000699
-001747
-003086
-003202
-002678
-003086
-003901
-003551
-003027
-004716
-006578
-004657
-001514
-002387
-005298
-005414
-003435
-001863
-001281
-002154
-003377
-002678
-001281
-001805
-003027
-002154
0000174
0002095
0003085
0003026
0002270
0001455
0000989
0001571
0001920
-000524
-003493
-002213
0001106
0000814
-000757
0002328
0006170
0002270
-004483
-003901
0000814
0000873
-001921
-002154
-000874
-000699
-001514
-002213
-002969
-004774
-006287
-005181
-002736
-001572
-001572
-001398
-001398
-002154
-003027
-002969
-002387
-002329
-003202
-005531
-007451
-005531
-001805
-000932
-001863
-001572
-000466
0000174
0000640
0002095
0002910
0000000
-003610
-001689
0002503
0001513
-001805
-000175
0003900
0004365
0002153
0000640
0000116
-000059
0000291
0001047
0001862
0002153
0001804
0000989
0000174
0000465
0001164
0000931
-000175
-001805
-002911
-001921
0000116
0000756
0000174
-000815
-001747
-002445
-001805
0001979
0005762
0004016
-000699
-002445
-001747
-001863
-001863
0000349
0003434
0005122
0005355
0005471
0005471
0005297
0005064
0005297
0005471
0004773
0003841
0003725
0003725
0002037
-000524
-002271
-002795
-002445
-000990
0002095
0004889
0004424
0001746
-000292
-000990
-000292
0000814
0000465
-000932
-001747
-002271
-003493
-004425
-003202
-001281
-001456
-002678
-002445
-001048
0000232
0001164
0001862
0001862
0000814
-000408
-000408
0000756
0002328
0003841
0005180
0005530
0004307
0002386
0001688
0001862
0001746
0001571
0002095
0002561
0001688
-000117
-001689
-002620
-002853
-002562
-002271
-002271
-002969
-003493
-002271
-000233
0001047
0000698
-001863
-004890
-005472
-003726
-000932
0001047
-000350
-003435
-004133
-003202
-003842
-004657
-002445
0001222
0003550
0003725
0001397
-001107
0000174
0003725
0006053
0006577
0005355
0004132
0006286
0009546
0009139
0006344
0004715
0004249
0003259
0002677
0003783
0005413
0005238
0003434
0001047
-000583
0000989
0003609
0002735
-000233
-001980
-001980
-000292
0001920
0002794
0001629
-002387
-005938
-003319
0001629
-000117
-005298
-005822
-003086
-001514
-001456
-002736
-003959
-002154
0000465
-000990
-003551
-000524
0004540
0004191
0000698
0000116
0001338
0000291
-000815
0002444
0007159
0007392
0004540
0002503
0001979
0002735
0004191
0005238
0005297
0004191
0002444
0001397
0000873
-000583
-001456
0001397
0004947
0003318
-000757
-000932
0001164
0001338
-000117
-001747
-002853
-002504
-001572
-001805
-002853
-003610
-003377
-001572
0000989
0003026
0003725
0002677
0000582
-000874
-001398
-000874
-000059
-000641
-001689
-001165
0000407
0001979
0002794
0002328
0001106
0000058
-000175
0000989
0002444
0001979
0000465
0000174
0001047
0002270
0003143
0002735
0001455
0000174
-000233
0000931
0003143
0005530
0006170
0002735
-002271
-003959
-002678
-001048
0000000
-000408
-001514
-001630
-001107
-000815
-000699
-000408
-000233
-001048
-001689
0000174
0002910
0003259
0002153
0001862
0002735
0004831
0006344
0003900
0000116
0000465
0002910
0002153
-000292
-000233
0001455
0002328
0002037
0000523
-001747
-003959
-004541
-001281
0002852
0002561
-000815
-002736
-002969
-002387
-001165
0000349
0000814
-001572
-004774
-004832
-002445
0000000
0001746
0002328
0001629
-000524
-002445
-001572
0000465
-000466
-002445
-000932
0001862
0001047
-001747
-002678
-001805
-000641
0000582
0001397
0002037
0003143
0004132
0003725
0002794
0003085
0003609
0001804
-000815
-001514
-000524
0000523
0001164
0000931
-000059
-001165
-002329
-004192
-005472
-004366
-001980
-000874
-000874
-000408
0000174
0000640
0000465
-000932
-002969
-004192
-004890
-006637
-007743
-004948
-001339
-003493
-007626
-005298
-000641
-003377
-008790
-006229
0000931
0004249
0004191
0004889
0004831
0000291
-004366
-000932
0005879
0005122
0000582
0002153
0006927
0007334
0005006
0004773
0005530
0004249
0002328
0002910
0004365
0002794
0000000
0000000
0001979
0003725
0004540
0003783
0002328
0002328
0002735
0001047
-001747
-003668
-004366
-004133
-003493
-003610
-003842
-002736
-000874
0000407
0000465
-001339
-003551
-003610
-001921
-000350
0000640
0000582
0000465
0002677
0005530
0005471
0003783
0003725
0004598
0004365
0003318
0002561
0001979
0001047
-000175
-001456
-002271
-001863
-000583
0000582
0001397
0002095
0002270
0001629
0000640
0000000
0000000
0000931
0002095
0002444
0001629
-000059
-002213
-004250
-005472
-005880
-004890
-001747
0000873
-001398
-005938
-006695
-004599
-003319
-002271
0000698
0003376
0001688
-001863
-002213
-000524
-000583
-001572
-001514
-000932
-001572
-002213
-000117
0003026
0003667
0002619
0002037
0002270
0003667
0004540
0001513
-002911
-003726
-002096
-001689
-002038
-001805
-000932
0000174
0001338
0002270
0002444
0001280
-000524
-001398
-001514
-001747
-001921
-001339
-000292
0001106
0001862
0000640
-001572
-002387
-001921
-001281
-000815
-001107
-001863
-002213
-002154
-001863
-001165
0000873
0002212
-000699
-004657
-002911
0001746
0002561
0000465
-001281
-001805
-000466
0001397
0001338
-000583
-003493
-005822
-005181
-003319
-004075
-005880
-004657
-002329
-003493
-005880
-004483
-001572
-002562
-005531
-005996
-004133
-001339
0000814
0000465
-001805
-004425
-005647
-003202
0000582
0000698
-001165
-000233
0001862
0001164
-000641
0000523
0002852
0002037
-000117
0000640
0002503
0001106
-001398
-000233
0002270
0000407
-003144
-002329
0000873
0001164
0000523
0003841
0007800
0005704
0000640
-000233
0001513
0000989
-001223
-003144
-004192
-003842
-002736
-002271
-002853
-004366
-006229
-007568
-008325
-009314
-009780
-008616
-006345
-004075
-002445
-002038
-002504
-002795
-002387
-000408
0001804
0001164
-000292
0001629
0005006
0005297
0003492
0002561
0002270
0001106
-000350
-001339
-001689
-001747
-001514
-001048
-000233
0000989
0001920
0001513
0000232
-000641
-001223
-001921
-002504
-002562
-002038
-001048
-000117
0000174
-000292
-001630
-003202
-003901
-003959
-004192
-004250
-003377
-001863
0000000
0001047
-000117
-002562
-004075
-004657
-005531
-005880
-004716
-002911
-001805
-001514
-001805
-001689
0000523
0003026
0002037
-000757
-001107
0000174
0000174
-000641
-001339
-001456
-000233
0001397
0002153
0001688
0000116
-001339
-000815
0000814
0001338
0000989
0000698
0000698
0001338
0001979
0001222
0000058
0000465
0001455
0000756
-000583
-000175
0001047
0000756
-000524
-001921
-002504
-001339
0000582
0001338
0000640
-001398
-003842
-004890
-005007
-006171
-006986
-004774
-001456
-000932
-001863
-000466
0001920
0002386
0001629
0002095
0002794
0001688
-000292
-001281
-000990
0000174
0001222
0000349
-001514
-002387
-001980
-000233
0001397
0000116
-002504
-003027
-001805
-000350
0000756
0000989
0000232
-001398
-002969
-002853
-002096
-002911
-004890
-006753
-007917
-007801
-006287
-003144
-000292
-000641
-002271
-000699
0002037
0001513
-000699
-000408
0001920
0004365
0006053
0006170
0005122
0004191
0003667
0003550
0003667
0003143
0002270
0001513
0000931
0000640
0000349
-000175
-000990
-001747
-002504
-003901
-005181
-005298
-004483
-003610
-003260
-004308
-005531
-004541
-002154
0000349
0001164
-001980
-006113
-005472
-001980
-001048
-001805
-000990
0000291
-000466
-001805
-000815
0001397
0002153
0001804
0001571
0001979
0003783
0005937
0006403
0005821
0005937
0006461
0006228
0005471
0005006
0004656
0003725
0002852
0003026
0003434
0002270
0000814
0001397
0003201
0003725
0003609
0004715
0005821
0005006
0002619
0000000
-001921
-001921
-001107
-001921
-003610
-003842
-003551
-004541
-006054
-006520
-006345
-007393
-008499
-007626
-005938
-006345
-007102
-004308
0000174
0002968
0003259
0001804
-000524
-002387
-002096
0002270
0007916
0009430
0008033
0008207
0008789
0006810
0004074
0003841
0005238
0005646
0005064
0004132
0003259
0003259
0003434
0002270
0000582
-000117
0000291
0001164
0001862
0001513
0000523
-000059
0000174
0001571
0002968
0002619
0000989
-000874
-002154
-002445
-002096
-002213
-002969
-004250
-005356
-005414
-004250
-002038
-000175
-000990
-002678
-000990
0001979
0001106
-001572
-001339
0000931
0002794
0003609
0002910
0002153
0004365
0007334
0006403
0003376
0002561
0003085
0002270
0000814
0000232
0000582
0001397
0001688
-000466
-003202
-002969
-000641
0001164
0002095
0002212
0001688
0000873
0000349
0000698
0000989
-001107
-003668
-002562
0000174
-000117
-001921
-001107
0000814
0000000
-002154
-002620
-001689
-000466
0000465
0000582
0000640
0002503
0004482
0003201
0000000
-001921
-002038
-000350
0001397
-000175
-002969
-002504
-000292
-000466
-001980
-001863
-000699
0000407
0000873
0000291
-000350
0000873
0002735
0002444
0000582
-000990
-001805
-001514
-001048
-002387
-004017
-002969
-000641
-000117
-000524
0000873
0002328
0000407
-002678
-001747
0000814
-000815
-003551
-000233
0005588
0005646
0002735
0004016
0006985
0005530
0002037
0002037
0003725
0001513
-001281
0001979
0007334
0006403
0002153
0002677
0005297
0003609
-000233
-000815
0000640
0000000
-001339
-000350
0001397
0000232
-002387
-002911
-002096
-002445
-003551
-004133
-004308
-004250
-003784
-002387
-000990
-001339
-002678
-003086
-002911
-003377
-003551
-001980
0000523
0002212
0002852
0002794
0002328
0001979
0001862
0001571
0001629
0002794
0004191
0003667
0002852
0005646
0009197
0007916
0003783
0001629
0002037
0005238
0007625
0002444
-004832
-002969
0004540
0008498
0008207
0005355
0001746
0000756
0001338
-000175
-002213
-001398
0000116
-002736
-006695
-004832
-000583
-002213
-006695
-006578
-003551
-002096
-002504
-004192
-005705
-004774
-002154
0000058
0001222
0001688
0000989
-001630
-003784
-001514
0002794
0003783
0002444
0002503
0003434
0003958
0003783
0002852
0001804
0002037
0003026
0003376
0003376
0003725
0004132
0004132
0003434
0001455
-000408
0000349
0002153
0001513
-000641
-001689
-002213
-004366
-006171
-004308
-000641
0000582
-000117
-000466
-000699
-001281
-001921
-002213
-002096
-002038
-001689
-000175
0001455
0001338
0000349
0000465
0001397
0002561
0003143
0002095
0000232
-000524
-000408
-000466
-000583
-000641
-000466
0000058
0000465
-000059
-000874
-000175
0000989
0000407
-000757
0000116
0001862
0001629
0000407
0000407
0001222
0001688
0001513
0000523
-001107
-003551
-005181
-003784
-000874
0000756
0000116
-003435
-007102
-006345
-002504
0000232
0000931
-000815
-002620
-000117
0004249
0004831
0002503
0000989
0000582
0000756
0001571
0003026
0003783
0001862
-001048
-001630
-000583
-000233
-000641
-001514
-002271
-001805
-001339
-003144
-006229
-008266
-008674
-007684
-005065
0000116
0003841
-000583
-007568
-005414
0001280
0000873
-003901
-005356
-004366
-004366
-005065
-005298
-005007
-004133
-003144
-003319
-003842
-003086
-001689
-001281
-001630
-001921
-001339
0001746
0005588
0006985
0006228
0004773
0003783
0005413
0007625
0006286
0003376
0003201
0005180
0007043
0007800
0006286
0003609
0002328
0002444
0003085
0003376
0002503
0000640
-001921
-003493
-001630
0000989
-000990
-005181
-005822
-003842
-002969
-002853
-002271
-001689
-002213
-003377
-004541
-005181
-004599
-003726
-004308
-005065
-002853
0000349
0000814
-000408
-000524
0000058
-000524
-001107
0000349
0002386
0002153
0000814
0001513
0003259
0003201
0002386
0003434
0004947
0003900
0001688
0001338
0002386
0002968
0002910
0001979
0001106
0002037
0003841
0004598
0003667
0000640
-002445
-001572
0000756
-000932
-004483
-005298
-003610
-001630
-000408
-001281
-003668
-005589
-006811
-008208
-008383
-004832
-000408
-001107
-004017
-002096
0001862
0001397
-001980
-004366
-004832
-003202
-000524
0001047
0001746
0003026
0004132
0003841
0002677
0002153
0001338
-001921
-005123
-003901
-000175
0001280
0000756
0000000
-000233
0001164
0002852
0002444
0000814
-000059
0000349
0002444
0004307
0002503
-000815
-000466
0001106
-001689
-005996
-005356
-002213
-002271
-004366
-004716
-003784
-003493
-003086
-000641
0001979
0001746
-000233
-001223
-001048
-000175
0000931
0001047
0000756
0001571
0002561
0001746
0000407
0001629
0003201
0000989
-003551
-006986
-007626
-004192
0000698
0001746
0000116
0000116
0001222
0001979
0001513
-001107
-004308
-005181
-003959
-002096
-001223
-004075
-007626
-005472
-000874
-001048
-004133
-004716
-003668
-004716
-005647
-001980
0002503
0000523
-004832
-006520
-004774
-002504
0000174
0003841
0006344
0004482
0000931
0001397
0003900
0002444
0000000
0003201
0008033
0006577
0001571
0000000
0001164
0001804
0001804
0001629
0001455
0001862
0001804
-000990
-004366
-004599
-002678
-002038
-002795
-004657
-006520
-006811
-005705
-004599
-003726
-002736
-002620
-004948
-007277
-005065
-000583
0000873
-000117
-000757
-000932
-000990
-000757
0000058
0000582
-000757
-002038
0000640
0004773
0005180
0003376
0003609
0005180
0005704
0005704
0006927
0008265
0007625
0005762
0004365
0003550
0002794
0002444
0002968
0003085
0000349
-003319
-003901
-002620
-003202
-004192
-002445
0000814
0002910
0002735
-000757
-004948
-004832
-002620
-004192
-007219
-006404
-003377
-002795
-003493
-002038
0000465
0002095
0002153
0000407
-001456
-000408
0002386
0003667
0003667
0003550
0003550
0004191
0004656
0003434
0001688
0001455
0002677
0004715
0006170
0005297
0002852
0001106
0000349
0000465
0000989
0001513
0001106
-001863
-004948
-003610
-000059
0000232
-001107
0000989
0003783
0002037
-002329
-004657
-004366
-002154
0000349
0000000
-001514
0000291
0002794
0000814
-003493
-004948
-003901
-003027
-002038
-000175
0001280
0000291
-001980
-002736
-001805
0000349
0002677
0004074
0003841
0001397
-001514
-002329
-001223
0000291
0001688
0002561
0003376
0006112
0008149
0004598
-000990
-001223
0001804
0002270
0000873
0000058
0000058
0000814
0001513
0000523
-000990
-000990
-000233
-000932
-002271
-002911
-002620
-001281
0000000
-000757
-002038
-000641
0001280
-001048
-005181
-006113
-003842
0000407
0003667
0000873
-003901
-001630
0004307
0005937
0004482
0004947
0006053
0004831
0002910
0004191
0006112
0003085
-001689
-000641
0002910
0000873
-003202
-001107
0003725
0003550
0000058
-001805
-001921
-001456
-000874
-001165
-001747
-001165
-000350
-000932
-002445
-004075
-004541
-002271
0000407
-001339
-004541
-002678
0001804
0003259
0001979
-000117
-001689
-000990
0001164
0002386
0002503
0001920
0001280
0001979
0003026
0002153
0000989
0002735
0005704
0006636
0005471
0003201
0000931
0000407
0001280
0002037
0002503
0002852
0002677
0001571
0000000
-001107
-001339
-000175
0001513
0001746
0000873
-000350
-001281
-001107
-000699
-001747
-003668
-005007
-005531
-005705
-005123
-003319
-001281
-000350
-000815
-002271
-003726
-003260
-001630
-000583
0000058
0001164
0002386
0003492
0003841
0002910
0001862
0002852
0005064
0006636
0007043
0005995
0004191
0002677
0002037
0002328
0003376
0004773
0005879
0005762
0004715
0003841
0003143
0002037
0001222
0001629
0002503
0002037
0000523
-000932
-002154
-003260
-003551
-002445
-000350
0002095
0003434
0001571
-001805
-002853
-002736
-005472
-008325
-006054
-001223
0000756
0000174
-000350
-000583
-000059
0000640
-000233
-001281
0000407
0003318
0003958
0003259
0004016
0005122
0004132
0002386
0002852
0004249
0003609
0001862
0001629
0001979
0000291
-001921
-001630
-000292
-001514
-003551
-002736
-000059
0001920
0002794
0002735
0002153
0002037
0001746
-000466
-003435
-005181
-005414
-004890
-003784
-002154
-000990
-001572
-003144
-004017
-004133
-004075
-003377
-000932
0001629
0001571
-000059
-000408
0000523
0001920
0003259
0003841
0003201
0000756
-001572
-000350
0002153
0000407
-003086
-002271
0000756
0000698
-000932
0000174
0002037
0000523
-002329
-001456
0000640
-001805
-005414
-002562
0002735
0001222
-003144
-000233
0005006
0001455
-005589
-004192
0001338
0000349
-003784
-002213
0001920
0001222
-001980
-001572
0000698
0000116
-001514
-000233
0002561
0003958
0003492
0001688
-000117
0000698
0002444
0001106
-001514
-001398
0000582
0001804
0002095
0001920
0001455
0001047
0000873
0001280
0001513
-000117
-002387
-002504
-001398
-001281
-002271
-004017
-005531
-005472
-004366
-003260
-002795
-004017
-005065
-002445
0001338
0001280
-001165
-001805
-001048
-000641
-000815
-002271
-003668
-002736
-000699
-000292
-000757
0000523
0002386
0002968
0002328
0001164
0000582
0002212
0005006
0006927
0007334
0006403
0005006
0004947
0005355
0003667
0001397
0001397
0002968
0004132
0003609
0000291
-004133
-006695
-006578
-003668
-000292
-000059
-002154
-003610
-003842
-002445
-000990
-002795
-005705
-004948
-002620
-003726
-006345
-005647
-003377
-003435
-005181
-006637
-006869
-005239
-002678
-001514
-001107
0000640
0002910
0004656
0005238
0004074
0002153
0001106
0001047
0001164
0001571
0002677
0003725
0003841
0003201
0002444
0001979
0002095
0002212
0001047
-000408
0000116
0001629
0001397
0000582
0002153
0004074
0002386
-001456
-004308
-005356
-004832
-003377
-002620
-002911
-004133
-005647
-006345
-005938
-004483
-002678
-001514
-001165
-001165
-001339
-001456
-001107
0000058
0001688
0002968
0003609
0003667
0003259
0002968
0002503
0001047
-000583
-001339
-001107
-000466
0000174
0000291
0000058
-000233
-000350
-000350
-000175
0000232
0000465
0000291
-000466
-001980
-003319
-003144
-001980
-001572
-001281
0000989
0002735
-000524
-005472
-004832
-001630
-003784
-007451
-003551
0002386
-001398
-009372
-008383
-002969
-004541
-009372
-008034
-003260
-001921
-002853
-002154
-000641
-000757
-001456
-000233
0001222
-001165
-004308
-001747
0003026
0002794
-000583
-001572
-000408
0001280
0002444
0000814
-001398
0000232
0003434
0002852
-000175
-001921
-002154
-001456
-000175
0000873
0001222
0000756
-000117
-000699
-000815
-000466
-000233
-001514
-002620
0000291
0003783
0000931
-004890
-006345
-004075
-001339
0000989
0002386
0002794
0003026
0003259
0004016
0004249
0001862
-001339
-001921
-000641
-000641
-000233
0004365
0009430
0008557
0003492
-000524
-002620
-003027
-002504
-003027
-003842
-003610
-002271
0000000
0001804
0001338
-000641
-002329
-002969
-002096
-000524
0000582
0000116
-003551
-007277
-005356
-000699
-000350
-002329
-000932
0001746
0000989
-001514
-001747
-000641
-000583
-001572
-003551
-004599
-001572
0002794
0002852
0000058
-001572
-001456
0000291
0002444
0003259
0002444
0000523
-000932
0000814
0003841
0004074
0001513
-002853
-006345
-004890
-001107
-001223
-003726
-004075
-003144
-003668
-004599
-003901
-002096
-000524
0000232
-000408
-001980
-003435
-004366
-004657
-004657
-005123
-005880
-006113
-006054
-005996
-006113
-006986
-007510
-005705
-002678
-000757
0000174
0001979
0003259
0001746
-000874
-001281
-000233
-000292
-000815
0000465
0002153
0001513
0000174
0001513
0003783
0003026
0000291
-001689
-002271
-001107
0000349
-000932
-003027
-001689
0000756
-000408
-003377
-003551
-001863
-000874
-001107
-002853
-004716
-004308
-002213
-000117
0000582
-001747
-005123
-005239
-003202
-001921
-001980
-003551
-005472
-005472
-003901
-001921
-000292
0000232
0000232
0001862
0003667
0003026
0000873
-000408
-000583
-000059
0000698
0000814
0000582
0000873
0001804
0003492
0005006
0004598
0003201
0003318
0003550
0000756
-003260
-004774
-003842
-002096
-000350
0000407
0000000
-000932
-001689
-001165
0000058
0000931
0000640
-001747
-004250
-002736
0000582
0000873
-000815
-001456
-001048
-000524
-000059
0000291
0000465
0000174
0000000
0001047
0002677
0003725
0003492
0001164
-001339
-000583
0002328
0004307
0005180
0006461
0006344
0001629
-004425
-006054
-004541
-004716
-005938
-005705
-004541
-003260
-002795
-004250
-006637
-007975
-007917
-006753
-005298
-005298
-005705
-004017
-001514
-001223
-002096
-001514
-000233
0000058
-000466
-001165
-001805
-002271
-002271
-001980
-000874
0001920
0005064
0006752
0006577
0005180
0003259
0001513
0001280
0003958
0007159
0006461
0003143
0001397
0000698
-001456
-002853
0000873
0005530
0002619
-003726
-003959
-000874
-001921
-004890
-004192
-001339
-000292
-000815
-001514
-001689
-000233
0001513
0000873
-000932
-000757
-000059
-002504
-006113
-007102
-005239
-001339
0002153
0001629
-001281
-002387
-001398
0001338
0003958
0003376
0001338
0001920
0004191
0005704
0005530
0002735
-000757
-001339
0000523
0002561
0004132
0005064
0005238
0005588
0005413
0003201
0000698
0000931
0002503
0001979
0000058
-001398
-001514
0000756
0003143
0001397
-002387
-003202
-002096
-002795
-004366
-004890
-004657
-004483
-004308
-003901
-003493
-003610
-004133
-004541
-004657
-004133
-003551
-004483
-005123
-002445
0001920
0004365
0004365
0002444
0000000
-000641
0000291
0000698
0001455
0004307
0007509
0008440
0006927
0003434
0000116
0000174
0002153
0001746
-000175
-000874
-000524
0000116
0001280
0003725
0005704
0004365
0001280
0000349
0000640
-000757
-002678
-002678
-001398
-000641
-000059
0001629
0003201
0002852
0001397
0001280
0001455
-000874
-003842
-003901
-001863
-000641
0000000
0001629
0003259
0003376
0002503
0002037
0001804
0000873
0000116
0001455
0003143
0001862
-000990
-001630
-000641
-000408
-000292
0001047
0002561
0002328
0001164
0001397
0002561
0003492
0003783
0002910
0001746
0002037
0002852
0002095
0000174
-001980
-002911
-000641
0002852
0003841
0001862
-002271
-006229
-006287
-003319
-000583
0001280
0002561
0002212
-001165
