-003086
0000058
0003609
0002794
-000408
-001048
0000174
0000174
-000350
0000291
0000931
-000932
-002969
-000815
0003376
0004773
0003259
-000233
-003144
-001572
0002095
0001979
-000175
0000698
0002444
-000233
-003784
-000990
0004249
0003201
-001456
-002853
-001339
0000523
0001979
0002386
0002095
0002328
0002386
0000407
-002213
-003086
-002329
-000932
0000291
0000232
-000699
-001514
-001863
-001514
-000990
-001281
-001630
-000175
0001164
-001863
-005822
-003959
0000989
0002444
0001222
0000232
0000523
0003900
0007334
0005064
-000059
-001572
-000292
0000058
0000291
0002328
0004598
0004424
0002619
0001280
0001164
0003085
0005122
0003667
0000640
0000291
0001862
0002910
0002794
0001222
-000583
-000408
0000756
0000349
-001107
-002387
-003027
-002853
-002387
-002329
-002736
-003260
-003435
-002795
-001398
0000523
0001979
0001280
-000233
0000349
0002037
0002503
0002095
0002212
0002677
0002968
0002910
0002095
0001688
0003667
0006286
0006344
0004016
0000873
-001398
-000059
0002561
0001397
-001572
-001572
0000640
0002328
0003550
0005238
0006519
0006170
0004598
0003026
0001746
0000465
-000292
0000407
0001571
0001455
0000523
0000582
0000814
-000583
-002213
-001572
0000349
0001338
0001338
0001047
0000756
0000931
0001338
0000814
0000465
0002735
0004889
0001804
-003377
-003668
-000815
0000349
-000757
-003726
-006811
-006986
-005356
-005181
-005472
-003144
-000292
-000990
-003435
-003319
-001165
0001222
0003026
0003376
0002794
0003318
0003900
0002153
-000408
-000990
-000059
0000814
0000814
-000699
-003027
-004541
-005007
-004948
-004425
-003784
-003260
-003144
-002969
-001747
-000408
-000524
-001514
-001689
-000641
0002153
0005122
0005937
0005006
0004249
0003318
0000640
-001805
-000292
0002444
0000465
-004017
-005763
-005007
-003668
-002562
-002911
-003726
-002562
-000524
-000233
-000524
0001804
0004424
0003026
-000059
0000349
0002503
0001920
-000350
-000874
-000408
-001281
-002504
-001863
-000350
0000174
-000233
-000815
-001281
-001514
-001223
-000292
0000931
0001862
0002270
0002095
0001688
0002095
0002735
0002095
0001455
0003318
0005762
0005006
0002503
0001455
0002037
0004132
0005238
0000814
-005065
-004541
-000059
0001513
0000698
0000582
0000931
0001106
0000698
-000699
-002271
-002736
-001980
-000641
0000873
0002619
0003201
0000349
-003377
-003202
-000408
0001455
0001513
-000641
-003202
-002795
-000408
0001338
0001688
0000174
-001630
-001107
0001047
0002328
0002735
0002852
0002677
0002212
0002212
0003667
0005937
0007858
0008440
0006985
0004482
0003201
0002852
0002095
0000931
-000524
-001805
-002387
-002096
-000699
0000640
0000058
-001689
-002736
-002678
-001805
-000699
-000874
-001689
-001339
-001107
-003493
-006171
-004657
-000757
0000698
0000873
0003667
0005995
0002270
-003842
-004250
-001281
-002271
-004774
-003202
0000407
0000989
-000408
-000990
-000059
0003318
0006985
0007218
0005064
0003667
0002968
0001804
0000698
-000117
-000408
-000175
0000000
-000583
-001747
-003377
-004483
-003377
-001398
-000757
-002154
-005938
-009547
-008266
-004541
-004541
-006113
-003901
-000059
0000582
-000699
-000233
0001164
0001164
-000117
-002096
-003959
-004366
-003901
-004483
-005181
-004075
-001747
0000814
0002619
0002735
0001513
0000291
-000699
-001339
-001689
-001805
-002096
-003086
-003959
-003144
-001456
-000350
-000175
-001107
-002038
-000932
0001280
0002561
0002503
0001222
-000815
-002969
-004250
-003784
-001747
0001164
0003492
0003201
0001164
-000233
-001107
-002329
-003668
-005065
-005647
-004075
-001805
-001747
-002795
-002387
-000990
0000232
0000756
0000465
-000524
-001805
-002911
-003668
-003435
-001747
0000582
0002095
0002619
0002794
0002153
-000059
-002387
-002620
-000932
0001920
0003609
0000232
-005007
-005472
-002504
-000408
-000059
-001980
-004075
-002038
0001338
-000175
-004192
-005123
-003610
-002504
-001747
-000292
0000931
0000698
-000583
-001805
-002387
-001572
0000058
0001397
0001920
0001280
0000291
0001106
0002153
0000000
-003027
-002096
0001106
0002561
0002212
0001571
0000756
-000117
-000583
0000291
0001571
0001629
0000989
0000873
0001455
0003026
0004016
0001629
-002329
-004308
-003901
-001456
0001164
0000698
-001456
-001921
-001107
-000757
-001107
-002853
-004425
-002736
0000000
-000874
-003435
-003086
-000815
0000349
-000117
-002911
-005647
-004017
-000466
-000641
-003202
-004657
-004483
-003144
-000815
0002444
0004889
0003900
0001455
0001629
0004074
0006985
0009255
0009604
0007974
0004773
0001979
0002735
0005006
0003900
0000465
-002504
-003784
-002387
0000116
0000349
-000641
0000349
0002095
0001920
0000232
-001339
-002678
-004599
-005472
-002911
0000756
0000814
-001456
-002096
-002213
-004832
-007801
-007451
-004657
-001980
-001048
-004017
-007743
-006520
-001980
0001280
0002444
0001862
-000175
-002795
-003901
-000350
0004482
0004132
0000291
-002445
-003202
-002213
-000583
-000524
-001107
0000465
0002503
0001397
-001107
-001223
0000523
0002212
0003201
0003085
0002095
0000814
-000350
-000990
-000990
-000175
0000582
-000059
-001281
-001107
-000233
0000058
-000699
-002795
-004948
-004774
-003086
-002387
-001980
0000640
0003259
0002095
-001048
-001630
-000466
-000408
-001048
-001514
-001514
-000466
0000756
0000349
-000583
0000698
0002619
0002037
0000291
0000756
0002444
0002968
0002270
0001047
-000233
-000990
-000815
0000582
0002095
0002270
0001164
-000350
-001747
-002795
-003027
-002271
-000524
0002503
0004598
0002503
-001223
-001107
0001513
0002328
0002153
0003492
0004540
0001920
-002445
-004948
-004774
-001921
0001629
0002503
0001688
0002968
0004540
0002677
-000233
0000523
0003143
0002968
0001106
0000582
0001222
0001862
0002561
0003725
0004831
0005122
0004598
0003841
0003143
0003085
0003026
0001571
-000292
-000233
0000640
-000408
-002329
-002213
-001339
-002678
-004716
-004483
-002387
0000174
0001862
0000989
-001339
-002853
-003202
-002562
-001689
-002154
-003319
-003668
-002911
-000990
0000931
0000582
-000757
0000000
0002095
0003667
0004365
0004540
0004191
0003259
0002095
0000931
0000407
0001047
0001862
0000756
-000932
-000524
0000756
-000175
-002038
-001980
-000699
-000524
-000466
0002153
0004947
0003085
-000641
-000524
0002095
0003201
0002270
-000874
-004250
-004657
-003260
-003260
-003784
-002504
-000350
0001164
0001280
-000466
-002911
-004075
-003901
-002911
-001980
-002736
-003668
-001514
0001746
0002037
0000407
0000116
0000698
0000640
0000000
-001048
-001514
-000117
0002095
0003201
0002503
-000233
-003319
-003668
-002096
-001223
-001281
-002154
-003377
-004308
-004075
-001281
0002095
0002561
0000756
-001048
-002154
-002038
-001456
-002096
-003027
-002445
-000932
0000058
0000523
0000931
0001106
0000640
0000116
0000931
0001804
0000058
-002387
-001398
0001746
0003841
0004365
0003201
0001629
0002037
0003492
0003143
0002095
0002852
0004365
0004482
0003085
0000465
-001339
0000989
0005122
0006170
0004307
0001338
-001223
-000990
0000582
-000699
-003086
-003144
-001339
0000116
0001106
0002037
0002270
0000931
-000990
-001921
-001630
-000524
0000814
0001338
0000989
0000058
-000815
-000466
0000232
-000583
-002096
-002562
-001863
-000059
0001746
0002153
0001513
0001338
0001746
0002503
0003085
0002503
0001338
0001047
0000814
-001514
-003726
-002038
0001629
0002794
0002153
0002328
0002794
0001979
0000640
0000523
0000814
-000059
-001456
-001689
-001456
-002387
-003784
-004192
-003319
-000815
0001629
0001397
-000466
-001165
-000815
-000292
-000117
-001048
-002329
-002329
-001514
-001223
-000932
0001106
0002910
0000640
-003144
-002853
0000000
0001397
0001222
0000232
-000583
0000640
0002153
0000058
-002853
-000815
0003434
0003492
0000814
-000408
-000466
-000932
-001747
-003027
-004017
-003202
-001980
-002911
-004716
-004599
-003027
-001514
-000583
-000699
-001339
-001165
-000990
-002620
-004716
-004657
-002562
0000582
0003259
0003318
0001862
0002328
0003376
0001688
-000641
0000989
0003667
0000989
-003842
-003377
-000059
-000524
-002620
-001165
0002095
0003609
0002619
-001048
-004366
-002154
0002677
0003667
0001571
-000059
-000990
-001281
-001456
-002853
-004250
-003086
-001165
-002213
-004366
-002969
0000058
0000349
-001223
-001805
-001514
-000932
-000466
-000350
-000932
-002620
-004250
-003668
-002154
-002911
-004483
-003435
-001107
-001107
-001456
0002095
0006868
0007683
0005238
0002561
0000640
-000117
0000640
0002677
0004482
0003667
0001397
0000698
0001455
0002444
0003026
0002910
0001571
-001805
-004425
-001398
0003667
0003259
-000757
-002620
-002387
-001572
-001165
-003202
-005298
-002620
0001746
0001164
-001980
-001107
0001222
-001165
-005298
-004599
-001223
-000990
-002504
-001921
-000466
-000583
-002096
-004425
-005705
-003086
0001338
0002910
0002270
0002561
0003085
0002328
0001047
0000989
0001513
0000931
-000350
-001572
-002096
-000815
0000465
-001572
-004774
-004657
-002387
-001514
-001805
-002329
-002271
-000524
0001746
0001920
0000698
-000059
-000175
-000175
-000175
-000350
-001048
-003086
-004832
-003377
-000466
0000232
-001223
-003610
-005647
-005880
-004308
-001863
0000174
0000291
-000583
0000000
0001513
0002212
0001688
-000466
-002911
-003784
-003027
-001281
0000000
-001281
-003435
-002504
-000233
-000292
-002271
-004541
-005938
-004832
-002620
-002154
-003493
-005938
-007801
-006928
-004133
-002154
-001339
-001398
-002038
-002213
-001980
-001456
-000990
-001165
-001805
-002096
-002795
-005880
-008499
-005647
-000408
0000291
-001863
-001572
-000175
-001514
-003144
0000116
0005006
0004831
0001688
0001746
0003318
0001804
-000583
0000989
0004016
0003143
-000175
-001921
-002213
-002387
-001980
-000292
0001979
0003667
0003958
0001804
-001398
-003086
-003377
-003726
-003842
-003260
-002678
-003027
-004133
-005123
-005298
-003668
-001398
-000932
-001514
-000583
0000931
0001280
0000698
0000523
0000291
-001339
-002911
-001921
0000698
0002968
0004249
0004656
0004424
0004947
0004482
-000466
-006287
-006462
-002445
0000873
0002270
0000640
-001805
-000175
0002677
0000523
-003668
-003144
0000058
0000232
-001339
-000641
0001222
0001571
0000582
-001165
-002504
-001921
-000350
0000000
-000699
-000815
-000757
-001805
-002562
0000000
0003376
0002968
0000232
-000757
-000641
-002038
-003901
-005007
-004133
0000349
0005122
0004656
0001397
0001571
0004132
0005180
0004947
0004656
0004307
0003958
0003434
0001804
0000349
0000931
0002270
0001397
-000641
-001165
-000524
-000292
-000175
0001047
0002095
0000756
-001747
-002445
-002038
-002969
-003610
-000292
0003201
-000059
-006113
-006404
-002504
-000350
0000465
0002270
0003900
0003667
0002095
0001047
0000291
-001223
-002736
-003144
-002504
-001514
-000757
-001339
-002620
-003377
-002853
0000232
0003201
0001455
-002620
-003551
-001980
-000524
-000408
-003260
-006404
-004716
-000583
0000291
-001456
-003319
-004250
-002736
-000292
-000292
-001630
-001281
0000349
0002619
0003609
0000116
-004832
-005239
-002736
-002387
-002969
-000990
0001571
0000698
-001630
-000990
0001164
0001397
-000059
-002038
-003144
-001630
0001106
0001688
0000814
0000756
0001455
0002910
0003609
0000989
-002562
-002096
0000814
0002095
0001979
0002444
0002619
0000407
-002096
-001223
0001513
0001920
0001106
0002328
0003434
0000174
-004425
-004192
-001398
-002096
-004599
-004716
-002853
-000699
0000523
-000757
-002795
-002038
0000523
0002095
0002270
0001047
-000292
0000873
0002735
0001397
-000757
0001862
0005762
0003900
-000699
-000641
0002270
0002852
0001629
0000698
0000407
0000814
0001455
0000931
-000175
-000815
-000874
-000583
-000175
-000059
0000000
0001164
0002270
0001571
-000233
-001572
-002038
-001689
-000699
0000698
0001571
0000523
-001223
-001398
-000350
0000640
0000931
-000524
-002620
-003319
-002329
0000291
0002735
0001571
-001048
0000000
0002561
0001338
-001281
0000174
0003376
0002794
0000232
0000058
0001629
0003259
0003725
0001280
-001339
0001106
0005879
0006752
0004831
0003841
0004016
0005006
0005937
0005297
0003609
0002735
0002444
0001571
0000640
0000523
0000640
-000874
-002620
-002154
-000757
-001398
-003493
-005531
-006229
-004017
-000233
0002444
0003085
0001513
-001223
-003319
-003901
-002736
-000583
0001047
0001397
-000408
-002795
-002678
-001281
-002038
-003319
-001107
0002153
0001688
-001339
-003377
-003784
-002620
-000466
0001280
0002328
0002910
0002735
0001280
-000350
-000408
0000000
-002096
-004774
-004425
-001456
0002561
0005064
0002619
-001747
-001572
0001164
0000873
-001805
-004541
-006171
-005298
-002853
-001107
-000524
-000874
-001514
-000990
-000233
-001747
-003668
-002504
0000582
0002852
0003841
0003958
0002910
0000407
-002154
-002969
-002038
-000641
0000756
0001920
0002270
0001688
0000291
-001630
-003144
-003493
-001980
0002386
0007043
0007974
0005413
0001571
-001980
-003668
-003377
-002329
-001223
-000932
-001107
-000583
0000232
-000059
-000350
0001688
0004307
0003725
0001397
0001106
0001746
0000523
-001223
-000757
0001164
0002794
0003026
0000814
-002271
-003319
-002213
0000232
0002910
0004365
0004016
0002095
-000524
-002154
-002387
-001514
0000116
0002095
0003026
0000873
-002387
-002736
-001514
-002795
-004425
-001689
0002444
0001629
-001980
-002562
-001048
0000000
-000175
-002213
-004541
-003726
-001863
-004017
-007568
-006928
-003784
-002387
-002620
-003202
-003377
-001689
0000523
0000465
-000641
0000640
0002677
0002328
0000058
-002445
-003784
-002329
0000582
0002328
0002328
0000873
-000699
0000000
0001979
0002561
0001862
0000931
-000175
-001921
-003086
-001456
0001455
0002677
0002503
0002852
0003026
0001804
-000350
-002678
-003784
-002329
0000640
0002852
0003085
0000407
-003319
-004774
-004483
-005239
-006113
-005880
-004192
-000990
0001979
0001571
-000466
0000291
0001979
-000175
-003493
-002154
0001047
-000641
-004250
-002445
0001688
0001106
-002504
-004541
-004366
-001921
0000931
0000582
-001398
-000990
0001106
0002910
0003376
0000640
-002445
-000641
0003318
0003201
0000000
-003377
-005181
-003377
-000641
-002911
-006811
-004774
-000059
0000174
-002911
-005472
-006578
-005822
-004017
-003260
-003202
-002154
-001456
-003784
-007160
-008150
-006578
-003610
-000699
0000349
-000233
-000757
-000990
-000815
-000175
0000814
0001804
0002735
0002677
0000232
-002562
-002096
0000232
0000582
-000524
-001165
-001223
-000815
-000175
0000116
0000000
-000524
-000815
0000349
0001629
0000232
-002038
-000990
0001047
-000815
-004541
-005647
-004541
-003493
-002736
-002329
-001863
-000059
0001688
0000814
-001223
-000932
-000117
-003202
-007044
-005647
-001281
0000058
-000583
0000756
0002852
0003143
0002328
0002677
0002968
0000349
-002911
-002620
-000524
-001048
-002329
0000232
0004249
0004773
0002910
0002153
0002677
0004947
0006170
0001222
-005414
-004890
-000583
-000990
-004133
-004308
-002795
-003726
-005356
-004017
-001223
-000350
-001107
-002096
-002795
-002911
-002329
-001398
-000524
-000117
-000350
-001398
-002562
-002911
-001980
0000465
0002852
0002794
0001222
0001106
0001746
0001338
0000232
-000932
-001339
0000174
0002444
0003201
0002561
0001979
0001106
-000874
-002911
-003493
-003027
-002969
-002795
-001107
0001106
0002095
0001688
0000174
-001514
-001863
-001456
-002329
-003901
-004948
-004948
-003319
-001572
-002678
-004948
-004425
-002329
-001805
-002329
-002096
-001398
-000874
-000990
-002271
-003959
-005123
-004948
-002620
0000116
0000349
-000932
-000233
0001106
0000465
-001398
-002795
-003027
-001630
0000582
0001746
0002386
0004307
0005704
0003434
-000350
-000990
0000116
-001281
-003901
-004774
-004250
-003551
-002795
-001281
-000350
-002038
-004483
-004017
-001805
-001281
-002096
-002562
-002911
-003842
-004890
-005880
-005822
-003086
0000174
0000291
-001863
-003435
-003901
-003027
-001572
-001165
-001398
-001048
-000292
0000291
0000640
0001222
0001164
-000932
-003319
-003027
-000874
0001106
0001920
0000407
-001339
0000989
0004889
0004773
0002270
0001920
0003026
0003201
0002328
0000582
-001398
-002620
-002795
-001805
-001281
-004599
-008441
-006229
-001107
-000408
-002387
-001572
0000407
-000466
-002387
-001689
0000814
0002444
0003085
0003900
0003841
0001455
-001863
-003551
-003260
-001223
0001106
0001571
0000814
0001222
0002037
0001746
0000814
0000232
0000640
0003143
0005937
0005937
0004191
0003609
0003900
0003667
0002852
0001804
0000698
-000815
-001747
-001107
0000465
0001688
0001804
0000232
-001630
-001107
0000814
0001397
0001397
0002968
0004365
0002212
-001456
-002562
-001398
0000349
0001571
0001164
-000117
-000175
0000814
0002153
0003259
0003201
0002444
0002095
0001862
0000465
-000524
0001571
0004715
0004889
0003026
0002444
0002328
0000349
-001863
-001572
0000000
-000175
-001339
-001689
-001281
-001048
-000175
0003259
0006112
0002910
-002969
-004075
-001863
-000990
-001223
-000757
-000117
-000117
-000641
-001107
-001223
-000874
-000350
-000408
-000524
0000582
0001746
0000931
-000874
-001281
-000408
0001047
0002444
0003026
0002619
0001746
0000698
-000117
-000757
-001747
-002504
-001980
-000699
-000117
-000175
-000699
-000641
0002153
0005122
0003783
-000059
-001805
-001398
0000116
0001513
0001106
-000408
-000757
-000350
-000233
-000699
-001863
-003319
-004541
-004832
-003726
-001514
0000989
0002561
0001571
-000757
-001223
-000292
0000349
0000873
0002153
0003201
0002270
0000582
0000291
0001164
0002037
0002212
0000523
-001339
-000408
0002270
0003900
0003958
0002153
0000174
0001513
0003725
0001629
-002504
-003260
-001456
-000466
-000350
-000408
-001048
-003144
-004890
-003435
0000000
0002503
0003492
0003725
0002619
-000815
-004308
-004308
-001921
-000059
0000407
-001165
-002911
-000990
0002328
0002270
-000117
-001514
-001805
-001514
-000932
-000757
-000990
-001281
-001281
-000466
0001280
0004773
0007392
0004947
0000058
-001689
-000815
-000524
-000117
0002328
0004889
0004540
0002386
0001397
0001571
0001804
0002270
0003550
0004365
0002794
0000000
-001630
-001630
-000059
0001979
0002328
0001688
0001862
0002328
0001746
0000465
-000524
-001223
-002329
-002504
0000989
0004773
0002212
-003144
-003202
-000175
-000757
-002445
0001222
0006170
0004132
-001339
-001456
0001280
-000059
-003086
-002504
0000698
0004016
0005762
0004365
0001222
-000699
-000641
0001571
0004249
0004482
0002270
-001223
-004250
-004425
-002969
-003610
-004599
-001630
0002095
0000407
-004308
-006054
-005298
-005472
-005472
-002911
-000233
-002387
-005880
-003202
0001688
-000117
-005007
-004017
0000232
0000989
-000874
-002504
-003202
-002387
-000932
-000932
-001805
-002445
-002038
0000756
0003667
0002852
-000233
-001689
-001863
-002562
-003493
-004425
-004483
-002736
-000233
0001455
0001571
-000350
-002096
0000291
0004307
0004540
0001571
-002329
-005181
-005123
-002620
0000000
0001513
0000291
-002096
-001980
-000815
-002096
-004250
-003668
-001165
0000931
0001920
0001222
-000117
-000117
0000756
0000989
0000640
0000349
-000175
-001281
-002038
-000757
0001571
0002968
0002794
0000640
-001805
-001630
0000407
0001804
0002270
0001979
0001280
0001280
0001338
-000408
-002271
-001048
0001455
0001164
-001107
-003027
-003901
-003319
-002445
-004366
-006462
-003319
0001804
0001979
-001048
-002562
-002271
-001165
0000232
0000931
0000931
0000814
0000756
0000873
0001397
0002735
0003958
0003201
0001862
0003318
0005238
0002794
-001747
-003784
-002736
0000582
0004365
0006403
0005704
0001688
-002678
-002678
0000523
0002968
0004191
0005006
0004773
0003143
0001106
0000582
0000698
-001107
-003086
-002154
0000349
0001455
0000640
-001689
-004366
-005996
-005763
-003086
-000757
-004017
-008674
-005880
0000698
0002037
-000175
-000583
0000582
0001746
0002619
0003376
0003085
0000058
-002562
0000931
0006053
0003143
-003202
-002911
0001688
0003841
0002794
-001165
-005007
-003435
0000989
0001979
0000232
-001281
-002154
-002154
-001514
-001048
-000932
-001048
-001514
-002387
-003551
-005239
-005938
-002736
0001338
0000698
-003027
-005007
-004832
-002911
-000815
-001514
-003610
-003377
-001921
-002213
-003260
-002969
-001456
0000582
0001862
0000465
-001689
-000699
0001455
0000640
-002154
-004192
-004599
-002620
0000000
0000000
-001456
-000932
0000523
0000756
-000350
-002853
-004716
-002678
0001164
0002153
0000814
-000408
-000874
-000292
0000523
-000641
-002387
-001921
-000408
-000408
-001863
-004133
-005822
-005123
-002795
-001223
-000408
0000465
0000931
0000349
-000524
-000117
0000698
0000116
-001456
-002969
-003377
-001048
0001746
0000814
-001980
-002213
-000292
0001746
0002677
0001164
-001339
-001805
-000641
0000349
0000873
0000756
0000582
0002095
0003376
0000814
-003202
-003610
-001863
-002504
-003551
-000524
0004074
0005064
0003201
0001571
0000058
-002387
-004541
-005007
-003842
-001630
0000465
0001047
0000465
0000582
0000873
0000116
-001223
-002271
-002271
-000175
0002619
0003667
0002910
0001397
0000291
0001862
0004132
0003201
0000291
-001281
-001747
-003027
-003901
-001980
0000814
0000756
-001048
-001630
-001048
-000350
0000640
0002794
0004424
0003201
0000232
-001572
-002096
-002271
-001630
0000931
0002968
0000116
-004192
-002969
0001164
0001804
-000233
-002038
-002795
-001980
-000466
-000408
-001339
-001456
-000990
-000757
-000757
-000815
-000990
-001863
-002213
0000465
0003609
0002328
-000874
-000408
0002328
0003085
0002153
0001222
0000174
-001805
-002853
0000058
0004249
0004074
0001455
0001397
0002677
0001746
0000174
0001513
0003376
0000698
-004075
-005938
-004657
-001339
0001455
-000641
-004890
-005356
-003027
-001281
-000466
-000292
-000699
-001281
-001572
-000874
-000117
-001514
-003435
-002678
-000350
0001047
0001164
0000523
-000524
-001339
-001689
-002271
-002329
-000874
0001047
0001338
0000582
0000989
0001397
-000757
-003202
-001514
0001746
0000756
-002271
-001747
0000873
0001862
0001164
-000350
-001805
-001805
-000641
0000756
0001513
0000756
-001048
-002271
-003086
-004541
-005647
-005065
-003144
-000932
0000523
-000059
-001630
-001339
-000175
-000583
-001456
-000408
0001280
0000814
-000932
-001514
-001165
-000932
-000874
-001223
-001456
-000815
0000814
0003841
0005995
0003841
-000932
-005007
-006171
-002795
0002444
0004016
0002677
0001979
0001804
0001280
0000582
-000583
-001165
0000756
0003143
0001513
-001223
0001222
0005588
0004598
-000059
-003493
-004890
-004832
-003027
0000523
0003667
0003376
0001164
0000582
0001920
0004831
0007218
0005646
0001862
0000232
0000756
0002095
0003376
0003026
0001397
0000116
-000990
-003086
-004425
-002271
0001338
0002212
0001106
0000873
0001338
0001106
0000814
0001571
0002503
0001629
-000233
-000990
-001398
-003377
-005531
-005298
-003842
-004192
-004832
-002154
0001571
0001920
-000175
-001863
-002038
0000465
0003550
0003434
0000931
-001514
-002620
-000815
0001979
0001513
-000292
0001280
0004540
0005879
0004715
0000931
-002911
-002911
0000116
0002968
0004656
0004307
0002561
0001222
0000698
0001164
0001455
-000990
-004017
-003319
-000874
-001572
-003726
-002387
-000233
-003086
-007626
-006928
-003144
-002387
-002853
0000232
0004365
0004482
0001513
-001339
-003260
-004425
-003959
-001165
0002328
0004191
0003725
0000698
-002911
-004192
-003260
-001572
-000466
-002154
-004890
-005531
-004133
-002271
-000757
-001048
-002096
-001456
0000232
0001280
0001746
0002677
0003259
0002212
0000582
0000756
0001920
0002095
0001920
0002735
0004016
0004831
0004482
0002037
-000815
-001281
-000117
0000000
-000524
-000059
0000116
-002271
-005531
-006404
-005531
-005472
-005763
-005065
-003610
-001980
-000583
0000232
0000349
-000292
-001223
-001863
-002154
-002620
-002736
-001689
-000233
0000174
0000058
0000873
0002037
0002444
0001979
0000989
-000233
-001339
-001630
-000641
0000756
0000291
-000699
0001338
0003667
0000582
-004308
-003610
-000059
-000524
-003319
-003901
-002504
-000408
0001455
0002212
0001804
0001164
0000116
-001921
-003435
-002154
0000582
0001746
0001513
0001455
0001397
0001222
0001164
0001164
0001571
0002735
0003900
0003783
0002968
0002910
0003259
0003026
0002444
0002037
0001455
-000350
-002154
-001921
0000174
0003958
0006694
0004307
-000583
-002154
-000757
0001455
0002735
0000407
-003202
-003202
-000874
-000466
-001572
-003086
-003901
-002271
-000233
-002038
-004832
-002445
0002153
0002444
-000466
-002504
-003260
-003377
-002329
0000640
0003492
0002794
0000465
0001338
0003725
0003725
0001920
0000349
-000350
0000698
0001979
0000407
-001921
-000350
0002794
0002677
0000582
0000174
0001164
0002444
0003259
0002852
0001513
0000232
-000757
-002096
-002736
-001048
0000873
-000524
-003959
-006171
-006986
-007277
-006695
-004657
-002154
-000990
-001223
-002096
-003260
-004192
-004425
-003726
-002853
-003377
-004425
-004017
-003260
-005531
-007568
-003260
0003550
0004773
0002212
0001280
0001920
0002328
0002852
0003958
0004947
0004482
0002794
0000523
-001747
-003726
-004774
-004657
-003202
-000292
0002561
0003550
0002852
0002386
0001746
-000292
-002329
-002096
-000583
-000175
-000641
-000175
-000292
-004133
-008674
-008674
-005531
-003377
-003027
-004541
-006869
-008034
-007393
-004541
-001456
-001514
-003202
-002154
-000117
-001398
-004017
-003901
-001863
-000175
0000407
-001223
-002911
-000815
0002619
0001397
-001747
-000466
0002794
0002037
-000932
-001456
-000524
-001165
-002795
-003784
-003901
-002911
-001805
-002329
-003726
-004192
-003493
-001630
0000058
-000524
-002329
-002620
-002096
-002969
-004366
-004425
-003668
-003959
-004308
-002736
-000408
0000291
-000466
-001223
-001921
-002678
-002853
-001456
0000698
0001746
0001979
0002561
0002910
0001804
0000291
0000407
0001629
0002561
0002503
0000291
-002154
-000932
0001804
0001164
-001281
-001689
-000408
0000814
0001746
0002677
0002968
0002095
0000523
-000757
-001572
-002387
-002969
-003027
-002504
-001630
-000815
-000408
-000466
-001223
-001514
0000407
0002852
0002328
0000291
0000232
0001513
0001571
0001222
0002386
0003841
0003376
0001629
0000116
-000408
0000640
0002503
0003318
0002852
0001106
-000641
-000524
0000640
0000640
-000175
-000524
-000641
-000990
-001223
-000408
0000465
-000583
-003027
-005181
-006753
-008092
-008383
-006986
-004483
-001514
0000291
-001514
-004250
-002387
0001047
-000932
-005356
-005763
-002853
0000640
0002561
0000291
-003726
-004483
-002969
-003027
-003668
-002096
0000058
-000524
-002853
-004483
-004425
-001339
0001920
0000058
-003668
-001630
0002561
0000582
-004017
-002736
0001513
0001164
-001689
-001747
0000116
0000989
0001222
0002735
0003841
0001629
-001572
-000641
0002037
0001222
-001980
-004657
-005822
-004890
-002795
-001456
-000990
-001107
-001165
0000116
0001280
-000583
-003610
-004075
-002445
-000874
-000059
-000699
-001572
-000059
0002212
0002095
0000116
-002329
-003260
0000465
0005122
0003492
-001165
-001048
0002386
0004365
0004307
0002619
0000174
-001107
-000874
0000931
0002561
0001164
-001514
-001456
0000116
-000466
-002038
-002096
-001281
-001456
-002387
-003319
-004308
-005880
-007219
-007451
-006054
-003086
0000582
0003609
0005006
0004249
0002153
0000232
-000583
0000000
0001222
0001280
0000640
0000989
0001629
0001222
0000582
0001513
0002910
0002328
0000931
0001397
0002852
0003026
0002503
0002852
0003725
0003958
0003667
0003434
0002677
0000058
-002911
-004133
-003842
-003726
-003377
-001398
0000756
0000756
-000292
0000814
0002735
0002270
0000291
-001456
-001747
0000582
0003783
0004598
0003143
0000640
-001107
0000523
0003026
0000756
-003202
-002213
0001804
0003841
0003550
0002153
0000232
-001572
-002154
-000524
0001920
0002328
0001397
0001513
0001979
0001164
0000291
0001746
0004016
0004191
0002444
0000058
-001921
-001980
-000990
-000990
-001514
-000932
-000175
-001048
-002736
-003493
-003144
-001863
-000524
-000117
-000874
-002562
-003668
-001921
0001455
0003783
0003841
0000523
-003377
-002678
0000814
0002561
0002328
0001047
-000350
-000350
0000523
0000465
0000174
0001455
0002794
0001455
-000874
-000757
0001222
0002910
0003725
0003085
0002095
0002852
0004191
0003085
0000873
0000407
0000931
0000058
-001281
-001107
-000233
-000815
-001921
-001281
0000291
0001164
0001280
0001397
0001106
-000408
-001805
-000699
0001513
0002212
0001513
0001106
0000698
-000641
-001572
-000059
0002619
0004191
0004249
0002735
0001047
0001397
0002968
0003259
0002444
0001338
0000989
0003376
0006461
0006344
0003900
0001920
0000756
-000350
-001048
-001514
-001281
0000116
0001571
0000582
-000990
0001106
0004656
0005238
0003085
-000175
-003027
-003610
-002387
-001514
-000815
0000640
0001746
0000931
-000990
-002620
-002969
-000815
0001862
0001338
-001165
-002678
-002562
-000932
0001047
0001513
0000640
-000117
-000524
-000175
0000523
0000465
0000756
0003550
0006752
0006519
0003434
-000524
-003319
-002387
0001222
0004773
0006694
0005704
0002852
0000698
0000000
0000756
0002212
0002794
0001979
-000524
-002853
-001747
0000873
0000582
-001921
-004599
-006054
-004832
-002387
-001863
-002620
-002154
-001281
-001630
-002853
-004308
-005007
-003959
-001980
-001281
-001339
-000408
0000291
-002213
-004890
-002504
0002503
0004482
0003259
0000640
-001747
-001339
0000989
0002561
0003434
0005006
0005995
0004365
0002037
0003085
0004947
0001746
-003377
-003784
-000699
0001571
0002386
0001979
0000756
-000233
-000350
0001513
0003259
0000989
-002795
-002678
-000583
-002038
-004948
-005007
-002969
-001689
-001107
-000408
0000000
-000233
-000932
-001281
-001514
-002562
-003086
-000583
0002910
0003376
0001862
0001455
0002037
0002619
0002852
0001862
0000582
0000698
0001571
0001629
0001106
0000989
0000582
-001456
-004017
-005356
-005007
-003086
-000932
-000815
-001689
-000990
0000407
0000116
-000874
0000174
0001688
0000407
-002154
-002562
-001863
-003086
-004774
-003784
-001107
0000931
0001338
-000932
-004017
-005007
-003435
0000640
0003958
0001222
-003959
-003377
0000989
0003259
0003841
0005704
0007101
0004715
0000931
0000640
0002619
0002852
0002212
0003434
0004889
0003201
0000174
-000233
0000873
0000232
-001572
-003027
-003901
-004075
-004133
-005065
-006171
-006345
-005763
-005356
-004948
-004192
-003144
-001456
-000932
-004832
-009256
-006753
-000874
-000233
-002445
-001048
0002503
0004307
0004482
0004540
0004249
0003201
0001571
-000641
-002213
-001223
0000640
-000408
-002795
-002562
-000815
-000524
-000641
0001338
0004307
0006403
0006636
0004132
0001047
0001397
0003492
0002852
0000756
0000523
0000989
-000932
-003027
-000583
0003550
0003259
0000698
0001455
0003609
0002153
-000874
-000932
0000058
-002562
-006229
-005472
-002271
-001863
-002853
-001223
0000756
-001863
-005822
-004425
-000408
-000699
-003435
-003435
-001689
-000932
-000874
-000408
0000058
-000292
-001048
-001456
-001048
0000989
0003318
0003783
0003085
0003550
0003667
0000232
-004075
-004250
-001572
0000407
0000814
-001048
-003784
-004657
-003493
-000874
0001862
0002735
0001455
-001398
-004657
-007044
-007743
-006462
-004832
-006229
-008558
-007393
-004250
-002795
-003202
-004541
-005356
-003260
0000465
0003143
0003841
0002386
0000116
-000292
0000640
0000814
0000640
0001455
0002153
0000465
-001689
-000233
0002503
0000989
-002038
-000408
0003085
0002212
-001281
-002736
-002736
-004308
-005647
-003319
0000116
-000350
-003319
-005007
-005007
-003901
-001863
0001338
0002910
-001339
-007102
-005298
0000174
-000175
-004017
-004541
-002795
-002213
-002271
-001398
-000408
-000874
-002154
-003319
-003610
-002154
-000641
-002678
-005647
-004192
-000757
-000990
-003086
-002038
0000873
0002503
0002910
0003609
0003725
0001920
-000524
-001165
-000757
-001456
-002736
-002853
-002213
-001514
-000932
-000408
-000292
-000699
-001980
-004832
-007102
-005472
-001863
-001223
-002271
-001456
0000349
0001222
0001222
0001164
0000640
-001630
-003551
-001339
0002212
0000698
-002795
-000699
0003783
0003667
0000582
-000874
-000466
0000582
0001688
0002095
0001397
-000292
-001805
-000932
0001106
0001862
0001280
0000465
-000175
-000292
0000582
0003143
0005355
0003609
-000292
-002678
-003144
-002736
-001863
-001339
-000990
-000059
0001338
0003841
0005413
0003201
-000990
-003377
-003435
-001572
0000698
0000989
0000058
0000582
0001746
0002095
0001397
-000175
-001281
-000117
0002328
0004074
0004016
0001455
-001630
-001747
0000349
0001688
0001862
0000756
-000524
0000407
0002153
0001571
-000175
-000117
0001047
0000814
0000116
0000814
0001920
0001804
0000116
-003144
-006229
-006637
-004890
-003144
-001863
-000699
-000583
-002504
-004774
-004017
-001747
-001514
-002678
-003086
-003086
-003959
-005007
-004890
-004133
-004192
-004366
-003202
-001572
-001339
-001456
0000349
0003085
0005122
0005588
0004016
0001397
-000583
-001107
0000407
0002677
0003550
0003143
0002503
0001862
0001746
0001629
0000232
-001514
-001805
-001572
-003435
-005589
-004308
-001339
-000117
-000583
-001398
-002154
-002504
-002038
-000583
0000640
-000583
-002678
-002387
-000466
0001106
0001862
0002037
0001455
0000174
-001339
-002678
-003144
-002329
-000117
0004016
0007451
0006519
0002561
-000292
-001514
-001747
-000874
0000698
0002386
0004016
0004191
0000640
-003668
-003435
0000116
0003609
0004773
0000465
-004948
-003202
0002212
0002037
-001223
-000699
0001688
0001106
-000641
0000989
0003725
0002735
0000116
0000873
0003318
0003026
0001047
-000059
-000233
-000466
-000583
-000233
0000407
0001106
0001920
0003201
0004191
0003434
0001920
0001862
0002328
0001047
-001048
-002154
-001689
0000756
0003434
0003434
0001746
0001338
0002037
0002794
0002910
0001513
-000524
-001281
-001107
-001514
-001863
-000641
0000582
-001107
-004133
-004948
-004192
-004075
-004483
-005007
-004832
-002678
0000232
0001513
0001338
0000698
0000407
0001513
0003026
0002735
0001571
0001804
0002386
0000873
-001223
-000757
0001629
0003900
0005238
0004715
0003201
0002444
0002619
0003318
0004074
0004656
0004424
0002910
0000640
-001572
-003144
-004250
-003842
-000117
0004307
0004831
0002503
0000756
0000116
0000873
0001920
0001513
-000175
-001921
-003027
-003027
-002038
-000990
-000175
0000291
0000291
0000058
-000932
-004017
-006578
-004308
0000523
0002503
0002095
0002212
0002444
0002212
0001397
-000466
-001689
0000523
0004016
0004482
0002619
0001338
0000582
-000874
-001747
-000350
0001979
0002444
0001222
-000350
-001398
-000466
0000873
-000466
-003027
-003377
-002213
-002038
-002038
0000058
0002328
0001222
-001747
-003319
-003144
-001747
-000350
-001223
-003086
-003319
-002038
-000583
0000756
0001920
0002212
0000931
-000408
0001455
0004424
0004132
0001629
-000059
-000699
-001107
-000932
-000292
0000931
0003550
0005238
0002561
-002271
-004774
-004075
-000408
0003725
0004191
0001920
0000523
0000232
-000117
0000232
0002503
0004365
0001571
-002795
-002329
0000873
0001222
-000757
-002445
-004017
-006520
-008266
-006753
-003202
-000350
0001164
0001513
0001280
0001920
0002503
0000756
-001456
-000408
0002212
0002503
0001455
0002503
0004016
0002910
0000640
0000407
0001979
0004307
0005762
0003492
0000640
0003434
0008324
0007392
0003550
0003958
0006577
0005879
0003609
0003841
0005238
0004424
0001804
-001339
-003493
-003027
-000524
0002619
0004424
0002153
-001398
-000408
0002735
0002095
-000815
-002387
-002329
-001689
-000932
-001165
-001514
-000292
0001862
0003841
0004656
0003143
0000873
0000756
0002328
0004016
0004715
0002677
0000000
0000407
0002619
0003259
0002444
0001629
0000873
0000698
0000465
-001398
-003144
-001630
0001688
0003318
0003201
0002503
0001397
0000407
-000583
-001980
-003493
-005181
-006287
-005996
-004948
-004948
-005123
-003493
-001398
-001398
-003086
-004832
-005763
-004657
-002853
-003551
-004948
-002911
0000291
0000000
-002445
-003377
-002911
-002271
-001398
-000408
0000523
0001688
0002212
0000291
-002271
-001863
0000232
0000698
0000116
0000058
0000756
0002037
0003201
0003085
0001455
-002038
-004657
-001805
0002794
0001571
-002969
-004075
-002445
-001630
-001514
-001281
-001514
-003202
-004948
-004192
-002504
-003668
-005880
-004832
-002736
-004541
-007917
-007626
-004832
-002969
-002329
-002795
-003377
-001689
0000465
-000815
-003086
-001165
0002910
0004831
0004482
0003143
0001629
0001338
0001397
-000233
-002445
-003027
-002096
-000117
0001571
0001106
-000117
0001222
0003318
0001979
-000815
-000524
0001397
0001862
0000582
-002096
-004250
-002736
0000116
-000990
-003901
-003493
-001281
-001747
-003202
-001805
0000989
0001862
0000291
-004075
-008383
-008150
-004366
-000583
0001571
0000523
-001863
-001514
0000232
-000699
-002736
-001805
0000058
-001921
-005123
-004250
-000874
0000814
0000756
0000000
-000757
-000233
0001106
0001862
0002328
0003434
0004540
0004540
0004191
0005297
0006577
0005879
0003201
-000990
-004425
-003726
-000932
-000757
-002329
-002329
-001921
-003784
-005705
-003027
0001804
0003434
0002328
0000989
-000350
-001689
-002445
-001456
-000059
-000990
-002562
-001107
0001979
0003550
0003026
0000640
-002154
-002969
-001863
0000116
0001688
0001280
-000641
-002562
-003551
-002504
-000466
0000814
0000582
-001689
-004657
-006054
-005822
-005298
-004366
-002329
-000350
0000174
-000641
-001921
-002969
-002969
-001921
0000407
0002095
0000058
-003319
-003551
-001223
0001280
0002619
0001571
-000815
-002096
-001863
0000000
0001688
-000233
-002795
0000291
0005937
0007392
0004947
0001106
-001921
-000990
0001920
0001804
-000583
-002445
-002795
-000466
0002619
0002852
0001338
0001455
0002212
0001513
-000233
-001863
-003202
-004366
-005356
-007102
-007975
-005298
-001456
-000815
-002795
-004774
-005763
-004948
-003086
-001689
-001223
-001398
-001921
-001921
-001048
0001513
0003550
0001106
-003202
-003842
-001689
-000292
0000174
0000465
0000814
0002095
0002968
0000989
-002096
-002969
-001514
0001222
0003667
0003841
0002386
0001571
0001455
0001280
0001455
0002444
0003492
0003609
0002503
0000349
-001747
-001980
-000641
0000873
0001629
0000698
-000990
-001398
-000874
-000641
-000932
-002038
-003435
-004250
-003901
-001805
0000756
0001688
0000873
-000641
-002213
-003144
-003027
-001689
0000116
0000756
0000873
0002444
0004132
0003841
0001979
-000175
-001339
-000059
0002503
0004074
0004191
0003201
0001688
0000756
0000349
-000699
-001630
-001398
-000641
-000990
-001689
-000757
0000232
-002271
-005007
-001747
0003900
0003841
0000407
0000291
0002444
0003492
0003609
0003841
0003318
0000640
-002969
-005647
-006287
-004483
-001223
0001280
0002503
0002444
0001455
0000465
-000175
-000233
-000175
-001339
-002620
-001456
0000582
0000058
-001398
-000233
0002095
0002212
0000931
0000582
0000873
0000873
0000174
-002213
-004599
-004133
-001747
0000349
0001164
0000058
-001921
-002387
-001747
-001689
-001921
-001281
-000524
-001048
-002213
-002213
-001921
-003610
-005356
-003610
-000408
-000233
-001689
-000699
0001222
0000407
-001281
0000116
0003259
0005530
0006112
0004773
0002619
0001746
0001979
0001979
0001862
0002095
0001862
-000524
-003202
-002853
-000990
-001572
-003435
-003959
-002911
-001165
0000931
0003085
0004074
0002619
-000408
-002853
-004192
-004425
-003901
-003493
-003144
-002154
-001048
-000233
0000058
-000583
-001281
-000350
0000814
-001339
-004075
-002038
0002444
0003958
0002735
0000640
-001107
-000815
0000756
0001455
0001455
0001920
0002153
0000291
-001572
0000523
0004424
0005122
0003434
0002270
0001804
0001280
0001222
0002153
0003259
0003376
0002794
0002619
0002968
0003783
0004947
0006170
0006519
0005122
0002328
-001223
-003493
-001863
0001455
0001106
-001165
-000699
0001164
0000814
-000874
-001456
-001223
-001048
-000874
-000292
-000059
-001398
-003086
-002853
-001107
0001164
0002619
0001397
-000466
0001047
0004365
0005180
0004424
0005355
0006228
0003143
-000874
0000174
0003841
0003783
0001804
0002561
0004598
0004307
0002095
-000583
-002620
-002736
-001630
-001863
-002154
0000523
0003667
0002561
-000524
0000000
0002270
0001979
-000175
-001514
-002271
-003435
-004366
-004017
-002678
-000990
0000291
0000174
-000408
0001280
0003725
0003783
0002444
0002212
0003259
0005704
0007567
0005937
0002212
-000408
-001398
-001339
-000641
-000408
-000408
0000582
0001397
0000174
-001921
-002445
-001223
0001688
0003958
0001804
-002387
-003493
-002213
-001689
-001921
-002038
-002038
-001689
-001456
-002271
-003319
-003260
-002504
-002271
-002329
-001630
-001048
-002445
-004657
-005414
-004716
-003377
-001921
-000583
0000058
-000466
-001572
-002271
-002038
-000175
0001804
0000989
-001107
-001107
0000232
0000465
0000000
0000000
0000523
0001804
0002677
0000873
-002038
-002795
-001921
-001339
-001398
-002038
-002853
-002911
-002329
-001398
-000990
-002620
-004192
-001630
0002153
0001047
-002795
-003959
-002853
-001398
-000815
-003027
-005472
-003202
0001397
0002968
0001862
0000232
-000699
0000640
0002910
0002968
0001804
0001862
0002619
0002561
0002095
0002037
0002095
0001688
0000989
0000698
0000756
0000814
0000814
0000407
0000058
0000232
0000698
0001164
0001338
0001397
0001222
0000407
-000175
0000814
0002503
0003143
0001920
-002038
-006171
-006345
-003784
-002213
-002096
-003202
-004366
-003551
-001514
-000583
-000757
-001398
-001921
-001747
-001107
-000699
-000583
-000466
-000117
0000756
0001629
0001629
0001164
0001222
0001920
0003376
0004482
0003725
0001804
0000174
0000174
0003841
0007742
0005297
-000350
-001980
-000292
0001164
0001629
0000291
-001165
0001222
0004889
0004831
0002270
0001047
0000698
-000932
-002562
-001630
0000523
0000698
-000175
0000291
0001513
0002270
0002153
0000640
-001281
-002154
-001863
-001456
-000757
0000582
0001397
0000058
-002504
-004308
-004483
-002562
0000232
0001280
0001164
0002270
0003550
0003085
0001862
0001979
0002619
0001513
-000466
-001456
-000815
0001979
0005006
0004889
0002561
0001047
-000059
-002562
-004483
-002562
0001047
0002270
0000873
-002154
-004890
-004192
-002096
-003610
-006404
-004832
-001339
-001398
-003668
-004366
-003319
-000815
0001688
0001688
0000523
0001746
0003609
0002212
-000932
-002096
-001747
-002213
-002795
-002096
-000874
-000583
-000757
-000059
0001164
0002386
0002910
0002212
0000814
0000174
0000232
0000232
0000058
-000233
-000350
0000698
0001338
-001456
-004774
-002795
0001513
0001338
-001689
-002853
-002387
-002096
-002038
-002329
-002620
-001863
-000932
-001398
-002387
-002096
-000815
0000407
0001338
0002212
0002444
0001106
-000641
-000757
0000174
0000291
-000059
0000465
0000989
0000000
-001980
-003959
-004948
-004192
-002329
-000699
0000407
0001746
0002270
0000407
-002213
-002038
-000408
-000815
-002562
-003377
-003784
-005705
-007102
-003959
0000174
-001456
-005996
-006811
-004308
-001223
0000640
-001223
-004541
-004483
-002329
-001805
-002096
-000699
0000873
-000233
-002504
-002504
-000466
0002153
0003900
0002503
-000175
-000175
0001571
0002037
0001862
0003085
0004191
0002037
-001281
-001514
0000407
0001746
0001862
0000407
-001107
0000058
0002852
0004715
0004947
0003492
0001222
-000292
-001165
-002853
-004133
-003086
-000524
0001862
0002794
0000931
-002387
-004599
-005239
-004832
-003726
-002387
-001456
-001863
-002795
-002562
-001456
-000233
0000465
-000233
-001456
-001165
-000292
-001107
-002213
-000524
0002212
0002561
0001106
-000117
-000932
-001747
-001980
-000874
0000931
0002212
0002153
-000408
-003319
-002562
-000059
-000524
-002329
-000874
0001455
-000932
-004541
-002096
0002735
0001746
-002620
-004192
-003202
-001980
-000757
0000291
0000465
-000990
-003086
-003726
-002911
-001456
0000174
0001397
0001920
0001571
0001106
0001862
0002794
0001688
-000350
-000466
0000174
-001747
-003842
-001456
0002735
0002444
0000174
0002386
0006170
0005064
0001047
-000932
-001048
-001165
-001223
-001107
-001048
-001281
-001339
-000059
0001571
0001862
0001047
-000292
-001281
-000583
0000349
-001456
-004425
-005181
-003901
-001747
0000349
0001280
0001222
0001222
0000931
-000815
-002504
-002096
0000058
0002677
0004249
0002677
-000175
-000292
0001106
0000465
-001165
-001107
0000058
0000873
0000698
-001572
-003493
-000874
0003434
0003609
0000698
-001165
-002038
-003377
-003959
-001805
0001455
0002328
0001862
0003201
0004482
0002212
-001863
-003726
-003668
-003959
-003784
-001456
0001164
0000465
-001514
-000059
0002444
0000582
-003377
-004250
-002969
-002795
-003086
-001980
-000350
0000407
0000291
-000350
-000874
-000524
0000640
0002328
0003609
0003376
0002037
0000407
-000641
-000233
0001513
0004598
0006636
0003841
-000699
-000699
0002095
0002735
0001338
-000583
-002096
-001863
-000699
-000932
-001863
-001921
-001339
-001107
-001281
-001980
-002620
-002445
-001339
0000989
0003259
0004016
0002852
0000058
-002271
-000757
0003201
0006403
0006810
0002619
-002911
-003901
-000874
0003259
0006403
0006694
0004307
0000407
-002504
-000990
0002735
0003376
0002095
0003085
0004424
0001629
-002271
-000990
0002677
0002212
-000408
0000000
0002153
0002619
0001571
0000523
-000466
-001747
-002387
-001048
0000640
-000175
-002736
-004948
-005589
-003260
-000175
-001107
-003726
-002154
0001047
-000524
-003668
-001107
0004016
0004889
0002503
0000873
0000058
-001339
-001980
0000000
0003376
0005821
0006519
0005646
0003609
0001164
-000466
0000349
0002677
0004307
0005006
0004889
0004191
0003609
0002735
0000232
-001805
0000349
0003900
0002910
-000815
-002329
-001689
-000350
0000931
0000698
0000000
0001688
0003841
0003026
-000233
-004599
-006753
-001805
0005588
0006112
0002212
0001862
0003550
0002561
0000582
0001338
0002968
0001280
-002213
-004366
-003901
0000232
0004540
0002212
-002911
-002213
0002153
0004074
0003783
0003376
0002794
0001106
0000116
0002852
0006577
0005588
0002095
0001746
0003085
0001513
-001048
-000524
0001979
0003725
0004016
0002735
0000349
-002154
-003842
-004250
-003144
-000350
0001920
0000000
-003901
-005181
-003784
-001339
0000523
-000583
-003144
-003610
-002387
-001572
-000874
0000174
0001513
0002968
0003900
0003667
0002561
0001455
0000407
-001281
-002562
-002096
-000408
0001047
0001571
0000407
-001048
-000408
0001513
0002619
0002503
0001280
-000292
-000699
-000233
-000466
-000932
-000757
-000117
0000291
0000931
0002968
0004715
0003259
-000292
-003260
-005065
-006287
-005880
-002504
0001047
0000000
-003551
-004250
-002620
-001456
-000757
-000233
0000174
0000465
0000989
0002153
0003143
0002270
0000698
0000873
0001571
-000350
-002911
-002329
0000000
0000349
-000408
0000291
0001571
0001629
0000756
-000408
-000874
0000814
0002852
0001455
-001572
-001980
-001048
-002445
-004541
-003668
-001048
0000349
0000058
-002504
-005007
-003377
-000233
-001747
-005123
-004192
-000757
0000756
0000232
-000757
-002038
-003319
-004192
-004657
-003901
-000175
0003841
0003434
0000640
0000523
0001746
0000407
-001747
-000757
0001920
0002386
0002037
0004889
0007683
0004424
-001281
-001747
0001629
0004191
0005122
0004016
0001746
0000465
0000000
-000990
-001630
-000583
0001164
0001920
0001513
0000465
-001048
-003086
-004366
-003319
-000641
0002386
0003900
0001280
-002213
-000292
0004249
0004715
0002386
0001513
0001746
0001571
0000873
-000641
-002096
-002387
-001514
0000291
0001746
0000698
-000932
0001455
0005064
0003900
0000058
-000641
0000291
-001572
-003959
-002271
0001338
0002386
0001455
0001222
0001746
0002386
0003143
0004132
0003958
0000116
-004541
-005298
-002678
0000232
0002386
0002852
0002561
0004656
0006461
0003085
-002736
-004716
-004075
-005647
-007393
-005298
-001572
-001107
-002736
-002853
-001514
0000407
0001979
0002095
0000756
-001223
-002795
-002271
-000874
-001747
-003377
-002562
-000408
0000058
-000699
-000932
-000815
-000757
-001223
-002795
-004250
-003027
-000583
0000116
-000990
-003086
-004541
-002562
0000698
0000523
-001747
-002504
-001805
-000408
-000059
-003493
-007975
-008325
-005414
-002562
-000699
-000059
-000175
0000582
0001513
0001397
0000349
-001107
-001747
0000873
0004074
0002677
-000932
-001048
0000640
-000757
-003086
-001863
0001455
0003492
0003550
0001746
-000932
-002504
-003027
-003842
-004075
-002154
0000116
-000583
-003202
-004948
-005472
-005181
-003901
-001339
0001047
0001280
-000059
-000757
-000699
-000117
0000407
-000059
-000990
-000874
-000699
-002504
-004774
-005007
-003260
-000233
0002153
0001106
-001456
-000990
0001455
0002910
0002794
0001047
-001398
-002620
-002562
-002096
-001747
-002329
-003260
-003377
-002445
-000059
0001920
0000174
-002795
-001223
0001862
-000583
-005123
-003959
-000059
-000990
-003784
-001048
0003259
0000698
-004599
-003260
0001164
-000175
-004541
-005239
-003027
-001107
0000116
0000232
-000059
0000931
0001688
-001339
-005007
-003493
0001106
0003725
0003725
0001455
-000815
0000873
0004365
0004540
0002444
0001571
0001222
-000932
-003377
-003726
-002387
-001048
0000000
0000814
0000931
-000292
-001339
0000989
0003783
0000698
-004599
-003901
0000116
0001164
-000583
-003086
-004774
-003144
-000466
-001747
-004541
-003086
-000350
-003726
-008907
-006811
-000815
0001164
-000408
-002154
-003319
-003493
-002445
-000175
0002328
0004307
0004656
0002095
-000874
0000174
0003667
0005122
0004715
0003841
0002968
0002735
0002561
0000814
-000932
0000291
0002735
0002852
0001222
0000232
0000349
0002561
0004656
0002153
-001630
0000291
0004365
0003026
-001630
-004017
-003959
-002562
-001339
-003144
-006171
-006986
-005822
-004483
-003435
-002620
-002271
-002562
-002853
-002096
-000874
-000292
-000583
-002038
-003086
-001223
0001979
0002852
0001688
0000465
-000292
-000175
0000582
0000873
0001222
0002910
0004307
0002561
-000583
-001339
0000000
0001571
