0000989
0000407
-002096
-005239
-006928
-004133
0000232
0000116
-002096
0000000
0003376
0001222
-003377
-003610
-000583
0001804
0002968
0002794
0001862
0001804
0002328
0002328
0002328
0003783
0004656
0001397
-003144
-003086
0000465
0004249
0006636
0006170
0004074
0003725
0004074
0001629
-000641
0003026
0008091
0004831
-002096
-002154
0002386
0004074
0003492
0003841
0003783
0000465
-003202
-001572
0002503
0002503
-000117
-000699
-000466
-002795
-005822
-006054
-003959
-001456
0000116
-000641
-002562
-002969
-002213
-001980
-001863
-000932
0000116
0000058
-000815
-001863
-002038
0000058
0003085
0004424
0004249
0004191
0003900
0002503
0001106
0001804
0003434
0003201
0002270
0003318
0005006
0004365
0002212
0000698
0000232
0000465
0000931
0000465
-000350
0000000
0000989
0001280
0001397
0002561
0003725
0002968
0001338
0001513
0002328
0001047
-000874
-000583
0000756
0000174
-001165
-000583
0001047
0001455
0001106
0001571
0002270
0001920
0001338
0002212
0003725
0004191
0003725
0003550
0003667
0004191
0004715
0004715
0004365
0004249
0004016
0002677
0001106
0000756
0001688
0003550
0005006
0004132
0001455
-001281
-002969
-003144
-001281
0003143
0006752
0004074
-001921
-004716
-004250
-002736
-001281
-001514
-002562
-002154
-001107
-001805
-003027
-002271
-000466
0000058
-000583
-001805
-002329
-000233
0003201
0005180
0005588
0005122
0004482
0005064
0006112
0006286
0005413
0003841
0002386
0002270
0002619
0001047
-001398
-002562
-002678
-002620
-002387
-002213
-001630
0000291
0002153
0001804
0000174
-000408
-000292
-000292
-000699
-001980
-002911
-001398
0001513
0003725
0004016
0001280
-002795
-004657
-004774
-005356
-005705
-004192
-001921
-000874
-000641
0000232
0001920
0004889
0007625
0007567
0006053
0006403
0007858
0008382
0008207
0008324
0008324
0007509
0005937
0003841
0002037
0001629
0002328
0003376
0003841
0002619
0000291
-001863
-003086
-002911
-001339
0001222
0003318
0002794
0000232
-002678
-004599
-003842
-001747
-000990
-002038
-004890
-007335
-005822
-002154
-000350
-000583
-001456
-002562
-004133
-004483
-001048
0003259
0002910
-000059
-000466
0001513
0003783
0005588
0006170
0005413
0003667
0001979
0001746
0003201
0006694
0009779
0009080
0005180
-000408
-004250
-001398
0004365
0004773
0001280
-001223
-001805
0000291
0002735
0001164
-002562
-003901
-002969
-001689
-000175
0002037
0003318
0001106
-002154
-001689
0000640
0000116
-002504
-004832
-006054
-005531
-004133
-003784
-003842
-002445
-000350
0000756
0001047
0001338
0001629
0002270
0002910
0002910
0002910
0004540
0005879
0003667
-000292
-002329
-002213
-001107
0000174
0000174
-000350
0000349
0001746
0002735
0002735
0001222
-000524
0000174
0001571
-000175
-002795
-001398
0002095
0003376
0002503
0001047
-000466
-001456
-001747
-001689
-001281
-000466
0000174
-000524
-001572
-000641
0001338
0002153
0001746
0000523
-000233
0001397
0004424
0006752
0007218
0004132
0000814
0003492
0008731
0008964
0005413
0002503
0000989
0000465
0000931
0002270
0002852
-000292
-004774
-005880
-004483
-003901
-003668
-002678
-001223
0000232
0001106
0001106
-000059
-002853
-005531
-005938
-004133
-000815
0001397
-001747
-006637
-005181
-000641
-001223
-004599
-005181
-003144
-000233
0002270
0002735
0001513
0000058
-000815
-000466
0000756
0001746
0002503
0003550
0004132
0002968
0001397
0002212
0003667
0001222
-002329
-001223
0002328
0002968
0001397
0000407
0000465
0002153
0003725
0001629
-001980
-002504
-000757
0000523
0000814
0000116
-001107
-001980
-002271
-002038
-001863
-002911
-004366
-004541
-004017
-004716
-005531
-004541
-002154
0000698
0002677
0002503
0000931
-000292
-000292
0001571
0003841
0003550
0002212
0003725
0006112
0004831
0002444
0004831
0008673
0006461
0001629
0001688
0004773
0005995
0005064
0002386
0000232
0002561
0006461
0005821
0002677
0002619
0004249
0004132
0002677
0001397
0000640
0000582
0000698
-000292
-001747
-002795
-002795
-000757
0001164
-001223
-005123
-004483
-000990
0001106
0000756
-002678
-005880
-002504
0003841
0005355
0003085
0001513
0001047
0001338
0001804
0000582
-000408
0002619
0006461
0004249
-000641
-000408
0002677
0002212
0000232
0001629
0004598
0005064
0003492
0002153
0001338
0001047
0000814
-000874
-002562
-001281
0001338
0001746
0000407
-000932
-001921
-002562
-003027
-004716
-005589
-002096
0002794
0003143
0000291
-001339
-002038
-003901
-005298
-003144
0000058
-001281
-004599
-003784
-000524
0000640
0000465
0001688
0003318
0003201
0001804
0000465
-000641
-001689
-002387
-002504
-001980
-000932
-000233
-001281
-002795
-002329
-000815
-000350
-000932
-001805
-002620
-003086
-002853
-001630
-000350
-000932
-002038
-000466
0001688
-000408
-004192
-004657
-002271
0000873
0003143
0003201
0000873
-002969
-006462
-006986
-004948
-002445
-000408
0000349
-000233
-001747
-002853
-001747
0000640
0002153
0002794
0003085
0003550
0005588
0006985
0003550
-001630
-002562
-000466
0000814
0000873
0000058
-001514
-003551
-005065
-005007
-003610
-001747
-000699
-002329
-004832
-004657
-002853
-002271
-002271
-000815
0000756
0000349
-001514
-003144
-003842
-002969
-001572
-001456
-002329
-002736
-002504
-001107
0000523
0000465
0000174
0003318
0006810
0004773
0000232
0000582
0002968
0000116
-004133
-001921
0003550
0004540
0002503
0002677
0003318
0000000
-003901
-002154
0002444
0003259
0001164
-000641
-001398
-000990
-000059
-000524
-001805
-002620
-002736
-001805
-001223
-003319
-006404
-007102
-005531
-002795
-000292
-000059
-001165
-000524
0000582
-000874
-003377
-003668
-002329
-000932
-000466
-002213
-004250
-002445
0001047
0001164
-000466
0000582
0002852
0002619
0000989
0000873
0001455
0000698
-000466
0000000
0001280
0001571
0000640
-001223
-002562
-001048
0001862
0003143
0002910
0002561
0002153
0001746
0001513
0001571
0001920
0002561
0002561
0000465
-002562
-004308
-004599
-004250
-003726
-003610
-004133
-005181
-006054
-005239
-003842
-004425
-005531
-003784
-000990
-000990
-002154
-000408
0002503
0002677
0001280
0001804
0003085
0002561
0001222
0001397
0002910
0004947
0005879
0003667
0000116
-001107
-000408
-000175
-000524
-000932
-001339
-001339
-000990
-000641
0000291
0002968
0005471
0004424
0001571
0001338
0002677
0002153
0000523
-000059
-000408
-002038
-004133
-005531
-005298
-002154
0001397
0001222
-001921
-005123
-006695
-004483
-001107
-002678
-006113
-004657
-000175
0002619
0002968
0001106
-001456
-001921
-000757
-000059
0000232
0000756
0001047
0000523
-000408
-000641
-000641
-001630
-002795
-002620
-001281
0000873
0002619
0002153
0000058
-001980
-003144
-002678
-000990
0000756
0002328
0004191
0004831
0001746
-002387
-002154
0000698
0001571
0000582
-000699
-001863
-002504
-002213
-000932
0000756
0002037
0002328
0001338
0000058
0000116
0001397
0002735
0003841
0004365
0004482
0004773
0005122
0005238
0004656
0002561
0000058
-000874
-000175
0001571
0003085
0002328
0000465
0000000
0000698
0000756
0000814
0002328
0003783
0001746
-000990
0001629
0005355
0000989
-006404
-005763
-001223
-003435
-008208
-005298
0001047
0000989
-002795
-002678
-000117
0000640
0000349
0001629
0002735
-000233
-003493
0000174
0006403
0005646
0000989
0000407
0003550
0007800
0010827
0009837
0006519
0005646
0006286
0004831
0002794
0003143
0004482
0003783
0002037
0001746
0002386
0002037
0001164
0000931
0000756
-000524
-002271
-003260
-003027
-000874
0001280
0000232
-002562
-003668
-003435
-003668
-003842
-003027
-001980
-001980
-002911
-004075
-004599
-003027
-000932
-001572
-003493
-003260
-001339
0000640
0002153
0003434
0003841
0003085
0001746
0000349
0000174
0002794
0005995
0005646
0002852
0001280
0001106
0001397
0002270
0003492
0004482
0004132
0003026
0002212
0001688
0001338
0000698
-000757
-001980
-000990
0001280
0002852
0002619
-000699
-004599
-004890
-002736
-001805
-001980
-002213
-002329
-001863
-001747
-003901
-006637
-006811
-005007
-003202
-001456
0000873
0002794
0003026
0002095
0001804
0001571
-000175
-002329
-002969
-002096
-000292
0001455
0001746
0001280
0002095
0003434
0003667
0003026
0002677
0002561
0001746
0001397
0003550
0006053
0005006
0001920
0001106
0001688
0000582
-000874
0000000
0002095
0003550
0003434
0001222
-001630
-002504
-001863
-001689
-002096
-003086
-003668
-002154
0000523
0002095
0002503
0002794
0002852
0002735
0002677
0003201
0003783
0003783
0002735
0000174
-002154
-001398
0000931
0001513
0000407
-001107
-002329
-002387
-001689
-001398
-001339
-000524
0000116
-001281
-002911
-001398
0001106
-000233
-003377
-003784
-001980
-000524
0000582
0002561
0003434
-000059
-004890
-005414
-002853
-001398
-001048
-000292
-000233
-002853
-005472
-003202
0001164
0001571
-000583
-000583
0000407
-000990
-002736
-000583
0003143
0003259
0001629
0003492
0006519
0006053
0003143
0000640
-000350
0000931
0003026
0002968
0001571
0001397
0001920
0001513
0000349
-000699
-001514
-002620
-002969
-000699
0002270
0002386
0000000
-003551
-005763
-003144
0001571
0002386
-000059
-002271
-004075
-006113
-007684
-008441
-007859
-005356
-002387
-001165
-001514
-001980
-002213
-002562
-002038
0000756
0004074
0004947
0003725
0002561
0001746
0000814
0000756
0002561
0005297
0007392
0008091
0007218
0005297
0003550
0002095
0000174
-001107
0000174
0002153
0000756
-002154
-002213
-000524
-000815
-001980
-001165
0000058
-001339
-004133
-005414
-005298
-004948
-004948
-006287
-007684
-006578
-004774
-006287
-008732
-007684
-003959
-000175
0001862
0000000
-003668
-004657
-003027
0000058
0002386
0000814
-002504
-002853
-000408
0003201
0005821
0004540
0001629
0002386
0005064
0004656
0002910
0003958
0005879
0004482
0001164
-000699
-000874
-000175
0000291
-002038
-004599
-002213
0002095
0001979
-000932
-001980
-001630
-001514
-002038
-003842
-005705
-004948
-003260
-004599
-006869
-005007
-001514
-001863
-004250
-003435
-001165
-001514
-003027
-002154
0000058
0001222
0001106
0000058
-001165
-001572
-000874
0001106
0002677
0000931
-001572
0000582
0004424
0003085
-000699
-000350
0002735
0004482
0004424
0002852
0001047
0001280
0002677
0002619
0001746
0001746
0002212
0002153
0001862
0002328
0002386
0000116
-002911
-003668
-002154
0000931
0003667
0003609
0001222
-001281
-002853
-003027
-001805
-000117
0001222
0001571
0000640
-001281
-002795
-001747
0000814
0002037
0002037
0002095
0002037
0001455
0000873
0001222
0001804
0001164
0000000
-000350
-000350
-001281
-002853
-004832
-006345
-006637
-005589
-003493
-001572
-001747
-003319
-004192
-004075
-003202
-002038
-001398
-001572
-002504
-003668
-003842
-003144
-002329
-001398
0000116
0001222
0000232
-001747
-002387
-001747
-000292
0000814
-000117
-001572
-000233
0002444
0003318
0002910
0003085
0003900
0005588
0007159
0007683
0006519
0003376
-000815
-004599
-006404
-004541
-000874
0000465
-000117
-000350
-000583
-002038
-003435
-002736
-000699
0000640
0001106
0001455
0000931
-001630
-004774
-006054
-005531
-004599
-003610
-002969
-002387
-000641
0000814
-000524
-002969
-002445
-000641
-001805
-004133
-003668
-001747
-001630
-002562
-002329
-000815
0001979
0004307
0003609
0001513
0001862
0003492
0003376
0002270
0002444
0003201
0003026
0002212
0001571
0001513
0002386
0003026
0001629
-001223
-003959
-005239
-003435
0000058
0002270
0002677
0001862
0000058
-002504
-004541
-005065
-004308
-003551
-003260
-004017
-005239
-005705
-005996
-007510
-009140
-009198
-007801
-006113
-004308
-001747
0000291
-000117
-001398
-000233
0001920
0001746
0000523
0001455
0002852
0001455
-001863
-004657
-005589
-003551
-000059
0001629
0001804
0002735
0003609
0002735
0000698
-001456
-002969
-003493
-003144
-002853
-002329
-000874
0000582
0000640
-000292
-000874
-001223
-001863
-002504
-002795
-002620
-001805
-000932
-001223
-002154
-002736
-002795
-002445
-002213
-003144
-004133
-002795
-000233
0001397
0001746
0000989
0000291
0002153
0004656
0003958
0001455
0000931
0001862
0002270
0002037
0001397
0000523
-000641
-001107
0000698
0002910
0002212
-000641
-003551
-005123
-004250
-001630
0001106
0002153
-000350
-004366
-006054
-005298
-003377
-001805
-003260
-005531
-003610
0000407
0001804
0001513
0002619
0004365
0005238
0004831
0002619
0000058
-000175
0000989
0000989
0000523
0001513
0003318
0004831
0005006
0002619
-000175
0000814
0003609
0003492
0001338
0000174
-000233
-001165
-002038
-001630
-000990
-002096
-004308
-005996
-006462
-005181
-003493
-004541
-006287
-004483
-000932
0000349
-000408
-001339
-002096
-002445
-002387
-002271
-002329
-002504
-003260
-005589
-007684
-006695
-003668
-001281
0000116
0001164
0001571
0000873
0000174
0001455
0002910
0000698
-002445
-001223
0002968
0005995
0007334
0007974
0007451
0005238
0002735
0001920
0002619
0003667
0004307
0003550
0002212
0002386
0003318
0003434
0002561
0001047
-000350
-000408
0000873
0003667
0005238
0000873
-005647
-006578
-003668
-002736
-003202
-002678
-001630
-000757
-000815
-002853
-005239
-004890
-003027
-002911
-003668
-002853
-000990
0000582
0001629
0002503
0002794
0002328
0001804
0002153
0003434
0005238
0006519
0005762
0004132
0004249
0005064
0004074
0002444
0002503
0004074
0006170
0007276
0005471
0002095
0000465
0000582
0001222
0002037
0002444
0002444
0002561
0002270
0000698
-001514
-003493
-004366
-003377
-001689
-001805
-002620
-000990
0000931
-000990
-004657
-004774
-003144
-004483
-006811
-005763
-002853
-002445
-003260
-001689
0000698
0000407
-001048
-000408
0001862
0004016
0005588
0006636
0006694
0005704
0004016
0002328
0000873
-000524
-000990
0000698
0002852
0002037
-000059
0000698
0002561
0000989
-001689
-000408
0002794
0003434
0001862
0000232
-000757
-000583
0000349
0001222
0001047
-001747
-004483
-002445
0001746
0001862
-000292
0000000
0001397
0000116
-002038
-000874
0001455
-000117
-002445
0001455
0007218
0005530
0000116
0000000
0003550
0005471
0006170
0008033
0009080
0005879
0001338
0001164
0003667
0004074
0002910
0002386
0002386
0002794
0002910
0001571
-000292
-001223
-001107
-000117
0000582
-000815
-003319
-005472
-005414
-000641
0004889
0003900
-000990
-002504
-001456
-001747
-002271
-000408
0001920
0001047
-000874
0001047
0004307
0003085
-000292
0000174
0002561
0002212
0000698
0002212
0004889
0004656
0002677
0001862
0002212
0003259
0003725
0000989
-002271
-001048
0002153
0001222
-001630
-000757
0001629
0000582
-001921
-001223
0001513
0002794
0002619
0001629
0000407
-000233
-000408
-000815
-001339
-001689
-001747
-001281
-000932
-001630
-002678
-002678
-002154
-002387
-003202
-004541
-004948
-002387
0001571
0004016
0004424
0003783
0002328
0000465
-000874
-001223
0000407
0005646
0010769
0009313
0004365
0003900
0006053
0005355
0002794
0001164
0000582
0000640
0001222
0002503
0003143
0000873
-002096
-001456
0001222
0002153
0001280
0000291
-000990
-003668
-005763
-004308
-001456
-002038
-004192
-003086
-000233
0000756
0000174
-000059
-000524
-002795
-004890
-003493
-000175
0001397
0001222
0000698
-000059
-001514
-002329
-000524
0002619
0004715
0004598
0001164
-002678
-001281
0002619
0002794
0000523
-000175
0000698
0002444
0003900
0003143
0001280
0000465
0000756
0001222
0001979
0003609
0004656
0003201
0000000
-003086
-004890
-004425
-002911
-003260
-004192
-002678
-000408
-001165
-003377
-003668
-002678
-002736
-003493
-003901
-004192
-004948
-005763
-006229
-005938
-004308
-002445
-002853
-003842
-001689
0001280
0000232
-002329
-000583
0003492
0005180
0004424
0002852
0000873
-001630
-002678
0000582
0004656
0002503
-002678
-003144
-000583
-000059
-000932
-001339
-001223
-001398
-001339
0000058
0001222
-001107
-004308
-003202
0000582
0003143
0003143
-000408
-004832
-005239
-003144
-003260
-004716
-004890
-003959
-003027
-002096
-000699
0000407
0000465
-000059
0000116
0000989
0002561
0004016
0003900
0003318
0004889
0006286
0002910
-002038
-001863
0001280
0001629
-000175
-001805
-002504
-002038
-000815
0000000
0000174
0000000
-000408
-000990
-001398
-001048
-000524
-001339
-002562
-002271
-001281
-001689
-002445
-001456
0000698
0003085
0004074
0001106
-002795
-002271
0001746
0005762
0007858
0006228
0002561
0000349
0000174
0000931
0002386
0003900
0005006
0005238
0005006
0005762
0006519
0005588
0003725
0002910
0002852
0002270
0001455
0001106
0001222
0001455
0001979
0003492
0004191
0000814
-003668
-003784
-001165
-000990
-002271
-001863
-001223
-003377
-006986
-009431
-009896
-007743
-005007
-005123
-006869
-006753
-005356
-004366
-004133
-004774
-005472
-004541
-003027
-003377
-003959
-001165
0002619
0002677
0000349
-000408
0000698
0003725
0006694
0006577
0004773
0005006
0005879
0004132
0001106
-000350
-000059
0001397
0002794
0001862
-000059
0000465
0001920
0001047
-001165
-002620
-002504
-000292
0002503
0003609
0002910
0001455
-000292
-001747
-002271
-001048
0000000
-002969
-007044
-006287
-003319
-004541
-007975
-008674
-007219
-005822
-004599
-003435
-002329
-000874
0000931
0003376
0005180
0004715
0002968
0002444
0003143
0004540
0005413
0004016
0001338
-000466
-001048
-001339
-001107
0000407
0001338
-001572
-005414
-004716
-000524
0003783
0006577
0006461
0004016
0001280
-000350
0001280
0003376
0000232
-005007
-005181
-001980
-000466
-000932
-002387
-003842
-003610
-002445
-002678
-003959
-005531
-005822
-002271
0002037
0000582
-003435
-002445
0000640
-001281
-005298
-005298
-002213
0000465
0001571
-000117
-002620
-002038
0000465
0002037
0002095
0001047
-000583
-001630
-002154
-002620
-003027
-004017
-004541
-002911
-000233
0001455
0001164
-002504
-006578
-005996
-002911
-002911
-004483
-003377
-001339
-002096
-004133
-003551
-001456
-000641
-000990
-001456
-001689
-001165
-000641
-001863
-003610
-003726
-002387
-000932
0000756
0003667
0005879
0004715
0001920
0001280
0002619
0004482
0005704
0004482
0001746
-000583
-001165
0001338
0004656
0004307
0001629
0000814
0000931
-001223
-003551
-002678
0000407
0002794
0003783
0003900
0002677
-000408
-003610
-004541
-003319
-001456
-000233
-001223
-003493
-004832
-005414
-006753
-007160
-003610
0001455
0003026
0002153
0002386
0003434
0004132
0004132
0002677
0000756
-000059
0000582
0003201
0005704
0005122
0002328
-000117
-000641
0002270
0006461
0007451
0005821
0004598
0003492
0001397
-000699
-001572
-001398
-001281
-001165
-000990
-000815
-000583
-000466
-000815
-001223
-000641
-000641
-004133
-008441
-008266
-005181
-003610
-003726
-004366
-004774
-003377
-001572
-002795
-005239
-005007
-003435
-004133
-005239
-002329
0001862
0001571
-000641
0001571
0005646
0005646
0003143
0002794
0003900
0003958
0003318
0002968
0002735
0001979
0000814
-000408
-001339
-001572
-000932
0000698
0002328
0002852
0001571
-002387
-006404
-006054
-003086
-001980
-002387
-001689
-001456
-005239
-009023
-005298
0001455
0001571
-002213
-001223
0001222
-002911
-008150
-003202
0006170
0007159
0002794
0002444
0004715
0004656
0003841
0005646
0008033
0006636
0003492
0003376
0005006
0004424
0002852
0003434
0004831
0003958
0002037
0001629
0002037
0000931
-000408
0001047
0003492
0003434
0001513
-000233
-001048
-000641
0000640
0001513
0001397
-000583
-003086
-003726
-003202
-003901
-004425
-001630
0001629
0000174
-003959
-005705
-005239
-004366
-003493
-003202
-003202
-002795
-001805
0000174
0001862
0001571
-000350
-003027
-004541
-002038
0002153
0003259
0002095
0002153
0002910
0002794
0001804
0000116
-001281
-000932
0000291
0000349
-000059
0000931
0002561
0003376
0002910
0000931
-001165
-001339
-000408
-000699
-001805
-002271
-002154
-002154
-002096
-001398
-000641
-001281
-001980
0000174
0003026
0002910
0000291
-002795
-004657
-003202
-000117
0001047
0000931
0001862
0003376
0004132
0003958
0002503
0000814
0000640
0001804
0003434
0004365
0003201
0000873
-000292
-000233
0000523
0001338
0001164
0000232
-000583
-001048
-001630
-001689
-000233
0001629
0001862
0001047
0000873
0000931
0000000
-001398
-002213
-002154
-001107
0000407
0002095
0002444
-000641
-004832
-005996
-004425
-002504
-000874
-000059
0000232
0001280
0002386
0002212
0000931
-001339
-002736
-000466
0003550
0005530
0005297
0004715
0003609
0000931
-001165
0000931
0004656
0004656
0002095
0001164
0000931
-001223
-003319
-001805
0001397
0001571
-000292
-001339
-001514
-001630
-001805
-001980
-002853
-005647
-008558
-008150
-005647
-004308
-004075
-003842
-003551
-003144
-002969
-003668
-004541
-004308
-003726
-004890
-006404
-005007
-002445
-002445
-003435
-001339
0002503
0005122
0006461
0007625
0007974
0006752
0004365
0001688
0000000
0001047
0003434
0004424
0003841
0002735
0001688
0001746
0002677
0004016
0005006
0004598
0003550
0003318
0003783
0004715
0005180
0004016
0001746
-000466
-001863
-002096
-001398
-000699
-000583
-001805
-003493
-004483
-003842
-000408
0003143
0002619
-000757
-003493
-004017
-000524
0003783
0002968
-000408
0000000
0002619
0003026
0002095
0002153
0002910
0003318
0003259
0002677
0002095
0002386
0002735
0000931
-001456
-001398
0000349
0001920
0002444
0000465
-001572
0001280
0005879
0005821
0002968
0002794
0004249
0004482
0003318
0000756
-001630
-001339
0000465
0001164
0000698
-000292
-001456
-002038
-002154
-002736
-002911
-001048
0001222
0000582
-001165
0000000
0002444
0002386
0000814
0000232
0000931
0002910
0004598
0003085
0000291
0000814
0002910
0002270
0000000
-000815
-000699
-001281
-002445
-003901
-004774
-003493
-001456
-001630
-002795
-002271
-000815
-000466
-001281
-003027
-004774
-005239
-004716
-004483
-004425
-004017
-003377
-002271
-001107
-000583
-000466
0000291
0001106
0000989
0000640
0001862
0003550
0003667
0002794
0002270
0002735
0004831
0007043
0006810
0004947
0004016
0003900
0003143
0002619
0003841
0005297
0004365
0001979
0000582
0000465
0001571
0002270
-000699
-004366
-002853
0001164
0001455
-001223
-004192
-005705
-003319
0000232
-000233
-003435
-005472
-005763
-004657
-002911
-002213
-002096
-000583
0000814
-000757
-003610
-004425
-003377
-001398
-000117
-002038
-004599
-002504
0001920
0003550
0003085
0003550
0004132
0002444
0000523
0002153
0004889
0003318
0000116
0001513
0005122
0005413
0003143
0001164
-000408
-002445
-003784
-002911
-001107
-001048
-001572
0001338
0004074
-000583
-007510
-005880
0000058
-000466
-004599
-004716
-002387
-002620
-003842
-002387
0000116
0000291
-001165
-002096
-002387
-002271
-001689
-000466
0000291
-000757
-003319
-006637
-008266
-005007
0000931
0004889
0005995
0004889
0002735
0001513
0001280
0000989
0000814
0000931
0001280
0001862
0002444
0002735
0002619
0001804
0000931
0001106
0002270
0003667
0004482
0003958
0002153
-000233
-002213
-002562
-002038
-002678
-003435
-002096
-000175
-000932
-003027
-003668
-002562
-000815
0001629
0005821
0007916
0001338
-007917
-008208
-002562
-000524
-001048
0000232
0002212
0002561
0001513
-000175
-001223
0000232
0002910
0004191
0003376
-000059
-003551
-002562
0001106
0002328
0001862
0002910
0004016
0002153
-000699
-000932
0000873
0002444
0003026
0001397
-000641
0000582
0002619
0000116
-004308
-004716
-002620
-002504
-003668
-004366
-003901
-001514
0001047
0001047
-000583
-000641
-000233
-002213
-004366
-002154
0001629
0000814
-002213
-001630
0001106
0002444
0002095
0000931
-000233
0000174
0001164
0000232
-001921
-003319
-003784
-003551
-003260
-004541
-005938
-004541
-001921
-002096
-003784
-003668
-002620
-002969
-003959
-003493
-002213
-001630
-001689
-001398
-001281
-002213
-003668
-004890
-005414
-004948
-003610
-001514
0000698
0002444
0002794
0000873
-002096
-004250
-004483
-001980
0001222
0001164
-000466
0000756
0003259
0003550
0001979
-000117
-001572
-000408
0001804
0001397
0000116
0002095
0005064
0004191
0000756
-001747
-002911
-003086
-003086
-005007
-006928
-005007
-001223
0000465
-000233
-002096
-004366
-005880
-006171
-005414
-003959
-002795
-002387
-003610
-005123
-004541
-003027
-003668
-004599
-001514
0002212
-000350
-005531
-005007
-001107
-000292
-001048
0001106
0004132
0003841
0001862
0002444
0004540
0005064
0004947
0006286
0007916
0007451
0005413
0003085
0001920
0003725
0006228
0004773
0001513
0001804
0003609
0002328
-000874
-002969
-003959
-005065
-005356
-003086
-000292
-000583
-002736
-003784
-003726
-003435
-003202
-003319
-003726
-004075
-004483
-005531
-006695
-007219
-006986
-006578
-005822
-004017
-002387
-002678
-003610
-001980
0000873
0001920
0001920
0003725
0005588
0004365
0001920
0001920
0003550
0004656
0004249
0001222
-001630
0001222
0006112
0005122
0000756
0000000
0001862
0003085
0003026
0000989
-001165
0000232
0003026
0002444
-000466
-002271
-002969
-003493
-003901
-004483
-005007
-004948
-004483
-004308
-003784
-001398
0001164
0001397
-000466
-003319
-005239
-003435
0000349
0002212
0001979
0000989
0000058
0000291
0001222
0001164
0000873
0002095
0003434
0002328
-000175
-001689
-001863
-000641
0000465
-001223
-004192
-005239
-004541
-003435
-002329
-001514
-000932
0000174
0001397
0002270
0002270
0000640
-000990
0000349
0002968
0003143
0001513
0000174
-000233
0000407
0002095
0004715
0006752
0006344
0003900
0000291
-002096
-000059
0003725
0002968
0000000
0000873
0003958
0005471
0005064
0003434
0001862
0002503
0004132
0003725
0002037
0001280
0001106
0000465
-000524
-001514
-002213
-002213
-002504
-005123
-007917
-007393
-004250
-000757
0001397
0000174
-002678
-003726
-002911
-001572
-000815
-001863
-004483
-008150
-010013
-005647
0000873
0000989
-002562
-001921
0000756
0000523
-001747
-003377
-003610
-001630
0000756
-000466
-002911
-000932
0002677
0000931
-002504
0000232
0005937
0006752
0004773
0006636
0009371
0006461
0002153
0005821
0011991
0008382
0000349
0000465
0005122
0004132
0000582
0002561
0006286
0003143
-002911
-003260
0000582
0003085
0004016
0004540
0003550
-001165
-006171
-005822
-002445
-002096
-004250
-006578
-007801
-006462
-003901
-002911
-003319
-004250
-004366
-001398
0002212
0001979
-000466
-000990
0000349
0002212
0003900
0004540
0004074
0003085
0002503
0003667
0005646
0005937
0005297
0005879
0006636
0005821
0003667
0000989
-000815
-000059
0001862
0001455
-000466
-001747
-002154
-001863
-001339
-001223
-001456
-001805
-001863
-000932
0000116
-000292
-001456
-001339
-000757
-001398
-003144
-005647
-006986
-003901
0000814
0001513
-000757
-001921
-002213
-003144
-003726
-002562
-000466
0000814
0000873
-000117
-001165
-000466
0001338
0002386
0002852
0003667
0004365
0004424
0003376
0000523
-002213
-001805
0000174
-000350
-002271
-002911
-002445
-002038
-001398
0000349
0001804
0000291
-002329
-002038
-000233
-000466
-001980
-002504
-002038
-000757
0000349
-000641
-002096
-000466
0002386
0002270
0000523
0000698
0001688
0000640
-000932
0000058
0002910
0005937
0007276
0004482
0000174
-000175
0001746
0001106
-000815
-000874
0000116
-000408
-001398
-000524
0000640
-001514
-004425
-003377
-000059
0000931
0000058
-000874
-000932
0001513
0004249
0002910
-000583
-001863
-001281
-000699
-000466
-001107
-001630
-000292
0001920
0002852
0001979
-001281
-004657
-004599
-002096
-000466
0000582
0002968
0005006
0004074
0001455
0000465
0000989
0001804
0002794
0003841
0004482
0004424
0004016
0004656
0004947
0002095
-001630
-001514
0000931
0002095
0001047
-003202
-007102
-004599
0000756
0000465
-002853
-001572
0000756
-004425
-011061
-006928
0001629
0000232
-006113
-004425
0001280
0000756
-002853
-001572
0002444
0003492
0002095
0000407
-000932
-001281
-001165
-001921
-002736
-002154
-000466
0001338
0003259
0006461
0008498
0005413
0000174
-001339
0000000
0000814
0000756
0000000
-000641
0000349
0001979
0002212
0001397
0000698
0000174
-000408
-000524
0000582
0001804
0001338
-000350
-001980
-002678
-001630
0000291
0001047
0000407
-001456
-003610
-004890
-005181
-005239
-005181
-004832
-004599
-004832
-005356
-005589
-005472
-005298
-004425
-001630
0001338
0001571
0000174
0000291
0001455
0001979
0001920
0001804
0001979
0003318
0004715
0004249
0002619
0001455
0001280
0002619
0004249
0004307
0002910
0000814
-000990
-001339
-000292
0001164
0002386
0002444
0001862
0002386
0003318
0003434
0002619
0001164
-000292
-001165
-001223
-000641
-000059
-000815
-002038
-001630
-000757
-002154
-004716
-005647
-005705
-007219
-008674
-007335
-004133
-001398
-000059
-000757
-002213
-001747
-000117
0000756
0000523
-000699
-002213
-002736
-002213
-001339
-000292
0000873
0001338
0000000
-001863
-001980
-000990
-001281
-001863
-000641
0001222
0001164
-000117
-000466
-000059
0000291
0000058
-002154
-004483
-003901
-001572
-000932
-001281
-000408
0000873
0001164
0000465
-000990
-002038
-001107
0000698
0000756
-000350
-000757
-000292
0000640
0002037
0003609
0005006
0005937
0005588
0002735
-000408
-000466
0001688
0003201
0003143
0000465
-002620
-002096
0000174
-000524
-003144
-004832
-004890
-002969
-000350
0000873
0000523
-000641
-002387
-004308
-005938
-007626
-008266
-006229
-003319
-002795
-004017
-004657
-004483
-003726
-002620
-001048
-000641
-004192
-008092
-005065
0000698
0000116
-004192
-005123
-003086
-000815
0000989
0002153
0002328
0001746
0000931
0000582
0000523
-000175
-000350
0002328
0005471
0004365
0001047
0000523
0001688
0000698
-001398
-002096
-001689
-001048
-000932
-002154
-004133
-005472
-005647
-004599
-003319
-003551
-004948
-006695
-007335
-004483
-001107
-002911
-006986
-006054
-002795
-003842
-007277
-008499
-007743
-006869
-005880
-004075
-002445
-002387
-002911
-001339
0000931
0000698
-000583
0000232
0002386
0003667
0004307
0005355
0006170
0005995
0005064
0004191
0003259
0001164
-000699
-000233
0000989
-000641
-003260
-002562
0000058
0000931
0000174
-001514
-002387
0000465
0004249
0003376
-000350
-002271
-002445
-002504
-002911
-004657
-006578
-006578
-004890
-002620
-000990
-001863
-003959
-004133
-003202
-003377
-004133
-004133
-003551
-003086
-002736
-002562
-002038
-000233
0001920
0002444
0001979
0002328
0002735
0001047
-001048
-000175
0002328
0003609
0003259
0001804
0000000
-000990
-001281
-001863
-002620
-003144
-003144
-001863
-000466
-000815
-002271
-003144
-003260
-002795
-002154
-001630
-001747
-003610
-005472
-004075
-000874
0000873
0000989
0000989
0000349
-001456
-003610
-004948
-005298
-005239
-004541
-002911
-000990
0000232
0000814
0001106
0001106
0000989
0000465
-001107
-002620
-002387
-001107
-000524
-000350
0000523
0001164
0000000
-002271
-004250
-005007
-003901
-001747
0000116
0000698
-000932
-003202
-003086
-001630
-001863
-002795
-001747
0000058
-000233
-001398
-000350
0001571
0001513
0000349
0000407
0000523
-001863
-004774
-004599
-002387
-001281
-000641
0001629
0003667
0001571
-001456
0001513
0006752
0006228
0002270
0001164
0002153
0002037
0001047
0000407
-000233
-001863
-003435
-003551
-002678
-002387
-002387
-001805
-000874
0000116
0001047
0002270
0002968
0001920
0000232
0000116
0000931
0001047
0000582
0000058
-000292
-000292
-000524
-002387
-004133
-002387
0000640
0000640
-001572
-003377
-004192
-003959
-003144
-002445
-002213
-002562
-002504
-000641
0002386
0005413
0006985
0005122
0001804
0001047
0002386
0003667
0004715
0005879
0005995
0003376
0000232
0000523
0002968
0003958
0003667
0003609
0003550
0003085
0002444
0001746
0001106
-000059
-001048
-000524
-000175
-003493
-007626
-006869
-003493
-003435
-005239
-004599
-002678
-002271
-003144
-003842
-004192
-004599
-003842
0000058
0004424
0004016
0001455
0003318
0006868
0005937
0002561
0001862
0003434
0005355
0006577
0005588
0003318
0002212
0001688
-000233
-001921
-000059
0002910
0002270
-000815
-003027
-003610
-002329
-000350
0000232
-000233
0000000
0000291
-000699
-002329
-002911
-002795
-002911
-003144
-002969
-002853
-003668
-004425
-003027
-000583
0000931
0000523
-003202
-006753
-004133
0001571
0003026
0001513
0001571
0002968
0004249
0005297
0006461
0007043
0005821
0003725
0002735
0002328
0000640
-000815
0000232
0002735
0004365
0004307
0002328
0000000
0000291
0001920
0001688
0000116
-001456
-002096
-000583
0001746
0002037
0000756
-000059
-000524
-001165
-001630
-001514
-001223
-001572
-002096
-001572
-000524
-000059
-000175
-000408
-000583
-000524
-000408
-001281
-002038
-000757
0001280
0001222
-000350
-002213
-002969
-001339
0001571
0003376
0003492
0002037
0000465
0001455
0003259
0002037
-001398
-004774
-006520
-005007
-001281
0002270
0003900
0001746
-001980
-003027
-001747
-000350
0000465
-000233
-001339
-000641
0001280
0002794
0003026
0001106
-001630
-002678
-001805
0000465
0002270
0000640
-002678
-003668
-002562
-001339
-000466
-000524
-000641
0001222
0003667
0003841
0002677
0003026
0004249
0004889
0004831
0004307
0003492
0003026
0002386
0000698
-001398
-002504
-002678
-002213
-001514
-001281
-001514
-002329
-002736
-001107
0001397
0002095
0001629
0002386
0002794
-000292
-004657
-005822
-004716
-005065
-005822
-004308
-002213
-002969
-004774
-003610
-000932
-000466
-001398
-001339
-000233
0001688
0003609
0004074
0003841
0004715
0006344
0007742
0008149
0006694
0004773
0004773
0006112
0006286
0006170
0008382
0009895
0004715
-002271
-000990
0004656
0005006
0002037
0002095
0003725
0003318
0001804
0001513
0002212
0003550
0004132
0002270
-000990
-003377
-004250
-003842
-002736
-002213
-002562
-003726
-004657
-002911
-001107
-004425
-009314
-008092
-003027
0000116
0000814
0000058
-000990
0000000
0002095
0003026
0003026
0003434
0003725
0002852
0001746
0002095
0003318
0003492
0003609
0005937
0008615
0008265
0006053
0005413
0005530
0004074
0002095
0001629
0002328
0002677
0002735
0003085
0002910
0000407
-002504
-002271
-000292
0000058
-001107
-002504
-003435
-003027
-001980
-001863
-002329
-002096
-001689
-002445
-003493
-002911
-001805
-002853
-004716
-004483
-002853
-001805
-001339
-000466
0000640
0001746
0002503
0002037
0001513
0003550
0005413
0001746
-003959
-004483
-001223
0000756
0001280
0001397
0001222
0001338
0001513
0000873
0000349
0001571
0003376
0003725
0002619
0000873
-000408
0000931
0002561
-000466
-005007
-004133
-000757
-002445
-005763
-003086
0001571
-001048
-006345
-003319
0002619
-001339
-008558
-004075
0005355
0004132
-002387
-000466
0005588
0004598
0000407
0002095
0007043
0008964
0007858
0005937
0003434
0000349
-001281
0001397
0005355
0004424
0000873
0000756
0002212
-000233
-003610
-001689
0002212
0000698
-003959
-006287
-005822
-003202
-000524
-001281
-003959
-004716
-003959
-003726
-003726
-003144
-002504
-002736
-003493
-004133
-004425
-004890
-004366
-001048
0003026
0004191
0002561
-000233
-002154
-000175
0003609
0004540
0003609
0004307
0005297
0003492
0000640
0000291
0002037
0004191
0005821
0006053
0005355
0005704
0005704
0002619
-001223
-001456
0000232
-001223
-003610
-002271
0000873
0001338
0000523
0002561
0005238
0004307
0001222
-000699
-000874
0000756
0002503
0001338
-001398
-002736
-002562
-002271
-001630
-000350
0001106
0002270
0002386
0000349
-002096
-001689
0000116
-000292
-001689
-001165
0000582
0001571
0002095
0002794
0004016
0006694
0008789
0007043
0003376
0001979
0002328
0001862
0001106
0001164
0001571
0001571
0000873
-000932
-002387
-001281
0001338
0003085
0003434
0002444
0000756
0000058
-000583
-003842
-006695
-003959
0001397
0003259
0001338
-002853
-006753
-006695
-004017
-002969
-003027
-002038
-000699
-000583
-001107
-000990
-000233
0001106
0002095
0000989
-000699
0000232
0002270
0001862
0000349
0001455
0003725
0004132
0002968
0001979
0001397
0001338
0001397
0000523
-000233
0001397
0003434
0001920
-001165
-001165
0000349
-000990
-002911
-000583
0003201
0002968
0000058
-001572
-001980
-002445
-002795
-002678
-002562
-003377
-004541
-004716
-004308
-004075
-004599
-007393
-009081
-003842
0003900
0005646
0002794
0001280
0000756
-001107
-002445
-000292
0003609
0006053
0005995
0003143
-000408
-000874
0000931
0001920
0001629
0000116
-001572
-001689
-000175
0002619
0005006
0004947
0002794
0000465
-001630
-003435
-004541
-004716
-004133
-003260
-002504
-002213
-002504
-003027
-003260
-001863
0000000
0000000
-001107
-000874
-000350
-001863
-003784
-003144
-000757
0000756
0001338
0001804
0001513
-000408
-002387
-002038
0000058
0001804
0002735
0002910
0002503
0002619
0002386
-000059
-002504
-001223
0002095
0003550
0002328
-001456
-005531
-005938
-003668
-001689
-000524
-000175
-000583
-001456
-002329
-002969
-003027
-002154
-001223
-001514
-002329
-001630
-000699
-001921
-004192
-005589
-005298
-002562
0000698
0001397
-000117
-001980
-003086
-002736
-000932
0001629
0003609
0003376
0001571
-000175
-000641
0001746
0005180
0006403
0005413
0003318
0001513
0002212
0004249
0004598
0003958
0005064
0005995
0003376
-000757
-001805
-000815
-001398
-002562
-002038
-001107
-002795
-005239
-004599
-002445
-002736
-004308
-004250
-003144
-002736
-003027
-003144
-003551
-004832
-006171
-005822
-004774
-005181
-005705
-002853
0000989
0000989
-000990
-000350
0001920
0002852
0002328
0000931
-000408
-000117
0001047
0000931
0000756
0003434
0006868
0007218
0005122
0003201
0001571
-000408
-001980
-002562
-002329
-002038
-001630
-000874
0000000
0000814
0001164
0000640
-000583
-002213
-003610
-003668
-003610
-006578
-009489
-006462
-001165
-001048
-004541
-006345
-006171
-004948
-003668
-004425
-005880
-005181
-003260
-002795
-002562
0000582
0004656
0006286
0005180
0002153
-000408
0001164
0004307
0002735
-000408
0002677
0007625
0005122
-000757
-000524
0003085
0002503
-000292
0000000
0001629
-000059
-002620
-000699
0002910
0002328
-000757
-001281
-000524
-001980
-004366
-005239
-004541
-003435
-002096
-000815
0000000
-000583
-001456
-000408
0001164
-000175
-002271
-000641
0002735
0003143
0001629
0001222
0002328
0005122
0007159
0004482
-000059
-000408
0001862
0002037
0000582
-000641
-000932
0000349
0002095
0002037
0000756
-000175
-000641
-001281
-001863
-002445
-002213
0000174
0002386
0000058
-004250
-004832
-002795
-002329
-002736
-001863
-000233
0001397
0002212
0001688
0000407
0000058
0000465
0000523
0000465
0000814
0001047
-000175
-001805
-001572
-000583
-001456
-002620
-001165
0001920
0004656
0005937
0005530
0003667
0001338
0000116
0002328
0005238
0003783
-000292
-002562
-002620
-001572
-000233
-000175
-000874
-000699
0000116
0000756
0001164
0001746
0002095
0001629
0000640
-000117
-000990
-002969
-004832
-004133
-002271
-002329
-003610
-003668
-003027
-002736
-002504
-001223
0000349
0000873
0000523
0000582
0000640
-000117
-000932
-000641
0000814
0003085
0004947
0004656
0002968
0001629
0001338
0002444
0004365
0005937
0006868
0007276
0006636
0003958
0001106
0001164
0002444
0000582
-002271
-002096
0000291
0002270
0002619
0000174
-003493
-005007
-004366
-002853
-001689
-003144
-005531
-004890
-002969
-004075
-006229
-004832
-001572
-000641
-001398
-001805
-001456
0000000
0001571
0001106
0000058
0001629
0004249
0004482
0003376
0004016
0005297
0005122
0004016
0003841
0004074
0003259
0002270
0003026
0004132
0001979
-000932
0000523
0003376
0001164
-003551
-004483
-002678
-001921
-001689
0000116
0001688
-000815
-004599
-003901
-000932
-001456
-003202
-000117
0003609
-001048
-008325
-005705
0001397
0000000
-006054
-006462
-003377
-003027
-004250
-003842
-002562
-002387
-002678
-001514
0000058
0000058
-000990
-001398
-001048
-000175
0001164
0003376
0004540
0001629
-002213
-001281
0002735
0005122
0004947
0002212
-000583
0001106
0004831
0005122
0002619
-000175
-001630
0000814
0003841
0000873
-004599
-004483
-000641
0001571
0001804
0000931
-000874
-003551
-005065
-002329
0001688
0000756
-002736
-002562
-000524
-001165
-003260
-004133
-003144
-000292
0003201
0005238
0005180
0003026
0000407
-000059
0001222
0002503
0003259
0003318
0002910
0002503
0002677
0003841
0005530
0007218
0007800
0005995
0002852
0000232
-001048
-000874
0000116
0000407
0000174
0000523
0000873
0000407
-000524
-001398
-001689
-001165
-000175
0000349
0000582
0001571
0001920
-001107
-004832
-004250
-000757
0001455
0002153
0002153
0001513
0000523
-000059
0000640
0002095
0003026
0003201
0003026
0002735
0002735
0003376
0005122
0006927
0006985
0005238
0001920
-001281
-002445
-001863
-001572
-001165
0000698
0002328
0000873
-002620
-005880
-007335
-005472
-002387
-002620
-004483
-003377
-001165
-001398
-003726
-006229
-008150
-009314
-008383
-003784
0001338
0001455
-001456
-001689
-000117
0000465
0000291
-000292
-000466
0001164
0003259
0002968
0001571
0002212
0004249
0006286
0006985
0005064
0001979
0000698
0001338
0003085
0004656
0004307
0002328
-000059
-001747
-001281
0000291
0000814
0000232
-001339
-002329
0000058
0003492
0003434
0001164
0000465
0000640
-000757
-002678
-003551
-003260
-002329
-001398
-001339
-002271
-003726
-005298
-006520
-006869
-006520
-005065
-001572
0001571
0000174
-003144
-002445
-000059
-002038
-005007
-001630
0004191
0003725
-000292
-000641
0001571
0002212
0002503
0005588
0008673
0007159
0003143
0001455
0002270
0004656
0006519
0004424
0000756
0000873
0003259
0003492
0002386
0002619
0002968
0000989
-001921
-002736
-002271
-002736
-003377
-002038
-000233
-000699
-002445
-003086
-002678
-001921
-001805
-003842
-006462
-006462
-004716
-004017
-003726
-001805
0000582
0001629
0001106
-000874
-002853
-002969
-001339
0000989
0003085
0004016
0003492
0001571
-000175
0000523
0002153
0001338
-001165
-003377
-003842
-000815
0002852
0001455
-002213
-001165
0002328
0002735
0000873
-000350
-000932
-001689
-002445
-003086
-003377
-003260
-002969
-002911
-003319
-004483
-005589
-005065
-003668
-003435
-003610
-002445
-000932
-001339
-002445
-001980
-000117
0002037
0003550
0003492
0002735
0003609
0004889
0003900
0001629
0000291
0000116
0000698
0001513
0001629
0000756
-001689
-004192
-004425
-003144
-002562
-002620
-002445
-001980
-000990
0000058
0000698
0000465
-000932
-002795
-003959
-003959
-002562
-000990
-001572
-003260
-003551
-002329
0000116
0001862
-000583
-004308
-003435
0000465
0002968
0003492
0002561
0000873
-000350
-000524
0000523
0001920
0001513
0001164
0004773
0009313
0009313
0006112
0003958
0002852
0001513
0000291
-000466
-000874
-001339
-001572
-000932
-000117
0000058
-000524
-001689
-002795
-002911
-002562
-003086
-004075
-004366
-004308
-004774
-005531
-006113
-005996
-003959
-001689
-002445
-004308
-002736
-000117
-001572
-004948
-005181
-002911
-000757
0000989
0002619
0003143
0001164
-001921
-003668
-003493
-001223
0001222
0000523
-001048
0001979
0006461
0005762
0002037
0001164
0001979
0000523
-001165
0001571
0004773
0000465
-006171
-004192
0002270
0002968
-000175
-000641
0000349
-000757
-002620
-002387
-001107
-001223
-002562
-003842
-004832
-005356
-005414
-005531
-005239
-003202
-001223
-002271
-004948
-005763
-004890
-003668
-002154
0000174
0002153
0002328
0001338
0001106
0001571
0001862
0002037
0002270
0002328
0001688
0000931
0001338
0002328
0002328
0001920
0002212
0002910
0003026
0002561
0001920
0000931
-000932
-002795
-003435
-003086
-003086
-002969
-002038
-000466
0001571
0002794
0001280
-001339
-001456
0000058
0000349
-000466
-002213
-003493
-001747
0000873
-000117
-002853
-002795
-000757
0000931
0001629
0000931
-000175
0000058
0001513
0003318
0004365
0002852
0000174
-001165
-000757
0001397
0002968
-000059
-005181
-006986
-005356
-001921
0001513
0002328
0001397
0002095
0002677
-000524
-004599
-003610
0000174
0000814
-000117
0001455
0004365
0006112
0005995
0003609
0000756
0000698
0002153
0001979
0000640
-000641
-000990
0000349
0002328
0002503
0001688
0002328
0003201
0001338
-000932
0001280
0005180
0004773
0001979
0001979
0003725
0004132
0003492
0002677
0002270
0003434
0004656
0003026
0000698
0002503
0005588
0003841
-000757
-003784
-004425
-003144
-001223
-001630
-002736
-000874
0002328
0003492
0002910
0002328
0001688
0000640
-000524
-001572
-002154
-001339
-000524
-001863
-004250
-005472
-004657
-000990
0003143
0003783
0001979
0001397
0002037
0002910
0003958
0005064
0006053
0006694
0006868
0006868
0006344
0004773
0002968
0001920
0002153
0004249
0006636
0006694
0004947
0003318
0001920
0000698
-000350
-001630
-002096
-000117
0002328
0001629
-001165
-002387
-002795
-004890
-006695
-004133
-000583
-002678
-007510
-008150
-006054
-005472
-005996
-005763
-004716
-002620
-000524
0000000
-000699
-000815
-000641
-000699
-000815
-000524
0000582
0003492
0006344
0005762
0003259
0002095
0002910
0005646
0008149
0006577
0003085
0002561
0003783
0003143
0001571
0001862
0002794
0001571
0000058
0002095
0005471
0005704
0003434
0001455
0000174
-000641
-000583
0000640
0002270
0002968
0002328
-000117
-002678
-002445
-000466
0000465
0000349
-000059
-000815
-002154
-003144
-001921
-000408
-002911
-005996
-002911
0003026
0004249
0002153
0002037
0003143
0003318
0002735
0001804
0001047
0000814
0001571
0003667
0005762
0005646
0003900
0002328
0001920
0003958
0006868
0007334
0006170
0006228
0006636
0004947
0002852
0003609
0005355
0003783
0000989
0002153
0004831
0003725
0000698
0000232
0001513
0002212
0001979
0000698
-000466
0001280
0003667
0002095
-001281
-001514
0000116
-000466
-002038
-002096
-000932
0000582
0001338
-000175
-002504
-002387
-000757
-001048
-001398
0002212
0006228
0003667
-002154
-003610
-002038
-002271
-003319
-002562
-000874
-000466
-000874
-000699
-000350
-000466
-001048
-001863
-002271
-001630
-000059
0002328
0003841
0002037
-001223
-002038
-000932
-000059
0000349
0000814
0000698
-000815
-002736
-003610
-003319
-002445
-001165
0001047
0002561
0000698
-002271
-001863
0000814
0002794
0003492
0002910
0001688
0001338
0001746
0001862
0001746
0001455
0001746
0004831
0007392
0003026
-003842
-003959
0000000
-000233
-002504
-001223
0001571
0001513
-000117
0000232
0001688
0001979
0000582
-003027
-006229
-004308
-000641
-003144
-007975
-006287
-001281
-001281
-003842
-002387
0000349
-002213
-005880
-001456
0006228
0006344
0001804
0000873
0002503
0002794
0002561
0003958
0006112
0007159
0007101
0006461
0006112
0007742
0009488
0007683
0003725
0000465
-000874
0000640
0002968
0002037
-000350
0000582
0002910
0002328
0000174
0000116
0001513
0002212
0001979
0000931
-000583
-002038
-003551
-005647
-007626
-008790
-008558
-006287
-003784
-004133
-005938
-005472
-003842
-003901
-004657
-003551
-001572
-000815
-000757
0000000
0001455
0003376
0004773
0004365
0002852
0001688
0001222
0001338
0001862
0002444
0002328
0000291
-002038
-001456
0000640
0000349
-000408
0002794
0006985
0006577
0002852
0000000
-000990
0000291
0002153
0001047
-001572
-002096
-001048
-000524
-000059
0001804
0003609
0002794
0000116
-002387
-004075
-005065
-004541
-001630
0002095
0004016
0003318
-000117
-004133
-005472
-003959
-001048
0001862
0002386
0001629
0002852
0004889
0005180
0003900
0001688
-000059
0000465
0002095
0001746
0000523
0001455
0003259
0003201
0001629
0000058
-001514
-004017
-005472
-002620
0001920
0002735
0000931
0000407
0000989
0001280
0001338
0001280
0001106
0000989
0000756
-000117
-000815
0000000
0001455
0001513
0000349
-001048
-001980
-001165
0000000
-001223
-003260
-002504
0000174
0002095
0002852
0002735
0001920
0000756
-000233
-000524
-000233
0000349
0000698
-000117
-000990
0000523
0002503
0000931
-002387
-003144
-002329
-002853
-004075
-004716
-004832
-005123
-005123
-003784
-002736
-004948
-007684
-005298
-000466
0000814
-000990
-003260
-004483
-002271
0001106
0001047
-001514
-003551
-004366
-003377
-001689
-002038
-002795
-000059
0003318
0001397
-002504
-001107
0003143
0003550
0002153
0005064
0008149
0002677
-005065
-002038
0006170
0006170
0000756
-001689
-001165
0000000
0001397
0002852
0002910
-000408
-004250
-003202
0000349
0000174
-001980
-001339
0000698
0001164
-000059
-002620
-004948
-004308
-002387
-002911
-004774
-005065
-004366
-004425
-004366
-002038
0000640
0000349
-001863
-003086
-002969
-002038
-000524
0001106
0002328
0002561
0002444
0003550
0005122
0005937
0005995
0006344
0006461
0005122
0003725
0004947
0007159
0006636
0004249
0002444
0001688
0002095
0003026
0002910
0001920
0000814
0000116
0000814
0001862
0001106
-000815
-002154
-003144
-005007
-006695
-006462
-005007
-003726
-003610
-005822
-008558
-008849
-006578
-002387
0000931
-000932
-005356
-005996
-004017
-003551
-003551
-001107
0001862
0002153
0000523
-000583
-000699
-000059
0001164
0002328
0003026
0002968
0002153
0000465
-000699
0000465
0003085
0005180
0005937
0004831
0002561
0000873
0000058
-000292
-000233
-000292
-000874
-002736
-004308
-002620
-000175
-002154
-006229
-007451
-005880
-002911
-000466
-001339
-003959
-004657
-003726
-002969
-002271
-001048
0000116
0000465
0000698
0002619
0004831
0004598
0002677
0001222
-000117
-002911
-005123
-003202
0000407
0000523
-001514
-001572
-000466
-000175
-000990
-002795
-004483
-004599
-003144
-000641
0001513
0001455
0000291
0001397
0002910
0001397
-001980
-004599
-004774
-000466
0004424
0002619
-002504
-002795
-000059
-000117
-002038
-002736
-002504
-002853
-002678
0000116
0003550
0003841
0002037
0001164
0001397
0001629
0002503
0005297
0007858
0006403
0002561
0000465
0000349
0001164
0002153
0002270
0001280
-000292
-002096
-004425
-005647
-003027
0000582
-000641
-004075
-003435
-000466
0000291
-000815
-001863
-002678
-003726
-004366
-003901
-002969
-002795
-003319
-004133
-004774
-005239
-004599
-001747
0001397
0001164
-001107
-002154
-001863
-000932
-000059
-000408
-001456
-002154
-001863
-000117
0002270
0004365
0005471
0005704
0005064
0003609
