0003376
0001746
0001338
0001513
0001629
0000232
-001747
-002329
-002329
-003842
-005822
-005880
-004308
-002096
-000350
0000116
-001107
-004541
-007335
-005007
-000175
0000931
-000583
-000757
-000117
-000350
-001165
-001921
-001980
0000000
0002444
0002968
0001746
0000349
-000757
-001339
-000815
0001513
0004249
0005530
0004773
0001746
-001572
-002038
0000000
0002328
0004424
0006810
0007916
0005646
0002328
0002561
0004831
0004656
0002968
0002735
0002794
0000291
-003377
-005531
-005822
-004425
-003086
-005065
-007975
-007044
-003493
-000815
-000117
-002038
-004657
-003842
-001398
-001863
-004075
-005589
-005239
-001863
0001979
0001164
-001689
0000000
0003841
0004132
0001979
0000465
0000291
0001455
0003434
0005180
0006228
0006752
0006519
0005471
0004307
0004074
0004656
0005704
0006344
0005238
0003667
0004482
0006228
0005704
0003492
0000814
-000233
0004016
0009197
0006752
0000349
-001281
0000523
0000931
0000000
-001107
-001863
-001107
-000059
-001107
-003726
-006229
-007684
-007044
-004948
-002969
-001863
-002329
-003435
-003144
-001747
-000408
0000640
0001338
0001804
0002677
0003492
0003841
0003376
0001979
0000523
0000232
0001280
0003318
0005122
0005064
0003841
0003492
0003900
0004307
0004656
0004889
0005006
0005297
0005646
0005821
0005530
0004831
0003550
0001164
-001281
-002154
-002213
-003959
-005239
-001689
0003492
0004249
0001629
0000116
-000990
-004192
-006637
-002736
0002735
0000058
-005705
-002620
0004540
0004249
0000058
0001571
0005646
0004249
0000989
0004016
0009313
0007392
0002153
0002794
0006403
0005064
0000814
-001165
-000874
0000116
0001047
0000931
-000175
-001630
-002620
-001572
-000233
-002213
-005356
-004832
-002154
-001339
-001630
-000466
0000989
0000174
-001165
0000407
0002968
0002153
-000641
-002504
-002504
-000117
0002619
0001862
-000699
-001048
0000407
0001397
0001746
0001513
0000814
-000292
-001165
-001165
-000117
0001746
0003841
0005122
0005588
0006053
0006053
0004773
0003085
0002328
0002677
0003609
0004715
0005588
0005238
0002386
-001339
-003027
-002911
-002736
-002795
-003377
-004133
-004192
-003668
-003260
-002853
-001747
-000990
-002271
-004366
-004483
-003435
-003668
-004192
-002678
-000233
0000989
0001397
0002677
0004074
0004191
0003201
0001979
0000989
0000174
0000058
0001164
0002852
0003667
0003958
0005064
0006228
0006053
0004947
0004074
0002794
-000466
-003493
-002504
0000349
-000059
-002271
-002620
-001281
0000291
0001397
0000873
-000292
0000465
0001455
-001165
-004890
-004832
-002445
-001863
-002387
-001747
-000815
-001456
-002795
-002795
-001921
-001630
-001048
0001920
0004773
0002968
-001107
-002213
-000874
-000292
0000407
0003841
0007509
0007276
0004482
0003026
0002619
0001455
0000582
0002095
0004540
0005413
0004889
0004424
0003841
0002852
0001862
0001222
0001338
0002968
0004831
0004831
0003492
0002153
0001455
0001804
0002212
0000349
-002271
-002154
-000874
-001863
-004017
-004425
-003435
-002504
-001689
-000350
0000174
-002038
-005239
-005822
-004716
-005181
-005472
-002096
0002735
0004016
0003201
0004656
0006228
0003085
-000874
0002677
0008964
0007742
0001979
-000524
0000407
0002503
0004598
0004540
0003318
0003434
0004656
0006228
0007043
0005413
0002968
0003376
0005122
0004773
0002735
0000000
-001980
-001165
0000582
-000874
-003726
-004017
-002387
-000932
-000117
0000000
-000292
-000059
0000407
0000349
-000117
-001107
-001514
0000465
0003318
0004074
0002794
0000756
-001165
-002329
-002213
-000641
0001222
0001571
0000582
-000408
-001048
-001165
-000932
-000990
-000990
-000059
0000349
-002387
-006229
-007626
-006287
-003435
-000233
0001746
0002037
0000873
-000815
-001514
-001456
-001805
-001980
-000699
0001222
0002328
0002328
0001629
0000873
0001629
0002852
0001862
0000465
0002095
0005180
0006286
0005413
0003318
0001513
0002328
0004598
0005355
0004715
0003900
0003550
0004540
0005704
0004365
0002037
0002270
0003492
0001629
-000874
0000640
0003900
0003492
0000407
-002038
-003493
-004425
-004308
-002096
0000000
-001921
-005705
-006462
-005647
-007219
-010129
-012167
-012516
-011119
-008325
-004657
-002154
-003144
-006229
-008383
-007917
-003144
0002328
0001920
-001921
-002504
-000641
0000058
0000582
0003085
0006053
0006519
0005471
0005355
0005762
0005413
0004365
0002444
0001047
0002503
0004889
0004365
0001629
-001107
-002562
-000990
0001804
0002095
0001047
0002212
0003900
0002503
-000524
-002213
-002445
-001863
-001398
-002678
-004483
-004192
-003144
-004425
-006811
-007335
-006928
-008325
-009955
-008616
-005705
-004716
-004599
-002154
0000756
0000640
-000874
0000174
0002386
0002153
0000814
0001688
0003434
0003026
0001571
0001979
0003143
0002153
0000349
0000756
0002153
0001571
-000175
-000874
-000583
-000699
-000117
0004191
0007625
0001746
-006928
-004890
0002270
0000465
-005822
-005181
-000408
0000640
-000524
0000873
0002386
-001223
-006345
-006229
-002329
0000931
0001920
-000815
-004890
-005414
-003319
-001921
-001339
-000990
-000583
0000465
0001571
0001513
0000814
0001106
0001455
0000000
-002096
-002096
-001456
-003784
-007044
-007219
-004832
-001980
-000175
-001572
-004366
-004948
-003959
-003959
-004133
-002562
-000757
-001689
-003784
-003144
-001223
-001281
-002445
-002154
-001398
-002562
-004366
-004192
-002504
-001223
-000583
-000408
-000757
-001689
-001863
0000465
0003783
0004947
0004249
0003376
0002561
0001455
0000989
0002386
0004365
0004016
0002561
0002910
0004191
0003841
0002503
0001571
0001106
0000756
0000814
0001979
0003026
0001920
-000350
-001339
-001165
-000932
-000233
0002386
0004715
0003259
-000408
-002795
-003551
-003959
-003784
-002853
-002038
-003086
-004948
-005822
-005589
-004832
-003842
-003260
-002620
-000524
0001513
0001106
-000583
-000757
0000174
0000116
0000174
0002386
0005297
0006228
0005413
0004307
0003609
0004249
0005355
0005122
0003783
0002153
0001164
0002270
0003783
0001688
-001630
-001165
0001455
0001629
0000291
0000291
0000931
0000291
-000815
-000641
0000232
0000873
0000640
-001223
-003086
-001863
0000756
0000873
-000990
-002795
-004075
-004716
-004657
-004832
-004366
-001630
0001455
0000989
-001048
-000059
0002561
0003667
0002968
0000873
-001398
-001921
-000815
0001047
0003201
0005122
0006228
0006112
0005180
0004424
0003900
0003318
0002619
0001629
0001047
0002212
0003201
0000000
-004017
-002329
0002328
0003492
0001804
0000000
-001165
-000466
0000000
-004250
-009198
-007044
-000815
0001920
0001280
0000232
-001223
-003901
-005647
-002736
0001106
-001456
-006462
-004774
0000523
0001455
-000059
0001571
0004540
0005064
0003667
0002561
0001920
0001513
0001338
0001222
0001280
0001571
0002794
0006286
0009604
0008789
0005122
0002212
0001047
0001979
0003783
0003900
0003026
0003492
0004365
0003492
0001862
0001571
0001455
-001514
-004716
-003551
0000291
0002386
0002328
0000814
-001223
-002387
-002562
-002678
-002038
0000873
0003725
0002386
-001048
-001514
0000232
0001047
0000931
0000174
-000641
-000350
0000814
0002212
0003492
0004424
0004656
0003958
0002735
0001862
0001280
0000058
-000874
0000058
0001629
0001513
0000116
-000990
-001572
-001689
-001107
-000059
0000989
0000989
0000174
-000641
-001165
-001107
-000757
-000583
-000932
-002329
-003319
-001281
0001746
0001746
-000117
-000524
0000407
0002037
0002910
0000873
-002038
-001456
0000814
0000291
-001281
0000349
0003492
0004074
0002852
0002386
0002444
0002153
0001862
0002270
0003434
0005762
0007276
0004831
0000291
-001921
-002445
-003784
-005065
-004657
-003319
-002620
-002504
-002445
-002154
-000874
0000291
-000524
-002445
-003493
-003027
-000466
0001979
0000582
-002969
-004541
-004308
-004366
-004017
-002213
0000291
0002444
0003376
0002503
0000640
-000932
-000874
0002561
0006519
0005471
0001688
0000698
0001804
0001862
0001513
0002328
0003900
0005646
0006403
0004598
0001862
0001455
0002386
0001629
0000174
0000465
0001746
0002095
0001746
0001629
0001513
0000989
-000059
-002096
-004017
-003901
-003027
-004541
-006753
-005938
-003901
-005007
-007277
-006113
-003435
-003551
-005298
-005298
-004192
-003959
-004133
-003086
-001980
-002911
-004774
-005472
-003901
0001397
0006577
0004831
-000059
0000640
0005238
0008848
0009604
0005413
0000523
0003667
0009604
0006403
-001107
-001456
0002386
0001746
-001165
-000524
0001629
0000582
-001980
-001921
-000524
-000932
-002213
-001689
-000524
-001747
-003668
-002329
-000117
-002736
-006869
-005123
-000815
-001398
-004657
-004832
-002969
-002329
-002504
-001921
-001165
-001689
-002329
-000466
0002153
0001746
-000175
0000174
0001746
0001397
0000349
0001629
0003841
0004132
0003026
0002503
0002444
0002444
0002386
0001979
0001571
0001455
0001571
0001629
0001513
0001106
0000698
0000640
0000523
-001048
-002562
-001165
0001397
0000873
-001107
-000408
0001397
0000465
-001805
-001863
-000699
-001048
-001980
-001048
0000523
-000117
-001630
-001048
0000931
0002735
0003434
0002270
0000116
-000699
-000815
-002620
-004425
-002853
0000232
0000407
-000874
0000174
0001746
-000117
-003784
-005996
-005531
-001281
0003318
0002037
-002620
-004133
-003260
-003260
-003726
-003842
-003202
-001165
0000523
-001048
-003842
-003435
-000990
0000407
0000523
0000232
-000408
-001223
-001689
-001281
-000408
-000059
0000232
0001804
0003550
0003376
0001979
0000989
0000931
0001979
0003725
0005704
0006170
0002386
-002562
-003202
-000292
0003085
0005122
0003783
0000931
0000756
0001979
0001164
-001398
-004832
-007102
-005531
-001921
-000350
-000524
-000524
-000175
0000873
0001338
-001107
-004133
-003202
-000350
-000292
-002213
-003202
-003144
-002504
-002154
-003901
-005763
-003842
0000116
0002212
0002095
0000931
-000408
-000059
0001164
0001164
0000931
0002910
0005180
0004074
0001746
0002735
0005355
0005064
0003085
0003085
0003434
0000116
-003901
-002911
0001338
0004074
0004715
0004249
0002444
-001398
-004425
-002678
0001746
0003783
0002968
0000640
-002387
-005239
-006637
-005647
-003551
-003144
-003610
-002620
-001107
-000874
-001980
-004599
-006404
-003959
0000465
0001862
0000698
-000583
-001339
-001107
-000117
0000989
0001979
0003026
0003434
0002444
0001222
0002095
0004016
0004191
0003201
0003318
0003783
0002968
0001164
-001165
-003086
-003726
-002387
0001571
0005238
0003201
-001048
0000291
0004016
0002153
-002562
-003435
-001689
-001339
-002096
-002620
-003202
-004832
-005938
-004075
-000815
0000116
-000757
-001223
-001514
-002736
-003610
-001863
0000640
-000059
-002504
-003086
-001921
0000000
0001746
0002444
0002037
0001280
0000582
0000640
0001106
0000873
0000174
-000292
-000466
-000583
-000641
-000466
-000408
-001048
-001689
-001048
0000291
0001222
0001571
0001804
0001746
0001397
0000814
0000058
-000990
-002969
-004716
-004716
-003377
-002387
-001689
-000641
0000174
-000466
-001514
-000815
0000465
-000117
-002213
-004599
-005938
-005007
-002329
0000232
0002270
0003783
0004656
0005064
0004773
0003026
0001047
0001047
0001862
0000756
-001456
-003027
-003493
-002504
-001339
-002736
-004832
-003784
-001223
-000874
-002620
-005298
-006986
-004541
-000990
-002504
-006171
-005298
-001863
-001223
-002562
-002911
-002911
-004250
-005531
-004250
-002213
-003202
-005822
-006753
-005356
-001223
0003434
0005122
0004307
0003434
0003026
0003201
0003434
0002386
0000989
0000523
0001338
0003376
0005238
0004249
0002095
0002561
0004482
0005006
0004191
0002968
0001513
-000059
-001281
-002096
-001980
-000641
0000931
0001338
0000349
-001572
-003202
-002154
-000815
-004250
-008674
-006404
-000583
0000814
-000408
0001862
0004132
-001048
-007975
-005007
0002095
-000641
-007626
-005647
0001222
0002735
0000873
0002153
0004598
0003201
0000523
0002212
0005995
0006403
0004540
0004307
0004656
0002910
0000873
0002212
0004831
0004249
0001804
0001280
0001920
0001455
0000698
0001455
0002619
0001571
-000466
-000990
-000699
-001572
-002853
-003086
-002620
-002562
-002795
-003027
-003202
-003435
-003493
-002911
-001980
-001223
-001048
-001863
-003086
-003260
-002853
-003202
-003144
-000408
0003143
0004016
0003201
0004424
0006112
0004947
0002619
0002561
0004016
0004424
0004307
0005471
0006519
0004540
0001222
0000291
0001106
0001106
0000698
0001106
0001746
0001222
0000582
0001920
0003841
0003783
0002328
0001222
0000582
0000232
-000233
-002096
-003493
-000874
0003376
0004249
0002270
-000117
-002504
-005298
-006695
-004599
-000641
0001513
0001513
0000640
-000466
-000990
-000408
0001338
0003143
0003376
0002095
0000582
-000641
-001339
-000757
0002328
0005471
0004424
0001106
0000465
0001397
0000698
-000990
-001572
-001514
-002387
-003027
-001514
0001164
0003143
0003609
0002212
-000117
-001514
-002038
-003319
-004250
-002678
-000524
-001398
-003901
-004366
-003493
-003377
-003726
-003319
-002445
-001689
-001048
-000583
0000407
0003143
0006170
0006577
0005646
0006985
0009080
0008731
0007043
0006985
0007392
0005355
0002910
0003958
0006577
0006403
0003900
0001047
-000815
0000116
0001979
0000349
-002736
-002736
-001165
-001747
-003901
-006171
-006986
-003726
0000291
-001223
-005298
-004657
-001339
-000757
-001630
-000117
0001571
-000932
-005356
-006811
-005938
-005647
-005589
-005239
-003901
0000407
0004249
0001338
-003668
-001281
0005413
0008149
0007334
0006228
0004656
0001513
-000874
0001338
0005006
0003201
-000699
0001106
0005530
0005297
0002212
0001280
0001979
0002503
0002095
-000059
-002911
-004948
-005181
-002620
0000465
0000407
-002038
-003842
-004657
-005007
-004832
-004657
-004716
-005589
-006054
-003901
-000466
0001455
0001804
0001455
0000873
0000756
0001047
0001397
0001455
0000873
0000116
-000233
0000058
0001222
0002444
0002037
0001222
0002561
0004773
0005180
0004307
0004365
0004656
0003900
0002619
0002095
0002212
0002503
0002910
0003725
0004132
0002677
0001047
0003026
0005937
0004132
0000407
0001513
0004598
0003143
-001048
-003551
-004250
-004657
-004308
-002387
-000408
-001339
-003668
-003959
-003144
-004017
-005647
-006113
-005589
-004774
-003842
-002620
-001339
0000232
0001164
0000349
-001398
-002271
-001747
0000174
0002794
0005006
0005704
0003318
0000058
-000350
0001397
0002561
0002910
0002503
0001746
0001455
0001629
0001979
0001920
0000407
-001921
-004425
-005705
-004541
-001863
0000407
0001513
0001571
0000756
0000291
-000117
-001281
-002504
-002271
-001281
-001339
-002096
-003086
-003260
-001165
0001920
0003725
0004074
0003376
0002386
0002444
0002735
0001513
-000117
-000466
0000640
0002910
0004598
0002852
-000350
-000815
0000698
0001688
0001862
0001047
0000174
0001222
0002444
-000175
-003959
-003610
-000932
-000641
-001805
-001689
-000466
0001047
0001979
0001455
-000117
-001456
-001921
-000932
0000232
-001165
-003901
-005123
-004716
-003144
-001339
-000815
-000815
0000931
0002968
0002328
0000756
0002503
0005413
0004598
0001804
0000873
0001571
0002212
0002619
0003201
0002794
-000466
-004308
-004832
-002969
-001805
-001223
0000349
0001455
-000117
-002795
-003144
-002038
-002678
-003668
-001747
0000814
-000874
-004308
-003842
-001456
-002096
-004250
-004133
-002795
-002969
-003901
-003377
-002445
-003202
-004483
-004250
-002213
0001513
0005122
0006403
0005180
0002794
0000698
0000814
0002619
0004482
0005238
0003434
0001106
0002561
0005762
0006228
0004365
0001979
0000232
0000291
0001164
0000465
-001107
-001456
-001398
-003551
-005822
-004541
-001398
-000350
-001339
-002795
-004425
-005938
-006695
-005938
-004657
-004832
-005938
-006171
-005414
-003668
-002271
-003551
-005647
-004657
-002154
-001863
-002678
-001398
0000465
-000699
-002620
-000233
0003201
0000989
-003842
-004541
-001747
0001513
0003434
0001920
-000815
-000292
0002677
0005122
0006344
0006170
0004889
0003550
0002444
0001688
0000989
-000350
-001980
-003319
-003493
-001165
0001222
-001398
-005705
-004774
-000583
0001571
0000989
-001805
-005239
-006171
-005472
-005705
-006520
-006695
-005996
-004366
-002678
-001980
-002154
-002445
-002271
-000757
0000989
0000931
-000408
-001223
-001165
0000407
0001920
0000523
-001747
0000000
0003026
0001688
-002678
-006520
-007975
-005356
-000699
0002095
0002386
0000931
-001048
-001572
-000815
-000059
0000291
-000059
-001107
-002562
-003784
-003842
-003202
-003784
-004308
-001980
0000756
-000757
-004425
-005822
-004890
-003551
-002038
-000524
0000582
0001047
0001164
0002444
0003143
-000350
-004250
-001048
0005238
0005646
0001746
-001165
-001863
0000814
0004307
0003492
0000058
-001398
-001572
-003027
-004425
-002911
-000408
-001223
-003377
-001921
0000756
-000350
-003551
-004483
-003493
-002387
-001689
-001339
-002096
-004541
-007626
-009896
-009955
-006578
-001689
0000698
0000873
0000873
0000465
-001456
-003202
-001921
0000291
-001689
-005007
-003726
0000582
0003376
0004656
0006053
0006752
0005122
0003026
0003609
0005704
0006228
0005180
0003667
0001513
-002038
-005239
-005996
-004716
-003493
-002504
-001339
-000583
-001223
-002387
-002795
-002329
-001048
-000408
-003319
-006986
-005705
-002096
-002213
-005007
-006811
-007626
-008790
-009314
-007917
-005589
-004192
-003726
-003260
-002795
-002911
-002329
0001688
0005995
0005064
0001047
-001165
-000583
0002968
0006694
0005355
0001280
0000116
0000814
-000583
-002154
0000465
0004365
0003609
-000059
-001980
-001863
-000641
0000989
0001746
0001222
-000408
-002038
-002038
-001572
-003610
-006345
-006287
-004250
-002678
-002096
-002387
-003493
-004890
-005589
-004075
-001456
0000116
0000349
0000058
-000757
-002562
-003726
-002038
0000814
0001047
0000000
0001222
0003492
0004074
0003492
0003550
0003900
0003841
0003201
0001688
0000407
0000931
0002561
0003143
0002968
0003609
0003900
0002095
-000815
-002969
-003319
-001339
0001862
0003958
0004191
0002503
-000233
-002445
-003260
-001921
0000000
-000408
-002096
-002504
-001863
-001048
-001107
-004017
-007102
-005472
-001107
0001222
0001047
-000932
-002620
-000175
0003609
0002386
-001223
-000583
0002328
0002735
0001222
0000349
0000000
-000932
-001514
-000408
0001804
0004074
0005413
0004831
0002852
0000465
-000932
0000407
0002386
0000873
-002445
-003260
-002038
-001048
-000233
0001513
0002677
0001338
-001747
-004890
-006287
-004192
-000117
0002794
0003492
0001688
-001048
-001572
-000524
-000292
-000757
-001456
-001980
-001281
-000350
-001339
-002504
-000350
0003026
0002794
0001222
0003725
0007800
0007974
0005530
0004598
0004307
0001862
-000117
0003492
0007858
0002794
-005647
-004774
0001397
0001862
-000757
0001106
0004482
0002328
-002096
-001514
0001513
0000582
-002387
-002562
-000699
0000698
0001164
0000640
-000408
-000466
-000583
-003144
-005938
-004774
-001398
0000058
0000000
0000989
0001979
0001397
-000059
-000641
-000233
0000989
0002095
0001862
0000756
0000000
0000232
0001804
0004132
0006461
0007509
0005937
0002910
0000407
-000408
0001513
0004249
0003900
0001571
0000349
-000350
-002678
-005123
-005647
-004250
-002096
-000292
-000292
-001514
-002562
-002795
-001514
-000175
-001339
-003842
-005298
-005007
-002736
-000059
0000407
-001281
-004250
-006113
-003551
0001280
0003550
0003318
0002328
0001397
0001571
0002735
0004191
0005646
0007101
0007567
0005762
0002852
0001338
0000989
0000291
0000000
0001571
0003667
0003958
0002910
0002270
0001804
0000640
-000350
0000291
0001920
0003085
0002910
0000232
-002562
-001048
0002444
0002386
-000292
-002562
-003551
-002329
-000466
-001048
-002736
-002096
-000466
-000990
-002795
-003493
-003377
-003784
-003784
-001398
0001746
0002794
0002270
0002444
0002444
-000175
-002387
0001455
0007334
0007101
0003143
0002852
0004074
0000756
-003377
-000874
0004947
0006403
0004249
0002153
0000582
-000699
-001048
0000116
0001804
0002153
0001455
0001164
0001047
0000232
-000757
-001398
-001339
-000059
0001338
0000756
-000466
0000989
0003376
0002852
0000814
0000814
0002095
0002444
0001979
0001688
0001688
0002270
0003026
0003376
0003492
0004365
0004889
0003143
0001047
0002444
0005122
0004365
0001047
-002271
-004192
-003493
-001339
-000292
0000058
0001688
0003143
0001920
-000757
-002504
-002853
-002271
-000874
0001397
0003026
0001513
-000990
0000174
0002735
0001164
-002271
-001980
0000349
0000058
-001456
-000233
0001571
-001223
-005007
-002329
0003434
0004482
0002503
0002852
0004074
0002794
0000232
-001048
-000583
0001222
0003550
0004715
0004947
0005995
0006752
0005297
0002503
-000408
-001863
-000175
0002444
0001222
-002038
-002562
-001630
-002853
-004774
-003901
-001572
-000583
-000932
-001747
-002853
-004192
-005065
-004716
-003319
-001398
-000233
-001689
-004075
-003842
-001921
-001107
-001572
-002736
-003901
-004425
-003435
-000059
0003550
0003667
0001280
-000350
-000583
0000232
0002270
0005646
0008265
0007334
0003783
0000174
-001630
0000232
0003667
0004132
0002968
0004831
0007218
0005355
0001513
0000640
0001804
0001571
0000407
0000116
0000000
-001456
-002969
-002271
-000408
0000058
-000757
-001165
-001980
-004657
-007626
-008383
-006928
-004366
-001980
-001572
-002562
-003144
-003027
-002213
-001048
-000059
0000232
-000583
-001863
-002445
-002038
-000641
0001106
0002328
0002968
0003667
0004191
0004365
0004249
0004424
0004656
0004074
0003667
0005588
0007451
0004947
0000349
-001572
-000583
0001746
0003667
0002735
-000059
-001863
-002154
-001281
-000350
-001921
-003959
-002213
0001164
0001397
-000466
-000990
-000757
-001398
-002620
-003377
-004075
-005880
-006869
-003610
0001047
0001280
-001223
-001921
-000641
0001979
0004365
0003841
0002270
0003900
0006868
0007043
0004715
0001571
-001165
-001805
-001223
-002038
-003027
-001165
0001280
-000292
-003959
-005239
-004483
-003726
-002911
-001514
-000175
0000291
0000000
-000350
-000524
-000583
-000175
0001688
0002503
-002271
-008150
-006054
-000175
-000757
-004716
-003726
-000583
-002504
-005763
-002154
0003667
0001397
-004599
-004541
-000117
0002968
0004249
0004889
0004598
0003318
0001804
0000873
0000873
0001629
0002968
0005006
0005762
0001746
-003260
-001863
0002735
0002619
-001165
-004366
-006287
-007160
-006520
-004075
-001398
-001572
-002969
-001689
0000640
0000523
-001747
-005007
-007451
-006520
-004133
-005181
-006928
-002969
0002910
0002852
-000815
-001921
-000641
0000873
0002095
0002561
0002386
0002153
0002153
0002794
0003318
0001979
0000407
0001862
0004424
0004016
0001629
0000232
-000175
-000757
-001048
-000932
-000175
0001513
0002852
0001280
-001281
-000757
0001280
0000873
-000583
0000407
0002037
0000407
-002678
-003493
-002329
-001223
-000641
-000990
-001863
-001980
-001805
-001921
-002736
-005065
-007219
-006229
-003726
-003493
-004192
-002387
0000582
0002270
0002386
0001688
0000873
0001164
0002386
0003725
0004365
0003026
0001047
0001455
0003026
0002794
0001688
0002095
0002968
0001746
-000059
0000931
0003434
0004656
0004249
0002270
0000116
-000233
0000523
-000233
-001223
0000174
0002212
0001280
-001398
-003086
-003377
-002096
-001747
-007510
-014320
-012574
-005531
-001398
-000932
-002213
-003901
-003435
-001689
-001572
-002620
-003668
-004133
-003610
-002096
0000291
0002037
0000582
-001747
-000175
0003201
0003201
0001280
0001222
0002212
0001804
0000640
0000058
0000640
0003143
0005530
0003900
0000640
0000756
0003143
0004482
0004074
0001862
-001107
-002678
-003027
-003435
-004075
-005414
-006054
-003377
-000408
-003260
-008325
-007626
-003551
-002387
-003493
-004133
-003726
-001921
0000174
0000291
-000524
0000407
0001571
-000583
-003493
-002504
0001106
0004016
0005413
0005588
0004016
-000350
-004425
-002969
0001164
0000989
-001165
0001047
0004598
0002794
-001572
-001747
0000349
-000524
-003202
-004716
-004657
-003027
-001456
-002620
-004890
-004250
-001572
0000640
0001571
0001106
-000524
-002853
-004425
-003668
-001165
0001280
0002852
0003259
0003026
0003900
0004540
0001920
-001747
-002504
-000815
0000756
0001979
0002968
0003434
0003318
0002735
0002037
0001455
0001047
0000756
-000175
-000932
0000291
0001513
-001514
-006229
-007626
-006287
-005007
-004192
-003901
-004250
-004948
-005239
-003726
-001689
-001514
-002795
-003726
-003901
-002562
-001165
-002445
-005065
-005938
-005181
-003784
-002387
-001572
-001223
-000757
0000174
0002386
0004482
0003667
0001979
0003667
0006577
0005646
0002794
0002677
0004540
0005937
0006344
0005879
0004424
0001862
-000350
-000408
0000989
0001920
0001688
-000117
-002154
-001805
-000233
-000466
-001339
-000175
0001920
0002794
0001804
-001456
-005123
-006345
-005589
-005356
-005589
-005647
-005123
-003610
-001572
0000232
0000989
0000000
-001689
-002445
-001805
0000523
0002735
0001920
-000524
-001165
0000232
0002852
0005297
0005180
0003667
0004249
0005238
0002794
-000874
-001689
0000116
0002619
0004424
0004132
0002270
0000523
-000350
0000407
0001688
0001047
-000466
-000641
0000291
0001455
0002561
0003609
0003900
0002561
0000291
-001339
-002271
-003202
-003493
-001747
0000232
-000583
-003144
-004832
-005414
-005298
-004774
-004832
-004308
-000583
0003434
0002328
-001223
-000524
0002270
0001629
-000641
0000174
0002444
0002270
0000523
-000466
-000408
0000174
0000814
0000465
-000408
-000408
0000116
0000465
0000523
0000116
-000350
0000000
0000698
0000989
0000756
-000175
-000583
0001920
0004947
0003841
0000698
0000465
0002095
0001862
0000814
0001513
0002735
0002212
0000582
-000175
-000117
0000174
0000465
0000523
0000174
-000990
-001863
0000000
0002735
0002968
0001688
0002037
0003259
0003434
0002735
0001862
0001106
0000465
0000523
0001746
0003492
0004889
0005064
0003201
0000523
-000932
-001107
-000932
-000641
-000408
-000524
-001048
-001398
-000233
0000989
-000466
-003144
-003726
-002969
-003202
-004308
-005531
-006229
-005589
-003551
-000466
0002095
0001746
-000117
-000408
0001047
0004016
0006461
0004947
0001338
0000116
0000756
0000989
0001397
0003550
0006112
0006927
0006636
0007800
0008906
0006868
0003725
0003667
0005122
0004074
0001455
-000524
-001223
-000466
0000756
0000000
-001689
-001398
-000466
-002038
-004366
-003726
-001514
-001048
-002154
-003959
-005647
-006229
-005589
-003842
-001689
0000174
0000989
0000523
-001107
-003493
-005239
-004541
-002678
-002795
-003959
-003260
-001630
-001339
-001107
0002444
0006170
0004307
0000116
0000931
0004540
0004947
0003143
0002212
0002270
0002968
0003376
0001804
-000583
-001863
-001398
0001222
0003958
0003492
0000814
-000524
-001281
-003784
-006345
-006229
-004366
-003319
-003027
-002620
-002387
-002504
-002736
-002678
-002213
-000932
-000059
-001747
-004366
-004250
-002562
-002445
-002969
-001863
-000059
0000174
-000175
0001455
0003841
0004540
0004191
0004831
0005704
0005238
0003667
0001571
0000232
0001455
0003783
0003492
0002386
0004715
0007742
0005821
0001455
0000582
0001979
0001455
0000058
0000232
0001513
0002794
0003143
0001397
-001339
-003377
-003726
-001107
0001688
-000408
-004948
-006345
-005298
-005763
-005705
-000583
0005122
0002968
-002969
-002736
0000698
-000757
-003842
-000699
0004482
0002794
-002271
-001572
0001920
0000873
-002562
-002969
-001339
-001281
-001863
-000815
0001047
0001688
0001862
0003900
0005879
0004424
0001106
-000583
-000757
-001107
-001107
0000698
0002561
0001280
-001572
-002387
-001630
-000815
-000350
-000524
-001223
-001980
-002562
-002795
-002329
-000641
0001222
0001571
0000523
-000874
-001747
-001165
0000523
0002328
0003201
0001862
-000408
-001456
-000699
0001920
0004598
0004074
0001629
0000523
0000873
0001920
0002735
0001862
0000232
0000116
0000407
-001572
-003959
-002795
-000408
-002213
-005007
-001747
0003725
0003026
-000815
-000059
0003085
0003085
0000465
-002969
-005531
-005472
-003319
-001223
-000059
-000699
-001980
-001572
-000117
0000698
0000349
-001514
-003377
-002271
0000349
0001280
0001047
0001804
0002619
0001746
0000291
0000465
0002037
0004424
0005762
0003376
-000466
-000874
0000931
0001164
0000640
0001979
0003318
0001280
-002504
-004133
-004017
-004192
-004425
-003668
-002678
-002911
-003377
-001630
0000465
-000466
-003202
-004366
-004599
-006287
-007917
-006578
-003610
-001689
-001107
-001281
-001747
-001805
-001630
-002096
-002504
-001223
0000931
0001979
0002037
0001804
0001513
0001222
0001397
0002619
0004016
0003958
0003201
0003376
0004191
0004656
0004074
0001164
-001689
0000000
0003783
0003958
0001688
0001280
0001804
0000756
-000699
-000233
0000756
-000408
-002562
-002620
-001572
-001863
-002969
-003493
-003842
-005356
-006986
-006869
-005763
-005705
-005705
-003319
-001048
-003377
-007743
-008558
-007044
-007160
-007626
-005239
-002154
-002504
-004366
-003144
-000233
0001106
0001106
0001746
0002095
0000407
-001281
0000814
0003958
0001804
-002096
-000175
0004307
0003550
-000292
-001223
-000117
-000815
-001572
0001629
0004947
0000814
-006054
-005822
-000932
0000931
0000814
0002735
0004947
0004249
0001338
-001980
-004075
-002795
-000059
-000059
-001689
-001398
-000117
-000059
-000990
-002038
-002562
-001572
0000116
0000989
0000698
-000524
-002096
-003377
-003610
-002154
-000350
-001107
-002795
-001805
0000465
0001047
0000000
-001398
-002620
-003086
-002620
-001339
0000000
0000291
-000233
-000466
-000524
-000757
-001165
-001630
-001689
-000408
0000814
-000466
-002911
-003784
-002795
-000583
0001804
0003143
0002794
0000756
-001630
-002387
-001630
-000408
0000814
0001338
0001571
0002503
0003667
0004482
0004482
0003143
0001746
0002561
0004540
0005238
0004482
0002328
0000407
0001222
0003492
0004191
0002735
-000932
-004948
-006637
-005938
-004716
-003086
-000990
0001106
0003318
0004191
0001746
-002271
-004366
-004133
-002445
-000699
-001223
-003260
-004716
-004948
-003260
-000757
0000407
-000059
-001805
-003435
-002736
-000175
0002910
0005064
0005122
0003492
0002270
0001455
0000174
-000175
0002561
0006694
0009255
0009371
0007218
0004132
0002677
0002677
0002968
0002794
0000814
-001165
0000465
0003609
0003841
0002444
0003492
0005064
0003201
-000292
-001281
-000466
-000583
-001514
-002329
-002911
-002853
-002387
-002038
-002038
-002562
-003319
-003784
-003842
-003610
-002911
-001339
-000117
-000990
-002620
-001630
0000582
0000349
-000699
0000873
0003609
0004307
0003900
0005238
0006868
0005762
0003143
0002153
0002212
0000873
-000292
0001979
0004715
0001804
-003377
-004017
-000641
0003783
0007101
0007043
0003841
-001339
-004774
-000524
0005879
0002910
-004541
-004599
-000117
0000465
-001339
-000757
0000698
-000408
-002562
-002445
-001048
-001339
-002445
-002329
-001165
-000233
0000582
0001920
0003143
0003259
0002910
0003143
0004307
0006868
0009022
0007858
0004889
0004249
0004947
0004307
0003143
0003725
0004773
0004016
0001920
-000059
-000990
0000000
0001688
0001571
0000349
0000232
0000873
0001280
0001397
0001455
0000931
-001339
-003144
-000175
0004424
0004482
0001397
-000583
-000874
0000523
0002153
0001280
-001223
-003260
-003842
-002504
0000232
0003667
0005704
0003434
-000350
-000292
0002503
0004191
0004249
0002910
0000698
-001398
-002154
-000175
0002677
0002444
0000291
0000116
0000698
-001107
-003493
-003319
-001339
0000058
0000349
-000466
-001630
-001456
-000583
-000990
-001572
0000174
0002677
0003201
0001862
-000233
-001980
-001863
-000815
-001281
-002736
-003784
-004017
-003260
-001863
-000757
0000349
0002270
0003725
0001920
-000757
0000291
0003667
0005646
0006053
0005704
0004947
0004249
0003841
0003376
0003085
0003143
0003667
0005122
0006228
0004889
0002212
0000756
0000174
-001281
-002154
0000582
0004424
0004482
0001920
0000116
-000524
-000292
0000058
-001223
-003260
-004133
-003959
-004017
-003901
-002911
-001863
-002387
-003726
-004425
-004250
-003377
-002154
-001107
-000524
-000641
-000874
-000350
0000640
0001106
0001222
0002095
0002910
0002153
0001106
0002444
0004424
0003259
0000756
0000989
0003085
0005064
0005471
0002619
-000815
0000174
0003434
0003609
0001513
0000232
-000175
-000641
-000641
0000989
0002153
-000524
-005065
-007451
-007044
-004599
-001921
-002445
-004425
-003726
-001398
-000292
-000990
-003726
-007102
-008616
-008092
-006404
-004133
-001863
-000175
0000873
0001571
0002561
0003376
0003201
0002619
0002852
0003609
0004016
0004016
0003841
0003376
0002561
0001862
0001804
0002386
0003318
0004016
0003841
0002968
0002212
0001629
0001222
0000698
-000815
-001921
0000582
0003550
0000407
-005065
-005181
-001747
-000233
-000757
-002271
-003959
-004599
-004250
-003668
-003027
-002038
-001747
-003842
-005880
-003086
0001746
0002794
0000873
-000524
-000874
-000059
0001455
0002561
0002968
0002270
0001629
0002852
0004831
0005064
0004016
0003318
0002852
0001338
0000349
0002619
0005588
0003900
0000291
0001106
0004132
0003783
0001047
-000874
-001572
-001572
-000815
0000465
0001338
0000523
-001339
-002213
-002620
-004250
-005705
-004075
-001281
-001165
-002853
-003901
-003842
-002620
-000874
0000000
0000465
0001804
0003259
0003667
0003026
0001455
0000174
0001106
0002735
0001338
-001107
-000292
0002270
0003259
0002444
0000349
-001630
-001456
0000174
0001280
0001397
0000698
-000757
-002736
-004192
-003959
-002154
0001222
0003318
-000466
-006404
-006520
-003086
-002620
-004075
-004308
-003260
-001398
0000174
-000874
-002387
0000523
0004889
0004424
0001047
0000116
0001047
0001280
0001106
0001338
0001688
0001688
0001455
0001397
0001688
0003085
0004132
0002095
-000990
-001048
0000873
0001222
0000931
0002212
0003958
0004016
0003026
0002677
0002794
0002677
0002503
0002852
0003085
0001688
-000175
-000815
-000117
0001571
0002677
0000465
-002969
-003086
-001165
-001165
-002096
-001165
0000174
-000757
-003144
-005065
-005472
-003202
-000641
-002795
-006287
-003377
0001920
0000291
-004308
-002096
0003434
0003783
0001397
0003725
0006694
0001280
-006345
-003260
0004656
0003434
-002678
-002387
0001513
0001164
-001281
0000000
0002677
0001804
-001514
-004017
-004890
-003784
-001805
-001165
-001630
-001921
-002213
-002736
-003086
-002678
-001921
-001921
-002504
-002795
-002969
-003726
-004541
-004832
-004657
-004308
-004308
-005589
-007219
-007743
-006986
-005356
-003319
-001805
-000641
0001164
0002677
0002270
0000582
-000990
-001281
0001280
0004889
0006519
0006053
0005122
0003609
0000989
-001572
-002911
-002620
-000932
0000756
0000174
-001863
-003260
-003493
-002504
-001048
-000524
-000815
-001223
-001281
0000000
0000931
-001863
-005938
-006753
-005298
-005239
-005822
-004890
-003435
-003377
-003901
-002853
-001165
-000815
-001339
-001514
-000466
0003259
0006985
0006053
0002561
0001397
0001979
0001746
0000582
-001980
-004017
-002445
0001164
0003259
0003550
0002677
0001164
0000116
-000641
-002038
-003027
-001863
0000232
0001047
0000465
-000815
-002154
-002154
-002154
-005123
-008441
-007393
-003610
-001107
-000815
-002911
-005356
-004192
-001398
-001863
-003610
-001689
0001804
0002328
0001164
0001979
0003609
0003143
0001979
0003143
0005297
0005297
0003841
0003609
0003318
0000232
-003668
-005065
-003784
-000815
0001746
0000698
-002329
-003260
-002678
-002445
-003319
-005996
-008674
-008266
-005763
-004133
-003551
-003551
-004075
-005298
-006345
-005589
-004425
-005356
-007102
-006986
-005356
-003784
-002853
-003260
-004425
-005007
-004774
-003784
-002154
-000175
0001629
0002852
0003143
0002153
0000931
0001222
0003026
0006170
0008673
0007509
0004132
0001746
0000698
-000059
-000583
-000990
-001048
0000000
0000582
-002038
-005822
-006695
-004774
-001572
0000989
0000407
-002271
-004017
-004425
-003784
-002969
-004017
-005531
-004774
-002795
-002562
-003260
-002620
-001398
-000990
-001165
-000932
-000583
-000699
-000932
-000233
0000873
0001513
0001804
0002386
0003259
0005355
0006519
0003376
-001165
-001339
0001397
0002677
0002735
0003376
0003783
0002561
0000814
0000349
0001222
0003026
0004074
0001338
-002620
-002969
-000932
0000232
-000175
-002620
-005007
-003493
-000292
-000524
-003027
-004366
-004483
-003842
-003319
-004774
-006345
-004541
-001223
-000699
-002620
-005239
-006753
-004716
-000990
0000523
-000117
-001048
-001398
0000640
0003085
0001920
-000757
-000583
0001629
0003492
0004016
0002037
-000466
0000174
0002503
0002852
0001920
0002386
0003143
0002037
0000407
0001106
0002852
0002735
0001513
0001222
0001455
0001280
0000407
-001339
-003260
-004541
-004716
-003435
-001980
-003202
-004832
-001980
0002328
0002095
-001165
-003144
-003027
-000583
0002619
0003841
0003026
0001047
-000757
-000583
0000873
0001804
0001688
-000117
-001805
-000466
0002503
0004132
0004132
0003550
0002794
0002968
0003318
0001804
-000059
0001047
0003376
0003026
0001338
0001571
0002968
0003434
0002852
0001513
0000291
0001047
0002444
0001222
-000815
0000232
0002619
0002153
-000059
-001281
-001048
0000582
0002386
0001862
0000000
-000641
-000292
-000350
-000583
-000466
0000232
0001688
0003434
0005006
0005821
0005530
0004540
0003783
0003259
0002328
0001688
0002503
0003841
0003667
0002270
0000931
-000233
-001747
-002911
-002911
-002038
-001107
-000292
0000814
0001106
-001223
-004366
-004832
-003784
-004599
-005822
-003784
-001107
-003027
-007044
-007568
-005239
-002911
-000932
0001280
0002095
-000932
-004774
-003668
0000000
0000640
-000932
-001689
-001223
0000814
0003201
0003958
0003318
0002270
0001746
0003026
0004947
0005530
0005122
0005355
0006286
0007800
0008964
0008265
0006636
0006577
0006636
0003434
-000641
-001456
0000291
0001804
0002561
0002328
0001047
-001281
-003144
-002213
-000059
-000641
-002329
-000815
0001571
-000059
-003493
-003726
-001921
-001747
-002329
-001107
0000291
-001398
-003901
-002736
0000523
0001979
0001862
0002095
0002794
0004074
0005297
0005064
0004424
0005238
0007043
0008789
0009488
0008033
0005704
0004831
0004947
0004074
0002794
0002386
0002852
0004132
0004424
0000349
-004308
-002213
0003143
0003609
0000814
-000117
0000640
0001804
0002503
0001455
-000466
-001281
-001048
-000350
-000059
-001630
-003784
-003610
-002154
-002329
-003319
-003202
-002213
-001165
-000292
-000117
-000408
-000874
-000699
0001455
0004132
0004365
0003259
0003434
0004365
0004482
0003783
0002386
0001047
0000931
0001746
0002503
0002619
0001106
-000583
0000698
0002968
0001746
-001107
-001048
0000465
-000292
-002038
-001980
-000292
0002037
0003609
0002328
-000117
0000116
0001397
-000292
-003319
-004133
-002969
-001689
-000699
-000408
-000874
-001805
-002271
-000641
0001688
0002095
0001338
0002037
0003201
0002910
0001804
0001397
0001513
0001338
0000931
0000232
-000524
-000932
-000932
-000524
-000059
0000116
-000466
-002620
-004366
-002154
0001629
0001688
0000000
0001804
0004540
0002328
-001980
-002562
-000524
-000059
-000350
0000989
0002677
0002561
0001106
0000116
-000641
-001805
-003319
-005298
-006287
-003842
-000233
0000174
-001165
-000059
0002270
0002735
0002095
0002270
0003201
0003900
0004715
0006985
0008498
0005530
0000582
-000874
-000175
-001514
-003435
-002736
-000466
0001106
0001047
-001747
-004308
-000932
0004191
0002503
-002969
-004308
-002445
-001223
-001048
-002329
-003901
-003086
-001805
-003959
-007451
-007859
-005763
-003435
-002096
-002969
-004716
-004308
-002620
-002154
-002154
-000641
0001513
0002735
0003085
0003550
0004074
0004715
0004889
0003550
0001513
-000233
-000408
0002503
0006170
0006170
0003958
0003725
0004191
0001688
-001514
-000990
0000931
-001689
-005472
-002795
0002212
0000698
-004250
-004425
-002096
-003377
-006113
-005763
-003260
-000990
-000292
-002504
-005647
-005880
-004133
-003202
-003144
-003260
-002853
-000641
0001920
0001862
0000174
-000874
-001107
-000932
-000350
0000873
0002153
0002910
0002794
0001280
-000233
0000349
0002328
0004016
0004482
0003085
0001164
0001746
0003667
0004016
0003376
0004074
0004598
0002270
-000874
-000932
0001222
0002852
0003609
0003725
0003434
0003550
0003026
-000408
-004366
-004541
-002387
-002154
-003319
-003435
-002969
-003144
-003610
-003493
-003260
-004075
-005239
-005705
-005181
-003901
-002504
-002038
-002504
-003726
-004774
-004425
-002504
0000989
0003841
0002386
-001165
-001805
-000233
0000814
0000873
0000291
-001339
-004774
-007219
-004774
0000523
0004191
0004889
0002561
-000932
-001921
-000990
-001165
-001630
-000583
0000582
-000874
-003260
-003144
-001514
-000990
-001398
-001921
-002271
-002154
-002213
-004308
-005996
-002736
0002037
0001106
-002969
-004017
-002096
0000582
0002852
0003201
0002328
0002444
0003143
0003550
0003376
0001920
0000640
0002444
0005064
0003725
0000291
-000699
0000232
0000756
0000523
-000408
-001805
-003551
-004250
-001747
0001746
0001979
-000175
-001689
-002096
-001281
-000583
-002562
-005356
-005356
-002853
0000640
0003318
0003085
0001164
0000873
0001513
0001455
0000407
-002096
-004075
-002387
0001164
0002095
0001571
0003434
0005995
0005821
0003958
0003259
0003434
0003318
0002794
0001804
0000756
0000523
0000174
-002620
-005065
-002096
0002910
0002794
-000524
-001572
-000699
-000059
-000059
-001281
-002853
-002911
-002329
-003784
-005647
-004483
-002038
-001980
-003784
-005181
-005938
-006171
-006054
-005996
-006054
-006287
-005763
-002736
0000814
0001629
-000175
-003784
-006054
-002038
0004715
0006519
0004598
0003783
0004249
0005646
0006985
0006286
0004365
0002735
0002270
0004074
0005879
0003259
-001165
-001863
0000116
0001688
0001804
-000932
-004017
-002969
0000349
0001164
-000350
-002736
-004483
-003377
-000932
-000932
-002620
-003551
-003726
-003086
-003086
-006753
-010711
-008441
-003377
-003319
-006054
-005763
-003260
-001281
-000466
-001281
-002736
-002969
-001980
0000000
0001513
0000116
-001863
0001047
0005355
0003841
-000583
-000932
0001629
0003434
0003376
0000174
-003319
-001630
0002503
0002677
0000232
-000641
-000059
0000814
0001397
0000465
-000932
-001165
0000000
0002270
0004191
0003667
0001688
0001164
0001513
0000407
-001223
-001747
-001281
-000583
-000233
-001048
-002620
-004192
-004774
-003319
-000583
0002095
0003318
0001338
-001863
-002445
-000815
0000989
0002212
0002677
0001979
0000232
-001398
-000524
0001338
0000814
-001165
-001980
-001339
0000698
0002386
0000465
-002969
-003435
-002096
-002329
-003551
-003959
-003260
-001048
0000873
-000524
-003435
-003726
-001980
-000175
0000698
-000815
-002736
-000815
0002153
0000174
-003668
-002213
0001338
-001107
-005414
-002387
0003841
0003259
-000408
0002270
0007567
0006985
0002968
0002444
0003667
0001920
-000583
0000931
0004132
0003609
0001106
0001047
0002503
0003026
0002037
-000874
-003784
-003435
-000874
0001106
0001629
0000000
-002329
-002445
-000990
0000174
0000582
-000059
-001514
-003319
-004366
-002911
-000874
-002213
-004890
-004774
-002271
0000523
0002444
0002095
0000989
0002910
0005413
0003026
-001223
-001107
0001979
0003609
0004074
0005238
0006519
0006927
0006403
0005355
0004249
0003550
0003609
0004540
0005530
0005122
0003550
0001571
0000000
-000583
-000175
0000465
0000873
0000407
-000524
-000874
-000990
-001921
-003144
-003784
-003901
-004017
-004250
-005007
-005880
-006113
-005763
-005472
-005414
-005647
-005822
-005181
-003784
-001805
-000292
-000932
-002387
-001805
0000232
0002037
0003026
0002270
0001571
0004424
0008149
0007159
0003841
0003376
0005413
0007800
0008964
0006752
0002910
0001106
0001338
0002153
0002852
0002153
0001280
0003026
0005006
0002270
-002271
-002969
-000408
0002968
0004831
0001920
-002911
-003959
-002096
-000874
-000583
-001107
-001223
0001571
0004656
0002910
-001281
-002504
-001339
-000641
-000583
-001107
-001747
-001398
-000990
-002795
-004657
-002387
0001222
0000000
-002911
0000174
0005588
0005006
0000814
-000292
0000640
-000292
-001572
-000059
0002444
0002444
0000756
-000583
-000466
0002270
0005588
0005937
0003725
0000814
-000990
0000582
0003376
0002677
-000292
-002096
-002213
-000292
0001338
-001921
-006462
-005007
0000000
0001920
0001746
0003609
0005646
0004191
0001047
0000174
0001280
0002852
0003201
-000117
-004366
-004192
-001630
-002562
-004366
-000641
0004773
0003841
-000408
-000408
0001571
-000990
-004716
-002853
0001979
0003376
0002386
0002794
0003434
0001804
-001165
-003319
-004192
-004192
-003144
-000583
0001106
-002504
-007451
-005938
-000233
0003841
0004424
0000291
-005123
-004948
-001630
-002562
-004832
-001689
0003550
0003958
0001047
-000699
-000815
0000523
0002328
0002386
0001746
0003259
0005413
0004947
0002910
0001804
0001920
0002794
0003900
0003841
0003318
0004191
0005297
0004540
0002153
-000874
-003144
-002911
-000524
0002619
0004715
0003085
-000175
-000408
0001047
0000582
-001456
-003260
-004483
-004948
-004716
-004250
-003610
-002795
-001921
-000932
-000175
-000059
-000466
-001281
-001572
-000292
0002037
0004132
0005006
0003143
0001164
0003958
0008731
0009604
0007451
0005588
0004773
0005588
0006519
0004132
0001164
0002910
0006577
0005821
0001804
-001805
-003668
-003027
-000466
0002328
0003783
0002153
-000641
0000058
0001862
-000350
-004541
-006287
-005880
-005705
-005181
-003086
-000874
-000524
-001805
-003551
-004657
-003901
-002329
-002911
-004308
-003260
-001398
-002504
-005007
-005298
-003493
-001107
0001397
0003958
0005180
0003259
0000698
0002212
0005821
0006927
0005588
0003609
0001688
0000000
-000641
0000582
0002503
0003085
0002444
0001629
0001222
0002153
0003026
0000698
-002504
-001921
0000465
-000408
-003027
-004017
-003435
-002562
-001514
-000466
-000117
-001398
-003027
-002154
-000757
-003377
-006986
-004890
0000058
0001629
0000523
0000232
0000698
0001513
0002095
0001629
0000698
0000756
0001455
0001804
0001862
0002328
0002735
0002619
0002037
0001338
0000756
0000873
0000931
-000524
-002387
-002445
-001456
-001572
-001863
-000641
0001571
0003376
0004016
0002910
0000989
-000117
0000291
0003259
0005704
0001688
-004541
-004017
0000232
0000232
-002387
-002969
-001805
-000757
-000117
0000058
0000058
0000582
0001455
0002794
0003376
0000989
-001805
-000874
0002852
0006519
0008324
0006519
0002735
0000698
0000523
0001047
0001513
0000698
-000815
-001572
-001689
-001863
-002038
-002504
-002678
-001107
0000232
-002445
-006520
-006462
-003551
-001281
-000641
-002096
-004599
-005763
-005589
-005007
-004017
-002154
-000990
-003027
-006171
-006054
-003668
-002038
-001514
-001514
-001921
-002271
-002038
-000350
0001746
0002095
0001629
0003026
0004540
0002095
-001281
0000465
0004540
0004482
0001513
-000117
-000350
-000059
0000523
0001222
0001513
0000814
-000583
-002154
-003202
-002504
-001107
-001107
-002387
-004075
-005298
-004599
-003086
-003202
-003668
-001398
0001397
0000582
-002795
-005647
-007044
-006404
-004948
-005414
-006753
-006404
-004425
-001514
0000873
0000523
-001514
-002736
-003202
-004017
-004308
-002329
0000640
0001804
0002037
0003783
0005821
0005588
0004016
0003783
0003725
0000814
-002271
-000583
0003841
0006344
0006112
0003201
-000350
-001281
0000000
0001164
0001338
-000641
-003493
-004541
-004308
-005181
-006113
-004599
-002620
-003959
-006869
-007510
-006113
-004308
-003144
-004192
-005763
-004425
-001921
-002445
-004716
-005589
-005123
-004308
-003319
-002445
-001747
-000815
-000117
-000641
-001165
0000698
0003201
0002910
0000873
-000233
-000175
0000349
0000989
0000989
0000582
0000698
0001280
0002212
0002503
0000873
-001747
-003144
-003027
-002096
-000641
0000931
0001862
0001688
0000174
-003027
-005763
-004716
-002154
-003551
-006462
-005181
-001339
0001222
0001629
-000350
-003086
-003842
-002678
-000815
-000117
-004017
-008092
-003959
0004132
0006228
0003841
0002794
0002561
0000756
-001223
-000932
0000582
0000465
-000408
0000349
0001688
0001862
0001047
0000116
-000524
-000583
-000059
0000931
0001338
-000815
-003493
-002620
0000174
0000756
-000175
0000000
0000582
0000232
-000815
-001747
-002271
-002271
-001747
-000466
0000640
0000349
-000932
-002038
-002271
-000990
0000232
-001921
-004774
-002853
0001688
0003783
0003609
0003550
0003143
0001455
-000699
-002329
-002562
-000874
0001338
0001455
0000174
-000117
0000523
0001338
0002386
0004249
0005122
0002212
-002096
-003144
-002096
-002562
-004192
-005880
-006578
-004832
-002213
-001514
-002387
-002853
-003086
-003901
-004599
-004250
-003027
-001630
-000350
0000814
0001338
0000873
-000233
-001863
-002445
0000407
0004132
0003958
0001280
0000174
0000931
0003085
0005646
0007451
0007742
0006286
0004132
0003201
0003318
0003609
0003609
0002677
0001513
0001513
0002095
0001629
0000291
-001863
-003027
-000466
0002968
0001397
-002678
-003784
-002387
-001165
-000641
-001048
-001980
-002853
-002853
-000757
0001397
-000408
-003842
-003610
-001165
-000466
-001107
-001398
-000932
0000756
0002910
0004307
0004307
0002503
0000291
0000116
0001571
0002968
0003725
0003143
0002503
0004482
0007509
0008382
0007043
0004482
0002212
0002852
0004715
0003958
0002153
0003667
0005471
0001338
-004890
-005065
-001630
-000932
-002620
-004657
-005298
-001747
0002910
0003085
-000466
-004599
-007568
-008325
-006578
-002969
0000640
0001746
0000931
0000232
0000116
0001047
0001629
-001048
-004250
-002504
0001513
0001338
-000874
0000640
0003609
0003143
0000873
0001629
0003026
-000292
-005065
-004366
-000583
0000174
-000990
-000583
0000931
0002852
0003725
0001280
-001863
-000583
0003259
0004831
0004074
0002037
-000408
-002154
-002504
-001281
0000931
0003550
0004656
0001862
-002329
-002795
-000757
0000000
-000292
-000641
-000175
0002619
0005588
0005006
0002037
-000117
-000757
0000116
0001746
0002561
0002619
0002619
0002386
0001862
0000873
-000699
-001805
-000583
0001688
0002153
0001338
0001164
0001455
0001455
0001513
0002503
0003434
0002852
0001164
-000350
-001456
-002445
-002562
-000292
0002037
0000058
-003610
-003202
-000350
0000523
0000116
0001047
0002270
0001688
