-005356
-006404
-006113
-003493
-000932
-002795
-006637
-006637
-004133
-003202
-003027
-000641
0001688
0000058
-003144
-002562
0000116
0000349
-000699
0000582
0002968
0003725
0003085
0001920
0000756
0000058
-000408
-001863
-002969
-001456
0001280
0002095
0001746
0003026
0004132
0001746
-001689
-001165
0001571
0002270
0000407
-004017
-007626
-005414
0000232
0003376
0003259
0001047
-001863
-002736
-002038
-001980
-002154
-001339
-000292
-000757
-001223
0001571
0005006
0004365
0001338
0000756
0001629
0000931
-000699
-001980
-002154
-000059
0002270
0000814
-002445
-003086
-001805
-001223
-001107
-000292
0000349
-000408
-001863
-002329
-001456
0001106
0003318
0002095
-000990
-002096
-001689
-002213
-002911
-002504
-001514
-001165
-001630
-003260
-004250
-001630
0002212
0002503
0000465
0000058
0001164
0002503
0004074
0006286
0007683
0006403
0003667
0002328
0002386
0002910
0003259
0002270
0000931
0001106
0002444
0004191
0004540
0000698
-004366
-005181
-003027
-002096
-002445
-002736
-002969
-002795
-002562
-002620
-002969
-003726
-004366
-003784
-003027
-004541
-006520
-005239
-002562
-003027
-004948
-004075
-002096
-002969
-005239
-006171
-005356
-003319
-001048
0000407
0000523
-000874
-002154
-000408
0002677
0003201
0002037
0002212
0002677
0000523
-001747
0000698
0004773
0003609
-000292
-000699
0001513
0003259
0004074
0004132
0003318
0001862
0000523
-000117
0000640
0003550
0006053
0004132
-000524
-004366
-005880
-004192
-001223
-001223
-002620
-000874
0001804
0000931
-002271
-004774
-005763
-005123
-003319
-001281
0000058
-000350
-001630
-001630
-000699
0000000
0000582
0001338
0001979
0001862
0001397
0001629
0002095
0001397
0000582
0002037
0004074
0003376
0001047
0000174
0000291
-000699
-001630
-000350
0002095
0003434
0003434
0002794
0001920
0001746
0001746
0000698
-000699
-000757
-000117
0000058
-000699
-003086
-005531
-005356
-003493
-002562
-002736
-003726
-004890
-005531
-004774
-001514
0001746
0000523
-002678
-001630
0001164
0000116
-003086
-003610
-002445
-002620
-003086
-001572
0000814
0001629
0001280
0001688
0002037
0000989
-000524
-000059
0001164
0000174
-001630
-001281
0000407
0001455
0001862
0002794
0003026
0000582
-002562
-002096
-000059
-001398
-004308
-005181
-003959
-001747
0000058
-000524
-002329
-002445
-001514
-001747
-002445
-001921
-000408
0000756
0001862
0004016
0005937
0005821
0004307
0003201
0003259
0005297
0007509
0006519
0003900
0003841
0004889
0003434
0001106
0001222
0003201
0005064
0005821
0004715
0002270
-000233
-001689
-001048
0000465
-000233
-001630
0000058
0003143
0004191
0003143
0001047
-001107
-002038
-001514
0000058
0001280
-000466
-002969
-001980
0000989
0001688
0001047
0001455
0002677
0004365
0004773
0000931
-003959
-003901
-000524
0001280
0001979
0003434
0005122
0005995
0005995
0005588
0004947
0004074
0003609
0004831
0006228
0005122
0002677
0001455
0001280
0000523
-000408
-001281
-001747
-001514
-001165
-001863
-002969
-003086
-002620
-002562
-002853
-003086
-003202
-003319
-003610
-004483
-005589
-005938
-005938
-006753
-007451
-006753
-004541
-001107
0002153
0003609
0002794
-000408
-003377
-002213
0001513
0003841
0004191
0003026
0001571
0002212
0004307
0006112
0006694
0004773
0001920
0001338
0001979
0000873
-000757
-000292
0001746
0003783
0005122
0005238
0004074
0001688
-000583
-000757
0000640
0001862
0002328
0001746
0000523
-000350
-000932
-001863
-002736
-003027
-003086
-003842
-004483
-003144
-001339
-001921
-003493
-003086
-000874
0002444
0005064
0004656
0002386
0001047
0000989
0001164
0002037
0005006
0007218
0003550
-002329
-002620
0000814
0002037
0001979
0004191
0006170
0003550
-000757
-000350
0002910
0003900
0002794
0001338
0000349
0000814
0001746
0000814
-000699
-000292
0001222
0001455
0001047
0001455
0002095
0001280
0000232
0001455
0003550
0003900
0002503
0000174
-001689
-001223
0000698
0001746
0002153
0003492
0004307
0002037
-001339
-001863
-000583
-000932
-001805
-000932
0001164
0003318
0004540
0003900
0001920
-000117
-000815
0001455
0004307
0003318
0000058
-001281
-000641
0000756
0001804
0000873
-000815
-000408
0001164
0000989
0000291
0001920
0003900
0002212
-000990
-001165
0000523
0000465
-000292
0000698
0002212
0001629
-000350
-001921
-002387
-001572
0000291
0002619
0004656
0005762
0005180
0002386
-000757
-000990
0001106
0003434
0005413
0007218
0008033
0007101
0005355
0004365
0004249
0003900
0003841
0005180
0006577
0005471
0003318
0003201
0004191
0003900
0002561
0001222
0000174
-000408
-000815
-002096
-003668
-004716
-004774
-003144
-001165
-001107
-002562
-003901
-004599
-004017
-003086
-003901
-005181
-004017
-001747
-001107
-001514
-001165
-000292
-000233
0000407
0004365
0008964
0009313
0006985
0006228
0006403
0004947
0003376
0004249
0006112
0005180
0003201
0004540
0006810
0005122
0001629
0001455
0003026
0002270
0000291
0000000
0000814
0000873
0000756
0001920
0003143
0002037
-000408
-002038
-002911
-004192
-005298
-004948
-003901
-003377
-003901
-006287
-008441
-006928
-003319
-001339
-001223
-001980
-002853
-002445
-001107
0000058
0001222
0003492
0005413
0004831
0002677
0001397
0001222
0001862
0002968
0003667
0003783
0003434
0003026
0003201
0003550
0002794
0001455
0000174
-000059
0002444
0005006
0003143
-001223
-003551
-003202
-000524
0002503
0002153
0000349
0002270
0005064
0002619
-002445
-004308
-004017
-005880
-007684
-004832
-000292
-000466
-002387
0001513
0006752
0003725
-003260
-004366
-001048
0000989
0001629
0001979
0001979
0001804
0002037
0003609
0005413
0005355
0003958
0002735
0002095
0001920
0002153
0002386
0002212
0000756
-000757
-000059
0001746
0001920
0001338
0002444
0004191
0004889
0003958
0001280
-001572
-001980
-000641
0000174
-000233
-002911
-005123
-002038
0003201
0003900
0000873
-002096
-003959
-004425
-003319
-000757
0002095
0003900
0004307
0003841
0002968
0002910
0003492
0004540
0005297
0004889
0003434
0001746
0000582
0000582
0001862
0003958
0005355
0003783
0000814
-000059
0000640
0000698
-000117
-001980
-003959
-004366
-003435
-002620
-001339
0002444
0005530
0002619
-002969
-003668
-001689
-003551
-006695
-005647
-002271
-001048
-001747
-002445
-003027
-003784
-003959
-001863
0000523
-000524
-003086
-002911
-000815
0001047
0001979
0001513
0000698
0001804
0004249
0007159
0008789
0007101
0003841
0002852
0003725
0004424
0004482
0003550
0002095
0000873
-000059
-001630
-002736
-001165
0000989
-000059
-003086
-005356
-006054
-005239
-003435
-001514
-000990
-004075
-007451
-004599
0000523
-000932
-005938
-006695
-004541
-003551
-004366
-007102
-009780
-008732
-005531
-003726
-003377
-003319
-002329
0002037
0006577
0005471
0001222
0000116
0001571
0002503
0003143
0004540
0005413
0003667
0000814
-000059
0000873
0001629
0002444
0004656
0006228
0003783
-000059
-000292
0001979
0003259
0002735
-000583
-003610
-000350
0005238
0005238
0000698
-003959
-007044
-007277
-005996
-007219
-008558
-004774
0000232
-001689
-006695
-005414
-001398
-003901
-008732
-005763
0000058
-003086
-008965
-003493
0006286
0004132
-003610
-001339
0005995
0006112
0001688
0000232
0001164
0001280
0001047
0001629
0003085
0005995
0007625
0003318
-002853
-002562
0001455
0001571
-000641
-000408
0000814
-000350
-002562
-002911
-001572
0000000
0001164
0001106
0000465
0001222
0002095
0000349
-002736
-004716
-005007
-003959
-002445
-002154
-003202
-005181
-006869
-006404
-004425
-002969
-001980
-000641
0000407
0000407
-000059
0000232
0000989
0001280
0000989
0000291
0000000
0001280
0002852
0001862
-000466
-001165
-000641
-000350
-000641
-001921
-002969
-001456
0000931
0000232
-001863
-001747
0000174
0002561
0003609
0000058
-004250
-001805
0003434
0002212
-002678
-003784
-001805
0000465
0001338
-001165
-004890
-005239
-002969
-000874
0000000
-001107
-002911
-002736
-001339
-001398
-002038
-000990
0001047
0002619
0003318
0002852
0002328
0004365
0006403
0003259
-002271
-004308
-003610
-003551
-003784
-002795
-002038
-004075
-006986
-006928
-004425
-001514
0000582
0000465
-000990
-001398
-001572
-004308
-006928
-004483
0000000
0000349
-002038
-002213
-001514
-003435
-005880
-005123
-002154
0000291
0001338
0000349
-001398
-000874
0000523
-000874
-002911
-001223
0002619
0004947
0005413
0004598
0003318
0003376
0004365
0004773
0004889
0005879
0006519
0004598
0001629
0000640
0001513
0003318
0004249
0001222
-003144
-003901
-001805
0000000
0000814
0000291
-001165
-001805
-002504
-005705
-009081
-008499
-005414
-003842
-003493
-001921
-000874
-003842
-007335
-004599
0000931
0001164
-001514
-000641
0002270
0003259
0002153
-000292
-002271
-000874
0002677
0005238
0006519
0007218
0007218
0006519
0005530
0005238
0004424
-000059
-004483
-001921
0003667
0003725
-000292
-003551
-004716
-002795
0000291
0000232
-001514
-001107
0000523
0000931
0000698
0001629
0002386
0000640
-002445
-004192
-004541
-004483
-004075
-003610
-003377
-003435
-003726
-004250
-004250
-002445
-000408
-001107
-003319
-003842
-002853
-001514
-000408
-000059
-000117
0000989
0002095
0001047
-000699
-000175
0001746
0002153
0001746
0002328
0003201
0003143
0002212
0000814
-000233
-000059
0001106
0002677
0003318
0001047
-001863
-001281
0001862
0004947
0006053
0003085
-001572
-003027
-001805
-000408
0000116
-001514
-003610
-002736
-000466
-000583
-002096
-002387
-001514
0000116
0001338
0000232
-001630
-000932
0001222
0001920
0001629
0002328
0003318
0003667
0002968
0000698
-001689
-002213
-001107
0000232
0001164
0000640
-000117
0001571
0003725
0002270
-001048
-002387
-001805
-000757
-000117
-001165
-002678
-001980
0000000
0000698
0000523
0000523
0001106
0002910
0003900
0000349
-004948
-006287
-004308
-001921
-000350
-001048
-002853
-002795
-001514
-000932
-000815
-000524
0000407
0002968
0005530
0005704
0003725
0001164
-000233
0001920
0005937
0008382
0008498
0006577
0004016
0003376
0003667
0001920
-000350
0000000
0001164
-000641
-004017
-005531
-005705
-006520
-006928
-004483
-001456
-001805
-004483
-006054
-005938
-004657
-002445
0000000
0001746
0001804
0000582
-000990
-001863
-000641
0001164
0000232
-002329
-004250
-003901
0000582
0005879
0006170
0003201
0002794
0003841
0003026
0001804
0003434
0006344
0007101
0005995
0004656
0003900
0004598
0006170
0007334
0007509
0006985
0005064
0000523
-003784
-003493
-000233
0001629
0001397
-000757
-003202
-003086
-001398
-001456
-002154
-000350
0001571
-001165
-005531
-005065
-002154
-002620
-005181
-005996
-005472
-005705
-005822
-004192
-002096
-002562
-003610
-001107
0002794
0002968
0001862
0005762
0010536
0007916
0001804
0001397
0004424
0004424
0002677
0003085
0004540
0004715
0004191
0004540
0005238
0005122
0004365
0003841
0003085
0000989
-000815
0000756
0004016
0005762
0005238
0003085
0000058
-002387
-003551
-003435
-002387
-001514
-000815
0000523
0001106
-001456
-005181
-006345
-005356
-004366
-003726
-004192
-004483
-002329
0000698
0001338
0000349
-000117
0000174
0000698
0001280
0001513
0001397
0001106
0000873
0000756
0001106
0002735
0004540
0004773
0003783
0003550
0003201
0000756
-001805
-001107
0001571
0002852
0002794
0002444
0002212
0002735
0003143
0001164
-001456
-001398
0000291
0000756
0000000
-001339
-002504
-002387
-001630
-001398
-001747
-002096
-002213
-001572
-000583
0000058
0000232
-000350
-000815
0000349
0002270
0003143
0002677
0000756
-000874
0000756
0004016
0005238
0004656
0004074
0003376
0002386
0001338
0000407
0000058
0000814
0002212
0003434
0003725
0001920
-000466
-000990
0000000
0000873
0001397
0001571
0001106
-000233
-001805
-002853
-002969
-002213
-000990
-000408
-000059
0001397
0002619
0001397
-000874
-000874
0000640
0001280
0001338
0001920
0002852
0003958
0004889
0005238
0004947
0004191
0003550
0003667
0004831
0007334
0009430
0008731
0005704
0001804
-000932
0000116
0002910
0003026
0001047
-000117
-000932
-003260
-005123
-003202
0000291
0000814
-000874
-001921
-002213
-002154
-002096
-002969
-003784
-002678
-000699
0000349
-000175
-003260
-005938
-002620
0002328
-000292
-006637
-007219
-003959
-003027
-003319
-000990
0001513
-001048
-004075
0002037
0011001
0009430
0002386
0002852
0007101
0004889
0000058
0001280
0005879
0006985
0005646
0005646
0006286
0005937
0004424
0001164
-001165
0001979
0007218
0007683
0004656
0002794
0002270
0002328
0002619
0002270
0001164
-000990
-002969
-002911
-001805
-001921
-003202
-005007
-006404
-006171
-004541
-002213
-000408
-000466
-001630
-001514
-000233
0001455
0002444
0000523
-002154
-001281
0001629
0001979
0001397
0003841
0006927
0005530
0001920
0001804
0003376
0002095
-000117
0001106
0003725
0003201
0001280
0002386
0004773
0004132
0001979
0002328
0003667
0002444
0000349
0001047
0003026
0003143
0001338
-001398
-003959
-004716
-004133
-003435
-003260
-004366
-005531
-004133
-001339
0000000
-000059
-000757
-001223
0000174
0001920
0001164
-001281
-003202
-003319
0000058
0004191
0003725
0000756
0000989
0002677
0001629
-000990
-002329
-002504
-002504
-002853
-004774
-006578
-005356
-002678
-002329
-003551
-003842
-003086
-001572
0000291
0001746
0002794
0004424
0005297
0003609
0000582
-001398
-001980
-001630
-001107
-001921
-003086
-003144
-001747
0001513
0003550
-001048
-007451
-005880
0000232
0001804
0000116
0000174
0001047
0000174
-000932
0000232
0002852
0004656
0005006
0003318
0001222
0001629
0003376
0003259
0001571
-000117
-001048
-000466
0000873
0001222
0000523
-000757
-002271
-003377
-003610
-002562
-000641
0001804
0003085
0000873
-002795
-003959
-003377
-003901
-004716
-003610
-001863
-001980
-003435
-004541
-004832
-004366
-003260
-002038
-001223
-001456
-002154
-002387
-001456
0001164
0004191
0005355
0005064
0004889
0004540
0003376
0002328
0003085
0005006
0006461
0006868
0005704
0004191
0005064
0006112
0002270
-002678
-000524
0003958
-000408
-007975
-005880
0000756
-000757
-006171
-004192
0000989
0000000
-005123
-008558
-009372
-007917
-005356
-004017
-004133
-005414
-006462
-004832
-002213
-002445
-003901
-002213
0000232
-001630
-005298
-005181
-002736
-002271
-002911
-002387
-001048
-000292
0000232
0001222
0002328
0003201
0003492
0002910
0001688
0000116
-000699
0000873
0003492
0004482
0004016
0003609
0003026
0001629
-000117
-001514
-001863
-000292
0001688
0000873
-001339
-001747
-001281
-002562
-004425
-004366
-003377
-004075
-005531
-005996
-005239
-003493
-001863
-001863
-002678
-002038
-000466
0000756
0001106
0000174
-001165
-001339
-000350
0001047
0002037
0001513
0000523
0001746
0003900
0004598
0003783
0002328
0000640
-000583
-001339
-002271
-002853
-002213
-000932
-000292
-000175
0000582
0001513
0001979
0002095
0002619
0002328
-001048
-004890
-004250
-000757
0001571
0002095
0001513
0000232
-000350
-000175
0000291
0000698
0000756
0000174
-001048
-002504
-003842
-004017
-001630
0001804
0003434
0003026
0001397
-000641
-001980
-002736
-004541
-005472
-002271
0002677
0004889
0003958
0001164
-001689
-002096
-000524
0000989
0001513
0000582
-001514
-003726
-005007
-004366
-002154
0000465
0002212
0002153
0000407
-002213
-004133
-003260
-000932
0000000
-000524
-001689
-002736
-002445
-001572
-001805
-002853
-003668
-003668
-001980
0000058
-000408
-001980
-001572
0000058
0000291
0000232
0002212
0004947
0006053
0005238
0003143
0000640
-000874
-000990
0000232
0002328
0005064
0006636
0005180
0001862
-000408
-001281
-001514
-000641
0002444
0004598
0000116
-006520
-006404
-002329
-002504
-004483
-001165
0003259
0000232
-005589
-003726
0001571
-000233
-005123
-003144
0001862
0000232
-003901
-000583
0005413
0003667
-002620
-004948
-003901
-003086
-002329
-001339
0000000
0001862
0003725
0005238
0005762
0004947
0003085
0000814
-000524
0000465
0002910
0004016
0004307
0005937
0007159
0004540
0000407
-000757
0000058
-000932
-002795
-003260
-002678
-002096
-002096
-003493
-005239
-005007
-003610
-002911
-003202
-004425
-005414
-004192
-001921
-001281
-002038
-002795
-003144
-002678
-001689
-000757
-000408
-001107
-001921
-001339
0000349
0001804
0003026
0004889
0006053
0004424
0001280
-000815
-000932
0001513
0004656
0005006
0003550
0003259
0003841
0003958
0004074
0005530
0006752
0004889
0001397
-000292
-000524
-001281
-001805
-000408
0001338
0000756
-000990
-000583
0000640
-000583
-002969
-003551
-002911
-003260
-003668
-002038
0000058
-000583
-002038
-000233
0002852
0002561
0000291
-000292
0000058
-001398
-003144
-001980
0000291
-000175
-002038
-001980
-000699
-000292
-000233
0000989
0002095
0000698
-001514
-001165
0000640
0000814
0000349
0001513
0003376
0003900
0002968
0001164
-000757
-001514
-001398
-001339
-001456
-001747
-001805
-000815
0000582
0001338
0000698
-002620
-005589
-002795
0002212
0001862
-001747
-002969
-001514
0001746
0004773
0004307
0001164
-002038
-003959
-003319
-000583
0002910
0005471
0005238
0003143
0001804
0001280
0000931
0000465
-000815
-002038
-001398
-000233
-001165
-002504
-000233
0003143
0002677
-000408
-003144
-003901
-000990
0002735
0001804
-002096
-004366
-004483
-003144
-001281
-000641
-001281
-002329
-003377
-003842
-003842
-003202
-003377
-007626
-011468
-006637
0002328
0005471
0003958
0003492
0003725
0002794
0001979
0004074
0006228
0002561
-002736
-000815
0004715
0004831
0002386
0005064
0009313
0007742
0002852
0001106
0001455
0000000
-001980
-001572
-000466
-001747
-004366
-005414
-004832
-003260
-001456
-000292
-000466
-003027
-005589
-003959
-000408
-000350
-002213
-001398
0000523
0000349
-001630
-004250
-005822
-004017
-000408
0001688
0001571
-000990
-003842
-003319
-000408
0001862
0002386
0000116
-002504
-001107
0002619
0004482
0003900
0001397
-001398
-001863
0000116
0003550
0006927
0008498
0007509
0004016
-000117
-002445
-002504
-000990
0000931
0001920
0001629
0000174
-001107
0000000
0001920
0001455
-001165
-004890
-007975
-008266
-006404
-004716
-004017
-004774
-005996
-005356
-003668
-003086
-003551
-004483
-004890
-003260
-000757
0000291
-000059
-000699
-001572
-002678
-003260
-002038
-000350
-000815
-002096
-000699
0001920
0002328
0001629
0003201
0004482
0000407
-004832
-002678
0003434
0005355
0003958
0003492
0003609
0003143
0002444
0002037
0001862
0001397
0000756
0000116
-000408
-000757
-001456
-004192
-006404
-003726
0001397
0003434
0002619
0001222
0000174
0000873
0002095
0000640
-001805
-001398
0000465
0000058
-001165
0000000
0002328
0003143
0002794
0002852
0002910
0002212
0001106
0000116
-000175
0001397
0002968
0000873
-002678
-002969
-000990
0000349
0000756
0000931
0000465
-000990
-002504
-002387
-001165
-000292
0000116
0000000
0000058
0001571
0003259
0002561
0000698
0000465
0001280
0001397
0000174
-003319
-006811
-006345
-003668
-003086
-003726
-002795
-000874
0000756
0001280
0000174
-001514
-001456
-000408
-000932
-001689
0000291
0002910
0001804
-001048
-001281
0000291
0000931
0000407
-000524
-001921
-003959
-005239
-003493
-000874
-002154
-004948
-004308
-001456
0000291
0000349
-000932
-002736
-003493
-003144
-001921
-000874
-001630
-003202
-003435
-002329
-000059
0001920
0001280
-000990
-002504
-002620
-000932
0001222
0001164
0000174
0001164
0003609
0006228
0007451
0005530
0001862
-000408
-001048
-001339
-001398
-001339
-000932
0000989
0002619
0000931
-002329
-003610
-002911
-001921
-000408
0003143
0005704
0002270
-003842
-005996
-004192
-000874
0002212
0002561
0000989
-000117
-000699
-001456
-002329
-003086
-003610
-003784
-003726
-003668
-003260
-001339
0000349
-001281
-004192
-003901
-001689
-001630
-002620
-001921
-000641
-001514
-002678
-000408
0003492
0005530
0005006
0001979
-001398
-001165
0000931
0000523
-001281
-000932
0000465
0000291
-000292
0001455
0003900
0004365
0002910
0000698
-000990
-000292
0001688
0002503
0001397
-001863
-005647
-006986
-006287
-005647
-005007
-003435
-001980
-002213
-003435
-004075
-004308
-004890
-005705
-006520
-006928
-006229
-004774
-002969
-001805
-002795
-004308
-002911
-000350
-000583
-002387
-002562
-001281
0000116
0001629
0004074
0006053
0005588
0003725
0002910
0002794
0001397
0000116
0001571
0003783
0002910
0000000
-001863
-002795
-004308
-005298
-003901
-001514
-001165
-001980
-001572
-000408
0000116
-000117
-001165
-002445
-002969
-003144
-004250
-005356
-004774
-003086
-001572
-000524
0000523
0000465
-002562
-006113
-005996
-002795
0001164
0003783
0002852
-000641
-003842
-005356
-003959
-001456
-002213
-003959
-001048
0003376
0002444
-001281
-001339
0000000
-003319
-007684
-006054
-001165
0000174
-000990
-000699
0000000
-001863
-003551
0000582
0005879
0002852
-003901
-003668
0000640
0000873
-001456
-001921
-001165
-001456
-001747
0000349
0002561
0000698
-003144
-004541
-003435
-000932
0001455
0001804
0000698
0000000
0000465
0002503
0005122
0006810
0006636
0004016
0000523
-001572
-001572
0000465
0002677
0002037
-000350
-001572
-001514
-000932
-000408
-001223
-002387
-001921
-000757
-000990
-002329
-004075
-005356
-004832
-003610
-003901
-005181
-005763
-005356
-003435
-001630
-003202
-005996
-005298
-002678
-002271
-003086
-002213
-000408
0000989
0001338
-000059
-001630
-000815
0001746
0004365
0005995
0005879
0004424
0002794
0001571
0001047
0001688
0003667
0006228
0008440
0009371
0008557
0006228
0002677
0000116
0002212
0005471
0002735
-002795
-004017
-001863
-000641
-000292
0000116
0000116
-000583
-001863
-003377
-004716
-005996
-006345
-004541
-002096
-001514
-002504
-004017
-004774
-003319
-000815
0000232
-000059
-000932
-001281
0000407
0003259
0005762
0006810
0005762
0003550
0002270
0002270
0003492
0005355
0007218
0007858
0005762
0002735
0002328
0003492
0003434
0001920
-001048
-003086
0000174
0005180
0004773
0001106
0000291
0001397
0001688
0000873
-001456
-003086
0000000
0004715
0004656
0001397
0000174
0000291
-000408
-001921
-004366
-005996
-004192
-001339
-002504
-005705
-006462
-004716
-001805
0000931
0001571
0000407
-001107
-002154
-001805
-000874
-001398
-002271
-001281
0000873
0002386
0003026
0003434
0003085
0001629
-000350
-002154
-002329
0001397
0005588
0004132
-000233
-000932
0001164
0002444
0002503
0001164
-000641
-000874
-000408
-001456
-003260
-003726
-003377
-004075
-004483
-001456
0001746
-001281
-006462
-005123
-000233
0000407
-001805
-002096
-001165
-001281
-001281
0001397
0004656
0004598
0002561
0002212
0003318
0004715
0005588
0005122
0003609
0001862
0000931
0002095
0004074
0004249
0003318
0003259
0003841
0004249
0004132
0003259
0001979
0000989
0000814
0001571
0002677
0003143
0002794
0001862
0000698
-000059
-000757
-002853
-004657
-003086
-000233
-000874
-003086
-001980
0000582
0000523
-000874
-000117
0001862
0002561
0002270
0002037
0002328
0003609
0005180
0005762
0005355
0004365
0003725
0004598
0006228
0006868
0006403
0005297
0004249
0004889
0005646
0003609
-000059
-002271
-003086
-003260
-003260
-004366
-005123
-002504
0000989
0000640
-002329
-004017
-004366
-004308
-004541
-006811
-009256
-008790
-005705
-001107
0002095
0000291
-004366
-006520
-005705
-003027
-000292
-000932
-002853
-001398
0001920
0003492
0003318
0002270
0001164
0001688
0002677
0001047
-000757
0001804
0006112
0006112
0003841
0004773
0007101
0006344
0003725
0001979
0001513
0002735
0003550
0000232
-004774
-006404
-005065
-003726
-002562
-001223
-000466
-001165
-003144
-006054
-007801
-005181
-001165
-001863
-005239
-006171
-004250
0000000
0003550
0001629
-003202
-004657
-003726
-004716
-005880
-003842
-000233
0001280
0001222
0002153
0003376
0002794
0001920
0003434
0005704
0004889
0002561
0002677
0004424
0004947
0004656
0005355
0005646
0002968
-000757
-001863
-001165
-001630
-002504
-002038
-000350
0002270
0003783
0001280
-002911
-003551
-002154
-003086
-005239
-006113
-005647
-004599
-003377
-002271
-002271
-004890
-007801
-006462
-003668
-005822
-010013
-009605
-006171
-004192
-003260
-001107
0001047
0001164
0000058
0000058
0000640
0000058
-000466
0001222
0003376
0002212
0000291
0003667
0008615
0007101
0002212
0001979
0003958
0001106
-002969
-000641
0004307
0003550
-000524
-001689
-000175
0001746
0003376
0003667
0003085
0003550
0003900
0001746
-001281
-001863
-000874
-001165
-002271
-002969
-003027
-002213
-000932
0000349
0001397
0002503
0002619
-000292
-004017
-004425
-002271
-000583
0000931
0003550
0005879
0005821
0004074
0003201
0002328
-000874
-004308
-004192
-001863
-001223
-001339
0000698
0002794
0000931
-002504
-002387
-000233
-000233
-001863
-003144
-003901
-004308
-003842
-001630
0000873
0000873
-000466
-000233
0000756
0000291
-001165
-002387
-003086
-003260
-002736
-001514
0000349
0002910
0004715
0003492
0001397
0002968
0006519
0007800
0007043
0006053
0005238
0005238
0005588
0005238
0004715
0005413
0006286
0005122
0003085
0002503
0003026
0003550
0003376
0001513
-000466
0000465
0002386
0001222
-001630
-002736
-002387
-002154
-002562
-004425
-006054
-004308
-001048
0000058
-001165
-003726
-006229
-006928
-005763
-003784
-001980
-001630
-002213
-002038
-001281
-000641
-000292
-000059
0000116
0000640
0001571
0003376
0004656
0002852
0000058
0000465
0002677
0002968
0002037
0002270
0003201
0003725
0003725
0003318
0002910
0002852
0002677
0001338
-000408
-000990
-001048
-002154
-003610
-003668
-002911
-002504
-002795
-003784
-004948
-005298
-005123
-005938
-006520
-004541
-001514
0000000
-000408
-002387
-004599
-005123
-004133
-002795
-001863
-001980
-002795
-003260
-002736
-000117
0002735
0002328
0000523
0001979
0004715
0003609
0000989
0001746
0004482
0005413
0004773
0004191
0003143
0000058
-002853
-001456
0001920
0001920
-000350
-001572
-001689
-001398
-000874
-000815
-000932
-000175
0000640
-000117
-001747
-002911
-003377
-003610
-003202
-001165
0000698
-000175
-002795
-004657
-004890
-002678
-000175
-001281
-004017
-003784
-001747
-001456
-002271
-002329
-001456
0000523
0002503
0002794
0001571
-000059
-001689
-003086
-003784
-003435
-002445
-002096
-002096
-001339
-000583
-000932
-002154
-003959
-005181
-004366
-002213
-000350
0000640
0000931
-000175
-003959
-007684
-006404
-002736
-002911
-005531
-006345
-005647
-005007
-004425
-003784
-002853
-001165
0000232
-000350
-001747
-001223
0000640
0002095
0003026
0003958
0004482
0004074
0003201
0002735
0002677
0002852
0002561
0000465
-001921
-002154
-000641
0001047
0001862
0000291
-001689
0000000
0002852
0001047
-002853
-003144
-000699
0001629
0002386
-000350
-004017
-003551
-001048
-002096
-004599
-003784
-001223
-000874
-002154
-002678
-002562
-002329
-002911
-006462
-009896
-007801
-002795
-001514
-002678
-002038
-000699
-001223
-002562
-002736
-001398
0001455
0004249
0004191
0003085
0005588
0009139
0008789
0005355
0001571
-001165
-002387
-001281
0002386
0006286
0006577
0003900
0001222
-001223
-004366
-006229
-003610
0000523
0000814
-001921
-004308
-005239
-003784
-001398
-001048
-002445
-004599
-005880
-003726
-000583
-001572
-004541
-004192
-002213
-002969
-004716
-003784
-000932
0001629
0003143
0003550
0002852
0001571
0001106
0003667
0007509
0009255
0008789
0007509
0006286
0006577
0008091
0009895
0010477
0007858
0003783
0001746
0001571
0001047
0000582
0000989
0002037
0003609
0004132
0001106
-002736
-001980
0000698
-000990
-004948
-006229
-005414
-004890
-005181
-006869
-008266
-006054
-002271
-000524
-001281
-003610
-005647
-004017
-000699
-000117
-001398
-001339
0000000
0002095
0003841
0003783
0002677
0002444
0003550
0006694
0009721
0009022
0006519
0006985
0008673
0007451
0004482
0002794
0002212
0001047
0000931
0004773
0009313
0008382
0004016
0001455
0001338
0003085
0005355
0005530
0003667
0000756
-001689
-001514
0000058
0000000
-000932
-000524
0000756
0001688
0001513
-000583
-003144
-003668
-002096
0000523
0002677
0002386
0000349
-001048
-001689
-001921
-001747
-001339
-000699
0000232
0000989
0000698
-000292
-001456
-002038
-001572
-000175
0001862
0003492
0003667
0002386
0000291
-001805
-003144
-003027
-000874
0001629
0001688
0000058
-000815
-001048
-001398
-001689
-001863
-001805
-001980
-001514
0001164
0004191
0003783
0001338
0000349
0000465
0000116
-000233
0000291
0001222
0001455
0002153
0005879
0009546
0007451
0002503
0001106
0002677
0004424
0005355
0004715
0002910
0000873
0000000
0002386
0005413
0004016
0000174
-001107
-000524
-000874
-001863
-002736
-002795
-001281
0000291
-001398
-004366
-004366
-002271
-000408
0000174
-001398
-003435
-001863
0000698
-001281
-005181
-005065
-002271
-000815
-000757
-001398
-001863
-000699
0000989
0000640
-000350
0001397
0004016
0003492
0001979
0004540
0008440
0007974
0004656
0002794
0002910
0004598
0006403
0005879
0004191
0004540
0006228
0007509
0007159
0003783
-000524
-001980
-001048
-000524
-000583
-000815
-001107
-000699
-000175
-000874
-001805
-000757
0000756
-000583
-003319
-004366
-004017
-004425
-004832
-003551
-002038
-003086
-005531
-007102
-006928
-004657
-001514
0000640
0001047
-000641
-002445
-000292
0003609
0004424
0002561
0000232
-001223
0000523
0002910
0000116
-004425
-003260
0001513
0003783
0004191
0006112
0007567
0004656
0000523
0001571
0004889
0003609
-000233
-001863
-001048
0000698
0002503
0003026
0001804
-001572
-004832
-004599
-001980
-000408
-000059
-000059
-000233
-000059
0000291
0000349
0000116
-000641
-001572
-002271
-002271
-000815
0000873
0000756
-000466
-000757
-000350
-000699
-001223
-000874
0000116
0000465
0000989
0003318
0005704
0004889
0002153
0000523
0000232
0000349
0000756
0000756
0000640
0001571
0002444
0001513
-000059
0000232
0001920
0003259
0003609
0002212
0000232
0000000
0000640
-000292
-001630
-000641
0000931
-000699
-003319
-002154
0000814
0000814
-000932
-000815
0000349
0000349
-000233
0000058
0000756
0000756
0000291
0000000
0000000
0000349
0001106
0002212
0003492
0004947
0005530
0004074
0001397
-000815
-001689
-000990
0000756
0002444
0002561
-000990
-005589
-006637
-004483
-001456
0000698
0000058
-002387
-004017
-004425
-004075
-003668
-004657
-005996
-005589
-004250
-003842
-004192
-004250
-004192
-004250
-004133
-003551
-002387
-000175
0001397
-001281
-004483
-001048
0005646
0008091
0006519
0004132
0002037
0001862
0002794
0002503
0001513
0001222
0002095
0004715
0007043
0005530
0001688
-001048
-001572
0001047
0004074
0002794
-001048
-002911
-002736
-001805
-000699
-000117
0000058
0000407
0000523
-000292
-001805
-003551
-005007
-005996
-006171
-005239
-003842
-002736
-002445
-003260
-004250
-003668
-001921
-000583
-000175
-001456
-003086
-002795
-000874
0001280
0003026
0004016
0004016
0003026
0001804
0001455
0002153
0003841
0005413
0005355
0004191
0003958
0003725
0001338
-001863
-003901
-003784
-000932
0002095
0000465
-003319
-003377
-001456
-002969
-004832
-000292
0006053
0004831
-000874
-002445
-001514
-003668
-006520
-005239
-002271
-003202
-005880
-005065
-002853
-004425
-007335
-005938
-002620
-003086
-004890
-002213
0002561
0004656
0004191
0003085
0001979
0001222
0001222
0001920
0002852
0003026
0002619
0002503
0002270
0000814
-000757
-000175
0001164
0000232
-001107
0001513
0005238
0003725
-000059
0000756
0004132
0004947
0003841
0003550
0003201
0000814
-002504
-004483
-005531
-007451
-008732
-006869
-003377
-001339
-000932
-000699
-001165
-003027
-004890
-004366
-002504
-002445
-003319
-002736
-001339
-000815
-000583
0000873
0003026
0005180
0006344
0005471
0003143
0000465
-001339
-001223
0000174
0000873
0001047
0001455
0001920
0002270
0002212
0001397
0000000
-001630
-002445
-000932
0001746
0003376
0003259
0001513
-000874
-002213
-002387
-002329
-001980
-001339
-000641
0000058
-000466
-004541
-008441
-005705
0000582
0002910
0002095
0001979
0002270
0001513
0000989
0002735
0005297
0006112
0004947
0002852
0000814
0000232
0000698
0000640
0000000
-001223
-001980
-000408
0001862
0001571
-000466
-002096
-003144
-003959
-004192
-003260
-001747
-000524
0000000
-000117
-001048
-002853
-004599
-005239
-004599
-003027
-001805
-002969
-005647
-007743
-007917
-004832
-000175
0002619
0003201
0002386
0001164
0001571
0002444
0000931
-001107
-000466
0002212
0005180
0006577
0003958
-000175
-000990
0000873
0002328
0002968
0002677
0001571
0000058
-000990
-000641
0000873
0002852
0004132
0003550
0001629
-000408
-001456
-000117
0001862
0001222
-001107
-002736
-003319
-003726
-003319
-000350
0002037
-001747
-007917
-007975
-004657
-005705
-008790
-008325
-005647
-004133
-004425
-006637
-009023
-008616
-005880
-002620
0000058
0001106
0000756
0000232
0000000
0000407
0000989
0000523
-000117
0001106
0002735
0001222
-000699
0002852
0008382
0008382
0004831
0003550
0003841
0003026
0001688
0000873
0000931
0002503
0003841
0001571
-001980
-001747
0000523
0000000
-002154
-002504
-002096
-003842
-006054
-005647
-003784
-003319
-004075
-004832
-005356
-005822
-006171
-006345
-006404
-006404
-006054
-004308
-002678
-003435
-005472
-006054
-004890
-002445
0000000
0000232
-000815
-000524
0000582
0001047
0000989
0000523
0000640
0003143
0005704
0003609
-000233
0000523
0003667
0003550
0001455
0001106
0001804
0001106
0000000
0000931
0002444
0001804
0000058
-000466
-000059
-000175
-000350
0000465
0001513
0001455
0000407
-001456
-002736
-000815
0001920
0000465
-002969
-002853
-000699
-000466
-001223
-000350
0001164
0001164
0000465
0000989
0002153
0002212
0001804
0003085
0003958
0000698
-004133
-005472
-004250
-004425
-004890
-003027
-000350
0000000
-001456
-002213
-002562
-003959
-005007
-003319
-000815
-001339
-003435
-003610
-002504
-002038
-002096
-002213
-002154
-001921
-001223
0000582
0002444
0002794
0002153
0001862
0002153
0002968
0003143
0000407
-002504
-000117
0004656
0005471
0003725
0003667
0004598
0004249
0003376
0003609
0004016
0002910
0000814
-001165
-002096
-001281
0000640
0002212
0002386
0000116
-003086
-004366
-004133
-004308
-004599
-004133
-003086
-001921
-001281
-002213
-003610
-003551
-002504
-002271
-002329
-001048
0000349
0000000
-001689
-003901
-005414
-004716
-002271
0000698
0002619
0001164
-001456
-001048
0001629
0003725
0004947
0006112
0006170
0003376
0000000
0000058
0002503
0003841
0004132
0004598
0004831
0004424
0003550
0002794
0002561
0003667
0004540
0002328
-001223
-002271
-001747
-003027
-004075
-000350
0004889
0005530
0002444
-000583
-002445
-002387
-000932
0000058
0000465
0001106
0001513
0001106
0000349
0000232
0000349
-000292
-001165
-001107
-000583
-000815
-001456
-001572
-001339
-001572
-001456
0000814
0003376
0002910
0000873
0000814
0002212
0003143
0003259
0002619
0001571
0000931
0001047
0001979
0003143
0003667
0003550
0002910
0002328
0002328
0002735
0002968
0002910
0002735
0002444
0002328
0001862
-000175
-002562
-003144
-002562
-002795
-003202
-002271
-000350
0001979
0003434
0002153
-000583
-001863
-002154
-003260
-004366
-004366
-003435
-002445
-001165
0001397
0003492
0001920
-000932
0000058
0002968
0002910
0000756
-001048
-001339
0001397
0004715
0003841
0000931
0001222
0003376
0003376
0002328
0003143
0004482
0003550
0001455
0001280
0001862
0000640
-001398
-001921
-001281
-000932
-000757
-000350
0000000
0000116
-000292
-001805
-003202
-002096
-000233
-001398
-003610
-002271
0001047
0002735
0002677
0002270
0001571
0000523
0000058
0001513
0003958
0005937
0006112
0002444
-002038
-001514
0001571
0001106
-001398
-001456
0000174
0001106
0001455
0002095
0002212
0000640
-001165
-000233
0001920
0001804
0000349
0000523
0001688
0001920
0001629
0002037
0002212
0000349
-002620
-005065
-006171
-005647
-003784
-001572
0000349
0001629
0001629
-000175
-002504
-002911
-002445
-003901
-005647
-004425
-001572
-000583
-000583
0001164
0003667
0005064
0005297
0004889
0004424
0005297
0006403
0005122
0002910
0002444
0003376
0004540
0004947
0002968
0000407
0000931
0002386
0000000
-003959
-004948
-003377
-001456
-000408
-002096
-004716
-004657
-003435
-005123
-007743
-007102
-004657
-004541
-005181
-002678
0000232
-002445
-006404
-002504
0004424
0003259
-001863
-001165
0003609
0007101
0008033
0005180
0001164
0000640
0002852
0004656
0005413
0005122
0004424
0005064
0005821
0004249
0001571
0000582
0000873
0000756
0000523
0000931
0001397
0000523
-000408
0001397
0003318
-000233
-005123
-002678
0002852
0001455
-003377
-003202
-000175
-000233
-002387
-003668
-003668
-002620
-001165
-000641
-000874
-000699
-000466
-001514
-002620
-001980
-000233
0000989
0001106
-000583
-002620
-002736
-000757
0002677
0005879
0006344
0004715
0003550
0003143
0003434
0004249
0005064
0005646
0005995
0005937
0005471
0004773
0004016
0003434
0003318
0002735
-000408
-004017
-004541
-002504
-000350
0001164
0001164
0000291
0000756
0000989
-002154
-005880
-005414
-001921
0000814
0001746
0000291
-002271
-003551
-003493
-002853
-001805
-000292
0001047
0001164
0000756
0001280
0002444
0003434
0003259
0000465
-002795
-002445
0000407
0002561
0003026
0001222
-001281
-001223
0000349
0000349
-000408
0000291
0001862
0002852
0002910
0001688
-000117
-001398
-001921
-001689
-000990
-000583
-000466
-000583
-000292
0001688
0003550
0001688
-001514
-000815
0001455
-000524
-004366
-005065
-003202
-001223
-000117
-000815
-002038
-000699
0001280
-000117
-003144
-003901
-002445
-000292
0001804
0002794
0002677
0002037
0001688
0002619
0004191
0005297
0005355
0004191
0002037
-000583
-002445
-002038
-000408
-000233
-001048
-001398
-001514
-001747
-001980
-001689
-001048
-000466
-000117
-000292
-001107
-002620
-004250
-005298
-005065
-002445
0000000
-002096
-006287
-007160
-005356
-003319
-003027
-007684
-012516
-008499
-000175
0001920
-000524
-000932
0000058
0000058
0000465
0004365
0008382
0006286
0001629
0002561
0005995
0004074
-000524
-001281
0000814
0002270
0002561
0001920
0000698
-000117
-000408
-000641
-000466
0000873
0002153
0001397
-000874
-003260
-005181
-006637
-006753
-004948
-002329
-001107
-001339
-002096
-003086
-004192
-004657
-003493
-002038
-002562
-004425
-006229
-006811
-004483
-001107
-000408
-001165
0000116
0002037
0001455
-000175
0000232
0002444
0005122
0007101
0006985
0005297
0003841
0002794
0001455
0000349
0000000
0000116
0000523
0000174
-002795
-005880
-004541
-000932
-000292
-001630
-001281
-000466
-001863
-004308
-005589
-005414
-004250
-002678
-001165
-000757
-002387
-004774
-005647
-005356
-005938
-005996
-002504
0001688
0000756
-002795
-002969
-000699
0000698
0001222
0001629
0002037
0002794
0003434
0002910
0001338
-000874
-002795
-003202
-002329
-001456
-000583
0000698
0001455
0000174
-001863
-001747
-000815
-002445
-004716
-003551
-000757
-000524
-001398
0000756
0003550
0002328
-001281
-003027
-002969
-002678
-002387
-002096
-002562
-004890
-007277
-006171
-003260
-002271
-002969
-003493
-003435
-001863
-000175
-000641
-001980
-000874
0001688
0003434
0004016
0003725
0002619
0001106
-000059
-000117
0000465
0000465
-000175
-000932
-001630
-002096
-002387
-003144
-003784
-003260
-002096
-000990
-000524
-001223
-001747
0000814
0003725
0001455
-003377
-005123
-003784
-001398
0000523
-000175
-002096
-001921
-000466
0000058
-000175
-000408
-001048
-003086
-005181
-005531
-004366
-003144
-001863
0000116
0001746
0001455
0000523
0001746
0003667
0003434
0001047
-003027
-005996
-003842
0000640
0000814
-001514
-001048
0000756
0000174
-001572
-001165
-000350
-003260
-006753
-004075
0000349
-003842
-010420
-005705
0003609
0001746
-005298
-002271
0005064
0003492
-003027
-004133
-001747
-001980
-003842
-005007
-005007
-004483
-002504
0003085
0008149
0006053
0000291
-000815
0001688
0003376
0003783
0002619
0001047
0001280
0002794
0003783
0004191
0004598
0004482
0002735
0000931
0001862
0003783
0003026
0000349
-001980
-003377
-003551
-002911
-002620
-002736
-002911
-003319
-004308
-005123
-004483
-002969
-001747
-001514
-002736
-004075
-003086
-001165
-001339
-003260
-005414
-006695
-005705
-003377
-001572
-000757
-000815
-000815
0001455
0003900
0001979
-001747
-001456
0001222
0001688
0001338
0003550
0006228
0004889
0001513
0000698
0001920
0003376
0004016
0001979
-000524
0001164
0004424
0003609
0000698
0000640
0002386
0002968
0002386
0001571
0000582
-000524
-001514
-002329
-002853
-003027
-003086
-003435
-003493
-001863
0000232
0000873
0000291
0000174
-000292
-003493
-006578
-004832
-000641
0000232
-001398
-002213
-002271
-002445
-001921
0000349
0003201
0004424
0004074
0003201
0001513
-002154
-005298
-004133
-000583
0000058
-000699
0001047
0004074
0005879
0005937
0004540
0002212
-000117
-001805
-002795
-002736
-001747
-000466
-000059
-000117
0000582
0000931
-001747
-004948
-004308
-001223
0000698
0000814
-000641
-002504
-002154
-000815
-001048
-002445
-003610
-003319
0000174
0004307
0004191
0001688
0001397
0002444
0001804
0000232
-000350
-000233
-000175
-000292
-000524
-001048
-001747
-002271
-001980
-001281
-000932
-000874
-000292
0000349
-000175
-000757
0000582
0002561
0002910
0001688
-000932
-002911
-000466
0002735
-001223
-007393
-004890
0001746
0001164
-002911
-000815
0003550
0000873
-005181
-005356
-002853
-006229
-010886
-007219
0000756
0003900
0003201
0003609
0004132
0002212
-000117
0001338
0004191
0002561
-000408
0002444
0007858
0008498
0005995
0005762
0006344
0003609
0000058
0000640
0003026
0001979
-001281
-003784
-004483
-002853
-000233
0000698
0000349
0000582
0000756
-000524
-002271
-002445
-001747
-002154
-003260
-004250
-004308
-001921
0000989
0001164
-001107
-004017
-005996
-005181
-002445
0000116
0001455
0000814
-000524
0000116
0002386
0004947
0006694
0006403
0005238
0006286
0007625
0005180
0001106
-000059
0001338
0002619
0003841
0005821
0007101
0005530
0002503
0001047
0001338
0002212
0003201
0003667
0003376
0002968
0002386
0001804
0001164
0000582
-000117
-001223
-002504
-003610
-004657
-006695
-007917
-005356
-000874
0001804
0001688
-001514
-005298
-005123
-003027
-005007
-007859
-004657
0000989
0001164
-002154
-003377
-002271
0000349
0002910
0002852
0001629
0003143
0005995
0007159
0006868
0006985
0006519
0003725
0000058
-001747
-001805
-001398
-000524
0000698
0002270
0004540
0006228
0005588
0003434
0001688
0000523
-001048
-001863
-000059
0002328
0001222
-001630
-002387
-001107
0001338
0003026
0001047
-002795
-004716
-004075
-001107
0001804
0000814
-002853
-005589
-006345
-004832
-001514
0002037
0004773
0005471
0005006
0005413
0005821
0004365
0001571
-001747
-003901
-002969
-000350
0000989
0000698
-000699
-002038
-001107
0000873
0000989
0000000
-000292
0000349
0001746
0003201
0003201
0002444
0002735
0003376
0002852
0001280
-000990
-002969
-003260
-002445
-002271
-002038
0000232
0002386
0000291
-003377
-002620
0000000
-002271
-006171
-004308
0000174
-000524
-003144
0000698
0006519
0004540
-000524
0002503
0008673
0006636
-000059
-002620
-001630
-000815
-000583
-001281
-002387
-002853
-002387
-000990
0000349
-000059
-001281
-001048
0000174
0001164
0001629
0001571
0001164
0001280
0001106
-001223
-003610
-002445
0000349
0000698
-000990
-002853
-003842
-002562
-000292
0000174
-000932
-002096
-002969
-003319
-002853
-001456
0000174
0001047
0000756
-001107
-002678
-000932
0002968
0006053
0007334
0006403
0004249
0002735
0002153
0001629
0001455
0002386
0003201
0002153
0000058
-001048
-000932
0000058
0001222
0001047
0000407
0001106
0002328
0002328
0001164
-000350
-001980
-003959
-005414
-005763
-004890
-003202
-001223
0000989
0001979
-000408
-003435
-001456
0002386
0001397
-002620
-004948
-004599
-001223
0002852
0003492
0002095
0003201
0005238
0004540
0002619
0003201
0005006
0004656
0002910
0001804
0001222
0000291
-000292
0000349
0001979
0004307
0005762
0004016
0000814
-000059
0000465
-001048
-002853
-001456
0001164
0000931
-001281
-003027
-004192
-005996
-007044
-004716
-001514
-002038
-004890
-006113
-005647
-004425
-003377
-004192
-005472
-004483
-002213
-001572
-001514
0000989
0003550
0001804
-001921
-002853
-001339
0000465
0002095
0003434
0004132
0004249
0003900
0003259
0002794
0003259
0003900
0003143
0001862
0001688
0002503
0003550
0003900
0002270
0000116
0000407
0002270
0003667
0002852
-002620
-008441
-006520
-000466
0000756
-001456
-002154
-001572
-000932
-000466
-000175
-000524
-001980
-003784
-004599
-004017
-001921
0000407
0000873
-000466
-002736
-004017
-001456
0002852
0004540
0003725
0001920
0000291
0000465
0001746
0002270
0001746
0000058
-001339
0000291
0003026
0002910
0000582
-001281
-002271
-003027
-002504
0001455
0005064
0001746
-004774
-006345
-004308
-003959
-004075
-001339
0001920
0001804
-000641
-001747
-001572
-001456
-000932
0000465
0001862
0001571
0000291
-000466
-000233
0000989
0002503
0003318
0003143
0002503
0001513
0000058
-000815
0000989
0003318
0002153
-001048
-002795
-002620
-000699
0001222
-000350
-003377
-003435
-001805
-002154
-003551
-003551
-002562
-001863
-001863
-002969
-004716
-006404
-006753
-003610
0000116
-001281
-005414
-006462
-005065
-004599
-004192
-001689
0001280
0002270
0001222
-001107
-003086
-002329
-000059
0000756
0000523
0000989
0001222
-000990
-003086
-000233
0004424
0004540
0001688
0000814
0001571
0002212
0002735
0003550
0003841
0002270
0000174
0000116
0000931
-000292
-002736
-004308
-004716
-004308
-003377
-002504
-001921
-001456
-001223
-000874
-001165
-003493
-006113
-005938
-004425
-005123
-006928
-006753
-005356
-004599
-004832
-006229
-007859
-008150
-006753
-003377
0000058
0000407
-000524
0001688
0005006
0005064
0002910
0001571
0001804
0004715
0007625
0005704
0001571
0001455
0003841
0004424
0004074
0005297
0006810
0005995
0003783
0002153
0001688
0002677
0003725
0002270
-000583
-002213
-002213
-000466
0001397
0000407
-002096
-002620
-001805
-001805
-002678
-004425
-006054
-006404
-005181
-002387
0000232
0000000
-001805
-001398
-000059
-001107
-002969
-001921
0000291
-000175
-002213
-003027
-002445
-000990
0000349
0000232
-000757
-001048
-000408
0001222
0002794
0002735
0001804
0002444
0003085
0000407
-003435
-004425
-003027
-001863
-001281
-001107
-001456
-002795
-003551
-000990
0002561
0002968
0000989
-000524
-001107
-000990
-000408
0000291
-000059
-003202
-006928
-007102
-004832
-003493
-003319
-004075
-004075
0000174
0004947
0002794
-002445
-001689
0002212
0001338
-001281
0001397
0006344
0007159
0004947
0003841
0003376
0001571
-000175
0000349
0002270
0002794
0002968
0006170
0008906
0004889
-002213
-004832
-003202
-000175
0002153
0000873
-002504
-004017
-003435
-001514
0000465
0000640
-000408
-000699
-001048
-003551
-005938
-004017
0000058
0001513
0000756
-000175
-000466
0000989
0003667
0006810
0008731
0007509
0004540
0003259
0003609
0004016
0004249
0003841
0003143
0003026
0003434
0004365
0004889
0003900
0001804
-000641
-002154
-000990
0001106
0000756
-000874
-000874
0000116
0000523
-000233
-003202
-005647
-002562
0002386
0001397
-003027
-004425
-003435
-002736
-002562
-002736
-003377
-005065
-006345
-004541
-001863
-003144
-005705
-003319
0000989
0000291
-002911
-002562
0000873
0005646
0008906
0006112
0001280
0003318
0008673
0008673
0005646
0006112
0008149
0007159
0004365
0002677
0002561
0003958
0005413
0004424
0002270
0002153
0003085
0002619
0000756
-002562
-005123
-003493
-000117
-000350
-002445
-001747
0000407
0000756
-000757
-003901
-006462
-004832
-001572
-002736
-005647
-003610
0000174
-001223
-004716
-003144
0000931
0001222
-000583
0000349
0002619
0003143
0002619
0003085
0003841
0003434
0002212
0001222
0000931
0001862
0002852
0001280
-000932
0000465
0003085
0001571
-001747
-001572
0001106
0003201
0004191
0004540
0003841
0001862
0000058
0000523
0002619
0004715
0005530
0003958
0000989
-001048
-001921
-002387
-002678
-003435
-003668
-001398
0001047
-000408
-003842
-004483
-003435
-004483
-005880
-003842
-000583
-000583
-002329
-001921
0000116
0002444
0003725
0002503
0000000
-000641
0000116
0000465
0000989
0003259
0005297
0003609
0000232
-000059
0001513
0001280
0000232
0001164
0002561
0001629
-000466
-001223
-000292
0002037
0004424
0004889
0003376
0000407
-002096
-001223
0001513
0002735
0001862
-000874
-003610
-002853
-000466
-001398
-003668
-002387
0000174
-001048
-004017
-004075
-001980
-000117
0000756
0000058
-000874
0000465
0002677
0002444
0000756
0000349
0000989
0001571
0002153
0002852
0003318
0003201
0002735
0002153
0001979
0003318
0004540
0003026
0000116
-000932
-000466
-000117
-000117
-000699
-001165
-000233
0000814
-000175
-002736
-005472
-007219
-006928
-004716
-001456
0001047
0000174
-002096
-001281
0001397
0002735
0002386
0000349
-001339
0000523
0004191
0005762
0005297
0004540
0003492
0001455
0000232
0002677
0006228
0005530
0002503
0002153
0003667
0004191
0004307
0005704
0006927
0005588
0002153
-002038
-005298
-005880
-004425
-002969
-002620
-004657
-007044
-005589
-002445
-002445
-004890
-007626
-009023
-007277
-004133
-003551
-004192
-001863
0000931
-000815
-004832
-006054
-004599
-002504
-000699
-000583
-001339
-000932
0000465
0002212
0003841
0005064
0005588
0005530
0005122
0004715
0004424
0004016
0003841
0004249
0004715
0004365
0003259
0002328
0001047
-001863
-004250
-002213
0001513
0000931
-001863
-001514
0000989
0002910
0003026
-000059
-003668
-002562
0000931
0000814
-001747
-003493
-003842
-002969
-001456
-000292
-000117
-001165
-002853
-003959
-004192
-003610
-002562
-001921
-001398
0000291
0001862
0001164
-000117
0001979
0005238
0004889
0001920
-000990
-002096
0000582
0004249
0002852
-000641
0000407
0004482
0007276
0008265
0008033
0006228
0002095
-001689
-000641
0002328
0000814
