-003551
-003377
-003086
-002096
-000641
0001164
0002386
0001629
0000116
0000349
0001571
0001920
0001164
-000815
-002562
-001747
0000349
0000116
-000815
0001164
0003958
0003143
0000640
0001164
0003201
0002910
0001513
0002328
0003434
0000931
-003144
-004541
-003260
-000932
0001397
0002212
0001629
0000698
-000466
-002154
-003435
-003086
-001863
-002096
-002678
-001398
0000698
0001979
0001513
-001514
-004832
-004192
-001980
-003901
-007335
-006637
-003551
-003086
-003901
-002678
-000059
0002503
0003841
0002095
-000583
0000058
0002153
0001338
-000932
-001339
0000407
0003958
0007101
0006170
0003434
0004540
0007392
0007276
0005006
0003085
0001920
0001338
0001455
0002212
0002677
0001164
-001048
-001456
-000641
-000233
-000757
-003086
-005472
-005007
-002562
-000757
-000292
-001281
-003086
-004599
-004948
-003144
-001048
-002096
-004483
-003842
-001980
-003260
-005763
-005065
-002678
-002562
-003610
-003027
-000990
0001513
0004132
0006810
0008440
0007567
0005413
0004482
0004773
0005238
0005588
0005122
0004598
0006228
0008091
0006752
0003841
0003376
0004307
0003201
0001688
0003492
0006112
0004307
0000814
0001629
0004540
0004191
0001513
-000350
-000932
-000408
0000582
0000989
0000465
-000815
-002445
-004075
-005065
-004716
-003435
-002271
-001689
-001980
-002853
-003901
-004308
-002504
-000408
-001281
-003901
-005123
-004599
-002562
0000116
0002212
0003318
0003550
0003725
0005588
0007392
0005646
0002153
0000523
0000698
0000873
0001164
0002270
0002910
0000873
-001747
-000408
0002212
0000291
-003610
-003668
-001456
-001281
-002329
-002271
-001398
-000815
-000641
-000583
-000641
-000874
-000757
0000814
0002619
0002794
0001746
0000931
0000407
-000350
-000990
-001339
-000932
0000931
0002910
0002619
0001047
0000931
0001571
0001106
0000291
0000814
0002153
0003201
0003667
0003609
0003143
0002503
0001920
0001455
0000989
-000059
-000815
-000059
0001804
0003667
0004540
0003667
0001513
-000815
-002096
-001165
0000989
0002270
0002386
0001862
0001047
0000640
0000931
0001979
0003318
0004424
0003900
-000699
-005589
-003842
0000873
-000117
-003842
-002271
0002212
0003958
0003492
0003259
0003026
0001746
0000523
0001280
0003085
0004016
0003841
0003434
0002561
0000814
-000699
-000175
0001222
0001047
-000408
-002038
-002736
-001339
0000814
0001455
0000232
-002387
-005181
-006520
-006287
-005123
-004017
-005007
-006695
-006171
-004366
-003726
-004017
-004017
-003901
-004366
-004657
-003842
-001921
0000931
0003143
0002677
0000756
0000465
0001397
0002212
0002735
0003085
0003085
0002619
0002386
0003259
0005122
0007625
0008964
0006577
0002619
0001571
0002444
0001804
0000349
0000058
0000291
-000641
-001456
0000814
0003667
0002095
-001339
-000757
0001455
-000699
-004250
-002504
0001571
0001106
-002213
-003842
-003726
-003377
-002969
-002736
-002387
-001514
-000292
0000640
0001047
0000814
0000174
-000233
-000641
-002096
-003027
-000524
0003259
0003783
0002037
0000698
0000640
0002328
0004598
0005297
0004482
0003376
0002270
0001455
0001047
0000116
0000000
0003026
0006577
0005995
0002328
-001107
-003086
-002736
-000699
0001106
0002386
0003667
0004132
0003085
0001280
0000232
0000174
0001106
0001804
0000291
-002271
-002911
-002736
-004425
-006578
-006345
-004599
-003784
-003260
-001107
0001513
0002561
0002444
0002677
0002852
0002328
0001047
-001223
-003144
-002445
-000233
0000756
0000931
0002619
0003783
0000465
-004192
-004017
-000990
-000292
-001339
-001747
-001223
0000349
0002037
0002503
0001979
0001688
0001688
0002212
0002561
0001338
-000699
-001805
-002154
-002795
-003086
-001863
-000466
-001689
-003726
-002620
-000175
-000641
-002445
-002038
-000117
0001280
0002037
0002444
0002677
0003376
0004598
0006636
0007858
0005297
0001222
0000232
0001164
0000407
-001223
-001689
-001223
-000932
-000874
-001165
-001514
-001223
-000583
-000350
-000408
-000233
-000117
-000641
-001514
-002504
-003027
-002795
-001630
0000523
0001862
-000757
-004716
-004716
-001863
0000291
0000756
-001165
-003901
-004657
-003027
0000814
0003958
0001688
-002911
-002795
0000291
0000756
-000059
0001047
0003434
0005238
0005995
0005588
0004773
0005530
0006752
0006461
0004598
0001629
-001165
-001805
-000990
-000815
-001281
-001863
-002795
-004832
-006578
-005647
-003784
-005414
-007859
-005414
-001223
-002504
-006113
-003842
0000116
-003901
-010537
-007917
-001165
-002736
-007917
-005298
0001280
0002270
0000000
0001629
0004307
0001513
-002853
-000932
0004598
0006868
0006403
0006344
0006461
0006112
0005471
0004889
0004365
0003550
0002968
0003609
0004074
0001688
-001805
-002678
-001980
-002911
-003901
-001689
0001979
0003259
0002503
0001746
0001164
0000873
0000756
0000582
0000174
-000815
-001572
-000874
0000465
0000582
-000466
-002154
-003610
-003551
-002213
-000524
0000640
0000349
-000583
-000408
0000931
0003376
0005122
0003201
-000117
0000058
0002328
0002444
0001455
0001862
0003434
0005238
0006286
0004947
0002503
0001338
0001397
0001164
0001106
0001804
0002735
0002968
0002037
-000815
-003668
-003377
-001048
0000291
0000873
0002212
0003318
0002328
0000465
0000000
0000232
-000757
-002329
-003027
-002445
-000059
0002037
0000116
-003086
-001223
0002619
0001280
-002504
-001980
0000698
0000058
-002154
-001514
0000698
0001397
0000582
-000990
-002271
-001863
-000350
0000873
0001222
0000174
-001165
-000641
0000698
0000174
-001456
-002329
-002562
-002969
-002969
-001805
-000583
-001398
-002795
-001398
0001280
0001455
0000116
0000349
0000814
-001572
-004308
-002096
0001862
0000756
-003144
-003901
-002620
-003202
-004308
-002911
-000175
0001629
0001920
0000640
-000641
0001280
0004249
0003725
0001397
0001455
0002794
0002328
0000989
0001047
0001920
0002153
0002153
0003318
0004132
0001746
-001747
-001747
0000058
-000524
-002504
-003377
-002969
-001339
0000291
0000407
-000815
-002154
-002678
-001223
0000873
0000873
-000466
-000583
0000058
0000116
-000466
-001456
-002154
-001223
0000116
-000350
-002096
-003319
-003959
-005123
-005239
-001456
0003201
0002735
-000233
0001106
0004598
0004889
0003434
0004132
0005762
0005646
0004132
0002735
0001455
-000117
-001456
-001921
-001107
0001571
0004598
0005937
0005238
0003143
0000931
0000174
0000989
0002561
0003550
0001979
-000874
-002620
-002736
-001165
0000582
0000116
-001921
-003319
-003610
-002271
-001107
-003144
-006637
-007801
-006695
-004483
-002562
-002678
-003842
-003435
-001572
0001106
0003143
0002677
0000640
-000583
-000583
0000640
0002037
0001804
0000698
0000873
0001688
0001571
0000931
0000873
0001164
0001106
0000814
0000814
0000756
-000350
-001398
-000757
0001222
0003434
0004831
0004132
0001629
-001747
-004250
-003377
-000699
-000292
-001339
-001281
-000757
-001339
-002562
-003144
-003144
-003260
-003086
-002154
-001048
-001223
-001747
-000641
0001164
0001746
0001280
0000465
0000232
0001920
0003667
0001629
-001572
-000233
0003318
0003376
0001106
0000291
0000756
0001455
0002037
0001920
0001571
0001979
0003026
0004715
0005588
0003492
0000465
0001047
0003026
0001397
-001863
-001921
-000292
-000990
-002911
-003493
-003144
-003610
-004250
-003959
-002736
-000641
0000873
-000699
-002969
-000932
0002968
0003259
0001164
0000407
0001397
0003783
0006461
0007974
0007800
0006461
0004482
0003143
0002037
-000815
-003319
-001805
0001513
0001979
0000000
-002096
-003726
-004716
-004483
-002271
0000407
0000640
-000466
-000117
0001047
0001106
0000174
-001398
-002678
-002271
-000990
-000641
-001107
-001456
-001456
-000699
0000232
0000116
-000524
-000466
-000175
-000874
-001689
-001281
0000465
0003550
0006228
0005995
0003434
0000873
-000757
-000815
0000698
0003667
0005588
0002153
-002911
-001980
0001920
0001222
-001863
-001689
0000000
-001863
-004541
-002445
0001397
-000175
-003901
-002213
0001862
0001338
-001456
-000350
0002561
0002037
-000059
0000698
0002735
0002212
0000000
-001747
-002736
-003551
-003377
-001281
0001804
0004132
0004540
0001862
-001339
0000058
0003667
0003900
0002328
0003667
0005762
0003841
0000232
0000000
0001804
0001513
0000291
0001338
0003259
0002910
0001688
0002968
0004831
0002735
-000757
-000408
0002095
0002153
0000407
-000699
-001339
-002853
-003901
-002445
0000116
0000640
-000524
-001747
-002387
-001165
0000174
-001747
-004716
-004425
-001572
0001280
0002794
0001629
-001281
-003610
-004366
-002911
-000583
-000175
-001048
-000815
-000059
-000408
-000990
-000233
0001979
0005588
0009139
0011234
0010885
0007334
0003143
0002386
0003958
0004249
0002968
0000756
-001630
-003319
-003144
0000058
0004132
0005238
0003783
0001804
0000000
-001281
-001572
-000175
0001222
-000757
-003668
-002387
0000989
0001222
-000524
-000699
0000058
-000059
-000699
-001165
-001223
-000583
0000232
-000117
-000874
-000117
0000756
-001281
-003726
-001456
0002794
0002794
0000582
0001513
0004424
0006344
0006403
0003958
0000582
-000874
-000466
0000407
0001338
0002212
0002677
0003201
0002910
0000291
-002736
-002853
-000583
0001746
0002910
0001746
-000524
-000990
-000292
-000175
-000990
-003260
-004657
-000815
0004831
0005413
0002037
-000932
-002620
-002795
-001572
0000291
0001338
-000699
-003842
-004017
-001980
-000583
0000116
0000698
0000756
-000466
-001630
-000059
0002095
0000232
-002969
-001514
0002095
0002444
0000349
-000990
-001048
0000523
0002095
0000640
-002154
-002271
-001281
-002911
-005822
-007160
-006637
-004774
-002096
0001280
0003318
0002037
-001689
-006287
-008325
-002795
0004715
0002852
-003493
-002154
0003434
0003958
0001280
0000698
0001629
0001571
0001106
0000989
0001629
0003900
0006286
0006461
0005006
0003900
0003725
0005471
0007276
0005821
0002561
0000640
0000523
0001862
0003492
0003550
0002503
0002095
0001862
0000523
-001281
-002678
-002853
-000641
0001746
0000174
-003027
-002853
-000466
0000582
0000116
-001630
-003144
-002038
0000174
0000174
-001572
-002853
-003493
-004017
-003784
-002096
-000059
-000117
-001107
0000058
0001920
0001106
-000292
0002386
0006519
0006461
0003841
0003434
0004016
0002386
0000349
0001862
0004889
0005006
0003143
0002503
0002561
0001629
0000349
-000117
0000116
0000232
0000291
0000465
0000873
0001688
0002270
0001222
-000175
0000698
0002037
-000233
-003668
-002795
0000000
-001165
-004657
-006578
-006578
-005356
-003784
-003260
-004017
-005996
-007684
-006345
-003377
-002096
-001747
0000232
0002212
0001222
-001107
-001048
0000698
0001629
0002037
0003201
0004249
0003725
0002503
0002153
0002619
0003318
0003550
0001979
-000059
-000233
0001222
0002910
0004132
0004249
0003201
0001513
-000059
-000815
-001048
-001921
-002795
-002387
-001339
-000641
-000699
-001398
-002562
-004075
-004948
-003668
-001747
-002620
-004541
-003435
-001107
-001747
-003784
-003260
-001048
0000698
0001397
0000523
-000583
0000349
0002444
0003550
0003434
0002619
0001047
-001107
-002911
-003260
-001805
0001746
0005006
0004598
0001222
-002562
-004657
-002329
0001804
0002503
0000523
-001107
-001398
0000873
0003609
0002561
-000466
-000583
0000465
-001572
-004366
-003435
-000233
0001571
0001047
-002387
-006054
-005239
-001514
0001047
0001746
0000989
-000815
-003493
-004716
-000524
0004947
0003434
-001165
0000814
0005762
0004773
0000873
0001455
0004132
0003201
0000000
-001863
-002038
-000874
0000640
0000582
-000524
-001339
-001747
-001921
-002038
-002329
-002736
-002795
-002678
-002504
-002853
-005065
-007626
-007975
-006637
-005239
-004425
-005007
-005938
-004890
-002969
-003027
-004192
-004017
-002795
-001572
-000757
-000699
-000699
0000756
0002735
0003434
0002852
0001513
0000873
0003667
0007218
0005821
0002270
0003026
0006112
0006170
0003725
0001280
-001339
-005356
-008558
-007684
-004308
-001980
-001281
-001398
-002387
-004250
-005472
-003551
-000757
-002038
-005123
-004541
-001863
-000757
-001398
-003493
-004948
-002096
0002095
0001164
-002736
-004250
-002853
0001106
0005122
0005064
0001804
-001630
-003842
-003784
-001921
-000059
0001397
0002386
0002503
0001979
0000582
-002096
-004250
-003086
-000059
0001571
0001397
0000174
-001223
-001048
0000000
0000291
-000641
-003260
-005531
-003726
0000000
0000523
-001107
-001747
-001689
-002504
-003493
-003086
-002445
-004133
-006462
-005705
-003610
-004192
-006229
-006695
-005763
-004774
-004075
-003901
-004308
-005239
-005647
-004366
-001747
0001513
0003667
0002153
-000524
0001688
0005297
0002910
-002445
-003493
-001339
0000058
0000640
0001047
0001164
0001106
0001164
0002037
0002735
0001222
-001107
-001747
-001048
-000757
-000990
-001689
-002387
-002620
-002678
-003435
-004133
-003202
-001805
-002387
-003842
-003610
-002504
-002445
-003377
-005007
-006345
-006171
-005181
-005356
-005822
-004541
-002271
-000699
-000117
-000350
-001165
-001921
-002038
-000699
0000640
-001223
-003726
-001689
0002503
0003085
0001397
0001106
0001804
0001688
0001106
0001164
0000291
-005065
-010362
-007277
-000059
0001629
-000408
0000756
0002794
0000523
-002969
-001165
0003318
0004016
0002212
0001862
0002444
0002619
0002212
0001106
0000058
0000523
0001920
0002852
0003259
0003725
0004249
0005238
0005530
0002968
-000466
-001223
0000058
0000814
0001164
0001862
0002444
0002561
0002153
0001164
0000000
-000641
-000815
-000932
-000990
-000932
-000524
0000873
0001862
0000407
-002562
-004774
-005472
-004133
-002387
-003377
-005822
-006753
-005880
-003610
-001398
-001689
-003668
-004890
-004948
-004017
-002271
0000000
0001804
0001862
0000931
0000989
0002037
0003900
0005064
0002852
-000524
-000408
0002328
0004773
0005995
0004773
0002852
0003783
0006286
0007101
0006810
0007683
0008731
0007916
0005762
0003143
0001338
0001455
0002677
0002619
0001629
0001338
0001164
-000350
-001863
-000641
0001280
-000233
-003027
-002096
0000349
-001107
-004657
-006229
-005472
-003202
-000815
-000757
-002387
-003551
-003901
-003784
-003202
-002969
-002271
0000756
0004132
0005122
0003900
0001746
0000582
0003143
0006810
0005879
0002328
0001106
0001688
0001629
0001397
0002095
0003143
0003492
0003376
0003434
0003667
0003958
0004191
0004191
0003900
0003259
0002444
0001455
0000465
-000757
-002038
-003435
-004366
-003784
-002678
-003086
-003901
-002562
-000524
-000990
-002911
-003551
-003260
-003144
-003319
-004017
-004250
-002620
-000175
0001164
0001106
-000350
-001398
0001164
0004773
0004074
0001338
0002212
0004656
0003667
0001047
0001106
0003026
0004365
0004773
0004365
0003376
0002386
0001571
0000756
0000465
0001571
0003492
0005180
0005937
0005821
0004540
0001920
-000874
-002329
-002387
-002154
-001630
-000350
0000756
0000232
-000874
-000583
0000640
0001455
0001688
0001629
0001338
0001455
0001455
-000117
-001805
-001572
0000582
0004424
0007276
0005006
0000640
0000989
0004482
0006868
0006985
0003841
0000349
0002037
0006286
0006694
0004540
0004132
0004598
0003376
0001338
0000174
-000059
0000000
0000349
0001164
0001629
0000465
-001456
-002154
-002154
-003027
-003784
-002562
-000583
-000641
-001863
-001514
-000990
-003842
-007102
-005239
-000408
0002212
0003085
0005122
0006519
0003550
-000233
0001862
0006868
0007800
0005762
0004598
0004656
0005704
0006810
0005995
0004249
0004016
0004482
0003201
0001106
-000408
-000699
0000582
0002153
0001164
-000524
0001629
0004889
0003900
-000117
-003377
-005181
-006054
-005822
-004890
-004075
-004483
-005647
-006345
-006345
-005880
-005065
-004250
-003435
-002271
-001572
-003027
-004832
-004017
-001165
0001862
0003434
0001688
-001339
-001339
0001222
0003783
0005704
0006403
0006403
0007742
0008964
0007101
0004016
0003492
0004540
0004424
0003201
0001571
0000232
0000000
0000698
0001629
0001804
-000466
-003202
-002795
-000699
-001048
-002678
-002911
-001630
0000814
0002619
0000407
-003319
-003668
-001689
-000641
-000874
-002271
-003842
-004133
-003260
-002038
-000641
0001047
0002037
0000814
-001281
-001165
0000232
0000407
0000116
0001629
0003841
0004715
0004307
0003609
0002503
0000582
-000815
0000174
0002270
0002328
0001397
0002328
0003841
0003026
0000931
-000408
-000583
0000174
0000931
-000292
-002271
-002678
-001456
0000989
0002910
0002212
-000466
-003144
-005007
-005880
-005763
-005647
-005356
-004425
-003435
-003493
-003959
-003493
-002678
-002562
-003027
-003842
-003784
-001223
0002677
0005646
0006286
0003376
-000583
-000932
0001164
0002212
0002153
0001804
0001746
0003143
0004656
0003841
0001455
-000699
-001223
0001688
0005297
0004191
0000931
0001629
0004191
0003026
0000349
0001164
0003667
0003550
0001338
-001048
-002387
-001165
0000931
0000582
-001514
-003086
-003319
-001630
-000117
-002969
-007044
-005938
-001689
-000117
-000699
-001107
-001048
-000524
0000465
0001746
0003085
0004424
0004831
0002677
-000059
0000640
0002968
0002444
-000117
-001863
-002620
-002969
-002853
-003086
-002736
0000116
0002852
0000814
-003435
-004192
-002562
-002154
-002678
-003144
-003202
-002620
-001514
0000174
0001222
-000059
-002620
-003959
-004192
-004599
-004541
-003202
-001339
0000000
0000174
-001339
-003144
-003086
-001223
0001397
0003609
0004016
0003434
0004191
0005646
0006228
0005646
0003958
0002153
0001862
0002735
0003550
0003841
0003900
0002910
-000641
-003784
-001456
0003609
0005413
0003492
-000990
-005822
-007335
-006054
-004483
-003842
-005472
-007859
-008034
-006404
-004832
-004250
-005589
-007626
-007859
-006637
-005356
-004657
-005298
-006229
-005414
-003435
-001572
-000583
-001165
-002096
-000757
0001862
0003492
0003783
0003143
0001862
0000058
-000641
0002212
0006228
0007159
0005297
0002910
0001280
0001804
0003492
0003958
0003434
0003492
0003725
0003492
0002619
0000989
-000990
-002911
-003668
-001863
0000465
-000524
-003319
-003959
-003319
-004425
-006404
-007568
-007568
-006345
-004657
-004017
-004075
-003610
-003086
-003901
-004366
-001107
0003143
0002794
-000175
-000466
0000814
0000232
-001107
-000583
0000698
0000000
-001572
-001689
-000583
0000582
0001746
0003725
0005122
0003609
0000931
0000931
0002328
0001688
0000407
0001920
0003958
0002095
-001456
-001165
0000698
-001456
-004541
-002154
0002735
0003201
0000523
-000699
-001048
-002387
-003726
-003260
-001689
-000932
-000699
0000232
0000756
-001630
-004425
-003144
0000291
0000582
-000641
0000698
0003085
0002910
0001106
0000174
0000116
-000350
-000815
-000932
-000815
-000932
-001281
-001921
-002504
-002445
-002678
-005181
-007975
-007219
-004716
-004716
-006054
-005123
-003086
-002853
-003610
-003202
-001980
-000641
-000233
-002562
-005239
-004075
-000175
0003550
0005413
0003667
0000698
0001688
0004074
0001804
-002387
-002271
0000407
0000640
0000232
0004074
0008906
0008265
0004424
0002910
0003841
0005762
0007509
0007276
0005646
0004424
0003783
0003609
0003492
0002386
0000873
0000232
0000407
0001106
0001979
0002852
0002677
-000292
-003784
-003319
-001048
-002154
-005123
-006287
-005647
-004483
-003202
-002096
-001456
-001281
-001223
-000874
-000466
-000350
-000524
-000524
-000292
-000117
0000407
0002386
0004249
0003201
0001047
0001222
0003143
0004598
0005180
0004424
0003609
0005122
0007334
0007334
0005588
0003841
0002910
0003492
0004715
0004831
0003841
0002270
0001047
0001688
0002852
0001455
-000350
0002037
0006112
0006286
0004016
0003492
0003201
-000874
-005763
-005763
-002678
-001223
-002096
-004774
-007626
-007975
-006404
-005181
-004599
-004366
-004192
-003551
-002736
-002445
-002038
-000175
0002153
0003085
0002910
0002852
0003026
0003725
0004424
0004482
0003958
0003085
0002677
0003725
0005530
0006752
0006577
0004191
0000814
-001223
-001689
-000990
-000466
-003086
-005647
-001514
0004715
0003492
-001398
0000000
0004365
0003434
-000524
-001223
-000292
-002504
-005356
-003726
-000641
-002853
-006928
-005531
-000757
0002386
0003201
0002270
0000465
-000990
-001107
0000756
0003143
0003376
0002153
0001746
0001862
0001280
0000814
0001688
0003434
0005122
0005646
0003434
0000523
0001047
0003143
0002270
0000116
0000698
0002968
0004365
0004365
0003318
0001920
0001746
0002270
0001688
0000349
-001048
-001980
-001921
-001456
-002038
-002911
-002154
-000932
-001572
-002678
-000932
0001862
0001862
0000174
-000175
0000931
0002794
0004307
0003318
0001804
0003900
0007625
0008964
0007800
0005297
0002677
0001979
0002386
0001397
-000059
-000233
0000582
0001571
0001688
-000641
-003435
-002736
-000117
0000814
-000350
-003260
-006054
-006229
-003784
0000232
0003434
0002561
-001048
-003551
-004425
-003959
-002620
-001281
-000932
-002329
-004250
-004541
-003144
-000699
0001047
-000175
-002911
-003493
-002271
-001223
0000058
0002619
0005006
0004424
0002677
0003492
0005937
0007334
0007509
0007043
0006112
0004947
0003900
0003143
0002910
0003667
0004074
0001338
-002329
-002736
-000932
-000059
-000408
-001456
-002504
-002387
-001572
-001456
-001805
-001747
-001572
-001689
-002562
-005181
-007393
-005822
-002387
-001514
-002271
-001339
-000233
-002154
-005298
-005880
-004425
-003435
-002387
-000059
0002735
0004656
0005180
0004191
0002619
0002444
0003376
0004365
0005238
0006053
0006694
0007625
0007858
0005588
0002794
0002968
0004831
0004831
0003259
0001513
0000291
0000523
0001164
0000000
-001980
-002562
-001689
-000233
0000873
0000407
-001398
-004075
-005822
-003610
-000699
-003726
-009256
-009314
-006287
-006811
-009140
-008616
-006229
-005007
-004017
-000175
0003026
-000932
-006986
-004599
0001804
0001222
-002853
-001223
0003492
0004715
0003492
0003259
0003667
0003841
0003492
0001862
0000291
0001164
0003376
0004831
0005238
0005297
0004889
0003783
0002852
0003609
0004715
0003841
0001804
0000989
0000931
0000174
-000466
0000814
0002735
0003318
0002212
-000466
-003144
-003377
-002213
-002736
-003668
-001921
0000465
-000524
-003144
-003086
-001572
-002154
-003842
-004832
-004425
-002329
0000523
0002677
0003259
0001629
-000932
-002329
-001980
-000175
0002328
0004307
0005122
0004482
0003026
0001979
0001164
-000408
-002387
-004250
-004948
-003377
-000815
0000232
-000466
-002736
-004599
-002736
0000523
0000174
-002271
-002736
-001572
-000583
0000291
0001513
0002328
0001688
0000058
-001514
-002445
-001980
-001339
-003260
-004832
0000174
0006868
0005180
-000757
-001223
0002852
0007218
0009663
0007334
0002503
0000232
0000116
-000583
-001339
-001223
-000641
-000466
-001048
-002853
-005065
-006054
-006345
-007743
-009140
-008849
-006811
-002853
0000756
0000291
-002329
-002096
-000990
-003435
-007335
-008325
-006404
-002678
0000291
-001805
-005880
-004948
-001339
-000699
-002213
-002969
-002736
-001630
-000350
-000350
-000699
0000873
0003434
0005180
0005530
0004307
0002619
0002677
0003492
0002386
0000814
0002095
0004715
0005471
0004715
0004424
0003841
0001047
-002096
-002504
-001107
-000932
-001689
-001980
-002154
-003319
-004541
-004250
-003202
-003086
-003959
-005705
-007219
-006986
-004890
-001339
0001688
0001571
-001281
-005239
-008383
-008732
-006869
-004948
-003027
0000058
0002444
0001106
-001456
0000640
0004424
0003201
-000757
-002096
-000641
0002270
0005238
0006286
0005180
0002735
0000116
-001107
-000757
0000000
0000756
0000873
0000232
-000757
-001689
-001689
-001107
-000524
-000699
-002387
-004832
-006404
-006462
-004948
-002678
-000815
-000815
-004890
-009256
-006695
-000815
0000232
-002096
-003260
-002736
-000583
0001746
0001862
-000117
-003027
-005123
-003901
-000583
0001979
0002735
0001106
-001048
0000407
0003026
0001513
-002096
-002795
-001398
-001165
-001339
-000117
0001338
0000989
-000175
0000232
0001513
0001571
0001280
0002735
0004074
0002095
-001572
-003493
-003551
-002853
-002329
-003726
-005531
-004657
-002562
-002969
-004541
-003493
-001456
-001863
-003319
-002387
-000175
0001222
0001106
-000815
-002736
-001456
0001280
0001920
0000640
-001165
-001863
0001164
0005064
0003958
0000116
-000757
0000174
-000699
-002387
-002504
-001630
-001398
-001339
-000292
0000407
-001863
-005123
-005298
-003202
-001223
-000059
-000233
-001048
-000932
-000524
-001514
-002795
-002096
-000932
-002795
-005647
-005123
-002795
-002445
-003493
-003959
-003319
-001281
0001222
0002561
0002328
0000523
-000990
0001397
0004773
0002910
-001165
-001107
0001804
0003376
0003376
0002735
0002037
0002503
0003434
0003026
0001746
0000873
0000174
-001223
-002213
-000524
0001455
-000932
-005239
-006578
-005298
-003959
-003144
-003377
-004425
-005356
-006054
-006986
-007219
-005007
-002620
-004483
-008150
-008325
-005822
-003551
-001980
-000932
-000757
-001456
-002154
-001339
-000059
-000583
-002213
-003610
-003610
-000757
0003026
0004365
0003434
0001513
-000059
0000756
0002794
0003318
0002153
-000059
-002504
-004425
-005065
-003842
-001980
-001747
-003086
-005007
-006695
-007277
-006113
-002038
0001688
0000058
-004774
-007160
-006869
-005356
-004017
-005705
-007917
-004832
-000117
-001398
-005414
-004192
-000233
-000292
-002154
-000292
0003085
0003026
0000989
0001106
0002561
0003318
0003201
0002503
0001455
-000059
-000990
-000233
0001862
0004249
0006053
0006519
0005530
0003434
0001280
0000349
0000640
0001571
0002444
0002503
0001688
-000233
-001456
0001164
0004482
0002386
-002562
-003959
-002736
-002213
-002387
-002736
-002969
-002329
-001747
-002853
-004483
-004133
-003144
-004657
-006928
-006462
-003959
-001921
-000757
-000059
-000059
-000815
-001572
-001572
-000292
0002852
0005297
0002444
-002213
-001281
0002735
0003376
0001571
0001280
0001455
-000408
-002445
-001398
0001106
0001280
0000000
-000233
0000582
0002037
0003259
0003143
0001979
0001106
0000465
-000233
-000524
0000989
0002444
0000232
-002911
-000815
0003492
0003492
0000640
-000990
-001165
-000583
0000407
0001164
0001338
0001047
0000058
-002038
-003726
-002911
-000641
0000116
0000407
0003085
0005995
0005297
0002910
0003667
0005588
0004132
0000640
-001572
-001980
-000466
0001338
0000582
-001514
-002154
-001223
0000814
0002444
0001513
-000932
-002329
-002096
-000466
0001455
0001979
0000931
-001048
-003260
-004657
-004890
-004192
-002795
-001048
0000698
0002735
0003958
0002852
0000756
0000873
0002095
0001804
0000582
-000408
-000175
0002619
0006053
0006228
0004307
0003492
0003900
0005122
0005704
0003434
-000059
-001398
-000815
0000174
0000873
0000582
-000815
-003260
-005065
-003668
-000815
-000815
-002038
-000466
0001920
0000873
-001921
-002271
-001339
-002620
-004948
-005996
-005705
-004425
-003202
-003610
-004250
-002154
0000640
-000699
-003435
-000990
0002794
-000874
-006811
-004075
0003026
0003900
0000931
0001222
0003900
0005879
0007043
0008033
0008324
0007916
0005995
0001164
-003319
-002504
0001746
0004715
0005122
0002735
-000292
0000465
0002910
0001804
-001048
-000932
0000873
0001106
0000291
0000000
0000291
0000989
0001280
-000292
-002736
-003784
-003842
-004425
-005298
-005822
-005531
-003610
-001281
-000874
-001107
0001106
0003900
0003434
0001338
0001455
0003143
0004016
0004074
0004016
0003783
0002794
0001920
0002328
0003434
0003900
0003725
0003492
0003318
0003318
0003550
0003783
0003609
0001920
0000116
0000756
0002503
0002270
0000873
0000989
0001397
-000641
-003086
-001572
0001338
0000000
-003144
-002038
0001222
0001397
-000233
0000523
0001804
-000350
-003726
-003726
-001514
-000408
-000292
0000058
0000407
0000232
0000232
0002153
0004249
0003143
0000698
0000989
0002794
0002968
0001513
-000641
-002736
-003784
-003493
-002038
0000000
0002095
0003376
0002852
0001746
0002794
0004424
0003259
0000640
-000466
0000116
0001746
0002910
0001222
-002096
-004657
-005239
-002620
0000407
-001921
-005996
-003377
0002153
0001862
-001572
-001223
0001280
0001338
-000466
-002038
-002911
-003027
-002736
-003202
-003435
-001223
0002095
0003783
0003841
0003492
0002677
0000814
-000699
0000058
0001804
0001397
0000116
0000756
0002444
0002968
0002153
0000000
-002387
-003551
-003377
-002387
-001165
-000350
-000408
-001456
-002562
-001572
-000059
-001339
-003784
-004017
-002562
-001863
-001339
0000640
0002735
0003143
0001804
-000408
-002213
-001572
0000465
0001106
0000989
0002386
0003900
0003085
0001106
0000116
0000814
0004249
0007276
0003725
-001572
0001338
0008033
0007509
0003434
0005762
0009721
0004889
-003027
-001281
0004598
0000814
-007102
-006462
-000932
-000524
-003202
-002853
-000874
-000757
-001747
-001689
-001456
-003260
-005647
-006637
-005822
-003260
-001165
-003435
-007451
-007568
-004890
-003319
-002853
-002620
-002271
-000990
0000407
0000582
-000292
-001048
-001456
-001339
-000874
-000815
0000058
0004656
0009546
0008848
0004831
0003609
0004540
0004598
0003900
0003376
0003143
0003201
0003259
0002794
0001513
-001456
-004133
-003901
-001281
0001571
0003201
0001920
-001048
-003435
-004017
-002096
0000640
0000989
-000233
-000175
0000698
0000698
-000059
-001339
-002678
-003493
-003668
-003551
-002795
-000233
0002444
0002561
0001106
0000756
0001629
0002735
0004132
0005879
0007334
0008324
0007974
0005297
0002328
0002735
0005006
0004947
0003550
0004016
0004773
0002619
-000524
-000292
0001513
0000640
-001339
-000641
0001629
0002735
0002270
0000465
-001572
-001921
-001048
-000292
-000699
-003726
-007102
-006520
-003144
-000175
0000698
-002445
-006869
-007044
-004133
-002445
-001339
0001513
0004424
0004889
0002852
-001048
-004832
-006054
-005123
-004366
-003319
-000292
0002794
0002503
0000232
0000116
0000582
-002504
-006462
-006753
-003668
0000989
0004016
0000698
-005356
-006462
-003959
-002911
-002795
-001630
-000175
-000292
-000641
0001920
0004540
0001280
-003901
-003086
0001106
0002037
0000000
-002620
-004541
-003901
-002096
-001921
-002969
-003435
-002853
-001107
0001222
0003026
0003725
0002968
0001746
0001862
0002677
0002212
0000873
-000408
-000990
-000059
0001222
0000814
-000583
-001281
-001281
-000815
-000815
-003027
-005589
-004716
-002504
-003959
-006869
-006171
-003319
-002387
-002445
-000175
0001979
-001165
-005705
-003435
0000989
-003493
-011002
-009081
-001980
-000641
-003086
-002678
-000815
-001339
-002853
-002329
-000757
-000466
-001107
-001572
-000990
0001804
0005355
0007159
0006519
0003376
-000059
-000233
0002037
0003900
0004889
0005180
0004715
0004074
0003085
0001164
-000815
-001572
-000990
0000582
0002153
0002037
0001106
0001338
0001979
0001222
-000233
-000292
-000117
-002038
-004832
-006113
-005938
-005123
-004774
-006811
-009314
-008266
-005531
-005763
-007393
-006520
-004192
-003493
-003784
-003086
-001747
-000757
0000291
0002735
0004715
0003318
0000232
-000292
0000756
0000407
-000524
0000000
0001047
0000465
-000408
0001338
0003434
0001222
-002213
-000350
0003958
0004191
0001280
-001165
-002271
-001398
0000465
0001513
0001164
-000815
-003086
-003144
-002213
-003202
-005123
-005647
-005007
-004890
-004483
-001980
0000465
-000932
-003959
-003260
-000699
-001281
-003435
-003435
-002154
-002271
-003202
-003493
-002911
-001689
0000116
0002212
0004016
0005064
0004715
0002212
-000350
0000349
0003143
0004831
0005064
0004715
0003783
0002561
0001571
0000698
0000873
0003783
0006694
0005006
0000407
-002911
-003901
-002271
0000407
0001280
0000058
-002445
-005065
-006171
-005705
-004425
-002911
-001980
-001398
-000292
0000756
0000232
-000641
0000698
0002852
0002561
0000873
0000349
0000814
0001047
0001047
0000931
0000465
-001048
-002329
-000990
0001397
0001164
0000000
0002212
0005355
0004307
0001047
0000523
0001397
-000117
-002562
-002445
-000815
-000524
-000990
-000408
0000523
0000174
-000757
-000524
-000233
-002504
-005472
-005356
-003377
-003260
-003435
0000174
0003958
0000814
-005065
-004075
0000582
0000116
-002271
0001804
0007683
0005995
0000232
-000524
0002095
0002735
0002153
0003026
0004191
0003143
0001571
0002968
0005588
0005471
0003434
0002270
0001222
-002213
-004948
-001223
0004715
0004307
-000233
-002504
-002387
-001572
-000175
0001571
0002735
0002677
0001397
-000874
-002736
-002213
-000699
-001689
-003610
-002678
-000466
-000699
-002271
-002504
-001223
0001629
0004074
0003026
0000058
-001281
-000641
0001338
0004132
0006985
0009080
0009895
0009080
0006636
0003900
0002503
0003026
0005122
0007567
0008557
0007509
0004424
0000931
-000350
-000059
-001223
-002678
-002213
-000757
-000466
-000757
0000291
0001746
0002095
0001222
-000583
-002445
-003086
-002678
-002387
-002445
-003086
-004017
-004541
-004599
-004774
-004133
-000699
0003143
0003783
0001629
-001456
-003319
-001048
0003026
0003783
0002095
0001513
0001571
0000349
-000524
0001979
0005588
0005879
0003725
0001920
0000989
0000989
0001455
0001106
0000640
0001513
0003143
0005064
0005704
0003026
-000408
0000698
0004016
0004307
0002153
0000349
-001339
-004599
-007044
-004774
-000059
0002503
0002212
-000175
-003027
-003493
-002329
-002096
-002562
-002329
-001921
-002562
-003377
-002853
-001456
-000641
-000408
-000233
-000350
-001398
-002213
-000815
0001804
0004074
0004540
0002095
-001514
-003027
-001921
0001688
0004947
0002735
-002096
-002969
-000932
-000175
-000175
0001222
0002735
0002037
0000640
0002153
0004831
0005471
0003958
0001280
-001630
-003959
-004657
-002562
0000232
-000292
-002271
-001107
0001280
0000116
-002445
-001921
0000756
0002735
0003376
0002270
0000465
0000174
0000582
-000524
-001689
0000174
0003434
0004482
0004016
0005413
0005704
-001048
-009023
-007160
0000174
0001862
-000350
-000292
0001280
0002212
0002328
0001629
0000523
0000000
-000117
-000757
-001339
-000990
0000058
0001047
0001280
-000175
-002387
-003959
-004017
-001747
0000698
-000641
-003726
-003551
-001107
0000989
0001862
0000873
-000583
0000174
0002153
0002735
0002328
0002503
0002677
0001280
-000292
0000407
0002328
0003201
0002852
0002095
0001397
0001920
0002561
0001047
-001281
-001863
-001107
-000815
-000990
-001223
-001572
-002736
-003260
-000699
0003026
0004249
0002852
-000117
-003086
-003784
-003027
-003784
-004832
-003726
-001223
0000873
0002037
0002444
0002212
0002212
0002095
0001222
-000117
-001921
-002795
-000874
0002212
0003376
0002968
0002968
0003085
0002444
0001455
0000465
0000291
0002037
0004249
0004191
0002910
0003259
0004598
0005355
0005180
0003900
0001746
-000990
-002853
-002096
0000116
0001222
0001047
0000000
-000466
0002328
0005471
0003609
-001107
-003202
-002969
-002853
-002795
-002504
-002620
-004425
-006345
-005181
-002445
-001689
-002620
-003551
-004192
-004425
-004366
-004657
-004192
-000815
0002794
0001862
-001281
-001514
0000582
0002444
0003143
0001979
0000407
0001746
0004656
0006344
0006403
0005238
0003667
0002910
0002735
0001513
0000174
0000349
0000814
-001107
-003842
-004366
-002736
0000232
0002503
0001455
-001630
-004017
-004425
-001747
0001338
0000000
-003784
-004948
-003726
-001747
-000350
-001339
-003668
-004774
-004483
-003435
-001863
0000174
0001397
0000232
-001630
-000699
0001804
0002910
0002619
0001920
0001513
0002503
0004074
0004249
0003201
0001629
0000174
-000524
-000699
-001572
-002387
-001689
-000233
0000465
0000349
0000174
-000059
-000292
-000175
0001047
0001746
-000874
-004716
-005938
-004366
-000990
0002386
0003259
0001688
-001048
-003435
-003493
-001747
-000524
0000465
0002212
0003958
0005122
0005297
0004132
0003201
0005413
0008498
0007567
0004132
0002270
0001862
0001571
0001047
-000117
-001514
-002329
-002387
-001630
-000699
-000059
-000466
-002795
-005298
-004832
-002620
-002213
-002678
-001398
0000000
-001514
-004192
-004017
-002853
-005880
-009605
-006928
-001514
-001805
-005356
-005531
-003435
-002620
-002620
-002038
-001165
-000466
0000116
0000873
0001513
0001629
0001397
0001280
0001338
0001397
0001862
0003841
0006170
0006985
0006344
0005471
0004424
0002852
0001106
-000932
-002387
-002271
-001165
-000641
-000408
0000756
0001688
0000465
-001980
-003435
-003726
-003144
-002154
-001572
-001689
-002562
-004017
-006171
-007510
-005822
-002969
-002387
-004250
-007975
-010537
-007277
-001456
-000408
-002853
-004192
-004133
-003086
-001805
-001805
-002213
-001107
0000465
0000058
-000932
0001047
0003667
0002153
-001281
-001747
0000116
0001688
0002153
0000407
-001456
0000582
0004191
0004016
0001338
-000117
-000292
0000174
0000698
0000582
-000408
-002154
-004192
-005938
-006695
-005996
-005007
-006229
-007684
-004774
-000641
-002038
-006229
-006695
-004133
-001107
0000523
-001980
-005763
-004948
-001456
-000815
-002038
-001689
-000699
-001281
-002096
-000583
0002095
0003434
0003143
0001338
-000466
0000000
0001804
0002153
0001164
-000117
-001223
-001805
-001514
-000059
0001222
0000058
-001921
-000641
0001629
-000117
-003144
-001107
0003143
0003376
0000523
-001921
-002911
-001689
0000116
-001048
-003319
-002562
-000233
0000232
-000757
-001048
-001339
-003319
-005356
-004425
-001921
-000932
-001223
-001165
-000699
0000407
0001397
0000582
-000815
-000292
0001222
0001397
0000989
0002328
0004132
0003783
0002619
0004132
0005704
0001804
-004192
-005472
-003493
-003610
-004483
-002504
0000232
-000175
-002154
-001456
-000059
-002562
-006113
-004832
-001281
-001572
-004192
-005007
-004308
-003493
-002853
-002911
-003027
-001572
0000116
-000524
-001805
-000059
0003259
0004598
0004715
0006403
0008382
0008440
0006868
0004598
0002910
0003201
0004947
0006403
0007043
0007159
0005879
0001979
-002213
-002678
-000874
-001048
-002562
-002853
-002795
-004483
-006287
-004890
-002154
-002154
-003377
-001980
0000174
-001281
-004133
-003319
-001107
-002911
-005880
-003726
0000640
0000407
-002562
-003260
-002387
-002387
-002853
-002736
-002154
-001223
-000699
-002096
-003260
-000117
0004889
0006461
0005297
0004598
0004482
0004365
0004249
0004074
0003783
0003376
0002910
0002444
0002037
0001862
0001222
-001223
-003610
-002387
0000698
0001455
0000465
0000407
0000582
-000699
-001921
-000233
0002153
0000756
-002678
-003668
-002853
-002969
-003435
-002736
-001863
-003144
-004832
-003610
-001107
-001630
-003610
-003260
-001980
-003493
-005298
-002213
0002735
0003376
0001106
0000349
0001222
0002910
0004540
0004424
0003550
0004424
0005821
0005122
0003318
0002619
0003259
0005238
0006461
0003434
-001572
-003668
-002911
-001281
0000407
0001397
0001629
0001688
0001513
0001164
0000698
0000116
-000583
-001514
-002213
-002213
-001921
-002271
-003202
-004366
-005181
-004774
-003959
-004425
-005356
-004774
-003144
-001921
-001107
-000059
0000291
-001572
-003668
-002387
0000407
0000174
-001048
0002386
0006810
0004715
-000350
-000059
0002735
0000465
-003842
-003202
0000116
0000000
-001398
0001338
0005646
0006112
0003900
0003026
0002444
-000932
-004541
-003668
0000000
0002095
0001979
-000175
-002562
-001514
0000814
-000757
-003959
-003668
-001281
-000408
-000408
0000989
0002968
0004249
0004540
0004540
0003783
0001222
-000699
0002270
0006927
0006752
0003201
0000873
0000232
0000814
0001862
0002095
0001338
0000058
-000874
0000407
0002212
0001106
-001456
-001689
-000641
-001572
-002911
-001223
0001455
0000756
-001223
0000582
0003725
0002503
-000641
0000058
0002444
0001222
-001805
-002445
-001223
0000232
0000698
-001456
-004308
-004075
-001863
-000932
-000932
-000233
0000873
0001571
0002212
0003259
0004307
0004831
0004715
0004482
0004424
0004831
0005646
0006519
0006577
0004132
0001164
0001629
0003434
0001920
-001689
-004425
-005589
-005181
-003726
-002329
-001281
-000583
-000059
0000931
0001688
0000873
-001048
-003027
-004366
-004541
-003901
-003551
-003377
-002504
-001921
-003319
-005065
-003842
-001048
0000116
-000350
-001281
-001805
-000583
0001571
0002794
0003259
0004074
0005297
0007218
0008789
0008848
0007509
0006053
0004598
0003085
0001920
0001688
0002270
0003259
0004191
0004656
0003841
0000116
-003784
-002911
0000465
0000407
-001398
-000699
0001106
0000407
-001398
-001107
0000349
0000232
-000524
0000232
0001106
-000350
-002853
-003260
-002038
-000932
-000466
-000990
-002154
-003377
-003842
-002620
-000292
0001979
0003085
0001804
-000641
-002213
-001630
0002794
0007451
0005879
0000814
-001107
0000116
0002910
0005064
0003201
-000350
-000292
0001397
-000699
-004133
-003260
-000292
-000874
-002736
-000175
0003609
0001513
-002853
-000815
0003841
0002561
-002096
-003319
-001572
0000291
0001513
0001804
0000756
-001281
-003551
-004890
-004657
-002620
0000407
0002968
0004249
0003783
0002095
0000349
-000641
0000000
0001338
0001222
0000465
0001397
0002735
0002095
-000059
-002096
-003551
-004425
-004250
-002387
-000292
-000466
-001980
-002329
-001572
-000932
-000175
0001455
0003085
0003783
0002561
-001980
-006578
-005531
-001398
-001281
-003027
-001107
0002212
0002153
-000466
-003027
-004192
-002678
0000058
0000698
0000116
0001513
0003725
0004365
0003667
0002153
0001222
0003201
0005937
0004598
0001746
0003026
0006170
0006053
0003376
0000523
-001456
-001689
-000757
-000350
-000233
0000814
0001862
0001397
-000175
-001863
-002853
-002329
-000932
0000000
-000059
-001514
-002795
-001456
0001397
0003085
0003201
0002503
0001280
0000698
0000058
-002096
-004192
-003551
-001281
-000175
0000174
0001862
0003026
0000291
-003260
-002038
0002794
0007276
0009954
0009954
0007974
0005937
0004773
0005471
0006636
0005471
0003026
0002153
0002270
0001571
0000465
-000059
-000175
-000292
-000466
-000699
-000757
0000174
0000931
-000466
-002562
-002271
-000583
-000117
-000583
-000815
-001281
-002795
-004599
-005531
-005705
-006054
-006462
-006928
-006695
-004133
-001339
-002154
-004890
-005647
-004425
-002271
-000350
-000175
-000990
-000757
0000232
0000640
0000756
0001746
0002561
0001280
-000524
0000174
0002503
0004365
0004598
0001862
-001805
-002445
-000583
0001513
0002794
0002037
0000174
-000117
0000291
-000815
-002038
-000699
0001746
0001979
0000640
-000292
-000932
-002271
-004075
-006171
-007451
-006345
-003726
-001747
-000990
-001165
-001805
-001165
-000815
-004133
-007743
-005065
0000058
-001281
-005531
-004483
-000117
0001979
0002095
0002095
0001979
0001746
0001164
-000350
-001456
-000408
0001979
0003609
0004074
0003318
0002270
0002852
0003841
0002386
0000291
0001106
0003376
0004016
0002619
-000524
-003435
-003086
-000757
0000232
-000466
-002329
-004308
-004541
-003726
-003842
-004774
-005938
-005938
-002213
0002037
0000523
-003901
-004657
-002736
-002038
-001980
-000815
0000640
0000465
-000233
0001629
0003783
0001920
-001514
-000757
0002270
0003201
0002095
0000000
-001223
0001979
0006170
0004656
-000524
-003959
-004890
-004075
-002504
-002329
-003086
-002795
-002038
-002271
-003144
-003842
-004192
-004308
-003842
-001863
0000116
-000350
-002213
-003086
-003377
-004890
-006229
-005123
-002329
0000174
0001629
0001280
0000349
0001688
0003609
0002212
-000466
0000523
0003085
0002794
0000698
-000408
0000000
0001862
0003492
0001629
-001514
-000990
0001338
0000349
-001980
-000641
0001804
-000408
-004133
-002620
0001629
0002444
0000931
0000989
0001222
-001572
-005065
-005181
-002969
-001805
-001572
-001048
-001165
-004250
-007277
-005065
-000524
-000757
-003377
-002213
0001222
0003259
0003783
0004365
0004132
0001920
-000932
-002445
-002154
-000524
0001746
0003725
0004540
0003667
0002212
0002503
0003667
0003259
0001629
-000408
-001398
0000873
0004016
0003609
0000756
-000990
-001048
0000582
0002386
0001804
-000583
-003086
-004599
-004133
-002678
-002736
-003610
-003435
-002736
-002853
-003959
-005996
-007801
-007510
-006345
-007102
-008441
-007451
-004774
-002387
-001048
-001572
-002620
-000990
0001106
-001863
-005880
-003086
0002910
0003609
0001106
0002037
0004307
0002386
-000815
0001047
0004482
0001862
-003319
-003202
0000232
0001338
0000640
0000582
0000756
-000292
-001107
0000873
0003900
0004016
0002619
0003434
0004598
0001862
-002154
-002038
0000232
-000059
-002445
-004716
-005938
-004948
-002620
-000874
-000117
-000059
-000292
0000232
0000756
-000699
-002736
-002504
-000874
-000117
0000116
0001047
0001979
0001280
0000116
0000523
0001979
0002968
0002677
0000174
-002504
-001456
0001280
0000582
-001747
-001281
0000814
0001455
0000931
0000698
0000407
-000815
-001980
-001165
0000523
0000407
-000757
-000874
-000292
-000059
-000059
0000174
0000116
-001223
-002853
-002795
-001747
-001863
-002387
-001165
0000582
0000407
-000699
-000292
0000931
0001338
0000989
0000640
0000640
0001688
0003318
0004249
0004424
0004773
0004365
0001746
-001630
-003493
-003726
-003610
-003027
-001980
-000641
0001280
0002270
0000116
-002969
-002387
0000291
0000989
0000523
0001513
0002735
0001688
-000815
-003086
-004308
-003726
-002562
-003610
-005414
-004599
-002387
-001689
-002504
-004599
-005414
-000990
0005006
0005180
0001338
-000699
-000583
0000814
0002735
0003609
0003434
0002735
0002270
0002968
0004132
0004424
0003783
0002852
0001688
0000000
-001107
0000000
0001979
0001804
0000407
0000465
0001571
0002677
0002503
-000699
-004425
-004425
-001456
0001746
0003085
-000117
-005181
-006869
-005239
-002387
0000174
0000756
-000292
-001456
-001863
-000641
0001047
0000640
-000408
0001338
0004132
0004249
0002619
0001688
0002037
0004307
0006519
0005122
0001571
-000932
-001048
0002619
0007101
0007159
0004074
0001688
0000873
0002328
0003783
0000349
-004075
-000874
0005064
0002735
-003260
-001572
0003783
0002794
-001339
-000117
0003259
0001222
-003260
-003260
-000990
-002271
-005414
-006462
-005938
-006171
-006404
-004832
-002969
-003551
-004774
-002736
0001047
0003026
0002910
0001047
-000699
0000698
0003609
0004482
0003434
0001746
0000698
0002735
0005530
0004424
0000989
-001048
-000815
0002095
0005006
0003201
-000292
0001338
0005180
0003900
-000059
-000641
0001047
0001455
0000698
-000059
-000641
-001107
-000699
0001571
0004074
0003725
0001280
-001398
-003027
-002736
-000874
0001397
0002444
0000116
-003610
-005239
-004133
-000815
0002561
0002270
-000059
-000233
0000814
0000000
-001223
0000058
0002328
0002212
0000756
0000756
0001920
0002968
0003376
0002561
0001280
0000582
0000873
0002561
0003900
0002037
-001398
-003086
-002969
-002271
-001281
0000000
0000873
0000465
-000292
0000640
0002153
0001629
0000407
0001920
0004191
0003259
0000756
0000698
0001979
0001397
-000292
-000815
-000408
0000407
0000931
0000116
-001107
-000524
0000814
0001047
0000291
-000757
-001107
0000523
0003201
0005413
0006228
0005122
0003026
0001571
0000814
-000524
-001398
0000232
0002794
0003318
0001862
-000175
-001921
-002154
-001339
-000932
-001107
-002096
-003144
-002853
-002154
-003610
-005763
-005822
-004308
-002911
-002154
-002329
-002620
-000757
0001338
-000117
-003435
-004948
-004017
-000757
0002968
0004191
0003259
0002503
0002153
0001513
0001629
0003900
0006577
0005995
0003841
0004307
0005704
0004249
0001164
-000932
-000874
0002386
0005821
0004074
-000466
-001980
-000932
0000174
0000640
0000000
-001398
-002736
-003435
-003435
-002736
-001689
-000757
-000408
-001048
-003435
-005531
-003435
0000058
-000990
-003901
-001921
0001688
-000932
-005705
-003551
0001571
0000349
-003901
-003202
0000349
0000523
-001048
-000059
0002386
0003900
0003841
0001455
-000524
0003143
0008848
0009313
0006053
0003725
0003085
0003900
0005413
0006228
0005646
0003085
-000292
-002795
-003319
-001223
0002270
0004889
0005413
0002794
-000990
-002445
-002038
-002096
-002562
-002853
-003435
-004890
-006695
-008092
-008150
-005007
-001630
-003202
-007160
-007451
-004657
-001048
0001338
-000350
-003551
-002387
0000814
0000465
-002213
-003901
-003901
-002154
0000523
0002212
0003143
0004656
0005995
0006053
0005064
0004016
0003026
0002037
0001513
0002386
0003259
0001455
-001339
-002154
-000524
0003492
0007218
0006461
0003026
0001920
0002328
0001688
0000000
-002678
-005007
-005298
-003668
-001456
0000232
0000232
-001398
-004017
-006287
-006520
-005239
-003901
-002736
-001223
0000174
0001397
0001688
-000350
-002213
0000698
0004889
0002910
-002445
-004483
-003377
-001689
0000000
0001106
0001397
0000931
0000465
0001164
0002386
0002794
0002212
0000931
-000233
0000232
0001804
0003492
0004132
0002386
-000233
-000990
-000175
0000582
0000756
-000233
-001863
-003086
-003784
-004657
-004832
-002795
0000000
0000989
0000582
0000465
0000756
0000873
0000931
0001455
0001571
-000350
-002096
0000291
0004482
0005064
0003143
0002386
0002677
0002619
0002561
0003434
0004074
0002328
-000583
-002271
-002736
-002853
-002969
-003319
-004308
-007160
-009605
-007975
-003842
-001223
-000466
-000466
-001223
-002620
-004366
-006578
-008034
-006811
-004366
-004017
-005181
-005763
-005298
-003027
-000524
-001339
-003144
-001048
0002561
0002677
0000349
-001456
-001456
0001571
0005646
0007625
0006694
0003026
-001107
-002154
-000524
0001455
0003026
0003434
0003259
0004540
0005646
0002968
-001048
-001339
0000698
0000465
-000524
0001222
0003550
0002561
-000641
-003144
-004017
-002271
-000175
-001980
-005705
-006869
-005822
-004657
-003959
-004541
-005356
-004366
-002387
-001572
-001514
-000524
0000873
0001513
0001513
0001571
0001746
0001862
0002212
0003609
0004598
0002794
0000000
0000232
0002212
0002794
0001862
-000117
-001630
-000524
0001746
0001629
0000058
-000408
-000059
-000466
-000815
0000349
0001920
0001397
0000291
0002153
0004540
0002561
-001630
-003027
-002329
-003144
-003842
-000350
0002910
-002213
-010420
-010828
-005181
0000523
0003492
0000989
-003784
-003668
-000699
-000815
-003202
-005356
-005996
-003726
-000757
-001863
-004832
-004192
-001514
-000932
-001223
0000989
0004016
0004482
0003026
0002153
0001862
0001047
0000582
0001804
0003492
0003259
0001397
-001048
-002562
-001281
0001164
0001280
0000000
-000059
0000582
0000232
-000233
0001164
0002794
0001338
-001398
-001747
-000175
0001106
0001571
0000756
-000466
-000350
0000465
-000175
-001398
-001339
-000233
0001280
0002503
0002968
0002444
0000523
-001107
-000059
0002386
0003026
