-002969
-002795
-002387
-001980
-001572
-001048
-000699
-000583
-000583
0000116
0000349
-002329
-005356
-003668
-000059
-000874
-004250
-005298
-003901
-001339
0001280
0002503
0002503
0002561
0002503
0001280
0000000
0000349
0001164
-000292
-002911
-004657
-004657
-002154
0001106
0001862
0000582
-000524
-001572
-003319
-004716
-004425
-003027
-002271
-002213
-002795
-003610
-003901
-004192
-006229
-007917
-005356
-001223
-001398
-004017
-004366
-003027
-002329
-001980
-000990
0000232
0001338
0001688
0000756
-000583
-000175
0000931
0000000
-001107
0001047
0004889
0006927
0006636
0004365
0001513
0000407
0000931
0001920
0002619
0001920
0000698
0000814
0001338
-000292
-002445
-002038
-000117
0000465
-000292
-001456
-002329
-001921
-000815
-000233
-000757
-003027
-005123
-003435
-000059
0000814
-000699
-003086
-004948
-004250
-001863
0000232
0001106
-000059
-001572
-000059
0002444
0000814
-002038
0000407
0004947
0004540
0001571
0002503
0005588
0006752
0005937
0004365
0003201
0004715
0006810
0005122
0001513
0000116
0000756
0001222
0001862
0003958
0005588
0003550
-000175
-001398
-000641
-000524
-000757
0000000
0000465
-001805
-004541
-003086
0000465
0001397
-000175
-003027
-005123
-003144
0000407
0000174
-002329
-003086
-002562
-002853
-003435
-003493
-002678
-000350
0001746
0000291
-001921
0001338
0006577
0006344
0002503
0000698
0000814
0000931
0001571
0004074
0006170
0003667
0000116
0003434
0008731
0005238
-002504
-004250
-001281
0000756
0001688
0002561
0002735
0001397
0000058
0001455
0003841
0003434
0001106
-000815
-001921
-002213
-002271
-003668
-005298
-005298
-003901
-002387
-000990
0000349
0001338
0002386
0002444
-000059
-002911
-002445
0001106
0006170
0009721
0007625
0002561
0000873
0001513
0000465
-001281
-001572
-000757
-000233
0000291
0002037
0003725
0003259
0001397
0000291
-000117
-001048
-001281
0001455
0004715
0003841
0000873
0000465
0002328
0004424
0005588
0004889
0002386
-001630
-004541
-002387
0001513
-000233
-004192
-001980
0003201
0003667
0001222
0001164
0002852
0004365
0004831
0002852
0000232
0000232
0001688
0000814
-000699
0000814
0003492
0003026
0000931
0001571
0003376
0002503
0000582
0001338
0003609
0004365
0003783
0003143
0002328
0001280
-000117
-002678
-004774
-004192
-001281
0002561
0005122
0003026
-000990
-000815
0001338
-000175
-003319
-003377
-001339
-000350
-000408
-001281
-001747
0000291
0003259
0003958
0002677
0000989
-000175
0000465
0001862
0001455
0000698
0002503
0005355
0005704
0004598
0004947
0006286
0007101
0007159
0006344
0005471
0005937
0006810
0006228
0004831
0004249
0004249
0004191
0003783
0002968
0001804
0000291
-000932
-001223
-000233
0002561
0004947
0003783
-000117
-004308
-007335
-008034
-006404
-003086
-000233
-000699
-003319
-004483
-004308
-004483
-004192
-001572
0001397
0000931
-001107
-000350
0002212
0004074
0004947
0005413
0005413
0005006
0005064
0006927
0008964
0008033
0005355
0003900
0003725
0003725
0004016
0005006
0005704
0004598
0002503
0001164
0000582
0000232
0000174
0000407
0000756
0000989
0000756
-000350
-001456
-000990
0000174
-000524
-001514
0000989
0003609
-000292
-006287
-004774
0000291
-000641
-005007
-005531
-003668
-004250
-005356
-002969
0000698
0000756
-000815
0001338
0004540
0003143
-000699
-002445
-001514
0001746
0005413
0006403
0005355
0004715
0004191
0002386
0000698
0002037
0004074
0002095
-001223
0000116
0003492
0002270
-001165
-001048
0001338
0002328
0002619
0004307
0006053
0005355
0002735
-000466
-002853
-002969
-001630
-001339
-001223
0001222
0003958
0003376
0000291
-002969
-004832
-003784
-001107
-000117
-000292
0000465
0001571
0001688
0001513
0002561
0004365
0005879
0006403
0005238
0002735
-000757
-002795
0000407
0005355
0005180
0001513
-000408
-000117
0002037
0004307
0003900
0001629
-000117
-001165
-002387
-003144
-002329
-001107
-001805
-003435
-003551
-002329
-000233
0001222
-000117
-002853
-003959
-003377
-002387
-000990
0001397
0002968
0000814
-002620
-002736
-000233
0002095
0003201
0001920
0000232
0002212
0006053
0007858
0007218
0005006
0002386
0001106
0001106
0000931
0000814
0001106
0001455
0001222
0000523
-000292
-000874
-000641
-000059
0000116
-000466
-002329
-003959
-002445
0000291
-000292
-002853
-004075
-003784
-002445
-001514
-003668
-006753
-006695
-004425
-003202
-002795
-001980
-001107
-000583
-000059
0001920
0003725
0002503
0000000
0000000
0001920
0003725
0004773
0004540
0003783
0004307
0005122
0003725
0001397
0000931
0001862
0002619
0003085
0003434
0003550
0003492
0003026
0002095
0000698
-001572
-003202
-001921
0001222
0003783
0004482
0001746
-001747
-000757
0002444
0002212
-000815
-004133
-006113
-004716
-001514
0000698
0000058
-005996
-012050
-008732
-000757
0000174
-003027
-001456
0001920
-000233
-004192
-001863
0002910
0000931
-003668
-001630
0003900
0004715
0002852
0004482
0006927
0004307
-000175
0000232
0003492
0003783
0002270
0002910
0003958
0001804
-001572
-001980
0000058
0002153
0003725
0004656
0004656
0003900
0002619
0001338
0000058
-001456
-002562
-002504
-001514
0000000
0000756
-001165
-004308
-005647
-005822
-007102
-008499
-008150
-006578
-004716
-003668
-004716
-006404
-005822
-003784
-002620
-002387
-002329
-002213
-001572
-000757
-000408
-000466
-000757
-001048
-001572
-001339
0001746
0004889
0002968
-001223
-001572
0000989
0003026
0003376
0000756
-002213
-000641
0003143
0003667
0001920
0001513
0001455
-000757
-003610
-003726
-002736
-004483
-007160
-006637
-004250
-003319
-003377
-002387
-001223
-001805
-003027
-002562
-001165
-000932
-001223
-000059
0001571
0001804
0001338
0001746
0002503
0001920
0000989
0001804
0003376
0003434
0002328
0001338
0000291
-001456
-003086
-003551
-002969
-002504
-002038
-000990
-000350
-002213
-004366
-002562
0001047
0001746
0000232
-000524
-000932
-002329
-004017
-004890
-004483
-002445
0000000
0001222
0000698
-001572
-004017
-004192
-002329
0000291
0001979
0000465
-001980
-000583
0002852
0003667
0002735
0003434
0004249
0002037
-001107
-000874
0001164
0000873
-000408
0000931
0003201
0002735
0000582
-000466
-000583
-001165
-002038
-003144
-003901
-003493
-003027
-004541
-006695
-006811
-005181
-003027
-001572
-002154
-004133
-005705
-006520
-006578
-006287
-006811
-007626
-007801
-006811
-004366
-001107
0001862
0003609
0003318
0001920
0001688
0002212
0002270
0001455
-000874
-002445
0001280
0006228
0003958
-001223
0001280
0006985
0004947
-000466
0001746
0006519
0002095
-005705
-003668
0002968
0001688
-003726
-003319
0000523
0001164
-000466
-001456
-001805
-002038
-002038
-001514
-001165
-002096
-003260
-002271
-000641
-001805
-003959
-002853
-000874
-003144
-007335
-008325
-006695
-005181
-004133
-003493
-002911
-001107
0000640
-000059
-001281
0000931
0004365
0004132
0002095
0003550
0006170
0004947
0002212
0003550
0006403
0004831
0000931
-000641
0000465
0003667
0006228
0003143
-002154
-002445
0000814
0003201
0003725
0002444
0000232
-001107
-001281
-000932
-000233
0000523
0000523
-001630
-004133
-003260
-000990
-001863
-004250
-004017
-002678
-004250
-006869
-006345
-003959
-002678
-002504
-002329
-002038
-001514
-001165
-002038
-002795
-001048
0001571
0001047
-000932
-000757
0001106
0003085
0003841
0001629
-001805
-002620
-001398
-000292
0000465
0001047
0000931
-001107
-002911
-000815
0002852
0003201
0000989
-000641
-001456
-002096
-002213
-001572
-000641
-000292
-000466
-000699
-000815
-000583
-000408
-001107
-002271
-003202
-003377
-002213
-000350
0000523
0000756
0001280
0002212
0003725
0005122
0005471
0004598
0003026
0001513
0001513
0002561
0003143
0003492
0004831
0005821
0004540
0001746
-000699
-001805
-000583
0001338
0000698
-001223
-000932
0000291
-000874
-002736
-001805
0000116
-001223
-004017
-004075
-002271
-000990
-000524
-000583
-001281
-002504
-003784
-004832
-005239
-004832
-003959
-003610
-002795
0000523
0004016
0003259
0000523
0001222
0003841
0004307
0003143
0002037
0001804
0003434
0005530
0005297
0003318
0001513
0000640
0001222
0002677
0003609
0004074
0005064
0005879
0005879
0004307
0000523
-003901
-006869
-007277
-004657
-001223
-001339
-003144
-001630
0000698
-001805
-006171
-006113
-003668
-004366
-006869
-007684
-006520
-003726
-000932
-001107
-002795
-002096
-000292
-000408
-001107
0000640
0003201
0002852
0001106
0001862
0003609
0002794
0001047
0002270
0004831
0005006
0003900
0004656
0006286
0006461
0005471
0003900
0002852
0003783
0005238
0004307
0001979
0000698
0000582
0000698
0000931
0001280
0001222
0000582
-001048
-004075
-006811
-006869
-004716
-002271
-001048
-002620
-005647
-007044
-006287
-003086
0000000
-001223
-004483
-004541
-002271
-000757
-000117
0000174
0000232
0000465
0001106
0002328
0003900
0005762
0007101
0007101
0005879
0003783
0002212
0003201
0005180
0004540
0002677
0003259
0004482
0001979
-001514
-000350
0003085
0002852
0001047
0003318
0006519
0003841
-001048
0000116
0004191
0003143
-000350
0000349
0002794
0001280
-002504
-004133
-003551
-001980
-000175
0000640
0000291
-001048
-002445
-002562
-001572
0000000
0001047
0000349
-001223
-001107
-000292
-000932
-002096
-001514
-000175
-000059
-000641
-000175
0000698
0000349
-000699
-001048
-000699
0000523
0001164
-001456
-004774
-004017
-000292
0003434
0005180
0003143
-001223
-004657
-005647
-002853
0001106
0001280
-000932
-001165
0000000
0000582
0000873
0002212
0003318
0001629
-001107
-001107
0000232
-001048
-003202
-002504
0000291
0002968
0004191
0002503
-000175
-000059
0001920
0002561
0002561
0003783
0005064
0004132
0002037
0001338
0000989
-002213
-005589
-003842
0000465
0001571
-000292
-003202
-005705
-005763
-004017
-002795
-002213
-001747
-001747
-002504
-003202
-002445
-000932
-000524
-001048
-001572
-002096
-003319
-004250
-003377
-001630
-001281
-001456
0000116
0002444
0003201
0003318
0005297
0007334
0005238
0001979
0004016
0008033
0006053
0001397
0001746
0005006
0005297
0003841
0004249
0005355
0004307
0002852
0004365
0006868
0005821
0002619
0000931
0000407
-000874
-001689
0000349
0003085
0002328
-000583
-002271
-002329
-001048
0000116
-001456
-004366
-005589
-004948
-003086
-001339
-001514
-003319
-005298
-006695
-006811
-005880
-004308
-003027
-003260
-003901
-002445
-000117
0000873
0000174
-001921
-003493
-001165
0002735
0003259
0001804
0002561
0004831
0006636
0007567
0007625
0006985
0006636
0005762
0002270
-001223
0000058
0003609
0003725
0001746
0001629
0002735
0003434
0003492
0002852
0001746
0000582
-000583
-002387
-003959
-003901
-002969
-003202
-003901
-003377
-002213
-002213
-002620
-001921
-000757
-000466
-000815
-000757
-000641
-001048
-001281
0000000
0001979
0002619
0002561
0004307
0005821
0003318
-000350
0001047
0004773
0004074
0000931
0000407
0001513
0001513
0000058
-003027
-005705
-005007
-001747
0001513
0003376
0002677
0000407
-001165
-001514
-000757
0000349
0000174
-000932
-001863
-002271
-001863
-001223
-001223
-002154
-004192
-005938
-005472
-003493
-002329
-001921
-001572
-000874
0001047
0003259
0004365
0003958
0001862
-000350
-000059
0001746
0002153
0001862
0002910
0004656
0005821
0005995
0005297
0003725
0001222
-000815
-000350
0001513
0002386
0001746
-000117
-002154
-003027
-002445
-000583
0001571
0002503
0001920
0000407
-002038
-005880
-008616
-006520
-002213
-001223
-002620
-002678
-001747
-001339
-001048
0000291
0001106
-001689
-005181
-003551
0000931
0002328
0001862
0003783
0006228
0005704
0003259
0001746
0000989
-000350
-001223
0000349
0003143
0004715
0005006
0005238
0004540
0001164
-002154
-000350
0003143
0000465
-004483
-002911
0001920
0001571
-001398
0000291
0003783
0002735
-001048
-002911
-002736
-001921
-000990
-000699
-001048
-001689
-002271
-002154
-001572
-000932
-000815
-001805
-003551
-005298
-005589
-001863
0002852
0003259
0000756
-000292
0000174
0001338
0002386
0001979
0001280
0003085
0005413
0004540
0002153
0002386
0004074
0004307
0003318
0002503
0002037
0001688
0001455
0001280
0001047
0000989
0000640
-001107
-002620
-000990
0001513
0000000
-003319
-003202
-000932
0000116
-000466
-002154
-004250
-005531
-005938
-006578
-006928
-006287
-004774
-002154
-000350
-002678
-006520
-006345
-003319
-001107
-000175
0000116
-000175
-000583
-000699
-000292
0000698
0002328
0003550
0002852
0001106
0000349
0000698
0001455
0002095
0001164
0000058
0001688
0004191
0003958
0001629
-000757
-002038
-000874
0001164
0000814
-000815
-000233
0001106
0000174
-001863
-002213
-001165
0000232
0000873
-001223
-004366
-005239
-004657
-005414
-006811
-007335
-006637
-005007
-002736
-000408
0001397
0002386
0002037
0000116
-002445
-003901
-003610
-001107
0001979
0003143
0002677
0002619
0002386
0000523
-001572
-001630
-000466
-000292
-000583
0000291
0001397
0001106
-000408
-002329
-003610
-003260
-001398
0001222
0003143
0002852
0000931
-000699
-001805
-002969
-003668
-003784
-002853
-000175
0002328
0001397
-001223
-001048
0000814
0001688
0001280
-000117
-001689
-002271
-001921
-001048
-000641
-002562
-004599
-002736
0001047
0002037
0001106
0001513
0003026
0004889
0005530
0002212
-002562
-004133
-003027
-001630
-001514
-005007
-008732
-005938
-000583
-001456
-006054
-007510
-006345
-005531
-004541
-001223
0001571
-001281
-006113
-004832
-000583
-001398
-004366
-002736
0001222
0001862
0000174
-000757
-000699
0000000
0000698
0000582
0000000
-000059
0000465
0001629
0002968
0004191
0004773
0004249
0003318
0003259
0003492
0002095
0000640
0002212
0004773
0004249
0002037
0001746
0002503
0001455
-000641
-002271
-003086
-003377
-003202
-003493
-003668
-002445
-001281
-003086
-006113
-006986
-006113
-005938
-005647
-003668
-001281
-000932
-002038
-002795
-003319
-004308
-005239
-005763
-005065
-002154
0001164
0002095
0000814
-001398
-002678
-000292
0003434
0003725
0001920
0001862
0003143
0004191
0004424
0003376
0001862
0001397
0001920
0002619
0003026
0002619
0001513
0000000
-000932
-000059
0001513
0001222
0000058
0000756
0001979
0000756
-001572
-002213
-001747
-002329
-003377
-003551
-002969
-002387
-002271
-003551
-005647
-008034
-009314
-007684
-004948
-005007
-006345
-005356
-002853
-001223
-000757
-001281
-001921
-000932
0000582
0000232
-000815
0000349
0001862
-000350
-003086
0000349
0006461
0008033
0006053
0004831
0004307
0003667
0002910
0002037
0001222
0000523
0000465
0001629
0003376
0004307
0004307
0003550
0002444
0001629
0001397
0002095
0002677
0001280
-001165
-002853
-003260
-002678
-001339
0000407
0001746
0001862
0000931
-000524
-000990
0001920
0005937
0006927
0004889
0001688
-000990
-000699
0001571
0002735
0002852
0003143
0003201
0001920
0000582
0001222
0002677
0002328
0001106
0001862
0003434
0003434
0002095
0000407
-001223
-002853
-003842
-003784
-002154
0001804
0005762
0006053
0003492
0001106
-000641
-001747
-002038
-001921
-001689
-002329
-003086
-002271
-000757
-000874
-001223
0001571
0004831
0003201
-000175
0001804
0005646
0002735
-002154
0002037
0009197
0005704
-002504
-001747
0004249
0004656
0001920
0003318
0006344
0005064
0002095
0003609
0006577
0004132
-000699
-001514
0000873
0003550
0004889
0002968
-000699
-002620
-003144
-004774
-005996
-003842
-000641
-000932
-003435
-004599
-004250
-003377
-002154
-000350
0000640
-001223
-003959
-003784
-001747
-000932
-000990
-000292
0000698
0001164
0001746
0004132
0006868
0007451
0006170
0004365
0002910
0002735
0003609
0004482
0004889
0005122
0004424
0001338
-001572
0000116
0004016
0004598
0002794
0001862
0001804
0001629
0001571
0001746
0002037
0001920
0001979
0003609
0004656
0001222
-004017
-005705
-004425
-003377
-002853
-002853
-002969
-002329
-001339
-000815
-000932
-001805
-002911
-003493
-003086
-001107
0000931
0000058
-001630
0000407
0004540
0006636
0006577
0005297
0003492
0001688
0001164
0003434
0006286
0005238
0002270
0002386
0003783
0001862
-001165
-000524
0002153
0002794
0002095
0002270
0003318
0004773
0005704
0004540
0002386
0001222
0001280
0002444
0003259
0001571
-001630
-003726
-004366
-004075
-002911
-001514
-000466
-000292
-000815
-001398
-001572
-000583
0000407
-001048
-003202
-002562
-000117
0001455
0001979
0002095
0001746
0000407
-000117
0003259
0007334
0005995
0001746
0000873
0002212
0001746
0000232
-000350
-000233
-000233
0000000
0001280
0003026
0004132
0004132
0002794
0001222
0001338
0002735
0004074
0004598
0003609
0001455
-001048
-003027
-003726
-003144
-001572
-000292
-001281
-003027
-001980
0000116
-000757
-003086
-003319
-001863
-000757
0000058
0001164
0002212
0002794
0002677
0001222
-000117
0000989
0003376
0004191
0003958
0004715
0005762
0005530
0004773
0005355
0005588
0001979
-002678
-002678
-000292
-001863
-004716
-002387
0002153
0002561
0000407
0000523
0001979
0002153
0000814
-002387
-005414
-005239
-002620
0000291
0001862
0000291
-002736
-003668
-002445
-000466
0001280
0001338
0000058
-001398
-001980
-000350
0001920
0001920
0000523
0000000
0001047
0004016
0007159
0007625
0005879
0004132
0002561
0000523
-000990
-000815
0000523
0001397
0001920
0003143
0004016
0003143
0000989
-001048
-002562
-003377
-003493
-002911
-002329
-002795
-003551
-002795
-001514
-001980
-002853
-000874
0001862
0001280
-001572
-004366
-005356
-002562
0001746
0002910
0001804
0001862
0002561
0002153
0001047
0000116
-000292
0000116
0000873
0001164
0001222
0001746
0002444
0002735
0002619
0002619
0002095
-000175
-002620
-002736
-000990
0000640
0001804
0002619
0002677
0001513
0000465
0002037
0004656
0005122
0003492
0000873
-001630
-002562
-002504
-003551
-005007
-005414
-004541
-002329
0000232
0001629
0001688
0000931
-000408
-001980
-003435
-004948
-005763
-005298
-003726
-001514
-000175
-001863
-004425
-003435
0000116
0003492
0005122
0003201
-000233
-001165
0000174
0001571
0002561
0003026
0002270
-001107
-004250
-001863
0002852
0002677
-000408
-000699
0000058
-003027
-007044
-006637
-003435
-001747
-001456
-000932
-000524
-000932
-002096
-003842
-005123
-003842
-001980
-003493
-006753
-008266
-007277
-003551
0000291
0000232
-002795
-005414
-006287
-004017
-000641
-000233
-001630
-001689
-000757
-000059
0000116
-000815
-001572
0000116
0002561
0002153
0000232
0000000
0001047
0002328
0002328
-001339
-005763
-005414
-001747
0000873
0001688
0000931
-001048
-003493
-004832
-003610
-000815
0001222
0001571
-000350
-003144
-003726
-003086
-003551
-005065
-006869
-007859
-006287
-003377
-001572
-001398
-002562
-003959
-003493
-001805
-000583
0000116
0000931
0001513
0001629
0001280
0000756
0000174
-000699
-000641
0002270
0005471
0004365
0000756
-001048
-001107
-001572
-001572
0000640
0002910
0000989
-002969
-004192
-003668
-004832
-006462
-005996
-004192
-002911
-002445
-002271
-002620
-003959
-004832
-002620
0000291
-000641
-003901
-005298
-005298
-006113
-006462
-003784
-000350
-000757
-002795
-001572
0001920
0004540
0005879
0006636
0006286
0004482
0002561
0003026
0004482
0003841
0001804
0000291
-000350
-000175
0000640
0001804
0002852
0003783
0003550
0000291
-003610
-004017
-002038
-001107
-001689
-003435
-005938
-008441
-009489
-007102
-003435
-002387
-003319
-003202
-002562
-002562
-003027
-003551
-003610
-002387
-000408
0001688
0002328
-000408
-003959
-003435
-000117
0002677
0003259
0000174
-004075
-004716
-002445
-000874
0000232
0001979
0003667
0004831
0005122
0005006
0004365
0003376
0002444
0002153
0001862
0000174
-001572
-001048
0000582
0000407
-000874
-001165
-001048
-002445
-004075
-003668
-002387
-003377
-005298
-005123
-003901
-004133
-005239
-005705
-005356
-004250
-003610
-005589
-007859
-005472
-001223
-001572
-004483
-004716
-002911
-001398
-000233
0000698
0001688
0003434
0005064
0005588
0004540
0001513
-000932
0001862
0006112
0003841
-001398
-001048
0002444
0002503
0000349
-000408
0000058
0000582
0000873
0000640
0000058
-000408
-000583
-000233
-000117
-001921
-004308
-004599
-003551
-003377
-003435
-001223
0000407
-003959
-009722
-007044
-000583
-001630
-005705
-001980
0004831
0004016
-000350
0002386
0007043
0001804
-007219
-006578
-000292
0000582
-002096
-002504
-001456
-001689
-002213
-000815
0001222
0001455
0000640
0000698
0001397
0002095
0002503
0002503
0001804
0000058
-001514
-000583
0001280
0000756
-001048
-001107
-000117
-000059
-000699
-001107
-001165
-001048
-000757
-000233
0000698
0002561
0004074
0002968
0000291
-001572
-002271
-002445
-001689
0000640
0002794
0001862
-000524
-000874
0000523
0002037
0003259
0003900
0003667
0002561
0001280
0001047
0001746
0002852
0003783
0003958
0003609
0003725
0003667
0001862
-000175
0000640
0002677
0002328
0000349
-000990
-001747
-003027
-003726
-001980
0000931
0002444
0002503
0002270
0001455
-000641
-002795
-003493
-002678
-000524
0001280
0000291
-002096
-003086
-002213
0000407
0002852
0002037
-000350
-000466
0001397
0003434
0004947
0005297
0004831
0004656
0005064
0006228
0007625
0008673
0008149
0004482
0000232
-000059
0002328
0003026
0002735
0004074
0005297
0002852
-001281
-003260
-002853
-001165
0000291
-001048
-004192
-006404
-007277
-007568
-006753
-003842
-001048
-001980
-004716
-004483
-002911
-004425
-006811
-005356
-001572
0000873
0001338
0000116
-001514
-001107
0000582
0001164
0001397
0003434
0005937
0006461
0005704
0005762
0006286
0005879
0005064
0004540
0004482
0004715
0005530
0007451
0009255
0009022
0006868
0003143
0000000
0000291
0002444
0002561
0000931
-001107
-002329
-000757
0001746
0001397
-000524
-000117
0000989
-000874
-004250
-006171
-006054
-004017
-001456
-000990
-001805
-001165
-000233
-002038
-004017
-001048
0003376
0001979
-002504
-002736
-000699
-001572
-003493
-001863
0001222
0001164
-000583
0000174
0002212
0002735
0002444
0003492
0004773
0004016
0002270
0001979
0002677
0002619
0001979
0001222
0000989
0002153
0003376
0001979
-000350
-000117
0001629
0001862
0000873
-000292
-000815
0000640
0002037
-000699
-004948
-005123
-002620
-001456
-001398
-001048
-000815
-001572
-002678
-002911
-002387
-002096
-001863
-001398
-001223
-002271
-003202
-001921
0000756
0002794
0003492
0002910
0001106
-001805
-004075
-003493
-001281
-000292
-000350
0000232
0000698
-000233
-001747
-002445
-002213
-001689
-000874
0000000
0000931
0002037
0003026
0003318
0002910
0002561
0001513
-002038
-005007
-002096
0003085
0002968
-000524
-001747
-000932
0000407
0001397
0000291
-001165
0000291
0003318
0004889
0004889
0004715
0004249
0003026
0002095
0002677
0004132
0005006
0004424
0001688
-001456
-002271
-000815
0001571
0003376
0002444
0000291
0000349
0001688
0001920
0000814
-001747
-003726
-002038
0001862
0004715
0005122
0002444
-001456
-003027
-002329
-001107
0000291
0002270
0002735
-001398
-006753
-006869
-003319
-000990
-000233
0000116
0000232
0000931
0001688
0001571
0000873
0000640
0000931
0001629
0002561
0003201
0004132
0007043
0009604
0007858
0004016
0003318
0004773
0004889
0003900
0002794
0002212
0003143
0004424
0003783
0001688
-000524
-001805
-000699
0001106
-000117
-002736
-003144
-001921
-001281
-001572
-003086
-004890
-005298
-004657
-004366
-004599
-005123
-005239
-003668
-001863
-002620
-004425
-003668
-001165
0001338
0002328
-000408
-004133
-003551
-000466
0000232
-000408
0001106
0003550
0004831
0004540
0003026
0001280
0001280
0002270
0002328
0001571
0000756
0000407
0001629
0002794
0000698
-002969
-004774
-004133
-000815
0002037
-001223
-006520
-004832
0000523
0001280
-001223
-001863
-001747
-004308
-006637
-002969
0002270
-000233
-006287
-005822
-002096
-003610
-007451
-006171
-002271
-001514
-002562
-001398
0000931
0001920
0001862
0002444
0002910
0002270
0000873
-000524
-000990
0000640
0003318
0005064
0005297
0003667
0001280
-000233
-000233
0001513
0003201
0001106
-001805
0000931
0005821
0005355
0001047
-002620
-003842
-001048
0002910
0002444
-001281
-004774
-006229
-003901
-000059
0000873
-000699
-002329
-003435
-003377
-002853
-003726
-004774
-003435
-000990
-000175
-000815
-002038
-002387
0000349
0004074
0004656
0002444
-000932
-003144
-000932
0002852
0002037
-001456
-002620
-002038
-002096
-002445
-002329
-001805
-001339
-000990
0000000
0000174
-002853
-006578
-006345
-004017
-004483
-006113
-004716
-001630
-000233
-000233
-000350
-000699
-001456
-002445
-003260
-003668
-003610
-003027
-001572
-000699
-003202
-006404
-005065
-000874
0001513
0002328
0003492
0004424
0004074
0003492
0004889
0006810
0006053
0003841
0003201
0003376
0001804
0000000
0001164
0003376
0002270
-000524
-001107
-000350
-001165
-002504
-002271
-001514
-002504
-004308
-004948
-004599
-004308
-004250
-004890
-005356
-003726
-001456
-001456
-003027
-003901
-003842
-002911
-002096
-003144
-004948
-005181
-004250
-003668
-003493
-003377
-003202
-002504
-001572
-001107
-000583
0000698
0002503
0004773
0006286
0005122
0002677
0001862
0002037
0000989
-000583
-001223
-000699
0000931
0002677
0002852
0001862
0001280
0000814
-000233
-001398
-001514
-001281
-002329
-003260
-001281
0001746
0002212
0000000
-003668
-007102
-008150
-007219
-006229
-005472
-004308
-004250
-008092
-011934
-008383
-001689
-001456
-004890
-003726
-000524
-001921
-004483
-000583
0005530
0004773
0000873
0003609
0008789
0006927
0001513
0000989
0003434
0003085
0001804
0004191
0007276
0005064
0000174
-001107
0000232
0000582
0000407
0001280
0002444
0002561
0002095
0002444
0002619
0000000
-002678
-000350
0003550
0001571
-003144
-003435
-000815
0000058
-000292
0000000
0000873
0001862
0002328
0001629
-000350
-003493
-006287
-006869
-005065
-001572
0001920
0002794
0001746
0001047
0001106
0001746
0002852
0004132
0004773
0003550
0001979
0003318
0005530
0004074
0000640
-000874
-001048
-002562
-003726
-000757
0002968
0000931
-003551
-002504
0001688
0003026
0001804
0000174
-001223
-002213
-002213
-000990
0000465
0000174
-001281
-002562
-002853
-001339
0000873
0001455
0000640
-000641
-001456
-000699
0000989
0002037
0002444
0003026
0003434
0003143
0002561
0002561
0002852
0002561
0002503
0004365
0006403
0005471
0002619
0000523
-000583
-001398
-001281
0001164
0003609
0002328
-001630
-005123
-006869
-005996
-003610
-002504
-002387
-001630
-001398
-004366
-007684
-005822
-001863
-002853
-006578
-007684
-005880
-002096
0001047
-000699
-004541
-004017
-000932
-000466
-001572
-001107
0000465
0001688
0002212
0001862
0001047
0000349
0000116
0000582
0001338
0001397
0001397
0003026
0005006
0005355
0004074
0001688
-000524
-000583
0000640
0000756
0000174
-000175
0000000
0000873
0001862
0002095
0001280
-000757
-002853
-003144
-002038
-001107
-000990
-002678
-004890
-005065
-003901
-003610
-003959
-004133
-003842
-002969
-001747
-001107
-000932
-000990
-000990
-000524
0000407
0002270
0003550
0001862
-000815
0000174
0002677
0001571
-000990
0000058
0002794
0002503
0001164
0003434
0007159
0007800
0006053
0004540
0003609
0003026
0002503
0001106
-000408
-000699
0000232
0002095
0003841
0003841
0002852
0003143
0003609
0001920
-001107
-003784
-005356
-005239
-004250
-003901
-004250
-004483
-004483
-004657
-004366
-002562
-000815
-002154
-004541
-003551
-000815
-000175
-000932
-001048
-000175
0001688
0003434
0003201
0001862
0001804
0002212
0000756
-000874
0000698
0003783
0004307
0003085
0002735
0002794
0002153
0000989
-000641
-001281
0001338
0004715
0003958
0000814
-000175
0000640
0001455
0001804
0001397
0000465
-000233
-000699
-001572
-002096
-001165
0000640
0002444
0003376
0003201
0001862
-000583
-002329
-000466
0002735
0002619
0000873
0002270
0004715
0003259
-000117
-000757
0000640
0001280
0001280
0001571
0001688
0000407
-000815
0000931
0003376
0001804
-001921
-003435
-002678
-000641
0001047
-000059
-002329
-002271
-000175
0002270
0003667
0002037
-000874
-001048
0000174
-001281
-003377
-001456
0001688
-000059
-003959
-003551
-000350
0001513
0001804
0001571
0000407
-002736
-005414
-004017
-000059
0002794
0003609
0002212
0000291
0000873
0003085
0004598
0004656
0002677
0000291
0000116
0001629
0002677
0002677
0001047
-001048
-001572
-000815
0000232
0000698
-000699
-002678
-002271
-000583
-000524
-001398
-001281
-000932
-002504
-004599
-004425
-003610
-005822
-008499
-006345
-001863
-000874
-002445
-003260
-003260
-003260
-002504
0000291
0003609
0004831
0004307
0004016
0003143
-000699
-004075
-000990
0004889
0005588
0003085
0003841
0005762
0003725
0000058
-000117
0002095
0003609
0003958
0003259
0002037
0001397
0000698
-002271
-005356
-004075
-001339
-004017
-008150
-004948
0001106
-000117
-004774
-003377
0000698
-000641
-005123
-006695
-006054
-006404
-006578
-004075
-000757
-000292
-001281
-000292
0001571
0002095
0001164
-000874
-002853
-003260
-002154
-000524
0001047
0001746
0001571
0000582
-000350
0000000
0001164
0001688
0001862
0002503
0003085
0002735
0001862
0001629
0002212
0003318
0004249
0003783
0002619
0002270
0003026
0005238
0006985
0005006
0001164
-000292
0000116
-000233
-000874
-000583
0000232
0001047
0000756
-002329
-005705
-005007
-001805
0000174
-000059
-003493
-006928
-004483
0000523
0000523
-002154
-000874
0002386
0003026
0001862
0001688
0002037
0001280
0000291
0000582
0001571
0001629
0001280
0002095
0003492
0004249
0004307
0004424
0003725
0000640
-002445
-001281
0002037
0002328
0000698
0000931
0001804
0000523
-001514
-001339
-000059
-000408
-001689
-002213
-001980
-001863
-001456
-000233
0001164
0001746
0001338
0000407
-000757
-001980
-002620
-002038
-000757
0000058
0000232
0000232
-000117
-001107
-001689
-000233
0002270
0003725
0003667
0002328
0000523
0000058
0000465
0000232
-000466
-001107
-000932
0001746
0003900
0000058
-005880
-005589
-001572
-000932
-002213
-000641
0002095
0002386
0001047
0000873
0001106
-000408
-002562
-003027
-002562
-003377
-004192
-001921
0000873
-000350
-003842
-005822
-005298
-001747
0002153
0001513
-001863
-003610
-002911
0000291
0004016
0004831
0003725
0004132
0005006
0004016
0001920
0000232
-000350
0000640
0002212
0002619
0001862
0000931
0000291
0000931
0001222
-001980
-006171
-006869
-004890
-003493
-002736
-001805
-001281
-001689
-002736
-003377
-004075
-006404
-008732
-008266
-006054
-005007
-004832
-003319
-002795
-007335
-012923
-011643
-006229
-004483
-004250
0001338
0007218
0003841
-003202
-001281
0005064
0004074
-000641
-000059
0003900
0006170
0006228
0004715
0002619
0001571
0001862
0003609
0005297
0004598
0002503
0002037
0002386
0001106
-000175
0002037
0005122
0003900
0000232
-001048
-000815
-002154
-003842
-003319
-001689
-001398
-002329
-003493
-004948
-007451
-009256
-007568
-004250
-003260
-004075
-004133
-003901
-004774
-005472
-003319
-000059
0000989
0000582
0000989
0002212
0003492
0004307
0003900
0002852
0002561
0003085
0004132
0005180
0005588
0005238
0003958
0003259
0005995
0009080
0006577
0001106
-001165
-000699
-000292
-000641
-002504
-004483
-003610
-001107
0000116
0000058
0000116
-000117
-001456
-002795
-001747
-000524
-003551
-007859
-007510
-003784
-000175
0001746
0000291
-002504
-002387
-001107
-003784
-007451
-006404
-002620
-001223
-001398
-000059
0001571
0001106
-000466
-000699
0000000
0000349
0000582
0001746
0002561
0000989
-001747
-002853
-002678
-003377
-003784
-001863
0000814
0001862
0000989
-001223
-003260
-002969
-001630
-002329
-004308
-005414
-005123
-003202
-000757
0000232
-000233
-000815
-001514
-002678
-003202
-001281
0001397
0001979
0000465
-002620
-004890
-003260
0000814
0003492
0004191
0003609
0002328
0001280
0001222
0002677
0003958
0002212
-001165
-002736
-002504
-001456
-000175
0000407
-000117
-002329
-004483
-003260
-001048
-003435
-007393
-006637
-002911
-000874
-000583
-000175
-000117
-000932
-001747
-000699
0000640
-000874
-003435
-003493
-001398
0000989
0002619
0002153
0000349
-000990
-001398
-001165
-000350
0000582
0001397
0002095
0002328
0001979
0001280
0000756
0000640
0001164
0001746
0001106
0000291
0001338
0003201
0003026
0002153
0004016
0006228
0003725
-000466
0000640
0003783
0001047
-003784
-001921
0002677
0000407
-004657
-003144
0001397
-000117
-004250
-002620
0001338
-000175
-004657
-005996
-004832
-004425
-004192
-002504
-000466
0000349
0000000
-000292
-000175
0000523
0001513
0001979
0002212
0003609
0004831
0003318
0001106
0002386
0005355
0005530
0004191
0005006
0006636
0006694
0004715
0000582
-002911
-001398
0003026
0005180
0004831
0003492
0001979
0001804
0002095
0000523
-001398
-000524
0001688
0002386
0001280
-000990
-002969
-002445
-000292
0000989
0000640
-001980
-005007
-005414
-003959
-003377
-003202
-002213
-000699
0001047
0002212
0001513
0000407
0002270
0005064
0004249
0001513
0000582
0001513
0003085
0004540
0004889
0004132
0002968
0001862
0001164
0001338
0002852
0004365
0003609
0001455
0000291
-000117
-001048
-001398
0000640
0003667
0005122
0004074
0000116
-004308
-005181
-003260
-001921
-001223
-000583
-000524
-001689
-003202
-003435
-002445
-000757
0000698
0000814
0000291
0000873
0002212
0003667
0003958
0001571
-001980
-003726
-003610
-003086
-002329
-001630
-001223
-001048
-001107
-001456
-001572
-001223
-000233
0001629
0002968
0001338
-001689
-002911
-002445
-001863
-001514
-001630
-002038
-001747
-001281
-001165
-001863
-004133
-006578
-007335
-005763
-001107
0003259
0002037
-001980
-001921
0000582
0000698
-000990
-002387
-002969
-002329
-000990
0000058
0000407
-000233
-000466
0002095
0005588
0006636
0005413
0003609
0002270
0003085
0004540
0003201
0000698
0000931
0002444
0001920
0000349
0000698
0001338
-001281
-004657
-003551
-000117
0000814
-000641
-003027
-005181
-005356
-004308
-004541
-004948
-002678
0000465
0000931
-000233
0000465
0001222
-002213
-006578
-005472
-001863
-003260
-006637
-004948
-000350
0002037
0002328
0002328
0002153
0001746
0002153
0004889
0008265
0008848
0007509
0007159
0007509
0007742
0007218
0004540
0001746
0002095
0004365
0005122
0004715
0005064
0005238
0003492
0000989
-000175
0000174
0001746
0003085
0001629
-001223
-002620
-002853
-003435
-003842
-003027
-001572
-000292
-000175
-002387
-005123
-005065
-003086
-001863
-001398
-000874
-000350
0000407
0000582
-001339
-003551
-002795
-000292
0000756
0000756
0001571
0002503
0002095
0001338
0002444
0004482
0005471
0005588
0005762
0005762
0004889
0003900
0004365
0005122
0003841
0001979
0002270
0004016
0005413
0005413
0002852
-000524
-001572
-000583
0000582
0001338
0001513
0000640
-002096
-004832
-004308
-002096
-002096
-003377
-003319
-002329
-001514
-001456
-002969
-004541
-003144
-000292
0000756
0000232
-000583
-001107
-000757
-000059
-000350
-001223
-001805
-001572
0000174
0002619
0004249
0004773
0004656
0003958
0002852
0001920
0001804
0002212
0002386
0002153
0001688
0001571
0002852
0004249
0002619
0000291
0002270
0005413
0003201
-001630
-002736
-000641
0001688
0003026
0001804
-000990
-002620
-003260
-004192
-004716
-003493
-001747
-001630
-002329
-001689
-000583
-000757
-001572
-001456
-000699
-000117
0000174
0000523
0000407
-000699
-002096
-002562
-002329
-002504
-002504
-000699
0001222
0000291
-002329
-003610
-003435
-002329
-001107
-000874
-001107
0000465
0001862
-000990
-004716
-002504
0002095
0000756
-003726
-004425
-002329
-000815
-000641
-002387
-004425
-003551
-001689
-003551
-006578
-004483
-000815
-003377
-007975
-005589
0000582
0002328
0001280
0003609
0006519
0004132
0000407
0003667
0009371
0006985
0001047
0002328
0007334
0006636
0002968
0003434
0005588
0003434
-000233
0001106
0004424
0002735
-001281
-001398
0001106
0002270
0002212
0002561
0002619
0001571
-000466
-003086
-005123
-005239
-003959
-003144
-002853
-002387
-002271
-003086
-004366
-004948
-004716
-003842
-002911
-003027
-003377
-002038
-000059
0000407
0000000
0000640
0001746
0002153
0001979
0002037
0002444
0003085
0003725
0004540
0004773
0002968
0001397
0004132
0008265
0007800
0004307
0002677
0002386
0001397
0000232
0000407
0000989
0000058
-001339
-001223
0000000
0001047
0001164
-000641
-002853
-002678
-001107
-000466
-001456
-004832
-008034
-006928
-003319
-001572
-002213
-004541
-007102
-007102
-005589
-005763
-006171
-003901
-000641
0000407
-000408
-001107
-001339
-000757
0000465
0001746
0002735
0003085
0002852
0002503
0002270
0002677
0002910
0001338
-000466
0000465
0002910
0003609
0003259
0004424
0005355
0002677
-001223
-001572
0000232
0000174
-001456
-003784
-005065
-002736
0000582
-000117
-003377
-005181
-005414
-005065
-004890
-006462
-008383
-007975
-005996
-004366
-003610
-003668
-004192
-004250
-003493
-001572
0000523
0000756
0000116
0000931
0002212
0001455
0000174
0001746
0004424
0004715
0003201
0002153
0001571
0001397
0001047
-000815
-002795
-002096
-000059
0000174
-000990
-001921
-002213
-001514
-000757
-001980
-003901
-003668
-002038
-001630
-001863
-001107
-000292
-001398
-003260
-003493
-002504
-001980
-002038
-002620
-003144
-002562
-001398
-001281
-001398
-000059
0001979
0003259
0003318
0002095
0000465
0000058
0000407
0000174
-000699
-002445
-003493
-000990
0002444
0001688
-001514
-001863
-001281
-005065
-009372
-006578
-000874
-002038
-006695
-006404
-003027
-002154
-002678
-001048
0000523
-002678
-007160
-005996
-001630
-000524
-001572
-001223
-000059
0000523
0000116
-000990
-002911
-006345
-008150
-003435
0003783
0005355
0002794
0001455
0001571
0002328
0002735
0000756
-001805
-001339
0000523
0000349
-001398
-002969
-003435
-001630
0000814
0000640
-001223
-002038
-001165
0002270
0005530
0003900
-000815
-003668
-004425
-004483
-003959
-003202
-003144
-005414
-007510
-004657
-000117
-000815
-004483
-005589
-003959
-000524
0002270
0000349
-003726
-004133
-001921
-000757
-000699
-001398
-001921
-000815
0001222
0002794
0003667
0004365
0004889
0005646
0006344
0006636
0006403
0005995
0005006
0002794
0000407
-000874
-000583
0000931
0002910
0004307
0004598
0003550
0001746
0000407
-000350
-000932
-001281
-001630
-001689
-000815
-000292
-002736
-005763
-005065
-002096
-000641
-001107
-003144
-005007
-003668
-000757
-000292
-001572
-002096
-001980
-002038
-002096
-001921
-001689
-002038
-002329
-001514
-000117
0000523
0000873
0002328
0004074
0004482
0004191
0004715
0005530
0005355
0004598
0004424
0004249
0002212
0000058
0001106
0003609
0003609
0002037
0002212
0003085
0002386
0000756
-000117
-000292
-000699
-000874
-000175
0000931
0001804
0001629
-001107
-004017
-002504
0000698
-000466
-003610
-003086
-000815
-001398
-003842
-005239
-005356
-004541
-002911
-000524
0001280
0000582
-001398
-002096
-000699
0003725
0007974
0006752
0002561
0001455
0002910
0004191
0004307
0001688
-001339
-000466
0002852
0005006
0005064
0002735
-000757
-003377
-004250
-002736
-000874
-003027
-005996
-002911
0002561
0001920
-001863
-001223
0001571
0000698
-001980
-001572
0000116
-001281
-003319
-000292
0004074
0001746
-003202
-001514
0003783
0005471
0004132
0002852
0002444
0003376
0005646
0009139
0011642
0010070
0006286
0004656
0004831
0004656
0004307
0004482
0004656
0003725
0002153
0000407
-000583
0000349
0001688
0000000
-002853
-002445
-001048
-003726
-007684
-006811
-003027
-001281
-001572
-002562
-003551
-003435
-002504
-001747
-001339
-000699
-000757
-003610
-006054
-002096
0003958
0003026
-001572
-001456
0002037
0004307
0005180
0005646
0005704
0005821
0005413
0003259
0000931
0001222
0003492
0005588
0006810
0006752
0005704
0004773
0004016
0003434
0003026
0002968
0002910
0002386
0001629
0001106
0001164
0002270
0003201
0001571
-001107
-001630
-000932
-001514
-003027
-004308
-005007
-005007
-004250
-002853
-001572
-001514
-002213
-002445
-002736
-005007
-006869
-003842
0001164
0002328
0000582
-000641
-000699
0000640
0002561
0003318
0003318
0003783
0004365
0004482
0003958
0002794
0001629
0001397
0001979
0002677
0003783
0006344
0008440
0006927
0003492
0001979
0002328
0003143
0003434
0002095
-000175
-001863
-002387
-001107
0000116
-002329
-005938
-005181
-002213
-002329
-003842
-002038
0000756
-000524
-003668
-003144
-000699
-000350
-001689
-002736
-003726
-005298
-006462
-005705
-003610
-001572
-000117
0000523
0000698
0001804
0002677
0001106
-001281
-000990
0001047
0002328
0002386
0001455
-000117
-001630
-001689
0001804
0006112
0006228
0003259
0000698
-000757
-000990
-000641
-001339
-002445
-002445
-001689
-001339
-001572
-002154
-002387
-000583
0001513
0000931
-001165
-001223
-001165
-005414
-010246
-008849
-003668
-001107
-000757
0000873
0001979
-000874
-004716
-003726
-000233
-000583
-002620
-000990
0002503
0003376
0002619
0003201
0004482
0005180
0004773
0002910
0000523
-000292
-000117
-000874
-001630
-000350
0001571
0001047
-000815
-001048
0000000
0001164
0001862
0001455
0000465
0000407
0000523
-001281
-003377
-002562
-000292
0000058
-001165
-002620
-003610
-003726
-002853
-001514
-000233
0000349
0000523
0000931
0001513
0002270
0002677
0002444
0001629
0000582
-000059
0000291
0001164
0001629
0001455
0001047
0000291
-001514
-003086
-002853
-001398
-000583
-000233
0000640
0001222
-000175
-002154
-002038
-000583
0000058
-000408
-001863
-003493
-003493
-003027
-004890
-007160
-005763
-002795
-002853
-004425
-003959
-001863
0000814
0002328
-000292
-003901
-002213
0002212
0002910
0001397
0002212
0003958
0003085
0001513
0003376
0006344
0005355
0001804
-000699
-001514
-000874
0000523
0001047
0001164
0002503
0004191
0004715
0003958
0002328
0000465
-000932
-001281
-000350
0000814
0000465
-001223
-003319
-004832
-004308
-002795
-003027
-004425
-005181
-005414
-005880
-006113
-005472
-004599
-004832
-005239
-003842
-001572
-000699
-001048
-001747
-001805
0000640
0003783
0004016
0002444
0002095
0002677
0003026
0003085
0003026
0003026
0003201
0003550
0003609
0003783
0005180
0005995
0002968
-001689
-003726
-003260
-002445
-001805
-001747
-002096
-001921
-001456
-001281
-001223
-000990
-000408
0001106
0002153
0000174
-002795
-002969
-001165
-000350
-000815
-002387
-004075
-004192
-003086
-002038
-001747
-002736
-004192
-004075
-003493
-005065
-006986
-005065
-002096
-004250
-008150
-006578
-001805
0001047
0001106
-001863
-004716
-002038
0003376
0005064
0004016
0004598
0005122
0001688
-002445
-000524
0003550
0001106
-004308
-003784
0000000
0000116
-001747
-000524
0001688
0000232
-002620
-002271
-000175
-000524
-001863
-000466
0001455
-001107
-004832
-002504
0002386
0001688
-001980
-001514
0000989
0000174
-001863
0000232
0003725
0002677
-000815
-001572
-000583
-000990
-001980
-001398
0000174
0001688
0002095
-000117
-002795
-002387
0000058
0001106
0001047
0001338
0001688
0001979
0001338
-001572
-004541
-003319
0000058
0001047
-000233
-002096
-003202
-001456
0001106
-000175
-002911
-001980
0000931
0001222
-000466
-001863
-002504
-002329
-001048
0001455
0003667
0002677
0000582
0002095
0004889
0003783
0000814
0000873
0003143
0005122
0005821
0004307
0002328
0003783
0006403
0004947
0001397
0000698
0001979
0002503
0001979
0000756
-000757
-001921
-002504
-002620
-002562
-002911
-003610
-004192
-004250
-003086
-001921
-003784
-006171
-003784
0000058
-001572
-006054
-007393
-006054
-004599
-004133
-005996
-008499
-008208
-005938
-004133
-003027
-002271
-001572
-000059
0001804
0003550
0004424
0004191
0002968
0001455
0000000
-001398
-001572
0001047
0004482
0005413
0004249
0003318
0003026
0003841
0004365
0001746
-001689
-001281
0001629
0003434
0003318
0001338
-001630
-003842
-004657
-004075
-002329
0000058
0001222
-001165
-005414
-008092
-008266
-006462
-003668
-001630
-001223
-003319
-005880
-004948
-002562
-003784
-006578
-006229
-003842
-002795
-002038
0001164
0004715
0004947
0002735
0000931
0000407
0001513
0003492
0004540
0004889
0005821
0006694
0006636
0005530
0003259
0001222
0001397
0002677
0002561
0001513
0001047
0001222
0001746
0001920
0000640
-001398
-003493
-003901
-000233
0004074
0002503
-002620
-005239
-005414
-005414
-005065
-003901
-002445
-001456
-000815
0000465
0001571
0001047
-000350
-001048
-000932
-000233
0000698
0001106
0001513
0003026
0004773
0005180
0004540
0003725
0003434
0004715
0005879
0003550
0000232
0001106
0004307
0005297
0003725
0000349
-003027
-003784
-002213
0000058
0001513
-000059
-002504
-000932
0001979
0000174
-003493
-002562
0000640
0000465
-001980
-003551
-003668
-002329
-000466
-000059
-000524
-000466
0000058
0000582
0001164
0002328
0003550
0004656
0004656
0001920
-001048
0000174
0003318
0003085
0000814
-000408
0000174
0002794
0005588
0005064
0002968
0004074
0006403
0005762
0003376
0002968
0003667
0003026
0001280
-001165
-002678
-000815
0002561
0003609
0002328
0000407
-001572
-003144
-003435
-001630
0000931
0001688
0000465
-002387
-004657
-002678
0001047
0000931
-001689
-002620
-002096
-001572
-001223
-001514
-001630
-000350
0001862
0003841
0005180
0005995
0006053
0005471
0004947
0005646
0006694
0006112
0004365
0002561
0001106
0000000
-000059
0001455
0003725
0005180
0005297
0004307
0002677
0001164
0000349
0000698
0001222
0000000
-001630
-000524
0001164
-001223
-005356
-006287
-004948
-004075
-004308
-006113
-007626
-005356
-001398
0000232
-000757
-003144
-005356
-005356
-003610
-002445
-001456
0000989
0003318
0003201
0001804
0001746
0002794
0003492
0003550
0002444
0001455
0002561
0005355
0008673
0010594
0008848
0004831
0001862
0000465
0000349
0000873
0000349
-000350
0000698
0002328
0002444
0001571
0001338
0001397
0000873
-000350
-002736
-004832
-003959
-001980
-002678
-004774
-005007
-003551
-000699
0000814
-003842
-010013
-008208
-002271
-001980
-004075
0000116
0006112
0004365
-001107
-000466
0003026
0000989
-003435
-003377
0000000
0002794
0004249
0004831
0004482
0003609
0002735
0002386
0002270
0001688
0000756
-000175
-000466
0000523
0001746
0000698
-000874
0000989
0004074
0003434
0000756
0000116
0000989
0000931
0000174
-000932
-001514
-000059
0002153
0002561
0001455
0000407
-000524
-001689
-002678
-003202
-002853
-001107
0000523
-000466
-002620
-003086
-001805
0000174
0001688
0000465
-001572
-000583
0002153
0003550
0003609
0003900
0003376
0000058
-003551
-002620
0000640
0000989
-000466
-000292
0000698
0000582
-000466
-001747
-002620
-002329
-001281
-000757
-000466
0000698
0001338
-000815
-003959
-004425
-002795
-001223
-000233
0000000
-000757
-002969
-004657
-002387
0001513
0001920
0000640
0002794
0005821
0004365
0000931
0001106
0003667
0004889
0004715
0003725
0002561
0002328
0002852
0003492
0003725
0002735
0001688
0002794
0004715
0004249
0002328
0001571
0001571
0000931
-000350
-002213
-003842
-004425
-003901
-002678
-001980
-003551
-006171
-007393
-007102
-006404
-005414
-004250
-003144
-002213
-001514
-001107
-001165
-001805
-002853
-003959
-004250
-002445
0000232
0001513
0001804
0002735
0003667
0003550
0002735
0002386
0002619
0003434
0004656
0006461
0007451
0005646
0002561
0001106
0001222
0001455
0001746
0002677
0002910
0000000
-003319
-001980
0001746
0002444
0000756
-000699
-001805
-003260
-004425
-004774
-004425
-004483
-004366
-002678
-001339
-003493
-007451
-009722
-009314
-006054
-001863
-000117
-000815
-002387
-003726
-002736
-000932
-001747
-003551
-002911
-000641
0001164
0001979
0001338
0000814
0003492
0006403
0003026
-002387
-000757
0004656
0005588
0003609
0003841
0004715
0002153
-001048
0000640
0004074
0001920
-002387
-000466
0003958
0002561
-001689
-001223
0001397
-000292
-003901
-004192
-002154
-001048
-000990
-001572
-001980
-000815
0001047
0001513
0000814
0000000
-000699
-001107
-001048
-000524
0000000
-000175
-000466
0000349
0001571
0001571
0000698
0000000
-000117
0000465
0002095
0005762
0008731
0006810
0001920
-001107
-001980
-002154
-001514
0000000
0001338
0001047
-000466
-001863
-002795
-002911
-002154
-000408
0001455
0002270
0002095
0001571
0001280
0002270
0003492
0002503
0000523
0000174
0000989
0001746
0001513
-000990
-003842
-003377
-000990
-000699
-001223
0000989
0003434
0001222
-002795
-002387
0000931
0002561
0002561
0002735
0002444
0000291
-001863
-000990
0001397
0001979
0000873
-000524
-001281
0000116
0001746
-000292
-003959
-004716
-003493
-003610
-004425
-004308
-003959
-005065
-006520
-006113
-004425
-002911
-001863
-001223
-001339
-002562
-004308
-005531
-005996
-005996
-005123
-002853
-000292
0001106
0000814
-001223
-003260
-002445
0000407
0002910
0004424
0005180
0004831
0003085
0001222
0001222
0002328
0002677
0002503
0002619
0002794
0002561
0001862
0000523
-000524
0000116
0001920
0003143
0003434
0002910
0001338
-000932
-003493
-005763
-007102
-006869
-005880
-005531
-005705
-005705
-005356
-004366
-003435
-003551
-004366
-004890
-004599
-002562
-000408
-001339
-003377
-002329
0000465
0001804
0002095
0003376
0004831
0004889
0004016
0003667
0003434
0001920
0000523
0001746
0004656
0007334
0008498
0007043
0004424
0004074
0005064
0004598
0003492
0003958
0004307
0000989
-003435
-003842
-001572
-000466
-001223
-004308
-007044
-004483
0000291
0000174
-002795
-002562
-001747
-006753
-012341
-007859
0000523
-000815
-007510
-007801
-004133
-003784
-005239
-004541
-002504
-001572
-001107
0000407
0002212
0002619
0002270
0002503
0003376
0004482
0005471
0006170
0005704
0002677
-000932
-002096
-000175
0004889
0009604
0008498
0003667
0000989
0000814
0002444
0003900
0001804
-001572
-001456
0000873
0002212
0001513
-002213
-006462
-007160
-005123
-003668
-002795
-001339
-000524
-002154
-004948
-006462
-005705
-001805
0002095
0000465
-003842
-003842
-000757
0001571
0002270
0001106
-000699
-000757
0000407
0000465
0000582
0003550
0006868
0005762
0001688
-001165
-002329
-002445
