0001513
0002153
0000756
-002096
-004308
-002504
0001338
0003143
0002503
0000407
-001689
-001863
-000117
0002328
0004249
0004424
0002619
-001456
-004133
0000349
0007509
0008440
0003900
-001689
-006113
-007393
-005705
-002969
-000932
-001514
-003959
-006229
-006869
-004425
-000583
0001222
0001106
0000931
0000814
0000931
0001047
0000640
0000349
0001222
0002619
0002852
0002444
0002677
0003143
0002677
0001688
0000756
0000407
0001397
0002852
0003550
0002910
0000465
-001921
-001165
0001280
0001513
0000232
-000408
-000757
-002038
-003144
-002213
-000059
0001746
0002503
0001804
0000523
0000291
0001164
0002619
0003667
0002852
0001222
0001164
0001920
0001571
-000059
-002678
-005181
-005589
-004657
-004832
-005356
-004133
-001921
-000350
0000465
0001513
0001862
0000465
-001514
-002038
-001223
0000000
0000989
0000640
0000058
0001688
0004424
0006170
0005937
0002444
-001747
-002271
-000175
0000989
0000814
-000350
-001456
-000175
0001979
0002328
0000989
-000932
-002096
-000233
0002794
0002852
0001280
0001688
0003026
0002794
0001455
0000465
-000233
-000815
-001630
-003319
-004308
-001572
0002677
0004249
0003609
0003434
0003259
0001629
-000466
-001572
-001048
0001338
0004191
0005355
0004482
0002270
0000116
0000232
0002212
0004715
0006577
0006228
0004424
0003376
0002444
-000292
-002969
-001980
0000582
0000058
-002038
-002038
-000583
0000291
0000698
0001804
0002328
-000059
-003086
-002736
-000117
0001513
0001920
0001513
0000698
0000058
-000117
0000523
0001106
0000116
-001165
-000175
0001804
0001280
-000292
0000756
0002735
0002095
0000116
0000407
0001513
-000233
-002562
-001048
0002328
0003143
0001804
0000116
-000524
0002095
0005355
0004074
0000349
-000583
0000174
-001514
-003668
-002038
0001513
0003318
0002386
-001921
-006462
-006287
-002271
0002095
0004656
0003492
-000292
-003784
-005065
-001805
0002735
0002270
-000990
-001165
0000640
0000698
0000116
0001222
0003259
0004715
0004715
0002212
-000815
-000874
0001455
0004307
0005646
0002910
-001281
-001281
0001513
0002619
0002328
0002153
0002095
0001979
0001979
0002270
0002794
0003609
0004191
0003958
0002677
0000407
-001863
-002736
-002271
-000990
0000116
-000466
-001980
-002853
-002678
-001456
-000292
-001048
-002678
-002736
-001339
0000407
0001688
0001280
0000058
0000291
0001222
0000931
0000116
0000873
0002153
0001629
0000465
0001222
0003201
0004598
0005238
0005762
0005821
0004947
0004307
0006112
0007916
0004831
0000116
0000582
0004365
0005937
0005471
0004715
0003900
0002968
0002328
0001920
0002095
0003201
0004482
0004947
0003958
0000989
-002154
-002038
-000175
-000408
-002096
-003202
-003144
-001223
0001455
0002735
0002852
0003609
0004365
0004249
0003201
0001164
-000466
0000465
0002910
0004365
0004482
0003259
0001397
-000233
-001281
-002154
-002038
0000058
0002852
0004132
0004191
0004191
0004249
0004482
0004249
0002037
-001048
-003260
-004017
-003319
-001514
0000698
0002037
0000814
-001339
-000815
0001280
0002153
0001629
0000291
-000874
-000466
0000931
0001629
0001629
0001397
0000814
-000699
-002038
-001572
-000408
-000990
-002096
-000815
0001222
0000465
-001630
-001339
0000523
0001222
0001397
0002852
0004482
0003609
0002212
0004074
0007101
0006577
0003667
0001629
0000640
0000000
-000233
-000466
0000000
0002619
0005471
0005122
0002619
0000814
-000233
-001339
-002271
-002911
-002853
-001747
0000000
0002212
0002735
-001863
-007859
-008616
-005007
-001165
0001397
0001513
-000757
-004832
-006753
-000641
0009022
0013563
0011642
0004074
-003901
-004017
0001513
0005471
0006461
0004598
0001397
-000350
0000116
0002735
0005704
0005238
0003725
0006868
0010594
0006752
-000815
-003610
-001863
0001106
0003085
0000873
-003202
-003610
-001689
-001572
-002504
-002329
-001165
0000232
0001164
0000640
-000583
-000815
-000466
-001223
-002038
-000990
0001222
0003143
0003900
0002619
0000116
-002445
-003435
-000815
0002910
0002968
0000465
-000524
-000641
-001921
-003202
-002329
-000233
0000989
0001280
0001688
0001979
0001920
0001688
0001629
0001571
0000989
0000640
0001571
0003434
0005646
0006461
0003667
-000699
-002387
-001456
0000349
0001688
0000582
-001630
-001980
-000932
-000641
-000990
-001689
-002038
-001107
0000465
0001629
0001397
-001572
-004832
-003901
-000233
0002153
0003026
0003318
0003026
0002503
0001920
0000989
0000756
0002852
0004947
0002444
-001980
-002387
-000292
-000292
-001689
-002329
-002271
-002154
-001747
-000466
0000174
-002213
-005705
-006345
-004716
-003260
-002387
-002213
-002096
-000408
0001397
0000349
-002620
-005414
-006869
-006345
-004133
-001339
0000814
0001164
0000291
0000407
0000698
-000699
-002736
-003493
-003027
-002329
-001747
-001689
-001630
0000000
0001804
0001047
-000466
0001629
0004715
0003318
-000524
-002096
-001165
0001629
0004249
0003550
0001106
0001280
0002270
-000117
-003726
-003551
-001514
-002387
-004948
-006229
-005938
-004657
-003202
-002678
-003610
-006229
-008790
-008849
-006520
-003493
-000932
-000059
-000641
-001048
-001165
-001572
-001921
-002038
-001630
-000117
0001397
0000756
-000757
0000174
0001513
-000932
-004774
-004890
-002213
0000291
0000989
-002213
-006345
-006171
-002562
0001338
0003550
0002561
-001223
-006578
-009605
-004425
0003609
0003434
-001921
-003610
-002620
-003319
-004425
-002969
-000757
-001165
-003027
-003027
-002038
-002445
-003435
-002795
-001572
-001980
-003260
-003377
-001980
0001164
0004249
0003725
0001629
0003085
0005588
0003434
-000874
-001921
-000874
-001456
-002678
-002620
-001165
0001979
0004656
0003492
0000523
0000582
0002328
0001746
0000407
0002270
0005297
0005762
0003318
-001456
-005589
-004774
-001223
-000466
-002213
-004483
-006171
-006113
-004483
-002096
-000292
-000932
-003202
-005414
-006404
-005356
-002969
-000757
0000291
-000641
-002096
-000641
0001979
0002153
0000116
-003377
-005472
-002038
0003492
0003783
0000523
-000641
-000233
-000524
-000874
-000117
0001164
0001920
0002095
0002503
0002328
0000174
-002445
-003027
-001747
0000698
0002328
0000407
-003319
-004657
-003959
-003493
-002736
0000058
0002735
0001746
-001339
-002853
-002795
-002038
-001863
-004657
-007451
-004366
0001338
0002677
0001047
0001338
0002153
-000059
-003319
-003668
-002271
-002271
-003086
-002620
-001630
-001514
-002038
-002096
-001921
-002271
-002562
-001689
-000408
-000350
-001339
-003086
-004133
-002445
0000523
0001746
0001280
0000989
0000465
-001223
-003144
-003668
-003202
-003260
-003493
-003260
-002678
-002096
-001747
-002038
-002445
-002562
-001980
-000175
0001338
-000117
-002445
-001107
0001979
0001746
-000117
0000407
0002212
0002503
0001397
-000117
-001339
-001398
-000524
0000291
0000582
-000524
-001572
-000059
0002677
0003725
0002910
0001222
-000350
-000874
0000058
0002444
0004773
0005180
0003376
-000466
-004017
-003901
-001398
0000000
0000174
0000465
0000116
-002387
-004832
-003610
-000350
0001280
0000640
-002213
-004832
-002795
0001397
0002386
0001047
0000989
0001513
0000582
-000466
0000873
0003143
0003085
0001979
0002852
0004598
0004889
0004016
0003143
0002852
0004074
0004947
0001746
-002271
-000815
0003550
0004424
0002910
0002910
0003492
0002037
-000117
-000292
0001222
0003492
0005180
0004598
0002095
-001048
-003493
-003959
-002271
0001106
0003900
0002735
-000757
-002213
-002038
-002445
-002853
-002213
-000757
0000989
0002212
0002037
0000640
-001572
-003260
-002562
-000757
-000815
-001747
-000932
0000582
0000349
-000583
0000058
0001862
0003318
0004307
0005238
0005355
0003783
0000873
-003027
-005298
-002213
0003085
0003609
0001164
0001455
0003085
0002503
0000814
0000640
0001338
0001513
0000989
0000058
-001107
-002387
-002795
-000874
0001513
0000931
-001514
-003144
-002736
0000931
0005180
0005297
0002386
0000232
-000641
-000292
0000523
0000000
-000932
-000059
0001571
0001513
0000582
0001106
0002153
0001571
0000349
0000640
0002095
0003783
0004947
0005122
0003900
0000873
-002154
-002562
-001339
-001572
-002271
-000874
0001513
0002968
0003026
0001920
0000407
0000058
0000174
-000874
-002329
-002678
-001980
-000757
0000291
0000349
-000408
-000990
-001165
-001048
-000524
0000582
0001455
0000582
-000641
0000523
0002794
0003550
0002677
0000931
-000815
-001223
-000466
0000291
0000989
0001804
0002037
0000814
-000815
-001165
-000350
0000582
0001047
0000756
0000174
0000291
0001047
0002386
0003026
0001106
-001921
-003144
-002969
-003726
-004599
-003842
-002271
-001630
-001223
0001280
0003492
0001106
-002911
-002096
0000698
-001398
-005938
-007277
-005822
-003610
-002445
-005356
-009023
-007510
-001747
0005006
0009779
0009546
0005530
0001746
-000175
0000989
0003376
0002270
-000233
0000814
0003725
0004482
0003550
0003085
0002619
0000698
-000990
0000582
0003085
0001222
-002387
-001863
0000873
0000814
-000932
-001281
-000583
0000116
0000174
-001107
-002795
-003319
-002445
-000524
0001222
0000582
-001456
-002504
-002620
-002445
-002271
-002911
-003144
-000757
0002619
0003725
0002561
0000291
-001689
-001339
0000756
0002735
0003900
0004132
0003376
0002037
0000407
-001689
-002911
-001514
0000873
0001047
-000699
-002969
-004192
-002038
0000873
-001048
-004948
-004599
-001805
-001689
-003027
-002154
-000408
-000815
-002504
-003260
-003144
-003319
-003493
-003202
-002445
-000990
-000059
-001980
-004599
-003959
-001398
-000292
-000583
-000874
-001339
-002504
-002911
0000291
0004424
0004307
0001571
0000349
0000582
0000582
0001047
0003318
0005995
0006752
0005646
0003958
0002270
0001047
0000465
0000523
0000582
-000583
-001747
-000233
0002270
0002561
0000756
-002445
-004948
-003668
-000524
0000174
-000815
-000350
0000349
-001514
-004192
-004133
-002271
-001630
-001572
-000117
0001455
0000582
-001514
-002096
-001572
-001747
-001747
0000232
0002270
0000640
-002038
-000117
0004424
0007218
0007276
0004482
0001106
0001455
0003201
0000756
-003260
-002853
0000465
0002794
0003085
0000523
-002736
-002853
-000757
0000814
0001338
0001164
0000232
-001223
-002504
-002329
-001630
-002387
-003784
-003901
-002620
-000059
0002095
0001106
-001398
-001689
-000466
-000292
-000757
-001165
-000699
0001920
0005122
0006344
0005297
0002561
0000232
0002153
0004831
0000756
-005589
-005123
0000058
0004365
0005180
-000699
-007451
-004541
0004016
0008149
0007101
0003026
-002038
-005065
-005007
-001980
0001629
0001862
-000175
-000932
-000641
-000932
-001107
0000523
0002386
0001222
-001223
-000874
0000814
0000116
-001980
-002911
-002678
-001689
-000583
-000757
-001165
0000640
0002444
-000583
-004599
-001630
0004482
0004715
0001513
0002212
0004307
0001804
-002271
-001281
0002444
0003259
0001629
-000524
-001805
-000408
0001804
0000989
-001572
-002387
-001863
-001921
-002154
-000990
0000174
-001630
-004017
-002154
0001280
0000582
-002620
-003784
-003144
-002387
-001456
0000232
0001571
0001222
-000524
-002620
-004425
-005822
-005763
-003260
0000523
0003667
0004831
0003376
0000523
-000874
-000932
-001281
-001339
0000174
0001804
0000465
-001747
-000583
0002328
0003085
0001862
-000292
-001980
-001048
0001047
0001106
-000059
-000350
0000174
0000756
0001106
0000756
0000116
-000233
-000292
-000583
-001048
-001689
-001921
-000874
0000349
-000233
-001747
-001747
-001223
-003027
-005123
-003319
0000058
-000117
-002445
-002911
-001921
-001281
-001048
-001223
-001398
-000874
0000000
0000349
0000407
0001106
0001688
0000814
-000815
-002096
-002038
0000989
0004191
0002794
-001223
-003144
-002329
0000640
0003841
0004365
0002677
0000873
-000117
0000814
0002212
0001164
-000874
-000699
0001164
0003085
0003725
0000989
-002504
-001630
0001397
0001047
-001514
-002795
-002969
-003493
-003610
-001980
0000407
0001571
0001746
0001862
0002095
0002619
0002852
0001047
-000641
0001688
0005122
0003318
-001048
-001747
0000232
0001746
0002037
0000931
-000874
-002154
-002329
-000466
0001338
-001107
-004716
-002504
0001804
-000408
-005298
-003901
0000873
0001979
-000117
-002969
-004483
-002154
0002503
0006636
0008149
0005180
-000117
-003726
-004425
-001689
0001920
0001746
-001165
-003086
-003493
-002562
-000932
0000058
-000059
-001339
-002562
-001456
0001222
0003550
0004773
0004482
0003143
0001688
0001164
0003026
0005064
0003143
-000466
-000292
0002270
0003609
0003376
0001862
0000174
0000291
0001106
-000175
-002213
-002213
-000815
-000059
-000117
-000757
-001456
-000990
0000000
0000116
-000815
-002387
-003842
-004250
-003260
-000990
0001455
0002386
0002270
0002794
0003201
0001804
-000466
-001921
-001980
-000466
0001280
0000523
-001165
-000233
0002095
0002735
0002212
0002794
0003318
0001804
-000292
0000174
0001979
0001920
0000873
0001280
0002212
0001397
0000116
0001106
0002910
0002270
0000058
-001805
-002620
-001805
-000350
-000874
-002038
-000641
0001397
0000116
-002795
-003493
-002038
0000582
0002503
0000407
-002969
-001572
0002212
0002735
0001047
0000814
0001746
0002619
0002910
0002153
0001047
0000873
0001571
0002444
0003201
0003434
0002852
0000931
-000874
-000175
0001862
0002270
0001746
0002444
0003667
0004016
0003201
0001222
-000874
-001398
-000641
0000349
0000698
-000524
-002329
-002678
-002096
-002445
-002736
-000815
0001164
-000583
-004541
-007160
-007160
-003784
0000523
0001164
-000932
-002853
-003260
-000874
0002386
0002153
0000116
0000989
0002503
-000175
-004599
-005880
-003901
-000292
0003085
0003259
0001804
0002619
0004540
0004424
0002910
0001862
0001513
0002153
0002794
0001804
-000350
-002445
-003319
-001572
0001106
0001222
-000350
-000815
-000408
0000058
-000408
-003144
-006113
-005647
-003086
-002038
-002795
-005239
-007044
-004366
0000291
0001804
-000175
-004774
-008558
-006404
-000408
0003667
0005122
0005238
0003259
-002038
-006345
-002795
0004540
0006112
0003318
0001571
0001047
0001338
0001862
0001746
0000873
-000699
-001980
-001165
0000232
-001165
-003435
-001980
0000873
-000408
-003144
-000815
0003201
0001571
-003086
-005007
-003842
-000815
0002153
0001804
-000641
-001980
-001514
0000873
0003667
0004074
0002619
0001629
0000873
-000583
-001747
-001398
-000117
0000640
0000814
0000756
0000698
0001106
0001688
0001746
0001280
0000698
-000175
-001805
-003202
-002504
-000583
0000349
0000873
0002735
0004598
0004074
0002037
0000873
0000465
-000175
-001107
-002504
-003493
-002678
-001165
-000874
-001980
-004425
-006171
-003610
0000756
0002095
0000931
0000000
-000292
0000407
0001106
-000641
-002911
-002096
0000407
0000698
0000058
0001397
0003725
0004947
0004831
0003434
0001862
0001629
0002735
0004947
0006403
0004016
0000174
-000175
0002095
0004249
0005006
0003259
0000640
0000232
0001804
0003841
0005064
0003900
0001455
0000465
0000232
-001456
-003202
-001863
0000407
-000932
-004075
-004832
-003959
-004425
-005239
-004192
-002213
-001223
-001456
-002620
-003668
-003027
-001048
0001106
0002561
0002328
0001280
0001513
0002328
0001629
0000465
0000523
0001688
0003318
0003958
0001222
-002154
-000583
0003492
0004074
0002095
0000582
0000174
0001397
0003026
0002095
0000349
0001746
0003841
0001106
-003435
-003202
0000116
0001862
0001629
0000407
-000990
-001281
-000408
0001047
0001862
-000117
-002911
-002387
0000000
0000232
-000932
-001223
-001165
-002504
-003435
-000874
0002619
0001746
-001398
-001456
0000523
0001280
0000989
0001397
0001047
-002736
-006928
-006287
-002271
0001222
0002212
-001514
-006113
-004948
0000582
0005646
0008382
0007858
0004132
-002038
-006520
-003144
0003841
0005180
0002444
0001688
0001920
0000000
-002504
-002853
-001514
0000058
0001222
0001222
0000931
0002444
0004656
0005530
0004424
0000407
-003260
-001048
0003550
0002444
-001921
-003086
-001165
0002386
0005122
0003318
-000932
-002562
-002154
-002154
-002271
-001281
-000117
-000466
-001514
-001048
0000465
0001920
0002677
0001688
0000174
0000174
0001106
0000698
-000292
-000117
0000698
0000814
-000059
-002213
-004192
-003901
-001572
0002444
0005122
0002153
-003435
-005356
-003668
-001048
0001164
0001571
0000349
-000932
-001514
-000757
0000989
0002619
0003492
0002910
0001164
-001107
-002562
-001572
0000873
0002095
0002212
0002852
0003085
0001164
-001165
-000699
0001280
0001106
0000000
0000873
0002328
0001164
-001048
-000757
0000873
0001047
-000059
-001456
-002795
-003668
-004250
-005705
-006462
-003435
0000698
0000756
-001339
-000350
0001862
0000291
-002445
-000757
0002619
0001047
-002620
-001863
0001397
0002386
0001047
-001630
-003435
-000059
0004482
0002270
-003435
-004716
-001863
0002444
0005995
0005646
0003026
0002270
0002735
0002328
0001338
0000640
0000291
0000582
0000989
0000814
0000174
-000699
-000874
0001106
0003667
0003609
0001746
0000640
0000000
-001223
-002504
-003260
-003260
-002736
-001863
-000524
0000407
-000175
-001048
0000814
0003201
0001979
-001398
-003202
-003260
-002795
-001630
0000756
0003085
0003259
0002095
0001746
0002270
0002910
0003259
0002386
0001164
0001280
0002270
0002619
0002852
0004365
0006053
0005937
0004307
0002037
0000000
-000757
-000466
0000465
0000814
-001514
-004133
-002736
0000989
0002968
0002153
-001980
-006345
-005880
-001805
0001688
0003201
0002095
-000990
-004308
-006113
-004483
-001165
-000233
-000990
-000932
0000465
0003900
0007218
0006810
0003609
0000523
-000932
0000814
0003841
0004016
0002503
0002619
0003492
0002619
0001164
0001804
0003259
0002677
0001280
0001979
0003725
0004074
0003318
0002794
0002503
0002386
0002153
0001397
0000873
0002095
0003725
0003434
0001397
-001223
-002911
-001223
0001629
0001164
-001630
-003610
-004133
-003027
-001223
-000757
-001398
-001980
-002154
-001689
-000641
0000698
0001513
0000582
-000874
-000408
0001222
0001746
0001280
0000756
-000117
-002154
-003842
-002387
0000349
-000117
-001689
0000523
0004191
0004889
0002735
-000815
-003435
-001456
0002503
0003143
0000465
-003726
-007160
-006811
-003959
-002213
-001223
0000989
0002968
0002503
0000349
-001630
-002795
-003027
-001980
0000873
0003376
0002037
-001223
-001921
-000466
0001164
0002095
0001164
-000408
-000059
0001397
0001746
0000931
-000641
-001980
-001747
-000292
0000640
0001397
0003550
0004831
0001222
-003842
-003202
0000814
0002095
0001047
0000000
-000815
-001339
-001456
-000874
0000000
0000640
0001047
0001688
0001920
0000523
-001339
-001398
-000408
0000000
-000350
-001339
-002329
-002038
-000990
-000466
-000641
-001398
-002387
-003377
-003784
-003202
-001980
-000757
0000116
0000174
0000291
0002386
0004365
0002037
-002096
-003202
-001630
-000059
0001047
0001920
0001979
0000698
-000815
-000757
0000174
0000116
-000757
-002096
-003086
-002329
-000990
-001747
-003027
-001514
0000814
-000350
-003493
-005123
-004890
-003435
-001805
-002038
-002969
-001281
0000232
-004133
-010187
-009605
-004832
-002853
-003668
-005531
-006753
-004541
-000641
0000698
0000349
0001629
0002677
-000583
-004948
-004541
-000990
0000931
0000989
0000523
-000292
-001630
-002271
-000175
0002561
0001920
-000524
-000990
-000408
-001747
-003435
-002154
0000465
0001047
-000292
-002562
-004075
-002213
0001222
0002386
0001106
-002096
-005123
-005181
-002736
0000116
0001979
0001397
-000874
-003027
-003901
-002504
0000058
0001804
0002270
0001688
0000756
0001106
0001746
0000407
-001689
-002038
-001107
-000815
-000932
-000641
0000116
0001629
0002735
0001804
-000524
-003027
-004192
-002445
0000349
0000698
-001048
-003551
-005123
-003668
-000932
-000932
-002795
-003610
-003027
-001223
0001106
0003085
0003492
0000989
-002620
-003493
-002562
-003086
-004017
-003027
-000874
0001047
0001513
-001048
-005065
-008325
-008849
-004948
0000873
0004016
0003900
0001338
-001572
-001223
0000756
0000232
-001689
-002387
-001456
0001688
0004540
0003609
-000175
-003610
-005414
-004948
-002911
-000932
0000058
-000757
-002271
-002445
-001398
-000175
0000291
-001223
-003726
-005007
-005181
-005938
-006345
-005298
-003260
-001514
-000641
-000757
-001747
-003260
-004308
-003784
-002038
-000117
0001222
0000989
0000000
0000291
0001106
0000465
-000233
0002037
0004947
0004016
0000814
-000059
0000349
-001048
-002562
-000874
0002386
0003841
0002968
-000059
-002853
-001107
0002677
0002794
0000698
0000989
0002037
0000058
-003027
-003202
-001514
-001281
-001630
0000000
0002095
0001920
0000465
0000349
0001106
0001106
0000814
0001164
0002095
0003609
0004598
0003550
0001513
0000698
0001047
0001280
0001397
0001222
0000873
0000465
-000175
-001165
-002096
-002329
-001514
0000756
0002561
0001106
-002504
-005822
-006113
0000582
0009080
0010419
0005937
0001979
-000466
-001805
-001281
0001338
0004074
0003609
0001338
0000989
0001979
0002677
0002619
0001688
0000058
-002213
-003726
-002562
-000175
0000291
-000641
-001048
-000932
-000524
-000233
-000815
-001398
0000000
0001862
0000989
-001165
-000932
0000523
0000058
-001398
-001980
-001398
0000349
0002212
0002503
0001746
0001571
0001746
0001047
0000465
0001920
0003900
0003376
0001164
-000757
-001572
-000757
0000640
0000116
-000990
0000582
0002735
0000814
-002445
-000815
0002619
0001164
-003435
-006345
-006520
-003435
0000873
0003143
0002503
-000699
-004250
-004425
-002038
-000524
-000059
-000175
-000757
-001223
-001456
-001514
-001456
-001281
-000874
0000174
0001222
0001338
0000814
0000582
0000989
0002735
0003900
0000931
-003377
-003901
-001456
0000523
0001629
0001920
0001571
0001222
0000582
-001165
-003377
-005356
-006113
-004483
-001514
0000931
0001804
0000873
-001572
-004716
-006637
-004716
-001107
-000641
-001805
0000174
0002619
-000233
-004599
-002562
0002444
0002095
-001107
-000757
0001862
0002735
0002619
0004424
0005879
0002910
-001456
-001107
0001979
0002212
0000989
0002619
0004889
0002968
-000815
-001456
0000232
0001397
0001280
-000524
-002795
-003144
-002096
-001863
-001980
-001572
-000117
0003434
0006577
0005530
0001629
-001339
-002387
-001048
0001164
0000873
-000524
0000523
0002212
0000640
-002329
-002911
-001223
0001164
0003143
0003085
0001862
0001629
0002153
0002619
0002677
0001629
0000873
0003026
0005530
0002968
-001572
-001165
0001862
0000873
-001572
0000000
0003725
0004831
0003783
0003318
0002212
-002387
-007102
-005996
-001514
0000523
-000466
-003959
-006928
-004832
0000756
0005762
0007276
0002503
-005007
-008150
-006753
-003086
0000407
0000000
-002736
-003668
-002853
-001980
-001281
-000932
-000874
-000699
-000583
-000641
-000699
-000175
0000582
0001222
0001455
0001338
0000814
-000641
-001339
0001804
0005879
0004947
0001513
0001513
0003609
0003725
0002561
0001979
0001979
0002153
0002328
0002619
0002619
0002328
0001688
0000814
0000349
0001338
0002386
0000291
-002678
-001805
0000582
-001107
-004774
-005647
-004308
-003202
-002329
-001456
-000583
0000407
0001047
0000582
-000292
0000291
0001047
-001281
-004250
-002620
0000698
-000524
-004075
-004774
-002795
0000058
0002444
0002910
0001629
-000466
-002213
-001921
-000815
-001689
-003493
-003377
-002096
-001572
-001456
-000175
0001164
0000465
-001398
-002853
-003260
-002038
-000932
-003144
-006462
-006229
-003319
-000408
0001222
0000582
-001223
-001572
-000874
-000932
-001456
-001689
-001339
-000175
0001513
0003201
0003725
0001164
-002038
-001165
0001746
0001106
-001165
-000524
0001571
0001222
-000350
0000058
0001280
0000465
-001572
-003202
-003726
-003027
-001514
0000000
0000756
0000407
-000757
-002213
-003319
-003959
-003784
-002271
-000932
-002213
-004716
-005007
-003901
-003842
-004308
-003668
-002736
-003551
-004599
-003144
-000641
-000059
-001107
-002620
-002911
0000174
0004715
0006985
0006461
0003609
0000756
0002503
0005821
0003900
-000932
-003260
-002853
-001398
0000465
0001629
0001746
0000756
-000292
0000349
0001571
0000698
-001223
-001805
-001514
-002096
-002911
-002504
-001572
-001980
-002562
-000641
0001688
0000000
-003551
-004192
-002853
-002038
-002387
-004017
-005705
-005181
-003144
-000990
-000583
-005239
-010013
-005763
0003318
0007974
0007334
0003143
-001689
-003086
-001107
0002270
0004947
0004249
0001804
0001746
0002968
0002095
0000232
-000292
0000523
0002212
0003841
0004656
0004191
0002386
0000407
0000174
0001338
0002444
0002561
0000698
-001689
-002038
-000466
0002328
0004074
0001338
-003144
-003435
-001165
-001048
-002329
-002271
-001398
-000990
-000932
-000815
-000757
-001048
-001281
-000815
0000523
0002968
0004598
0002444
-001630
-003435
-002853
-001223
0000465
0000232
-000874
0000116
0001804
0001047
-000699
-000175
0001338
0000523
-000815
0001338
0004307
0002386
-002038
-003377
-002329
-001689
-001572
-001630
-001980
-002504
-003202
-004075
-004948
-005938
-006171
-004890
-002736
-001107
-000233
0000582
0000407
-002445
-005647
-004890
-001805
-000583
-000757
0000058
0001106
0000873
-000524
-002096
-003842
-006404
-007743
-004599
0000523
0002386
0001862
0002968
0004191
0001920
-001107
0000698
0004132
0002212
-002329
-002736
-000292
0001047
0000989
-000408
-001689
-000466
0002095
0003376
0002852
0000814
-001747
-003260
-003027
-000292
0002561
0001397
-001689
-001398
0000931
0001455
0000640
0000465
0000407
-000874
-002504
-002911
-002154
-001339
-000466
0000698
0001571
0001688
0001222
0001222
0001047
-000990
-002911
-000815
0003026
0004016
0002677
0001979
0001571
0000116
-001281
-000815
0001047
0003201
0004191
0002212
-000815
-000990
0000582
0000523
-000292
0000349
0001571
0001688
0000349
-002736
-005705
-005705
-003144
0000116
0002095
0000349
-003377
-005356
-004657
-000932
0003143
0002968
0000349
0000116
0001280
0000814
-000233
0000523
0002037
0002153
0000931
-001223
-002387
0000232
0004424
0005937
0004482
0000640
-002213
0001338
0007392
0008265
0004191
-002213
-006637
-002678
0005064
0006344
0002968
0001397
0001397
0000931
0000465
0000814
0000989
-001107
-003435
-001572
0001746
0000756
-002504
-002911
-001223
-000408
0000116
0001979
0003841
0003143
0001106
0000523
0001164
0001979
0002328
0001280
-000350
-000990
-000233
0002386
0005064
0004889
0002910
0002212
0002328
0001862
0000756
-001165
-002736
-002504
-001223
-000699
-000583
0000698
0002095
0001629
0000232
0000000
0000232
-001339
-003260
-002795
-001107
-001339
-002271
-001572
0000349
0002153
0002852
0001397
-000815
-000874
0000058
-000932
-002678
-002387
-000990
-000874
-001630
-001921
-001980
-002853
-003377
-001630
0000814
0001047
-000059
0000000
0001047
0002037
0002794
0002968
0002735
0002677
0002735
0002619
0002619
0003318
0004074
0003376
0001920
0001106
0000814
0000232
-000175
0001106
0002328
-000292
-003726
-001689
0002095
-000350
-005763
-006695
-003959
-000990
0000640
-001048
-004133
-004599
-003435
-004483
-005763
-003610
0000174
0001455
0000756
0000349
0000523
0001688
0003026
0003201
0001979
-000990
-003435
-001572
0002153
0002328
0000407
0000640
0002212
0003143
0002735
0000058
-002911
-002795
-000524
0001222
0001862
0001862
0001164
0000000
-001048
-001048
-000408
-000233
-000408
-000175
-000175
-001339
-002969
-003377
-003027
-004250
-004774
-000059
0005238
0002561
-004308
-006520
-004250
-000757
0002328
0003085
0001688
-000466
-001514
0001455
0005995
0007276
0005937
0005122
0004831
0004191
0003143
0001106
-000583
0000232
0001979
0001047
-000466
0002561
0006810
0005238
0000640
0000116
0001804
0000349
-002387
-002853
-001165
0001629
0003201
-000408
-005705
-005589
-001689
0000756
0001688
0002735
0002270
-002795
-007917
-004657
0002270
0002037
-001980
-000408
0003841
0003492
0000407
-000408
0000232
-000408
-001048
0000931
0003550
0002852
0000232
-000815
-000466
-000233
0000407
0002968
0005297
0003492
0000407
0002212
0005995
0005180
0001804
0001106
0002095
0001688
0000291
-000815
-001223
-000408
0000931
0001280
0000698
-000350
-001630
-003202
-004192
-003726
-002387
-001572
-001747
-003610
-005356
-004133
-001572
-001630
-003435
-003901
-003726
-004716
-005996
-006171
-005181
-003842
-002213
-000117
0001338
0000523
-001456
-002154
-001165
0001455
0003958
0003492
0001047
-001048
-001689
0000058
0002153
0000582
-002387
-001165
0002270
0003492
0002794
0002153
0001164
-001165
-003435
-003202
-001456
-001107
-001223
0000931
0003143
0001338
-002911
-006287
-007335
-005239
-001980
-001572
-003260
-004425
-004832
-004890
-004133
-001863
0000523
0001164
-000059
-002678
-004832
-003784
-000757
0001164
0001920
0002444
0003085
0004656
0005762
0004132
0001047
-001398
-001805
0001513
0005006
0002095
-003784
-004541
-001572
0000523
0001222
0000582
-000757
-001165
-001165
-002562
-003959
-002620
-000583
-001980
-005065
-006171
-005065
-003086
-000815
0001455
0001629
-003202
-009081
-009081
-005007
-002096
-001456
-003377
-005531
-002969
0001047
-000990
-005181
-003027
0002212
0002619
-000059
-000874
0000116
0001513
0002677
0002735
0001862
0001280
0000116
-003901
-007335
-004483
0001513
0003725
0002561
0001106
0000000
0000116
0000756
-000117
-001165
0000349
0002910
0003376
0001920
0000232
-001456
-003551
-004541
-001921
0001047
-002154
-007801
-008034
-004192
-000757
0000814
-000059
-002678
-005822
-006404
-000233
0008149
0010769
0007043
-000990
-008092
-006520
0000698
0005471
0006286
0003201
-000990
-001048
0001455
0002153
0001280
0000349
0000058
0001280
0002619
0001338
-001630
-004192
-005239
-003959
-001281
0001047
0001804
-000117
-003027
-003842
-002096
0002386
0005995
0002503
-004192
-005531
-002853
-000990
-000292
-000699
-001456
-000932
0000291
0000349
0000232
0002503
0004773
0002328
-001980
-001921
0000465
-000524
-002678
-001339
0002037
0004074
0004074
0002153
-000292
-000815
-000292
-001456
-002736
-000524
0003026
0003376
0001513
0000174
-000059
0000814
0002037
0002270
0001513
0001047
0000407
-001747
-003493
-001223
0002444
0002212
-000524
-002213
-002329
-001107
0000232
-000292
-002154
-003784
-003901
-001048
0003085
0005180
0005180
0004191
0002794
0002037
0001629
0000523
-000059
0002153
0005355
0006286
0005180
0003667
0002561
0002503
0003259
0003725
0003725
0003783
0003201
0001222
-001048
-002038
-001281
0000698
0003201
0005122
0005471
0003376
0000174
-002038
-002096
0000640
0004307
0005879
0004831
0001746
-001747
-003319
-002620
-000583
0001455
0001222
-000408
-000932
-000175
0001688
0003259
0002386
0000291
-000292
0000349
0001047
0001397
0000989
0000756
0002561
0004773
0004598
0002503
0000116
-001107
0000873
0004773
0007916
0008964
0006694
0002968
0001164
0001280
0001397
0001222
0000232
-000815
-000466
0000814
0001455
0001513
0001455
0001455
0001397
0001920
0004191
0006053
0003900
-000350
-002096
-001747
-001689
-001514
0000174
0002037
0001862
0000232
-001281
-001689
-000233
0001688
0000931
-000757
0000291
0002794
0004016
0003259
0000349
-002620
-002038
0000291
0000000
-002096
-003027
-002736
-002329
-000990
0003085
0006868
0005821
0001397
-002795
-004425
-000815
0004191
0002968
-001630
-002038
0000407
0001338
0001397
0002619
0004191
0004947
0004074
0000232
-003202
0000058
0005762
0004540
-000466
-001223
0001164
0002212
0002095
0002037
0001688
0000291
-000990
0000116
0001746
0000174
-002329
-000641
0002852
0003026
0001222
0000814
0001920
0003550
0005297
0006694
0007101
0006112
0004132
0002328
0001047
0000174
-000175
-000059
-000117
-001572
-002911
-000990
0002095
0001804
-000524
-001165
-000990
-002969
-005007
-002969
0000523
-000292
-002969
-001398
0001746
0000465
-002969
-003319
-001339
0000058
0000698
0000640
0000232
-000059
0000058
0001164
0002503
0002735
0002328
0002503
0003085
0003900
0004074
0002561
0000174
-001514
-001630
0000698
0003900
0005180
0004540
0003376
0001979
0000582
-000466
-000815
-000815
-001456
-002213
-001921
-001165
-001456
-001863
-000583
0001047
0000523
-001398
-002911
-003435
-002736
-001398
-000815
-000932
-000932
-000757
-000350
0000116
0000523
0000698
0000000
-000466
0001164
0003725
0004889
0004889
0005588
0005879
0003434
0000582
0001862
0004831
0003900
0000873
0000291
0001280
0001338
0000407
-001281
-002445
-000932
0001455
0000814
-001339
-000932
0000640
0000000
-001747
-002387
-001747
-000233
0000931
-000175
-002445
-003377
-003377
-004192
-004948
-003842
-001747
-000757
-000815
-001048
-001339
-001398
-001107
-000408
0000465
0001455
0002153
0001979
0001629
0002212
0003376
0004249
0004424
0003667
0002328
0001164
0000116
-001689
-002795
-000699
0002212
0001629
-001339
-003202
-003144
-001048
0001688
0002852
0001688
-001805
-005472
-005938
-003726
-000990
0000349
-002038
-005822
-005996
-002853
0001920
0005530
0004889
0000407
-005822
-010246
-008441
-003027
-000699
-000757
0001164
0003085
0001164
-001980
-001165
0002095
0003550
0002968
0001106
-000641
-000175
0001629
0002561
0002153
0000116
-001747
-000524
0002328
0003376
0003143
0003725
0004365
0003667
0001746
-001223
-003551
-003086
-000874
0000465
0000174
-001921
-004483
-005123
-004133
-002969
-001456
0001804
0004424
0002910
-000874
-002271
-002096
-003610
-005589
-006054
-005007
-003377
-001980
-002096
-002678
-001339
0001047
0002735
0003143
0002095
0000523
-000117
0000465
0002444
0003900
0001397
-002620
-003319
-001165
0001629
0003259
0001047
-002445
-001747
0001455
0002328
0001280
0000407
-000350
-001456
-002562
-003144
-003610
-004774
-006113
-006695
-005880
-002271
0001222
-000059
-004133
-005938
-005181
-002445
0000349
-000059
-002096
-002038
-000350
0000873
0001920
0003783
0005122
0003667
0000523
-001863
-002736
-002329
-000583
0002153
0004132
0002968
-000524
-004366
-006113
-002736
0002677
0003434
0000989
0000116
0000291
-000524
-001630
-001572
-000466
0001280
0002561
0001746
-000350
-001572
-001805
-001456
-001165
-001980
-003086
-002678
-001223
0000000
0000582
0000407
-000175
-000059
-000175
-002795
-005414
-003319
0000698
0000465
-002678
-004541
-004890
-005065
-004308
-001223
0001688
0000058
-003377
-002736
0000873
0003841
0004656
0001746
-002213
-002154
0000989
0003841
0004947
0002968
-000350
-001689
-000815
0001164
0002968
0002910
0001513
0000698
0000000
-002096
-004250
-004366
-002911
-001863
-001165
-000233
0000465
0000523
-000059
-000932
-001689
-001456
-001165
-002736
-005007
-005822
-004716
-001514
0001979
0002852
0001222
-001980
-004133
-001514
0003900
0007974
0008557
0003667
-003027
-004774
-002271
0000698
0002852
0002968
0002153
0003434
0005238
0004365
0002095
0001688
0002270
0001746
0000756
0000756
0001164
0000640
-000408
-000757
-000583
-000466
-000408
-000292
-000233
-000233
-000466
-000583
-001281
-003959
-006637
-005996
-002853
-000059
0001979
0004132
0004947
0002561
-000466
0000640
0004016
0004831
0003492
0001979
0001047
0001629
0003026
0003550
0003318
0003376
0003085
0001455
-000699
-002154
-002271
-000641
0001629
0002852
0002735
0001338
0000000
0000523
0002386
0003900
0004074
0001804
-000932
-000466
0001688
0001455
-000292
-000699
-000524
-001630
-002969
-002736
-001398
-000583
-000292
-000524
-000641
0000582
0001688
-000408
-003086
-000990
0003434
0005122
0004074
0001979
0000058
0000407
0001979
0002212
0001571
0001513
0001746
0001397
0000873
0001164
0001338
-000932
-003493
-002387
0000582
0001047
-000350
-000990
-000583
0000814
0002328
0002270
0000989
-000583
-001689
-001339
-000350
-000932
-002096
-001223
0000349
-000233
-002387
-004133
-005531
-007219
-008150
-006637
-003959
-003027
-002620
0000523
0004249
0004947
0003026
0000523
-001572
-002562
-002096
-000524
0000989
0000174
-001223
0000465
0003434
0003376
0001280
-000059
-000815
-002387
-003493
-002096
0000058
-000524
-002678
-003726
-003027
-000350
0002444
0002153
0000000
-000699
0000000
0000989
0001455
0000465
-001456
-003202
-003726
-001863
0000931
0001455
0000582
0001047
0001979
0001164
0000232
0002561
0005704
0005355
0002444
-000292
-001689
-000641
0001397
0001571
0000116
-001456
-002387
-001456
-000117
-001980
-004774
-004250
-001514
0000349
0000640
-000815
-003027
-004541
-003959
0000232
0005355
0007276
0005762
0002444
-001223
-003726
-003901
-001165
0002212
0002212
-000233
-002562
-003435
-001572
0001280
0001513
-000059
-000757
-000757
-001514
-001980
0000000
0002561
0002212
0000349
0000931
0002794
0003085
0002328
0002095
0001629
-001048
-004075
-004483
-002911
-002154
-001572
0000873
0003550
0003667
0002328
0002735
0003492
0001746
-000874
-000815
0000931
0001338
0000931
0001222
0001513
0000058
-001980
-002445
-001863
-002096
-003027
-004425
-004948
-002795
0000989
0004773
0006228
0002968
-002213
-003668
-001921
-000350
0000931
0002968
0004016
0000931
-003027
-001980
0002095
0003958
0003201
0000931
-001281
-000583
0001455
0001106
-000233
0001222
0003550
0002386
-000524
-001107
0000232
0001629
0002794
0003841
0003609
0000232
-003959
-004832
-002969
-001223
0000000
0000582
0000582
0000407
0000058
-000583
-001398
-002504
-003260
-002678
-001398
-000815
-000757
-000874
-000466
0001688
0003609
0001920
-001630
-003202
-002969
-002678
-002387
-002038
-001456
-000233
0001047
0001804
0001979
0002212
0002095
0001106
-000233
-001048
-000757
0000931
0003085
0003783
0003434
0003900
0004132
0002270
-000583
-002213
-002329
-000990
0000465
-000292
-002445
-003668
-003959
-004133
-003726
-002154
-000292
0000407
-000292
-002271
-003901
-002213
0000814
0000756
-001281
-002329
-002271
-001689
-000641
0001047
0002153
0000407
-001805
0000407
0004249
0004191
0000931
-002678
-004890
-004133
-001339
0000291
0001164
0002910
0004249
0002910
0000174
-001107
-001339
-002329
-003027
-001339
0001047
0000814
-000874
-000874
0000000
-000932
-002387
-001689
-000699
-003435
-006986
-005647
-001107
0002328
0002735
-002038
-007684
-006695
-000699
0005006
0008033
0006985
0002386
-004133
-008499
-005181
0001513
0002328
-001048
-002387
-001921
-001747
-001107
0001571
0004307
0003958
0001513
0000058
-000466
-000932
-001165
-000524
0000116
-000874
-002620
-003493
-003027
-000699
0002095
0003434
0003026
0001164
-000699
0000000
0001746
0001164
-000524
-000233
0001222
0001920
0001280
-001165
-003842
-004308
-002853
-001398
-000350
-000233
-000699
-000757
-000932
-002853
-004832
-003668
-000932
-000524
-001281
0000174
0002212
0001804
-000175
-001572
-001630
0000058
0002153
0002561
0001222
-000641
-002271
-002795
-002096
-000583
0000640
-000408
-002213
-001514
0000814
0002735
0003201
0000989
-002213
-003435
-002620
-000874
0000582
-000233
-001456
0000989
0004365
0002910
-001339
-003027
-003086
-005007
-007219
-006578
-003901
-001107
0000058
-002562
-006404
-006578
-003901
-001689
-000524
-000408
-001107
-001689
-001630
-000292
0000989
-000583
-002853
-001572
0001571
0002328
0001106
-000408
-001107
0000698
0003492
0004482
0004132
0004598
0005122
0004365
0002386
-000524
-002911
-003086
-001572
-000292
0000407
0000640
-000117
-003027
-005647
-003610
0000232
-000350
-003319
-002911
-000932
-001980
-004250
-003144
-000641
-001456
-003493
-002213
0001106
0003609
0004540
0003841
0001746
-000815
-002853
-003377
-002678
-001921
-001281
-000583
0000349
0002153
0003783
0003492
0001920
0000465
0000058
0001746
0004016
0004016
0002503
0001746
0002153
0003725
0004947
0002968
-000350
-000932
0000058
-001281
-003668
-004657
-004017
-002445
-000408
0001164
0001920
0001746
0001047
0000232
-000059
0001571
0002619
-001747
-007451
-006811
-002154
0000407
0000465
-000757
-001689
0000349
0003841
0005762
0005646
0004656
0002444
-002445
-006113
-002096
0005180
0006053
0002852
0003085
0004889
0003143
0000349
0001979
0005530
0005180
0002444
0002095
0002794
0000931
-001107
0001338
0005471
0005413
0002561
0000989
0000756
0000523
0000174
0000058
-000524
-002736
-004948
-004075
-001572
-001339
-002096
-000583
0002037
0003085
0002735
0001862
0000989
0000989
0001629
0001862
0001979
0002444
0002910
0003259
0002561
-000699
-003842
-001980
0002386
0003085
0001338
0001280
0001979
0000931
-000874
-001572
-001398
-001572
-001921
-002154
-001980
-000990
-000175
-001398
-003027
-001281
0001629
0001106
-001456
-002038
-001398
-001747
-002213
-000874
0001280
0002212
0001862
0000640
-000175
0001513
0003958
0003725
0001571
-000408
-000932
0001571
0004307
0001455
-003726
-004192
-001107
0001513
0003026
0003609
0003026
0001688
0000349
0000232
0001338
0003143
0004132
0002212
-001339
-003668
-004483
-004890
-004716
-004133
-003144
-001805
-000350
0001047
0001979
0001862
0001338
0001920
0002794
0002328
0001222
0000814
0000989
0001047
0000582
-001514
-003377
-001630
0001629
0001397
-000815
-000874
0000640
0002270
0002968
0001280
-001281
-002096
-000932
0001164
0003143
0003667
0002677
0000931
-000815
-001456
-001223
-000990
-000932
-000990
-000583
0001629
0003841
0003026
0000698
0000291
0001222
0001338
0001047
0002037
0003143
0002270
0000058
-001921
-003319
-004366
-004308
-001980
0000814
0000814
-000641
0000232
0002386
0003550
0003550
0003143
0002153
-000233
-002038
-000117
0003550
0004947
0004365
0004249
0004074
0002735
0001280
0001629
0003318
0005821
0006752
0002968
-003144
-006869
-006928
-003202
0001688
0003667
0002561
-000117
-001980
0000407
0005122
0008207
0007800
0002270
-004308
-004541
-000466
0001455
0001164
0000523
-000350
-001107
-001921
-003668
-005065
-004075
-001805
-001165
-001456
-000466
0000640
-000466
-002445
-002387
-000757
0000931
0001571
-000292
-002562
-001048
0002212
0002270
0000640
0001222
0002910
0002619
0001397
0001222
0002153
0003667
0004947
0004424
0002794
0001688
0001338
0001804
0002037
-000292
-002678
0000058
0003958
0000698
-006054
-008383
-006229
-001980
0001920
0001455
-001398
-000932
0000640
-001689
-006054
-008674
-008208
-003784
0001397
0001688
-001281
-002620
-002038
-000524
0001397
0002677
0002910
0001513
0000000
0001106
0003318
0003143
0001280
0000116
-000233
0000058
0000640
0001222
0001047
-001048
-003610
-004017
-002795
-001747
-001339
-001689
-002504
-003493
-003726
-002096
0000349
0002037
0001571
-003027
-007684
-004541
0002153
0002677
-000815
-002038
-001165
0000058
0000698
-000641
-003086
-004948
-005531
-004657
-002678
-000466
0001280
0002153
0002153
0002270
0002037
0000523
-001223
-001921
-001339
-000117
0001106
0001397
0000698
-000524
-001805
-002387
-001863
0000174
0002444
0003143
0002270
0000931
-000175
-000292
0000232
0000174
-000117
0000349
0000814
-000175
-002271
-004366
-005763
-006113
-005239
-003144
-001107
-000990
-002271
-003493
-003668
-001572
0001164
0001280
0000232
0001629
0003958
0003783
0002444
0003550
0005006
0001804
-002736
-002329
0001106
0001804
0000698
0000873
0001688
0001280
0000582
0001280
0002619
0003026
0002153
-000059
-002271
-002329
-000233
0003259
0005995
0005180
0002212
0000582
0000465
0000989
0000989
-001456
-004832
-006113
-005705
-005472
-005589
-006404
-006520
-003435
0001222
0004132
0004540
0002677
-000350
-003260
-003959
0000116
0005064
0003201
-002038
-002038
0000989
0001280
-000350
-000874
-000350
0000814
0002212
0003609
0003900
0001455
-001339
0000232
0003143
0000698
-003901
-003435
-000117
0000058
-001747
-001747
-001107
-002329
-004366
-004948
-004075
-002445
-000932
-000990
-001514
-000466
0001979
0005821
0007742
0002037
-005763
-004599
0001455
0001688
-001805
-002445
-001630
-003668
-005880
-003144
0001688
0002794
0000873
-001339
-002562
-001572
0000814
0002386
0002677
0001571
-000233
-001514
-001572
0000000
0002037
0001979
0000989
0001862
0003318
0002968
0001106
-000990
-002445
-002562
-001863
-001863
-002154
-001630
-000699
-000292
-000524
-001339
-002038
-001107
0000174
-000466
-002562
-005065
-006462
-004774
-001805
-001630
-002853
-001863
0000291
0000756
0000291
0001047
0001979
0000931
-000815
-000583
0001106
0003143
0003667
-000524
-005414
-003435
0002270
0004365
0003376
0003143
0002968
0001164
-000874
-000641
0000931
0001164
0000582
0000989
0001397
-000175
-002387
-002504
-001165
-000233
0000000
-000233
-000583
-000641
-000233
0000989
0001629
-000990
-004192
-002853
0000814
0001455
0000174
0000931
0002619
0003026
0002037
-000233
-002213
-001223
0001106
0000640
-001223
-001165
0000349
0001513
0002444
0003841
0004889
0004947
0003609
0001047
-001689
-003377
-002678
0002444
0007567
0004831
-002038
-004483
-003086
-001689
-000466
0001455
0002328
-000408
-004192
-003901
-000641
0002270
0003725
0003026
0001222
0001164
0001804
0000407
-001223
0000407
0003201
0002561
0000523
0002619
0005471
0002386
-003377
-004541
-002620
-002387
-003377
-003551
-003319
-004250
-004483
-000815
0004656
0008440
0008731
0004132
-001921
-003959
-001398
0004424
0009546
0007567
0001746
-000233
0001047
0001920
0002095
0001571
0000640
0000232
0000174
-000117
-000641
-001398
-001863
-001339
-000233
0000698
0000756
-000932
-002678
-001223
0001920
0003201
0002561
0000989
-000583
-000641
0000349
0000756
0000582
0000291
0000000
-000175
-000524
-001339
-002504
-003551
-003842
-002271
0000000
0000523
-000175
-000583
-000292
0001164
0002503
0001513
-000466
0000000
0001571
0000814
-000990
-000641
0000523
-000524
-002504
-003086
-002213
-000524
0000523
-001514
-004425
-003668
-001107
-001514
-003260
-002271
-000059
0000174
-001456
-003726
-005356
-004425
-002271
-001921
-002736
-002329
-000932
0000756
0002037
0002328
0001804
0001629
0001397
-000117
-001456
0000000
0002794
0003958
0003550
0003085
0002386
0000582
-001048
-000699
0000931
0001979
0002212
0002153
0001862
0001571
0001222
0000407
-000233
0001047
0002503
0000640
-002038
-000175
0003783
0004307
0001920
-000815
-002911
-003319
-002445
-001165
-000524
-001689
-002969
-000583
0003143
0003609
0001513
-000757
-001805
0000058
0002968
0002852
0001164
0001629
0003492
0004656
0004656
0003376
0001746
0001280
0001629
0001746
0001164
-000757
-002562
-001863
0000698
0003841
0005588
0003550
-000466
-002271
-002271
-002853
-003493
-002969
-001747
-000583
0000407
0001280
0001280
-000641
-003086
-003144
-001747
-001456
-001863
-002038
-001398
0001047
0003376
0002095
-001048
-001630
-000175
0000931
0001862
0003492
0004598
0003376
0001106
0000465
0001047
0000989
0000582
0000407
0000523
0000814
0000291
-002969
-006520
-006404
-003144
0001164
0003667
-000059
-005763
-005181
-000059
0004074
0005297
0002677
-002736
-009664
-013040
-005356
0006170
0006752
0000349
-000874
0000931
-001107
-004716
-005356
-003726
-002504
-001863
-001514
-001689
-002387
-003202
-003493
-003086
-002329
-001107
0001106
0003201
0003609
0002328
-000233
-002213
-001107
0001746
0002503
0002095
0003434
0005355
0005355
0004016
0003201
0002561
0001280
-000117
-000874
-000815
0000232
0000873
-002038
-005414
-002853
0002037
0001571
-002504
-005239
-005763
-003610
-001048
-002445
-005880
-006287
-004774
-004716
-005414
-005065
-004017
-003319
-002911
-002271
-001747
-002271
-002445
0000465
0003783
0002328
-001456
-001980
0000000
0001513
0002212
0002444
0002328
0002328
0002386
0001920
0001397
0001338
0001571
0001571
0000873
-001398
-003493
-002271
0000756
0002037
0001629
0001164
0000349
-001863
-004192
-004599
-003610
-003144
-003144
-002620
-002271
-002969
-004250
-005763
-005938
-002038
0002270
-000117
-005414
-004716
-000466
0000756
-000641
-002329
-003377
-002678
-001165
-001165
-001980
-001630
-000292
0001688
0002794
0000523
-002678
-001689
0001280
0000931
-001514
-002853
-002329
0000931
0003900
0001338
-003726
-004192
-001398
-000292
-000408
0000058
0000232
-001572
-003959
-004250
-003086
-002562
-002271
-000990
0000232
-000408
-002504
-004890
-006404
-005880
-004308
-004308
-005181
-004716
-003493
-002736
-002213
-001107
0000058
0000523
0000465
0000698
0001106
0001455
0001979
0003085
0003841
0002561
0000698
0001280
0003259
0004249
0003201
-001281
-005705
-003901
0001164
0002735
0001106
-001339
-003493
-004133
-003377
-002038
-001514
-003435
-006637
-008790
-008907
-006054
-002504
-002504
-005065
-007801
-008499
-004192
0001804
0003550
0001280
-002154
-004832
-004425
-001514
0001979
0004132
0002852
-000466
-002445
-002795
-002271
-001572
-002562
-003842
-002678
0000174
0002503
0003667
0003259
0001571
-000466
-002038
-002736
-002096
0000291
0002270
0000349
-002911
-001980
0001164
0001455
-000641
-003086
-004483
-002853
0000000
0000523
-000990
-002736
-004017
-003784
-002795
-002620
-003202
-003901
-004017
-002329
-000175
-000408
-001921
-002038
-001456
-002504
-003784
-002620
-000408
-000059
-000874
-000874
0000232
0002677
0004889
0004191
0002444
0004074
0006810
0005879
0002794
0001804
0002444
0002619
0002153
0000698
-000583
0000232
0002037
0002212
0001106
0000116
-000408
-000466
-000292
-000641
-001456
-002969
-003610
-000757
0002852
0002095
-001689
-004425
-005181
-004017
-001398
0001688
0003550
0002328
-000641
-002213
-002271
-002154
-001572
0000174
0001746
0000756
-001048
-000117
0002153
0002444
0001047
-000117
-000932
-001572
-001689
-001398
-000815
-000350
-000292
-000641
-001339
-002213
-002678
-002154
-000815
0001280
0002735
0001804
-000408
-001107
-000932
-002213
-003726
-002853
-000466
0001164
0001629
0000582
-000699
-000175
0001571
0002619
0002619
0001571
0000232
-000117
0000582
0001862
0002677
0000989
-001456
-000874
0000989
0000000
-002329
-001980
-000233
-000292
-001747
-003260
-004366
-004774
-004366
-003726
-002504
0000174
0003085
0004365
0003725
0001397
-001107
-001630
-000466
0000349
0000814
0001280
0001280
0000116
-001165
0000174
0001920
-000233
-004192
-005822
-004832
-002038
0000291
-001630
-004716
-002096
0003085
0004249
0001164
-005239
-010129
-005996
0002561
0005413
0003318
0001164
-000292
-000990
0000582
0006228
0011991
0011292
0005762
0000407
-001980
0001397
0007159
0008207
0005413
0003143
0001629
-000059
-000932
0000349
0002328
0002444
0001222
0000931
0001106
0000349
-000699
-000815
-000699
-002329
-004075
-002736
