-000032
-000039
-000043
-000045
-000039
-000023
-000004
0000007
0000005
-000017
-000043
-000043
-000026
-000015
-000010
0000005
0000014
-000002
-000026
-000021
-000004
-000019
-000045
-000039
-000013
-000010
-000024
-000037
-000043
-000026
-000008
-000019
-000045
-000054
-000043
-000023
-000004
-000008
-000024
-000039
-000041
-000019
0000009
-000002
-000034
-000037
-000024
-000037
-000054
-000035
-000006
-000012
-000034
-000023
0000005
0000005
-000015
-000039
-000052
-000045
-000024
-000023
-000030
-000028
-000021
-000028
-000039
-000034
-000021
-000024
-000037
-000034
-000023
-000026
-000035
-000035
-000026
-000006
0000005
-000013
-000045
-000045
-000023
-000010
-000006
0000005
0000012
-000006
-000028
-000015
0000014
0000009
-000015
-000017
-000004
0000000
-000004
0000001
0000009
0000009
0000000
-000013
-000021
-000015
-000002
0000001
0000000
0000000
0000003
0000007
0000005
-000004
-000015
-000017
-000013
-000010
-000008
-000006
-000004
0000000
0000001
-000004
-000015
-000028
-000035
-000021
0000001
0000003
-000013
-000030
-000041
-000032
-000019
-000024
-000039
-000037
-000019
0000009
0000027
0000005
-000034
-000037
-000017
0000003
0000014
0000014
0000007
-000004
-000012
-000010
-000004
-000004
-000015
-000039
-000056
-000035
0000003
0000018
0000012
0000001
-000008
-000015
-000017
-000010
0000000
-000010
-000021
-000013
0000003
0000003
-000010
-000015
-000013
-000008
0000000
0000001
-000002
-000006
-000008
-000012
-000013
-000002
0000009
-000004
-000024
-000024
-000010
-000002
-000002
-000002
-000006
-000024
-000041
-000015
0000023
0000022
-000006
-000010
0000001
-000013
-000035
-000026
-000006
-000010
-000026
-000030
-000021
-000017
-000017
-000015
-000017
-000028
-000037
-000024
0000000
0000012
0000014
0000009
0000001
-000004
-000002
0000009
0000020
0000007
-000012
0000007
0000038
0000040
0000020
-000002
-000015
-000013
-000008
-000023
-000043
-000041
-000021
-000008
-000002
0000001
0000005
0000012
0000016
0000003
-000013
-000013
-000004
-000008
-000019
-000021
-000013
0000000
0000009
-000004
-000024
-000026
-000013
-000002
0000003
0000001
-000008
-000019
-000024
-000008
0000011
-000006
-000035
-000039
-000023
-000017
-000021
-000015
-000008
-000013
-000021
-000008
0000014
0000016
0000009
0000020
0000029
0000000
-000041
-000035
0000001
0000029
0000038
0000025
0000003
-000006
-000002
-000002
-000008
-000023
-000037
-000032
-000015
0000000
0000009
0000011
0000011
0000023
0000034
0000018
-000015
-000050
-000069
-000052
-000017
0000009
0000023
0000040
0000051
0000044
0000022
-000012
-000037
-000035
-000015
0000001
0000007
-000010
-000024
0000005
0000051
0000047
0000016
0000020
0000036
0000025
-000002
-000015
-000019
-000037
-000048
-000019
0000027
0000036
0000020
0000012
0000009
-000004
-000019
-000019
-000012
-000002
0000007
0000011
0000014
0000020
0000025
0000020
0000009
0000000
-000008
-000023
-000035
-000030
-000012
0000000
0000007
0000023
0000034
0000014
-000017
-000019
0000001
0000012
0000011
-000002
-000013
-000002
0000016
0000007
-000015
-000012
0000011
0000027
0000031
0000014
-000008
-000015
-000010
-000006
-000004
0000001
0000007
0000001
-000004
0000005
0000022
0000025
0000018
0000018
0000020
0000016
0000011
0000012
0000016
0000016
0000012
0000003
-000004
0000003
0000016
0000016
0000011
0000012
0000022
0000023
0000022
0000027
0000034
0000033
0000025
0000014
0000009
0000020
0000040
0000047
0000045
0000045
0000045
0000042
0000036
0000034
0000029
0000011
-000008
-000008
0000005
0000003
-000006
-000002
0000011
0000020
0000018
0000001
-000017
-000015
0000000
-000002
-000008
0000005
0000022
0000012
-000006
0000000
0000018
0000012
-000006
-000013
-000013
-000012
-000012
-000010
-000004
0000011
0000023
0000014
-000006
0000000
0000014
-000002
-000028
-000021
0000009
0000020
0000016
0000011
0000009
0000020
0000033
0000018
-000008
-000013
-000002
0000000
-000002
0000001
0000007
0000009
0000009
0000012
0000014
0000009
0000005
0000014
0000029
0000033
0000023
0000003
-000010
0000007
0000033
0000011
-000026
-000008
0000033
0000031
0000003
-000006
0000000
0000000
0000005
0000034
0000062
0000033
-000019
-000019
0000016
0000031
0000029
0000029
0000029
0000023
0000018
0000018
0000025
0000036
0000044
0000033
0000018
0000025
0000044
0000040
0000027
0000029
0000034
0000016
-000006
0000009
0000042
0000040
0000020
0000020
0000031
0000023
0000011
0000018
0000034
0000029
0000011
0000005
0000012
0000025
0000034
0000023
0000007
0000022
0000047
0000044
0000022
0000020
0000027
0000023
0000009
-000002
-000004
0000016
0000036
0000016
-000019
-000010
0000022
0000023
0000009
0000007
0000018
0000020
0000016
0000012
0000011
0000009
0000012
0000022
0000031
0000029
0000023
0000025
0000033
0000033
0000025
0000018
0000014
0000016
0000018
0000005
-000010
0000000
0000016
0000007
-000015
-000010
0000012
0000023
0000023
0000016
0000009
0000020
0000034
0000020
-000004
0000000
0000018
0000014
0000001
0000003
0000014
0000022
0000020
0000012
0000005
0000014
0000031
0000031
0000018
0000000
-000010
0000011
0000042
0000047
0000033
0000033
0000036
0000014
-000010
0000005
0000038
0000034
0000012
0000014
0000027
0000012
-000008
0000003
0000025
0000011
-000021
-000028
-000012
0000009
0000023
0000025
0000016
0000016
0000016
-000002
-000026
-000026
-000008
0000012
0000025
0000023
0000011
-000002
-000013
-000023
-000023
-000002
0000022
0000018
-000006
-000012
-000002
0000012
0000023
0000022
0000009
0000001
0000000
0000000
0000001
-000004
-000010
-000006
0000001
-000006
-000019
-000019
-000013
-000013
-000015
-000015
-000015
-000024
-000035
-000032
-000019
-000017
-000021
-000013
-000006
-000017
-000035
-000045
-000041
-000019
0000007
0000011
0000000
-000013
-000021
-000012
0000007
0000016
0000016
0000001
-000012
-000002
0000018
0000014
-000004
-000012
-000010
-000012
-000015
-000017
-000017
-000012
-000008
-000008
-000010
-000002
0000011
0000018
0000018
0000020
0000014
-000012
-000035
-000019
0000014
0000001
-000034
-000032
-000010
-000012
-000030
-000041
-000039
-000024
-000010
-000017
-000034
-000032
-000015
0000005
0000018
0000005
-000015
-000002
0000023
0000009
-000024
-000028
-000013
-000021
-000032
-000006
0000025
0000003
-000041
-000039
-000008
0000016
0000023
0000020
0000005
-000015
-000030
-000023
0000001
0000018
0000020
0000003
-000017
-000019
-000004
0000011
0000016
0000007
-000006
0000003
0000022
0000022
0000009
0000005
0000009
0000001
-000010
-000008
0000003
0000011
0000009
-000004
-000015
-000013
0000001
0000014
0000018
0000003
-000015
-000006
0000014
0000009
-000008
0000000
0000018
0000011
-000013
-000026
-000032
-000046
-000056
-000035
-000004
0000005
-000002
-000002
0000001
-000006
-000019
-000030
-000035
-000024
-000006
0000007
0000011
0000005
-000002
-000002
0000005
0000012
0000016
0000009
0000000
0000011
0000027
0000023
0000011
0000014
0000020
0000003
-000017
-000004
0000023
0000012
-000013
-000010
0000007
-000004
-000026
-000026
-000012
-000013
-000019
-000008
0000007
0000011
0000000
-000013
-000023
-000012
0000007
0000003
-000013
-000021
-000021
-000008
0000003
-000004
-000021
-000006
0000016
0000005
-000024
-000032
-000026
-000030
-000041
-000050
-000048
-000028
-000004
-000008
-000028
-000024
-000006
0000005
0000009
0000011
0000009
0000005
0000000
-000010
-000017
-000010
0000005
0000005
0000000
0000001
0000005
-000004
-000015
-000008
0000011
0000022
0000018
0000001
-000019
-000015
0000000
-000002
-000015
-000026
-000030
-000023
-000012
-000004
-000008
-000015
-000026
-000034
-000032
-000024
-000012
0000001
0000007
-000008
-000028
-000026
-000010
-000002
-000002
0000001
0000005
0000000
-000008
-000002
0000005
-000010
-000030
-000013
0000016
0000016
-000004
-000012
-000012
-000015
-000017
-000008
0000003
0000000
-000008
0000003
0000018
0000001
-000026
-000024
-000006
0000007
0000009
0000001
-000004
0000018
0000044
0000031
-000006
-000024
-000024
-000010
0000007
0000009
-000002
-000006
-000004
-000002
-000004
-000002
-000002
-000004
-000008
-000010
-000010
-000012
-000010
-000004
0000003
0000003
0000000
0000005
0000016
0000029
0000034
0000007
-000002
0000119
0000235
0000101
-000150
-000229
-000137
0000029
0000167
0000125
-000013
-000023
0000040
0000016
-000046
-000046
0000001
0000040
0000055
0000031
-000010
-000024
-000013
0000000
0000012
0000022
0000023
0000025
0000023
0000016
0000009
0000007
0000011
0000023
0000033
0000027
0000012
0000007
0000009
0000011
0000011
0000007
0000005
0000009
0000016
0000031
0000044
0000034
0000016
0000011
0000020
0000045
0000064
0000042
-000004
-000028
-000024
0000011
0000047
0000038
0000007
0000014
0000038
0000016
-000019
-000006
0000031
0000033
0000012
0000007
0000014
0000018
0000018
0000009
-000008
-000015
-000015
-000002
0000011
0000014
0000009
0000007
0000005
0000000
-000004
0000005
0000018
0000014
0000003
-000002
0000000
0000007
0000012
0000011
0000005
0000014
0000029
0000031
0000022
0000014
0000009
-000002
-000010
-000008
0000003
0000018
0000027
0000018
0000001
0000003
0000016
0000023
0000022
0000007
-000013
-000023
-000021
-000010
0000001
-000008
-000026
-000035
-000034
-000019
0000001
0000018
0000025
0000023
0000014
0000014
0000012
-000008
-000026
0000000
0000038
0000027
-000012
-000021
-000006
0000005
0000009
-000010
-000026
-000004
0000033
0000025
-000006
-000010
0000005
0000012
0000011
0000005
-000004
-000015
-000019
-000002
0000016
0000009
-000008
0000003
0000020
-000008
-000050
-000048
-000019
-000019
-000030
-000012
0000016
0000009
-000017
-000023
-000010
-000002
-000004
-000023
-000039
-000028
-000002
0000000
-000012
-000012
-000008
-000013
-000019
0000001
0000025
0000020
-000004
-000017
-000017
-000013
-000010
-000013
-000019
-000012
-000004
-000008
-000019
-000024
-000019
-000004
0000011
0000000
-000019
-000002
0000023
0000011
-000017
-000010
0000020
0000029
0000022
0000012
0000003
-000002
-000008
-000024
-000035
-000017
0000012
0000016
0000001
-000008
-000012
-000019
-000024
-000024
-000021
-000012
-000006
-000017
-000034
-000032
-000021
-000019
-000021
-000012
-000002
-000015
-000034
-000028
-000004
0000012
0000018
0000012
0000001
0000001
0000007
-000002
-000015
-000008
0000011
0000012
0000005
0000009
0000016
0000001
-000019
-000010
0000012
0000009
-000006
0000003
0000025
0000020
-000004
-000026
-000035
-000032
-000013
0000014
0000033
0000012
-000010
0000049
0000121
0000073
-000037
-000083
-000065
-000013
0000036
0000027
-000012
0000011
0000053
0000022
-000045
-000067
-000048
-000035
-000028
-000015
-000002
0000009
0000011
-000002
-000017
-000008
0000012
0000011
-000006
-000021
-000023
-000012
0000007
0000011
0000001
0000000
0000000
-000008
-000017
-000021
-000021
-000015
-000010
-000015
-000019
-000006
0000012
0000014
0000003
-000002
0000003
0000020
0000036
0000034
0000020
0000011
0000011
0000025
0000038
0000016
-000015
-000006
0000027
0000036
0000023
0000001
-000017
-000013
0000003
0000005
0000000
0000001
0000007
0000003
-000008
-000019
-000026
-000017
-000004
0000000
-000004
0000001
0000007
-000006
-000026
-000021
-000002
0000000
-000008
-000004
0000001
-000021
-000046
-000041
-000015
-000010
-000019
-000021
-000017
-000021
-000024
-000010
0000009
0000003
-000017
-000024
-000021
-000010
0000000
-000002
-000010
-000010
-000004
0000005
0000007
-000010
-000032
-000034
-000021
-000015
-000017
-000013
-000010
-000017
-000026
-000026
-000019
-000015
-000017
-000028
-000039
-000035
-000023
-000008
-000006
-000041
-000078
-000056
-000004
-000008
-000039
-000023
0000012
0000003
-000032
-000046
-000043
-000030
-000019
-000019
-000032
-000046
-000056
-000046
-000030
-000028
-000032
-000021
-000008
-000021
-000048
-000069
-000074
-000072
-000061
-000045
-000032
-000026
-000030
-000028
-000028
-000045
-000067
-000081
-000080
-000050
-000013
-000019
-000043
-000039
-000023
-000034
-000054
-000043
-000023
-000056
-000098
-000059
0000005
-000019
-000085
-000083
-000039
-000043
-000072
-000070
-000052
-000043
-000046
-000061
-000072
-000061
-000039
-000035
-000046
-000058
-000065
-000065
-000059
-000061
-000065
-000056
-000041
-000037
-000045
-000067
-000083
-000072
-000046
-000030
-000032
-000046
-000063
-000056
-000037
-000043
-000063
-000070
-000065
-000050
-000037
-000043
-000056
-000043
-000023
-000023
-000035
-000032
-000024
-000045
-000078
-000096
-000091
-000052
-000012
-000024
-000067
-000080
-000063
-000043
-000024
-000008
-000008
-000039
-000076
-000072
-000046
-000048
-000067
-000061
-000046
-000058
-000080
-000072
-000048
-000034
-000030
-000035
-000041
-000030
-000017
-000030
-000054
-000063
-000059
-000050
-000043
-000050
-000059
-000050
-000034
-000032
-000041
-000052
-000054
-000026
0000003
-000017
-000059
-000058
-000030
-000024
-000034
-000030
-000021
-000030
-000048
-000063
-000067
-000050
-000024
-000010
-000008
-000015
-000024
-000026
-000021
-000017
-000015
-000021
-000028
-000021
-000013
-000019
-000034
-000043
-000043
-000024
-000004
-000002
-000017
-000026
-000030
-000023
-000010
-000002
0000000
0000001
0000003
0000003
0000001
-000002
-000008
-000012
-000013
-000010
-000002
0000014
0000027
0000018
0000003
0000020
0000044
0000016
-000028
-000013
0000029
0000029
0000003
-000002
0000011
0000027
0000038
0000031
0000016
0000020
0000033
0000038
0000036
0000042
0000044
0000023
0000000
0000005
0000023
0000022
0000005
0000007
0000018
0000020
0000016
0000014
0000016
0000023
0000031
0000031
0000025
0000020
0000020
0000034
0000053
0000051
0000034
0000011
-000004
0000014
0000045
0000051
0000042
0000045
0000055
0000045
0000029
0000025
0000033
0000051
0000068
0000073
0000064
0000049
0000038
0000045
0000060
0000051
0000031
0000031
0000044
0000051
0000053
0000053
0000053
0000053
0000051
0000045
0000036
0000018
0000007
0000034
0000071
0000055
0000011
-000002
0000012
0000034
0000051
0000047
0000029
0000016
0000014
0000018
0000029
0000044
0000058
0000062
0000055
0000034
0000016
0000025
0000049
0000055
0000049
0000057
0000066
0000055
0000038
0000042
0000057
0000060
0000057
0000058
0000062
0000064
0000062
0000051
0000042
0000055
0000079
0000082
0000071
0000064
0000058
0000047
0000036
0000031
0000034
0000040
0000049
0000060
0000068
0000066
0000055
0000036
0000023
0000045
0000075
0000068
0000038
0000034
0000045
0000042
0000027
0000016
0000018
0000049
0000084
0000071
0000034
0000025
0000040
0000047
0000045
0000038
0000033
0000044
0000062
0000058
0000040
0000025
0000018
0000025
0000042
0000053
0000053
0000033
0000003
-000015
-000017
-000008
0000011
0000033
0000049
0000044
0000027
0000016
0000014
0000014
0000016
0000011
0000007
0000025
0000044
0000027
-000004
-000004
0000018
0000040
0000047
0000031
0000001
-000012
-000004
0000012
0000031
0000034
0000027
0000027
0000031
0000029
0000022
0000009
0000001
0000020
0000044
0000033
0000003
-000004
0000005
0000014
0000014
0000003
-000012
-000010
0000003
0000009
0000009
0000005
0000003
0000007
0000009
0000000
-000012
-000004
0000014
0000011
-000002
0000000
0000011
0000016
0000009
-000019
-000046
-000039
-000008
0000012
0000018
0000012
0000000
-000012
-000019
-000030
-000037
-000032
-000019
-000012
-000008
-000012
-000013
0000003
0000020
-000006
-000041
-000032
0000003
0000016
0000009
0000016
0000022
-000010
-000043
-000021
0000023
0000016
-000023
-000032
-000023
-000030
-000045
-000030
-000004
0000007
-000004
-000030
-000056
-000056
-000032
-000004
0000011
-000008
-000037
-000030
-000004
-000017
-000046
-000045
-000023
-000019
-000023
-000006
0000011
-000015
-000052
-000045
-000012
-000004
-000010
0000001
0000016
0000011
-000008
-000023
-000030
-000035
-000039
-000045
-000046
-000028
-000002
0000001
-000013
-000024
-000030
-000023
-000006
0000003
0000007
0000003
-000002
0000000
0000007
0000005
-000002
0000000
0000005
0000000
-000012
-000015
-000010
0000011
0000029
0000014
-000013
-000010
0000012
0000023
0000025
0000029
0000029
0000018
0000005
0000009
0000018
0000012
0000000
0000001
0000012
0000020
0000022
0000023
0000020
0000007
-000006
-000002
0000011
0000027
0000034
0000016
-000006
0000005
0000031
0000025
0000003
-000006
0000000
0000001
0000001
0000001
0000001
-000004
-000008
0000007
0000027
0000020
0000003
0000020
0000047
0000051
0000034
0000025
0000027
0000036
0000049
0000060
0000062
0000051
0000029
0000005
-000006
0000001
0000023
0000042
0000053
0000051
0000042
0000049
0000058
0000036
0000007
0000014
0000042
0000042
0000027
0000025
0000033
0000038
0000036
0000009
-000019
0000005
0000049
0000055
0000038
0000047
0000066
0000049
0000020
0000016
0000033
0000036
0000034
0000045
0000058
0000053
0000040
0000038
0000042
0000038
0000033
0000034
0000044
0000051
0000051
0000045
0000042
0000049
0000058
0000040
0000014
0000023
0000051
0000051
0000038
0000036
0000045
0000049
0000047
0000038
0000027
0000027
0000034
0000036
0000036
0000042
0000045
0000029
0000011
0000011
0000029
0000045
0000060
0000080
0000091
0000075
0000045
0000047
0000064
0000060
0000045
0000047
0000055
0000047
0000036
0000038
0000047
0000055
0000051
0000025
0000000
0000012
0000045
0000062
0000062
0000055
0000047
0000047
0000053
0000057
0000057
0000042
0000025
0000029
0000040
0000034
0000018
0000007
0000003
0000007
0000014
0000016
0000016
0000020
0000023
0000023
0000018
0000005
-000002
0000009
0000029
0000044
0000045
0000033
0000018
0000023
0000042
0000045
0000040
0000033
0000027
0000014
0000005
0000018
0000040
0000049
0000045
0000036
0000023
0000005
-000008
-000008
0000003
0000025
0000044
0000033
0000009
0000007
0000020
0000023
0000018
0000016
0000018
0000022
0000022
0000005
-000012
-000006
0000012
0000023
0000023
0000016
0000005
0000007
0000016
0000018
0000014
0000014
0000014
0000005
-000006
-000013
-000012
0000001
0000014
0000003
-000015
-000010
0000011
0000029
0000036
0000025
0000009
0000012
0000023
0000016
0000005
0000025
0000055
0000040
0000003
-000002
0000009
-000004
-000021
-000010
0000016
0000016
0000003
0000001
0000007
0000005
0000000
-000002
0000000
0000001
0000003
0000009
0000011
-000008
-000026
-000012
0000020
0000027
0000014
-000012
-000032
-000013
0000014
-000002
-000043
-000048
-000030
-000024
-000028
-000041
-000048
-000032
-000010
-000024
-000052
-000043
-000017
-000032
-000061
-000048
-000019
-000023
-000045
-000045
-000034
-000030
-000035
-000048
-000058
-000048
-000035
-000045
-000061
-000052
-000028
-000028
-000043
-000043
-000035
-000043
-000054
-000054
-000046
-000046
-000048
-000032
-000013
-000024
-000052
-000065
-000063
-000061
-000058
-000043
-000026
-000026
-000039
-000056
-000067
-000058
-000037
-000030
-000034
-000048
-000067
-000087
-000094
-000078
-000050
-000046
-000058
-000054
-000035
-000017
-000002
-000004
-000019
-000048
-000076
-000087
-000076
-000052
-000030
-000035
-000058
-000069
-000067
-000065
-000065
-000069
-000069
-000059
-000048
-000043
-000045
-000048
-000054
-000050
-000046
-000054
-000063
-000061
-000052
-000046
-000052
-000078
-000100
-000078
-000037
-000030
-000050
-000076
-000091
-000074
-000048
-000058
-000080
-000065
-000032
-000030
-000050
-000056
-000054
-000056
-000058
-000041
-000026
-000043
-000072
-000070
-000050
-000048
-000054
-000039
-000017
-000026
-000052
-000065
-000059
-000035
-000013
-000026
-000059
-000080
-000080
-000050
-000019
-000034
-000063
-000045
0000000
0000009
-000008
-000024
-000030
-000019
-000006
-000026
-000056
-000048
-000021
-000017
-000030
-000030
-000028
-000045
-000063
-000054
-000032
-000024
-000030
-000028
-000021
-000026
-000037
-000039
-000030
-000006
0000016
0000014
-000008
-000041
-000063
-000043
-000008
-000026
-000063
-000048
-000008
-000008
-000028
-000026
-000010
-000006
-000010
-000004
0000003
0000000
-000008
0000000
0000014
0000014
0000003
-000010
-000017
-000002
0000016
0000000
-000026
-000013
0000016
0000014
-000004
-000006
-000002
-000015
-000034
-000030
-000012
0000003
0000012
0000012
0000009
0000005
0000005
0000003
0000001
-000013
-000026
-000017
0000005
0000016
0000018
0000018
0000018
0000014
0000012
0000020
0000031
0000036
0000033
0000025
0000014
-000006
-000019
-000012
0000007
0000007
-000002
0000009
0000031
0000042
0000038
0000025
0000012
0000007
0000009
0000012
0000016
0000014
0000014
0000034
0000060
0000051
0000025
0000029
0000045
0000038
0000014
0000000
0000000
0000009
0000029
0000051
0000062
0000047
0000020
0000012
0000023
0000040
0000057
0000073
0000075
0000053
0000023
0000020
0000034
0000044
0000045
0000044
0000038
0000022
0000011
0000036
0000068
0000047
0000005
0000001
0000023
0000031
0000027
0000040
0000060
0000068
0000064
0000069
0000068
0000038
0000001
-000006
0000007
0000012
0000012
0000025
0000045
0000066
0000079
0000066
0000038
0000025
0000025
0000022
0000016
0000011
0000007
0000014
0000025
0000033
0000038
0000053
0000069
0000068
0000057
0000058
0000062
0000049
0000031
0000027
0000038
0000053
0000062
0000051
0000033
0000036
0000049
0000044
0000027
0000020
0000022
0000036
0000053
0000047
0000031
0000020
0000022
0000040
0000058
0000051
0000025
0000003
-000002
0000018
0000049
0000066
0000062
0000055
0000044
0000036
0000031
0000012
-000002
0000023
0000058
0000057
0000029
0000022
0000033
0000034
0000034
0000040
0000044
0000029
0000009
0000007
0000016
0000018
0000016
0000020
0000027
0000031
0000029
0000020
0000009
0000001
0000001
0000014
0000023
0000007
-000015
-000002
0000025
0000022
0000005
0000018
0000047
0000057
0000045
0000033
0000020
0000018
0000023
0000036
0000045
0000023
-000004
0000001
0000023
0000011
-000017
-000012
0000012
0000020
0000014
0000016
0000018
0000000
-000026
-000028
-000012
0000000
0000005
0000009
0000009
0000001
-000004
0000007
0000023
0000020
0000007
0000003
0000005
0000001
-000006
-000010
-000008
0000001
0000011
-000010
-000034
-000019
0000014
0000016
-000004
-000015
-000019
-000032
-000045
-000034
-000017
-000023
-000039
-000035
-000023
-000023
-000026
-000024
-000021
-000024
-000028
-000008
0000014
-000008
-000045
-000037
-000012
-000019
-000041
-000019
0000016
0000009
-000028
-000048
-000048
-000039
-000023
-000015
-000017
-000021
-000023
-000015
-000008
-000010
-000024
-000052
-000069
-000045
-000006
-000010
-000039
-000054
-000046
-000030
-000013
-000021
-000041
-000046
-000045
-000065
-000087
-000078
-000046
-000024
-000019
-000037
-000063
-000063
-000050
-000052
-000063
-000067
-000059
-000041
-000026
-000035
-000061
-000080
-000080
-000052
-000021
-000019
-000046
-000083
-000102
-000067
-000010
0000003
-000019
-000024
-000024
-000035
-000050
-000052
-000039
-000015
0000003
-000010
-000043
-000063
-000070
-000076
-000080
-000074
-000063
-000045
-000028
-000024
-000034
-000045
-000050
-000043
-000035
-000048
-000072
-000094
-000102
-000087
-000059
-000048
-000048
-000034
-000021
-000035
-000061
-000065
-000048
-000026
-000015
-000050
-000094
-000087
-000046
-000037
-000048
-000043
-000032
-000037
-000050
-000056
-000054
-000054
-000050
-000034
-000015
-000012
-000021
-000039
-000052
-000046
-000032
-000030
-000039
-000037
-000030
-000028
-000034
-000037
-000045
-000059
-000070
-000065
-000048
-000034
-000032
-000061
-000089
-000058
0000000
0000011
-000015
-000030
-000035
-000045
-000048
-000037
-000019
-000015
-000021
-000021
-000017
-000021
-000028
-000032
-000032
-000026
-000019
-000026
-000035
-000032
-000023
-000026
-000039
-000039
-000030
-000015
-000004
-000010
-000024
-000028
-000021
-000012
-000008
-000019
-000034
-000030
-000015
-000002
0000001
-000015
-000034
-000024
-000004
-000006
-000024
-000030
-000024
-000004
0000014
0000011
-000002
0000003
0000016
0000001
-000023
-000030
-000023
-000012
-000002
0000005
0000005
0000007
0000007
-000008
-000019
0000003
0000036
0000040
0000018
0000001
-000010
-000013
-000010
0000000
0000009
0000009
0000000
-000004
-000002
0000012
0000033
0000040
0000038
0000038
0000036
0000018
-000004
-000008
0000005
0000031
0000047
0000020
-000023
-000012
0000029
0000036
0000020
0000014
0000012
-000015
-000043
-000030
0000009
0000025
0000027
0000036
0000044
0000023
-000006
-000004
0000018
0000042
0000053
0000042
0000020
0000000
-000010
-000002
0000009
0000007
0000000
0000005
0000020
0000033
0000036
0000011
-000004
0000073
0000171
0000167
0000053
-000161
-000317
-000166
0000121
0000167
0000045
0000027
0000071
0000064
0000020
-000017
-000026
0000016
0000079
0000104
0000084
0000018
-000046
-000035
0000025
0000049
0000038
0000020
0000000
-000028
-000041
-000021
0000020
0000047
0000057
0000064
0000058
0000034
0000005
-000004
0000003
0000009
0000014
0000020
0000027
0000033
0000038
0000051
0000057
0000031
0000000
0000012
0000047
0000051
0000034
0000040
0000055
0000042
0000020
0000018
0000027
0000025
0000016
0000012
0000014
0000022
0000031
0000036
0000034
0000020
0000005
0000018
0000040
0000038
0000022
0000011
0000007
0000003
0000003
0000012
0000025
0000031
0000027
0000016
0000003
-000006
-000006
0000007
0000022
0000020
0000009
-000008
-000013
0000003
0000031
0000049
0000049
0000031
0000009
0000020
0000044
0000040
0000018
0000011
0000014
0000007
-000002
0000009
0000031
0000044
0000045
0000047
0000045
0000036
0000027
0000022
0000025
0000040
0000055
0000049
0000031
0000016
0000009
0000014
0000027
0000042
0000053
0000055
0000047
0000022
0000000
0000023
0000062
0000049
0000011
0000018
0000049
0000055
0000042
0000027
0000018
0000007
0000009
0000053
0000095
0000064
-000004
-000008
0000029
0000031
0000011
0000005
0000014
0000034
0000051
0000045
0000027
0000014
0000012
0000022
0000033
0000027
0000009
-000008
-000012
0000018
0000057
0000058
0000036
0000029
0000031
0000016
0000000
0000012
0000034
0000033
0000012
0000007
0000009
0000009
0000005
0000011
0000018
0000016
0000007
0000003
0000000
-000008
-000013
0000001
0000020
0000005
-000023
-000021
0000000
0000009
0000005
0000000
-000008
-000013
-000013
0000001
0000016
0000011
-000006
-000008
0000000
-000002
-000004
0000007
0000023
0000025
0000016
0000009
0000003
-000013
-000026
-000008
0000023
0000029
0000016
0000009
0000007
0000001
0000000
0000012
0000027
0000011
-000017
-000006
0000022
0000027
0000018
0000012
0000014
0000011
0000003
-000013
-000023
0000003
0000038
0000034
0000007
-000010
-000013
-000012
-000006
0000005
0000014
0000011
0000005
0000018
0000033
0000022
-000006
-000023
-000023
-000006
0000012
0000001
-000019
-000006
0000023
0000029
0000014
-000012
-000032
-000030
-000021
-000039
-000058
-000021
0000036
0000038
0000005
-000013
-000004
0000057
0000103
0000009
-000124
-000085
0000044
0000051
-000017
-000026
0000007
0000018
0000011
-000008
-000021
-000013
0000005
0000011
0000009
0000018
0000029
0000020
0000005
0000012
0000036
0000051
0000053
0000034
0000007
-000013
-000019
-000012
0000003
0000022
0000033
0000027
0000012
-000002
-000004
0000016
0000034
0000011
-000026
-000004
0000045
0000057
0000038
0000029
0000027
0000011
-000006
-000002
0000009
-000004
-000021
-000012
0000014
0000027
0000023
-000002
-000019
0000018
0000073
0000062
0000014
0000000
0000011
0000018
0000022
0000034
0000044
0000027
0000003
0000007
0000023
0000016
-000004
-000006
0000007
0000009
0000005
0000003
0000005
0000001
-000002
0000003
0000014
0000033
0000045
0000044
0000027
0000007
-000008
-000004
0000012
0000022
0000023
0000018
0000012
0000023
0000033
-000002
-000043
-000024
0000022
0000018
-000013
-000012
0000005
-000006
-000028
-000024
-000004
-000004
-000017
-000017
-000012
-000013
-000013
0000007
0000031
0000031
0000012
0000003
0000000
-000010
-000017
-000013
0000001
0000025
0000045
0000029
0000005
0000023
0000053
0000023
-000030
-000021
0000023
0000025
0000003
0000007
0000025
0000022
0000005
-000008
-000010
0000005
0000018
0000000
-000026
-000019
0000009
0000016
0000003
-000015
-000028
-000024
-000012
-000004
-000002
0000005
0000014
0000022
0000020
0000011
0000000
0000005
0000014
0000000
-000021
-000012
0000014
0000014
0000001
0000003
0000012
0000014
0000011
0000003
0000000
0000011
0000027
0000022
0000003
-000012
-000013
-000002
0000012
0000005
-000010
0000000
0000020
0000020
0000009
0000023
0000042
0000022
-000015
-000026
-000013
0000005
0000022
0000027
0000018
0000003
-000012
-000010
0000003
0000011
0000014
0000022
0000025
0000014
-000004
-000012
-000010
-000004
0000001
0000011
0000018
0000011
0000001
0000001
0000012
0000025
0000031
0000007
-000024
-000019
0000009
0000027
0000029
0000011
-000013
-000019
-000012
-000013
-000019
-000010
0000005
0000005
-000004
-000015
-000021
-000015
-000006
0000001
0000003
-000012
-000024
-000015
0000003
0000005
-000008
-000019
-000024
-000024
-000019
-000013
-000010
-000010
-000017
-000024
-000024
-000004
0000016
0000003
-000030
-000050
-000048
-000019
0000014
0000016
-000006
-000012
-000008
-000013
-000026
-000045
-000052
-000023
0000014
0000003
-000037
-000054
-000046
-000030
-000015
-000028
-000050
-000052
-000039
-000032
-000030
-000019
-000010
-000019
-000035
-000046
-000045
-000017
0000009
-000015
-000058
-000054
-000023
-000024
-000043
-000045
-000037
-000030
-000032
-000046
-000059
-000045
-000019
-000021
-000041
-000052
-000052
-000056
-000058
-000054
-000046
-000043
-000045
-000052
-000063
-000063
-000059
-000058
-000061
-000067
-000069
-000052
-000032
-000037
-000054
-000059
-000056
-000056
-000056
-000058
-000056
-000050
-000041
-000037
-000032
-000024
-000017
-000017
-000026
-000052
-000078
-000078
-000059
-000048
-000041
-000026
-000013
-000021
-000037
-000034
-000021
-000024
-000035
-000034
-000026
-000030
-000035
-000026
-000013
-000023
-000041
-000041
-000028
-000034
-000046
-000045
-000035
-000041
-000054
-000043
-000030
-000050
-000080
-000070
-000035
-000013
-000012
-000021
-000034
-000041
-000037
-000023
-000008
-000010
-000023
-000032
-000037
-000050
-000059
-000045
-000026
-000050
-000087
-000070
-000030
-000032
-000059
-000069
-000058
-000037
-000021
-000030
-000052
-000056
-000046
-000045
-000041
-000024
-000010
-000028
-000056
-000043
-000017
-000045
-000089
-000070
-000023
-000026
-000059
-000058
-000034
-000021
-000019
-000026
-000035
-000043
-000045
-000046
-000043
-000019
0000003
-000012
-000043
-000046
-000032
-000030
-000035
-000032
-000024
-000019
-000017
-000010
-000008
-000030
-000054
-000037
-000002
0000007
-000006
-000017
-000021
-000013
-000006
-000015
-000032
-000048
-000050
-000017
0000020
0000005
-000037
-000045
-000024
-000017
-000019
-000013
-000010
-000028
-000046
-000019
0000023
0000012
-000032
-000054
-000052
-000039
-000024
-000010
-000006
-000021
-000039
-000032
-000012
0000001
0000000
-000017
-000034
-000024
-000006
-000008
-000024
-000030
-000023
-000010
0000003
0000000
-000013
-000023
-000023
-000010
0000005
0000001
-000010
-000008
0000000
-000004
-000017
-000019
-000017
-000017
-000021
-000015
-000008
-000008
-000012
-000008
0000000
0000005
0000007
0000001
-000004
0000001
0000009
0000005
-000006
-000012
-000006
0000011
0000023
0000009
-000015
-000012
0000009
0000003
-000013
-000015
-000008
-000015
-000028
-000028
-000021
-000012
0000001
0000033
0000062
0000057
0000031
0000018
0000018
0000022
0000025
0000025
0000022
0000012
0000007
0000009
0000018
0000023
0000025
0000023
0000020
0000014
0000014
0000034
0000053
0000031
-000004
0000005
0000038
0000040
0000020
0000007
0000007
0000016
0000027
0000025
0000016
0000018
0000023
0000016
0000007
0000009
0000016
0000018
0000016
0000016
0000020
0000016
0000016
0000034
0000053
0000044
0000022
0000020
0000034
0000045
0000049
0000047
0000044
0000047
0000053
0000044
0000033
0000040
0000053
0000033
0000001
0000018
0000053
0000044
0000016
0000025
0000051
0000047
0000027
0000034
0000053
0000049
0000033
0000020
0000018
0000027
0000042
0000047
0000044
0000042
0000045
0000053
0000058
0000042
0000020
0000025
0000049
0000064
0000064
0000044
0000018
0000011
0000020
0000038
0000051
0000047
0000034
0000036
0000049
0000058
0000062
0000058
0000049
0000031
0000014
0000016
0000033
0000053
0000066
0000051
0000027
0000036
0000064
0000077
0000073
0000051
0000033
0000051
0000077
0000058
0000020
0000020
0000040
0000027
0000001
0000016
0000049
0000049
0000027
0000027
0000038
0000044
0000042
0000044
0000047
0000044
0000042
0000051
0000064
0000060
0000042
0000007
-000019
0000003
0000047
0000062
0000053
0000047
0000047
0000044
0000038
0000029
0000023
0000029
0000042
0000053
0000057
0000044
0000029
0000036
0000057
0000058
0000049
0000042
0000038
0000038
0000038
0000023
0000007
0000011
0000027
0000042
0000045
0000023
0000000
0000012
0000042
0000033
0000009
0000027
0000062
0000051
0000012
-000002
0000001
0000011
0000018
0000016
0000009
0000018
0000031
0000036
0000031
0000018
0000007
0000016
0000033
0000033
0000022
0000016
0000018
0000020
0000023
0000034
0000045
0000042
0000029
0000016
0000009
0000011
0000016
0000012
0000007
0000020
0000038
0000040
0000023
0000001
-000017
-000010
0000014
0000025
0000025
0000025
0000029
0000044
0000049
0000020
-000015
0000000
0000040
0000042
0000020
0000011
0000012
0000012
0000009
0000012
0000020
0000029
0000034
0000036
0000033
0000036
0000038
0000033
0000022
0000012
0000011
0000011
0000016
0000018
0000022
0000031
0000042
0000031
0000014
0000018
0000033
0000036
0000029
0000020
0000012
0000003
-000002
-000006
-000004
0000005
0000018
0000018
0000011
0000012
0000020
0000031
0000034
0000020
-000002
-000010
-000004
0000001
0000003
0000005
0000005
0000001
0000001
0000020
0000042
0000038
0000023
0000042
0000069
0000066
0000038
0000018
0000011
0000011
0000022
0000036
0000047
0000038
0000022
0000009
0000007
0000012
0000023
0000036
0000044
0000034
0000020
0000018
0000023
0000022
0000016
0000020
0000029
0000022
0000009
0000005
0000011
0000020
0000031
0000045
0000053
0000040
0000018
0000025
0000038
0000014
-000019
0000001
0000040
0000027
-000013
-000013
0000012
0000023
0000022
0000009
-000006
-000017
-000019
-000004
0000014
0000016
0000007
0000000
-000006
-000030
-000052
-000041
-000017
-000028
-000048
-000032
0000001
0000001
-000017
-000010
0000007
-000002
-000024
-000030
-000026
-000028
-000035
-000035
-000030
-000017
-000006
-000015
-000032
-000034
-000030
-000041
-000054
-000046
-000026
-000012
-000008
-000026
-000050
-000050
-000035
-000041
-000054
-000043
-000026
-000034
-000052
-000063
-000059
-000034
-000008
-000021
-000046
-000039
-000013
-000017
-000037
-000028
-000012
-000030
-000063
-000059
-000034
-000019
-000019
-000030
-000041
-000028
-000008
-000017
-000043
-000050
-000039
-000024
-000017
-000032
-000056
-000056
-000039
-000028
-000026
-000030
-000037
-000046
-000052
-000054
-000054
-000050
-000048
-000048
-000054
-000058
-000058
-000059
-000056
-000037
-000021
-000030
-000052
-000058
-000048
-000035
-000023
-000024
-000035
-000052
-000069
-000080
-000081
-000070
-000052
-000045
-000045
-000045
-000048
-000059
-000067
-000052
-000030
-000032
-000048
-000046
-000035
-000045
-000061
-000067
-000061
-000048
-000037
-000037
-000045
-000045
-000039
-000037
-000039
-000037
-000037
-000035
-000039
-000046
-000058
-000059
-000054
-000050
-000046
-000045
-000045
-000041
-000039
-000046
-000054
-000050
-000039
-000043
-000054
-000056
-000054
-000054
-000054
-000045
-000035
-000050
-000070
-000065
-000041
-000026
-000024
-000043
-000061
-000048
-000021
-000032
-000056
-000043
-000013
-000019
-000045
-000045
-000030
-000017
-000010
-000004
-000002
-000010
-000017
-000010
-000002
-000017
-000039
-000032
-000008
0000003
0000001
0000001
0000000
-000008
-000015
-000017
-000013
-000010
-000010
-000017
-000028
-000039
-000045
-000039
-000030
-000030
-000034
-000034
-000032
-000028
-000028
-000037
-000046
-000034
-000013
-000023
-000043
-000032
-000006
0000001
-000010
-000021
-000028
-000021
-000008
-000006
-000013
-000026
-000030
-000006
0000023
0000007
-000026
-000008
0000031
0000011
-000043
-000070
-000070
-000058
-000043
-000037
-000032
0000005
0000045
0000047
0000018
-000010
-000030
-000045
-000048
-000035
-000015
0000000
0000005
-000004
-000017
-000019
-000008
0000022
0000040
-000002
-000063
-000052
-000002
0000005
-000012
0000000
0000022
0000014
-000004
-000004
0000009
0000005
-000010
-000021
-000023
-000002
0000022
0000012
-000015
-000024
-000015
-000002
0000012
0000027
0000033
0000031
0000020
0000007
-000002
0000003
0000016
0000014
0000001
-000008
-000010
0000000
0000014
0000012
0000007
0000022
0000040
0000029
0000003
-000008
0000001
0000023
0000045
0000038
0000016
0000018
0000029
0000014
-000008
-000004
0000016
0000023
0000018
0000007
0000000
0000014
0000034
0000022
-000006
0000000
0000025
0000027
0000012
0000000
-000010
-000013
-000012
0000001
0000016
0000012
-000002
-000019
-000028
-000026
-000015
0000003
0000023
0000042
0000049
0000020
-000019
-000012
0000018
0000022
0000007
0000011
0000022
0000014
0000003
0000018
0000044
0000045
0000034
0000034
0000038
0000029
0000016
0000027
0000042
0000027
0000000
0000000
0000016
0000012
0000001
0000009
0000023
0000014
-000006
-000006
0000011
0000025
0000033
0000034
0000029
0000009
-000010
0000000
0000022
0000012
-000008
-000006
0000014
0000033
0000036
0000005
-000032
-000017
0000027
0000029
0000009
0000022
0000045
0000022
-000021
-000017
0000014
0000016
0000001
0000005
0000016
0000014
0000003
-000002
-000002
0000000
0000000
0000005
0000009
0000007
0000001
0000018
0000036
0000022
-000008
-000008
0000011
0000022
0000022
0000023
0000018
0000001
-000015
-000006
0000014
0000005
-000013
0000005
0000034
0000009
-000035
-000032
0000001
0000005
-000010
-000008
0000005
0000012
0000009
-000010
-000030
-000024
-000008
-000013
-000028
-000023
-000010
-000017
-000035
-000035
-000023
-000006
0000003
0000001
-000010
-000019
-000023
-000032
-000039
-000032
-000021
-000013
-000015
-000028
-000037
-000021
0000011
0000022
0000016
0000003
-000010
-000015
-000012
-000015
-000019
-000021
-000019
-000017
-000013
-000002
0000007
0000005
-000010
-000039
-000065
-000054
-000024
-000013
-000017
-000013
-000008
-000010
-000017
-000028
-000035
-000026
-000012
-000008
-000013
-000006
0000001
-000010
-000032
-000045
-000045
-000021
0000007
-000004
-000026
-000012
0000022
0000018
-000008
-000015
-000006
0000014
0000031
0000023
0000005
-000006
-000004
0000001
0000001
-000019
-000043
-000035
-000013
-000006
-000012
-000010
-000006
-000024
-000048
-000041
-000012
0000029
0000057
0000049
0000020
0000009
0000009
0000001
-000008
-000002
0000011
0000014
0000014
0000023
0000038
0000045
0000042
0000014
-000010
0000009
0000044
0000034
0000001
-000002
0000012
0000009
-000006
-000023
-000028
-000006
0000025
0000038
0000031
0000011
-000010
-000012
-000002
0000003
0000005
0000023
0000042
0000034
0000018
0000027
0000047
0000047
0000029
0000001
-000017
-000002
0000029
0000042
0000040
0000045
0000053
0000049
0000042
0000044
0000051
0000051
0000051
0000060
0000069
0000055
0000029
0000011
0000009
0000018
0000033
0000047
0000053
0000040
0000023
0000038
0000060
0000042
0000009
0000007
0000031
0000051
0000060
0000051
0000034
0000025
0000025
0000023
0000027
0000036
0000045
0000040
0000027
0000022
0000020
0000003
-000010
0000014
0000049
0000053
0000038
0000034
0000040
0000040
0000034
0000029
0000023
0000022
0000022
0000022
0000022
0000025
0000031
0000038
0000042
0000033
0000020
0000018
0000025
0000029
0000031
0000031
0000031
0000036
0000038
0000016
-000006
0000011
0000045
0000045
0000020
0000005
0000007
0000023
0000044
0000045
0000034
0000031
0000033
0000034
0000036
0000033
0000031
0000045
0000060
0000055
0000036
0000023
0000016
0000011
0000009
0000014
0000023
0000023
0000018
0000014
0000014
0000023
0000033
0000031
0000023
0000034
0000053
0000049
0000031
0000007
-000010
-000013
-000010
-000012
-000013
0000001
0000022
0000023
0000016
0000025
0000036
0000022
0000000
0000001
0000018
0000014
0000001
0000007
0000020
0000005
-000019
-000008
0000016
0000012
0000000
0000018
0000049
0000044
0000020
0000014
0000022
0000020
0000011
-000002
-000013
-000004
0000012
0000007
-000008
0000003
0000023
0000016
-000002
0000011
0000038
0000040
0000020
-000008
-000032
-000034
-000021
-000006
0000005
0000011
0000009
-000004
-000019
-000023
-000015
0000005
0000022
0000018
0000003
0000001
0000001
-000024
-000050
-000024
0000020
0000007
-000034
-000028
0000001
-000004
-000032
-000041
-000034
-000030
-000006
0000106
0000185
0000007
-000262
-000284
-000113
0000066
0000161
0000075
-000085
-000076
0000023
0000003
-000078
-000074
-000015
0000014
0000011
-000002
-000021
-000048
-000059
-000028
0000020
0000023
-000008
-000034
-000048
-000067
-000076
-000054
-000023
-000017
-000028
-000023
-000017
-000045
-000081
-000063
-000028
-000061
-000120
-000113
-000061
-000043
-000046
-000034
-000019
-000030
-000054
-000063
-000056
-000046
-000037
-000034
-000035
-000041
-000046
-000058
-000061
-000037
-000010
-000024
-000061
-000072
-000059
-000045
-000032
-000019
-000015
-000037
-000063
-000056
-000032
-000034
-000052
-000065
-000065
-000050
-000035
-000043
-000063
-000074
-000072
-000069
-000067
-000065
-000063
-000063
-000059
-000045
-000030
-000043
-000067
-000080
-000076
-000052
-000028
-000041
-000069
-000065
-000043
-000045
-000059
-000063
-000058
-000056
-000056
-000050
-000041
-000039
-000043
-000054
-000063
-000058
-000045
-000050
-000058
-000035
-000006
-000012
-000039
-000050
-000043
-000023
-000004
0000000
-000008
-000015
-000019
-000015
-000012
-000010
-000013
-000026
-000039
-000035
-000034
-000069
-000102
-000048
0000029
0000011
-000058
-000059
-000023
-000030
-000061
-000067
-000056
-000061
-000070
-000050
-000017
-000006
-000012
-000012
-000010
-000015
-000024
-000035
-000050
-000078
-000096
-000069
-000019
0000011
0000012
-000004
-000028
-000032
-000026
-000030
-000043
-000052
-000056
-000048
-000037
-000032
-000028
-000021
-000008
0000012
0000027
0000020
-000002
-000024
-000041
-000054
-000056
-000039
-000013
0000001
0000005
0000009
0000007
-000013
-000037
-000037
-000023
-000017
-000021
-000024
-000019
0000001
0000023
0000012
-000013
-000013
0000003
0000000
-000012
-000012
-000002
0000001
0000000
-000008
-000013
-000006
0000011
0000025
0000029
0000018
0000000
-000002
0000007
0000014
0000016
0000012
0000009
0000016
0000027
0000018
0000001
0000003
0000018
0000033
0000044
0000047
0000045
0000031
0000020
0000029
0000047
0000051
0000040
0000031
0000023
0000018
0000018
0000027
0000040
0000045
0000044
0000044
0000042
0000033
0000020
0000009
0000005
0000016
0000031
0000025
0000011
0000020
0000034
0000012
-000024
-000019
0000016
0000055
0000073
0000040
0000005
0000069
0000156
0000101
-000024
-000058
-000015
0000034
0000064
0000045
0000007
0000022
0000058
0000036
-000013
-000028
-000010
0000014
0000033
0000033
0000022
0000018
0000023
0000036
0000049
0000049
0000040
0000027
0000018
0000029
0000045
0000040
0000022
0000016
0000027
0000057
0000080
0000062
0000023
0000009
0000016
0000027
0000040
0000049
0000051
0000053
0000047
0000031
0000014
0000023
0000044
0000047
0000036
0000025
0000023
0000045
0000073
0000071
0000051
0000031
0000020
0000016
0000023
0000042
0000064
0000073
0000069
0000068
0000064
0000040
0000012
0000003
0000009
0000009
0000012
0000034
0000055
0000038
0000011
0000029
0000064
0000045
0000003
0000000
0000022
0000023
0000016
0000031
0000049
0000040
0000014
0000000
0000001
0000023
0000051
0000053
0000038
0000022
0000014
0000022
0000036
0000038
0000031
0000022
0000018
0000033
0000053
0000057
0000045
0000027
0000014
0000016
0000027
0000031
0000027
0000022
0000018
0000031
0000045
0000031
0000003
-000006
0000003
0000018
0000031
0000029
0000020
0000023
0000033
0000022
0000007
0000014
0000031
0000031
0000014
-000002
-000013
-000019
-000013
0000005
0000027
0000023
0000007
0000011
0000025
0000029
0000020
-000012
-000037
-000015
0000031
0000042
0000029
0000014
0000007
0000014
0000025
0000027
0000018
-000004
-000021
0000003
0000038
0000027
-000012
-000015
-000002
-000015
-000037
-000026
-000002
-000004
-000019
-000021
-000010
0000000
0000005
0000000
-000010
-000012
-000013
-000030
-000045
-000028
0000000
-000015
-000045
-000035
-000010
-000024
-000052
-000034
0000009
0000011
-000015
-000030
-000035
-000050
-000059
-000046
-000021
-000004
-000004
-000030
-000058
-000035
0000001
-000015
-000054
-000037
0000003
-000010
-000048
-000045
-000019
-000021
-000037
-000039
-000032
-000037
-000048
-000039
-000028
-000045
-000072
-000072
-000059
-000058
-000061
-000043
-000017
-000004
-000004
-000019
-000037
-000041
-000039
-000050
-000063
-000050
-000032
-000061
-000100
-000069
-000012
-000021
-000067
-000080
-000063
-000045
-000035
-000052
-000076
-000074
-000058
-000072
-000092
-000080
-000046
-000030
-000032
-000046
-000059
-000048
-000028
-000037
-000059
-000069
-000065
-000056
-000046
-000046
-000050
-000045
-000037
-000046
-000063
-000072
-000067
-000043
-000015
-000013
-000028
-000032
-000026
-000032
-000039
-000037
-000032
-000034
-000043
-000050
-000052
-000056
-000058
-000050
-000037
-000026
-000023
-000023
-000032
-000048
-000059
-000045
-000021
-000024
-000043
-000041
-000028
-000026
-000032
-000024
-000015
-000037
-000063
-000048
-000017
-000015
-000035
-000045
-000045
-000045
-000041
-000032
-000021
-000019
-000023
-000019
-000017
-000039
-000059
-000034
0000005
-000010
-000058
-000076
-000061
-000028
0000009
0000014
-000004
-000024
-000037
-000032
-000017
-000021
-000030
-000026
-000012
0000000
0000001
-000013
-000028
-000019
0000001
0000011
0000003
-000012
-000030
-000043
-000041
-000023
0000001
0000022
0000022
-000008
-000041
-000041
-000013
0000011
0000022
0000020
0000005
-000021
-000043
-000054
-000046
-000030
-000012
0000001
0000003
-000012
-000028
-000023
-000006
-000002
-000010
-000010
-000008
-000013
-000019
-000017
-000012
-000010
-000008
0000003
0000016
0000016
0000007
-000002
-000006
-000004
0000003
0000007
0000007
0000001
-000002
0000000
0000007
0000007
0000003
0000007
0000011
0000000
-000017
-000013
0000001
0000007
0000005
0000012
0000023
0000023
0000016
0000012
0000014
0000025
0000031
0000000
-000041
-000041
-000015
-000002
0000000
-000004
-000004
0000011
0000023
0000003
-000026
-000015
0000016
0000014
-000008
-000026
-000028
-000002
0000029
0000022
-000006
-000010
0000003
0000007
0000000
-000013
-000021
-000006
0000018
0000027
0000022
0000012
0000001
-000019
-000030
-000004
0000036
0000040
0000022
0000016
0000020
0000016
0000011
0000009
0000011
0000007
0000005
0000022
0000038
0000020
-000013
-000028
-000021
0000001
0000023
0000025
0000014
0000020
0000034
0000042
0000038
0000022
0000007
0000014
0000036
0000051
0000060
0000071
0000069
0000025
-000032
-000045
-000024
-000013
-000004
0000022
0000053
0000080
0000090
0000075
0000042
0000011
-000012
-000023
-000019
-000002
0000020
0000036
0000045
0000045
0000038
0000025
0000018
0000029
0000049
0000060
0000055
0000040
0000022
0000014
0000022
0000038
0000053
0000047
0000029
0000022
0000020
0000014
0000011
0000012
0000018
0000018
0000014
0000022
0000036
0000055
0000068
0000069
0000058
0000036
0000020
0000031
0000051
0000042
0000018
0000011
0000016
0000012
0000007
0000018
0000034
0000036
0000025
0000018
0000018
0000029
0000044
0000033
0000016
0000036
0000069
0000060
0000029
0000018
0000020
0000007
-000008
0000011
0000040
0000042
0000027
0000025
0000029
0000003
-000023
0000005
0000051
0000045
0000012
0000012
0000033
0000027
0000009
0000007
0000016
0000007
-000008
-000002
0000012
0000016
0000012
0000023
0000040
0000036
0000022
0000018
0000018
0000003
-000013
-000015
-000002
0000011
0000016
0000007
-000006
-000002
0000009
0000003
-000010
-000015
-000010
0000001
0000014
0000033
0000045
0000040
0000022
0000007
0000005
0000029
0000057
0000051
0000025
0000009
0000007
0000011
0000016
0000027
0000033
0000022
0000005
0000007
0000022
0000033
0000034
0000025
0000011
0000009
0000018
0000022
0000020
0000014
0000009
0000005
0000005
0000007
0000009
0000003
0000003
0000025
0000051
0000040
0000011
0000003
0000014
0000027
0000036
0000033
0000020
0000009
0000000
-000002
0000000
0000000
0000003
0000018
0000038
0000045
0000040
0000025
0000009
0000001
0000007
0000014
0000022
0000020
0000012
0000007
0000005
0000009
0000016
0000020
0000020
0000014
0000012
0000025
0000040
0000034
0000018
0000014
0000023
0000034
0000036
0000011
-000023
-000021
0000001
0000012
0000012
0000018
0000020
0000009
-000004
0000007
0000027
0000023
0000007
0000009
0000022
0000031
0000034
0000027
0000016
0000018
0000023
0000014
0000000
-000002
0000005
0000012
0000014
0000009
0000001
0000000
0000007
0000023
0000042
0000047
0000038
0000014
-000006
0000001
0000023
0000025
0000014
0000018
0000027
0000025
0000016
0000014
0000016
0000018
0000014
-000008
-000026
-000010
0000023
0000049
0000051
0000022
-000015
-000017
0000003
0000007
0000005
0000023
0000042
0000031
0000007
0000009
0000025
0000018
0000000
-000006
0000001
0000016
0000029
0000018
0000001
0000009
0000031
0000036
0000027
0000014
0000001
0000000
0000007
0000022
0000034
0000025
0000009
0000018
0000040
0000045
0000038
0000033
0000029
0000023
0000022
0000038
0000055
0000042
0000014
0000000
0000000
0000000
0000000
0000003
0000007
0000012
