-000175
-002504
-004599
-002969
0000174
0000523
-001339
-002969
-003784
-003202
-002271
-003144
-004425
-002911
-000641
-001805
-004425
-003842
-001863
-002795
-004890
-004483
-002445
-001689
-001398
0000756
0003201
0002444
0000232
0000582
0001862
-000408
-003202
-000175
0005006
0004656
0000698
-001281
-001165
-000175
0001106
0001629
0001164
-000292
-001514
-000408
0001455
0000873
-000990
-000874
0000000
-001281
-003260
-002911
-001398
-001805
-002620
0000058
0003085
0000465
-004657
-005414
-002911
-001048
-000175
-000059
-000059
0001222
0002561
0001513
-000699
-001456
-001165
-001339
-001514
-000990
-000059
0000814
0000989
-000175
-001805
-002213
-001339
0000407
0001862
0001571
0000407
0000465
0001280
0001397
0000582
-001398
-002911
-001165
0001746
0001397
-001339
-003319
-004541
-006113
-006986
-005938
-003668
-001398
-000292
-001689
-003842
-003086
-000641
0000407
0000291
0000232
0000582
0002328
0003841
0002270
-000874
-002620
-002038
0001455
0005355
0005122
0002095
0000232
-000408
-000815
-000874
-000408
0000232
0000873
0001280
0001979
0001862
-000932
-004017
-003086
0000232
0002212
0001920
-001107
-004366
-003319
-000117
0000116
-002329
-005531
-007451
-005065
-001048
-000932
-003086
-002387
-000233
-000059
-000990
-000874
0000000
0000873
0001513
0001862
0001629
0000174
-001223
-000466
0001338
0002037
0001106
-001456
-003959
-003202
-000699
-000175
-000583
0001106
0003201
0002095
0000000
0001920
0005297
0004191
0001280
0003143
0006519
0004249
-000641
-000932
0001571
0001513
-000059
-000059
0000523
-000408
-002154
-002911
-003202
-004832
-006578
-006578
-004832
-002154
0000873
0003725
0005064
0003434
0000814
0001455
0004191
0005762
0005588
0003725
0001222
-000175
-000408
0000058
0000465
-000233
-001514
-001921
-001980
-002911
-003901
-003202
-001630
-001398
-001398
0001513
0004540
0002561
-001456
-000583
0002852
0002910
0001047
0001513
0002910
0002095
0000349
0000873
0001571
-002387
-007859
-008907
-006345
-003959
-002562
-002387
-003144
-003726
-003784
-003202
-002213
-001339
-000757
-000350
0000232
0001629
0003201
0003783
0002968
0000407
-002445
-002911
-002387
-004425
-006462
-003144
0001862
0000814
-003260
-003027
-000350
-000757
-002445
-001107
0001688
0001746
0000465
0001629
0003376
0002037
-000932
-002096
-001747
-001805
-001805
-000757
0000523
0000232
-001165
-002329
-003435
-005181
-006753
-007044
-006229
-005239
-004075
-002445
-001107
-001165
-001863
-001223
-000117
-000583
-001281
0000291
0003259
0005821
0006694
0004482
0001106
0000058
0000640
0000000
-001339
-002387
-002853
-002329
-001805
-003319
-004948
-003027
0000931
0003201
0003434
0002328
0000523
-000524
-000699
-001165
-000990
0001804
0003783
-001223
-008383
-007917
-002969
-002271
-004308
-003842
-002678
-005181
-008616
-007743
-003842
-000815
0000989
0001979
0002561
0003783
0005355
0007509
0008033
0002619
-003493
-000874
0006577
0009080
0007509
0006636
0005588
0001571
-002504
-001689
0001746
0002503
0000931
-000292
-001107
-002096
-002678
-002154
-001048
-000583
-000466
0000058
0000756
0001106
0000989
0000465
-000117
-000175
0000116
-000059
-000350
0000058
0000582
-000059
-001630
-003726
-005298
-005356
-003901
-001747
0000058
0000116
-000757
-000583
0000174
0000349
0000232
0000989
0001920
0001629
0001106
0003085
0005530
0004947
0001920
-001747
-004075
-002736
0000582
0002212
0001979
0000698
-000583
0000058
0001513
0001280
0000291
0000873
0002037
0001397
-000233
-000757
-000757
-001921
-002620
0000523
0004424
0003434
-000932
-004308
-005822
-005647
-004192
-002620
-001572
-001107
-001223
-001456
-001398
-000524
0000698
0001804
0001920
0000058
-002213
-001514
0000582
0000291
-001107
-000059
0001920
0001164
-000408
0001571
0004482
0002444
-001572
-001165
0001804
0002095
0000814
0001513
0002968
0002794
0001513
0000582
-000059
-001048
-002038
-002504
-002445
-001980
-001689
-002271
-003435
-004366
-004890
-005414
-005472
-004832
-003668
-002678
-001921
-001048
-000757
-001805
-003493
-004366
-004599
-005181
-005996
-007044
-007160
-004948
-001339
0001455
0003201
0004773
0005413
0004074
0001513
-000990
-002736
-003668
-003610
-002620
-001107
0000640
0001397
-000466
-003202
-003319
-001747
-001048
-000815
0000640
0002153
0001688
-000233
-002504
-003901
-003027
-000815
0000756
0000523
-002387
-006287
-008499
-007975
-004657
-000757
0000000
-001747
-003377
-004250
-004192
-003202
-001805
-000641
-000408
-000990
-001689
-002271
-003202
-002620
0003201
0009371
0007451
0001222
-000059
0002328
0003143
0002735
0003143
0003318
0001746
-000699
-002213
-002445
-001165
0000407
0000174
-001456
-002795
-003551
-003668
-003435
-003668
-003610
-001165
0001397
-000583
-004308
-003842
-001048
-001398
-002969
-001339
0001688
0001920
0000116
-001107
-001747
-002911
-003435
-001339
0001397
0000989
-001223
-001456
-000350
-000292
-000524
0000756
0002386
0001979
0000582
0000640
0001571
0001804
0001106
-000583
-002096
-001107
0000640
-000815
-003493
-002911
-000641
-000524
-002329
-004716
-006287
-004716
-001805
-001456
-002853
-003202
-003202
-004541
-005996
-005472
-003610
-002096
-001572
-003202
-004425
-000292
0005180
0004074
-000932
-002620
-001863
-002387
-002911
-000350
0002386
-000466
-005414
-005007
-001572
-001514
-003435
-003260
-001805
-001165
-001048
-000524
-000059
-000466
-001281
-001689
-001398
-000059
0001338
0001280
-000059
-001863
-003610
-005065
-005589
-004483
-002795
-002213
-002678
-003726
-004250
-002445
-000175
-000990
-003493
-004366
-003610
-001747
-000757
-004075
-008092
-005472
0000291
0000814
-002271
-004308
-004075
-000524
0003026
0000000
-005472
-004133
0000931
0001862
-000408
-002795
-003668
-001398
0002503
0005006
0005122
0002852
-000175
-001048
-000350
-000641
-001281
-000641
0000582
0001164
0000582
-001747
-004133
-004075
-002271
-000932
-000757
-002271
-003959
-003144
-001048
-000932
-001805
-001048
0000116
-001281
-003319
-002271
0000407
0001222
0000931
0002037
0003492
0002910
0001455
0002095
0002968
-000059
-004017
-003435
0000407
0004132
0005355
0001280
-004250
-003726
0000232
0000349
-001630
-001107
0000814
0001280
0000756
0001164
0001629
-000233
-002329
-000408
0002503
0000000
-004774
-004716
-001630
-000583
-001281
-001339
-001398
-003086
-004192
-000583
0004132
0002561
-001747
-000408
0003550
0002561
-001223
-002853
-001805
0001047
0003958
0004307
0002503
0000349
-000815
0000873
0003609
0003900
0002153
0000349
-000757
-000524
0000873
0002735
0003958
0003318
0001222
-001165
-002271
-000059
0003492
0004074
0002561
0001804
0001746
0001513
0000873
-000524
-001747
-001048
0000698
0001397
0001164
0000873
0000232
-001223
-002504
-001980
-000408
0000349
0000174
0000000
-000408
-001456
-002213
-001165
0000465
-000117
-001514
-000524
0001688
0002153
0001397
0000873
0000640
0000407
0000349
0000291
0000698
0002735
0004424
0002444
-001107
-001339
0000232
-000408
-002213
-002445
-001514
-001165
-000990
-000175
0000698
0000873
0000058
-001572
-003260
-003377
-003027
-004774
-006520
-003901
0000523
0001688
0000000
-002504
-004075
-002795
0000058
0001455
0000756
-001921
-004657
-004308
-001805
0000116
0001397
0002852
0003841
0003259
0002037
0002095
0002677
0001688
0000291
0000698
0002153
0003026
0003318
0003725
0003725
0002677
0001455
0001513
0002212
0001804
0000698
0000174
0000174
0000232
0000582
0001746
0002794
0002386
0000931
-000292
-001048
-001572
-001921
-002911
-003027
0000349
0004365
0003550
-000292
-002445
-002620
-002038
-001048
-000117
0000349
-000350
-000990
0000814
0003259
0002735
0000756
0001047
0002328
0001164
-000699
0000349
0002910
0003376
0002386
0001920
0001804
0001106
-000059
-002096
-002969
0000989
0005937
0004598
-000117
-001107
0000873
0002153
0002328
0001571
0000232
-000815
-001165
-000524
-000175
-003668
-006520
-000466
0008789
0009488
0004307
0002153
0002037
-000059
-002329
-001630
0001280
0004365
0006112
0004947
0002212
0000989
0001629
0003783
0005588
0003900
0000814
0001397
0004132
0004947
0003667
0000756
-002213
-002853
-001863
-001689
-002038
-001747
-001223
-001572
-001980
-000583
0001164
-000175
-002620
-002504
-000350
0002270
0003550
0001222
-002387
-002504
-000233
0000873
0000814
0000465
0000291
0001455
0002270
-000292
-003842
-003842
-001165
0000931
0001862
0001513
0000582
0000640
0000931
-000350
-002620
-004599
-005356
-003959
-001456
0000058
0000291
-000233
-000990
-001281
-000699
0001222
0003318
0003900
0002852
0001047
-000874
-001747
-001747
-001747
-001980
-002504
-002736
-001339
0000349
-000233
-002329
-004250
-005298
-005007
-003551
-001689
-000292
0000000
-001223
-004133
-006404
-003842
0000465
0000000
-003202
-003493
-001456
0000756
0002153
0001979
0000698
-000059
-000117
0000291
0000756
0000698
0000116
-000815
-001339
0000000
0001513
-000059
-002853
-002736
-000815
-000583
-001223
-000408
0000582
-000932
-002853
-001048
0002444
0003550
0001920
-001747
-005414
-006287
-004774
-003202
-002096
-001281
-001456
-003377
-005705
-005996
-004890
-004308
-004017
-002736
-001689
-002969
-005007
-004774
-002445
0000814
0003201
0002270
-000524
-001921
-001281
0001455
0004249
0003550
0000756
-000175
0000058
-001107
-002271
-000524
0002328
0003259
0002095
-000350
-002387
-000757
0002037
0000756
-002329
-001630
0001222
0002444
0001688
-000233
-002096
-001747
-000641
-002387
-005123
-005007
-003086
-002445
-002329
-000757
0001280
0002561
0002153
-001165
-004948
-005298
-002911
-000757
0000523
0000989
0000814
0001047
0001455
0001164
0000989
0002095
0003841
0005238
0005180
0002386
-001223
-001921
-000874
-001689
-002853
-001165
0001688
0002037
0001047
0001804
0003376
0003550
0002386
0000174
-001805
-001689
-000524
-001223
-002795
-002736
-001863
-001980
-002853
-003842
-004133
-002795
-001107
-001456
-003202
-004599
-004657
-002795
0000000
0001920
0002328
0001222
-000350
-000175
0000931
0001047
0000465
0000058
-000059
-000175
-000117
0000174
0000232
-001223
-002736
-001805
0000582
0002095
0002386
0001629
0000465
0000291
0000174
-002271
-005472
-006753
-006229
-004832
-003901
-005298
-007510
-007219
-004948
-002096
-000466
-002387
-005531
-004599
-001456
-000699
-001689
-001921
-002038
-003668
-005531
-005239
-003319
-000990
0000523
-000990
-003027
-000583
0003667
0003841
0001280
0000698
0000989
-000874
-003319
-003901
-002329
0001455
0004365
0001280
-004017
-003493
0000407
0000640
-001572
-002853
-002504
-000175
0002619
0003201
0001629
-001165
-003726
-003901
-002504
-002038
-002154
-001281
0000291
0002386
0003376
0000407
-003377
-001572
0002561
0001338
-002795
-003842
-002445
-001456
-000815
-000175
0000407
0001047
0001106
-000292
-002329
-003668
-003493
-001398
0001397
0002852
0002852
0002735
0002503
0002270
0001862
0000873
-000233
-000990
-000699
0001688
0004656
0005879
0004831
0001397
-002213
-002445
-000292
0001222
0001688
0001455
0000640
0000000
-000641
-002154
-003959
-005414
-005938
-005414
-003784
-001165
0001047
0001106
-000466
-002096
-002911
-002038
-000350
0000232
0000058
-000117
0000291
0001979
0003958
0004656
0003667
0001047
-001398
-000292
0002037
-000408
-003610
0000873
0007858
0005995
-000117
0001222
0005879
0003259
-002620
-002853
0000873
0003492
0004482
0004482
0004016
0004656
0005122
0002619
-000408
0001280
0004598
0002910
-001165
-001398
0000873
0001862
0001338
-000292
-001921
-001689
-000408
-000292
-000757
0000116
0001280
0000698
-000408
0000582
0002212
0001397
-000815
-001863
-001456
0000174
0001513
-000117
-002969
-003086
-001514
-001747
-002445
-000699
0001629
0000640
-001689
-000757
0001804
0001629
-000117
-000117
0000465
-001398
-003668
-002213
0000640
0000058
-002620
-003784
-003319
-002329
-000990
0000814
0002037
0001397
-000233
-000583
-000408
-001921
-003493
-002329
0000232
0000756
0000058
0000582
0001629
0001222
0000523
0002677
0005122
0003143
-001107
-002678
-001514
0001047
0003434
0003434
0001397
-000757
-002271
-002562
-001863
-001223
-001048
-001805
-002678
-001980
-001048
-002329
-004774
-006462
-006287
-003144
0000582
0000931
-001514
-003784
-005065
-004890
-003610
-002678
-002271
-002387
-002504
-001398
0000058
0000232
-000757
-002271
-003027
-001165
0001920
0003143
0002910
0003143
0003318
0002270
0000931
0000756
0001513
0002270
0002503
0001688
0000523
0000814
0001862
0002270
0001979
0001688
0001455
0001513
0001688
0001106
0000582
0001804
0003143
0001629
-001107
-001572
-000583
-000815
-001339
0000116
0002153
0002386
0000814
-002038
-004308
-003202
-000117
0001862
0002153
0001280
0000000
-000233
0000000
-001572
-003319
-002387
-000117
0000291
-000815
-001805
-001921
0000000
0002386
0002037
0000582
0001862
0003958
0002270
-000524
0001106
0004947
0006112
0004365
0000698
-003086
-004366
-003144
-000874
0001338
0002037
0001804
0002735
0003492
0001397
-001630
-001398
0000640
0000058
-001048
0001804
0005937
0005355
0002212
0002444
0003958
0002037
-001572
-002562
-002154
-003726
-005880
-005647
-004133
-004308
-005123
-004250
-002329
-000641
0000000
-001048
-002562
-001747
0000116
-000350
-001456
0000698
0003725
0002910
-000117
-001223
-001048
-002562
-004425
-004541
-003435
-002911
-002678
-001747
-001048
-002213
-004017
-004250
-003144
-002329
-001863
-001048
-000641
-001747
-003551
-004657
-004716
-003842
-002678
-002445
-003144
-004425
-005414
-004948
-003493
-002562
-001980
-000815
0000465
0001164
0001222
0001047
0000116
-002678
-005007
-002678
0001397
0000698
-002329
-001572
0001280
0001862
0000349
-002096
-004075
-003726
-002038
-001339
-001630
-001747
-001980
-002853
-003668
-002969
-001630
-001165
-001572
-001980
-002562
-004599
-005705
-001514
0004074
0003143
-001863
-004541
-004483
-003319
-001921
-002445
-003202
-000641
0002968
0002910
0000931
0001746
0003900
0003725
0001804
0000465
-000699
-003260
-005007
-002271
0002444
0004249
0003318
0002153
0001222
0001164
0001106
-000932
-003551
-004366
-003493
-002445
-001689
-001456
-001863
-002329
-002911
-004599
-005239
-001107
0004191
0003900
0000058
-001339
-000874
-001339
-002213
-001863
-001339
-003027
-004948
-003260
-000175
-000466
-002620
-002678
-001223
-000233
0000058
-000524
-000874
0001397
0003958
0001979
-001747
-001048
0002386
0004132
0003667
0001455
-001107
-001048
0000174
-001223
-003319
-001863
0001106
0000814
-001165
-000699
0000582
-001223
-004133
-003784
-001689
-001747
-003202
-003493
-003319
-004599
-005996
-004832
-002154
-000408
0000407
0001979
0002561
-001223
-005822
-004192
0000407
-000233
-003435
-002213
0000989
0000523
-002445
-004832
-005239
-002795
0001571
0005762
0007916
0006170
0002386
0000465
0000698
0001862
0003143
0003143
0002153
0001164
0000582
0000814
0001338
0000698
-000408
-000292
0000523
0000523
0000116
0000523
0000931
0000232
-001339
-003086
-004133
-002911
-001223
-002504
-004599
-002562
0001047
0000407
-002213
-001165
0001280
0000000
-003319
-004774
-004133
-002096
0000058
-000175
-001514
-000350
0001222
-001107
-005123
-006229
-004541
-001281
0001280
-000175
-003901
-005938
-005356
-001689
0002270
0001513
-001980
-002853
-001689
-001107
-000757
0000698
0001688
-000641
-004250
-005239
-003726
-001048
0001047
0000349
-002096
-003551
-003610
-002620
-001339
-001456
-001863
-000117
0002444
0003376
0002444
-000233
-002445
-000990
0002677
0005006
0005180
0003201
0000582
-000233
0000640
0001571
0002328
0002910
0003201
0002968
0002444
0001862
0001455
0001164
0001164
0001397
0001862
0002270
0002677
0003201
0003492
0003143
0002270
0001164
0000465
0001164
0002386
0002153
0000931
-000233
-000932
-000466
0000407
0000349
-000466
-001339
-002154
-002504
-002736
-003784
-004192
-001223
0002619
0002095
-000815
-001048
0000349
-000117
-001514
-001456
-000815
-001805
-003144
-002154
-000233
-000524
-002038
-001514
-000408
-002213
-004483
-002329
0001688
0001979
-000466
-002445
-002795
-000583
0002619
0003725
0002968
0002444
0001746
-000408
-002387
-001514
0000873
0001804
0001455
0001455
0001106
-001107
-003668
-003959
-002969
-003260
-004657
-006753
-007859
-005239
-001281
-001048
-002736
-001572
0001688
0004773
0006461
0005646
0003201
0000931
-000233
0000465
0001862
0001397
0000058
0000407
0001920
0003318
0004132
0003900
0002735
0000931
-000466
-000292
0000873
0001280
0001047
0001222
0000756
-002969
-006462
-003377
0002503
0003026
-000466
-002911
-004192
-005647
-006054
-003493
-000117
-000059
-002096
-002795
-001980
0000000
0001804
0001455
-000466
-002387
-003435
-002795
-001223
-000466
-000350
0000232
0001106
0001920
0002095
0000814
-000757
-000233
0001222
0000756
-000815
-001456
-001107
-000233
0000058
-002562
-005472
-004075
-000292
0001397
0000814
-000990
-002620
-002213
-000815
-001048
-002387
-003202
-003435
-003726
-003668
-002562
-001107
-000233
0000000
0000174
0000291
0000232
-000117
-000932
-001689
-001514
-000641
0000291
0001047
0001629
0001629
0000116
-001456
-000583
0001397
0001047
0000000
0002619
0005995
0004598
0000582
-000466
0000465
0000000
-000932
-000175
0001338
0001746
0000989
0000116
-000641
-001223
-001165
0000465
0002212
0001397
-000583
-000524
0000756
0000814
-000175
-001863
-003086
-002038
-000292
-001747
-003842
-000932
0003667
0003376
-000466
-003959
-005647
-005065
-002445
0001397
0004132
0002619
-000932
-001514
0000116
0001280
0001397
0000058
-001630
-001689
-000699
-000524
-000757
-000117
0001106
0002153
0003201
0005122
0006403
0004307
0000698
-001223
-000874
0001164
0003376
0003259
0001455
0000174
-000350
-000117
0000000
-001863
-004308
-004832
-003668
-002387
-001165
0000349
0001513
0001746
0001280
0000407
-000059
0000873
0002037
0000989
-001165
-001630
-000990
-001281
-001339
0001164
0004365
0005238
0003841
0001338
-001165
-001921
-001398
-001048
-000699
0000349
0001688
0002794
0002794
0000291
-002562
-001980
0000465
0000349
-001398
-002329
-002213
-001223
-000292
-000932
-002329
-002445
-001572
-001281
-001048
0000465
0001629
-000350
-003610
-004075
-002620
-001980
-001863
-001048
0000349
0002212
0003667
0003841
0002561
0000174
-001863
-001223
0000989
0002095
0001862
0000756
0000116
0002619
0005879
0005471
0002735
0001338
0001338
0001629
0001688
0000058
-001572
-000175
0002503
0002910
0001455
0000291
-000699
-002620
-004192
-003144
-001572
-003610
-007044
-007160
-004716
-002271
-001048
-002329
-004657
-004657
-003319
-003493
-004017
-002154
0000232
-000466
-002329
-000932
0001746
0001047
-001689
-003086
-002620
-000641
0001804
0003201
0003434
0003318
0002735
0001397
-000117
-000874
-000583
0000989
0002561
0002212
0000523
-000815
-001223
-000233
0001164
0001047
-000233
-001339
-001921
-001863
-000990
0000931
0002503
0001513
-000815
-001572
-000874
0000000
0000232
-001398
-003610
-004017
-002387
0000640
0003376
0003259
0001047
-001107
-002271
-001630
-000524
-002154
-004425
-002969
0000291
0000698
-000350
0001222
0003725
0003841
0001979
0000000
-001048
0000174
0002386
0002619
0001688
0002328
0002794
-000932
-005414
-003901
0000873
0002328
0000989
-000350
-000990
0000291
0001455
-001630
-005938
-005123
-001514
-000874
-002271
-002678
-002213
-001921
-001805
-001805
-002096
-002911
-003901
-004425
-004541
-005065
-004948
-002038
0001047
-000757
-004250
-001747
0002968
0001397
-002969
-002213
0002037
0005238
0006228
0005006
0002095
-001572
-003901
-002329
0000989
0000873
-000990
-000350
0001746
0002794
0002328
0000698
-001689
-004425
-005822
-003610
-000408
-001572
-005007
-005239
-003435
-003202
-003901
-003551
-002620
-002387
-002213
-000408
0001222
-000641
-004075
-004716
-003377
-003377
-003726
-002096
0000407
0001688
0001920
0002561
0003085
0002095
0000756
0000989
0002212
0002503
0002212
0002910
0003550
0002212
0000232
-000175
0000640
0001222
0001222
0000582
0000058
0001280
0002968
0003026
0001455
-001048
-003319
-004017
-003319
-002445
-001747
-001747
-001863
-000408
0001280
0000523
-001339
-000932
0000291
-000583
-002853
-004948
-005356
-002213
0002270
0004016
0002852
0000291
-001980
-001398
0000756
0000931
-000117
-000175
0000465
0000814
0000756
0000640
0000291
-000466
-001107
-000583
0000582
0001455
0001397
-000233
-002154
-001921
-000292
0000582
0000698
0001047
0001338
0001397
0000873
-000583
-002387
-003901
-004192
-002504
-000350
-000874
-002562
-001805
0000523
0002095
0002561
0002153
0000756
-002038
-004425
-003784
-001165
0000698
0001513
0001862
0001397
-000059
-002213
-004716
-006113
-004483
-000874
0002153
0003667
0003143
0001629
0001746
0002386
0001164
-001165
-003027
-003784
-003319
-001863
0000000
0001280
0000756
-000699
-000990
-000292
0000291
0000931
0002270
0003318
0002735
0000814
-001398
-003086
-003493
-003144
-003901
-004366
-001921
0001513
0002095
0000756
0000640
0001338
0001688
0001338
-000233
-001281
0001455
0004947
0003609
-001048
-005239
-006695
-003260
0002037
0003085
0001338
0001629
0003201
0003376
0002444
0001513
0000407
-001921
-003551
-001281
0002270
0001280
-001805
-000990
0001862
0001920
0000116
-000641
-000699
-001281
-002271
-003377
-003901
-002911
-000932
0001164
0001979
-000350
-003493
-002969
-000408
-000059
-001281
-002038
-001863
-000059
0001746
0000640
-001863
-002445
-001572
-001456
-001456
0000291
0002153
0001047
-001398
-001805
-000466
0001222
0002328
0001513
-000117
-000524
0000232
0001397
0002212
0001571
0001047
0004249
0008033
0006461
0001571
-001514
-001747
0001455
0004889
0003143
-001689
-004017
-004017
-003901
-003377
-001980
-000524
0000000
-001048
-004308
-007277
-005414
-001107
0000349
-000583
-001339
-001398
-000466
0000582
0000116
-000990
-000932
0000465
0003318
0005879
0005646
0004016
0004715
0006636
0006927
0006053
0005471
0004715
0002561
0000000
-001398
-001398
-000408
0000931
0001397
0001164
0001222
0001047
-000641
-002853
-003377
-003144
-004948
-007102
-006229
-003551
-001689
-000990
-000874
-001339
-002271
-002969
-002329
-000932
-000059
0000407
0001455
0001979
-000117
-002387
-000350
0003492
0003667
0001629
0001688
0003376
0004656
0005064
0004132
0002619
0002386
0002619
0000989
-000699
0001338
0004656
0004424
0001804
0000640
0000756
0000465
0000349
0001455
0002852
0002968
0002037
0000698
0000349
0003376
0006519
0003783
-001630
-002271
0000349
0001804
0001455
-000466
-002445
-001689
0000640
0001688
0001164
-000466
-001921
-001223
0000640
0000814
0000232
0001397
0003376
0004074
0003318
0001222
-001048
-001747
-001281
-001572
-001747
0000174
0002386
0001513
-000932
-001048
0000291
0000814
0000349
-000641
-001281
0000116
0001920
0000989
-001398
-002096
-001339
-000117
0000523
-001281
-003202
-000641
0002968
0000232
-005239
-005647
-002154
0001047
0002444
0000582
-002969
-004832
-004425
-001689
0001222
0000523
-001980
-001921
0000116
0001746
0002910
0004482
0005413
0003900
0001629
0001688
0003026
0002735
0000989
-001339
-003144
-003260
-001689
0000989
0003434
0003900
0002270
-000699
-003377
-003260
-001863
-002969
-004948
-003959
-001863
-002969
-005123
-003551
-000117
0000814
0000174
0001222
0002444
0000291
-002678
-001165
0002328
0001979
-000524
-000350
0001222
0000640
-000815
-000466
0001164
0002619
0003318
0002677
0001688
0002561
0004307
0004889
0003725
0000116
-003493
-002853
0000058
0000058
-001107
0001397
0005180
0005821
0003434
-000233
-003086
-002038
0000873
0000698
-001398
-002271
-001921
-000641
0000232
-001630
-004366
-004250
-002504
-002562
-003551
-003202
-002620
-004774
-007160
-004832
-000059
0002328
0002503
0003085
0002735
-000815
-004948
-004890
-001805
0000640
0001804
0002212
0001688
0000640
-000233
0000465
0001629
0001164
-000175
-000233
0000465
0000116
-000059
0002677
0005937
0005297
0002095
0000000
-000757
-001630
-001398
0001979
0005471
0003958
-000233
-001107
-000350
-002562
-005996
-007277
-006404
-004425
-002736
-003202
-004657
-004308
-002504
-000524
0000407
-000990
-003901
-006287
-007160
-005996
-003668
-002096
-001805
-002795
-004308
-004716
-004192
-003493
-002736
-001747
-000990
-000990
-001514
-001863
-002213
-003086
-003784
-002969
-001398
-000815
-000757
-000117
0001047
0002735
0003783
0002386
-000117
-000757
-000408
-001689
-003260
-002562
-000815
-000583
-002154
-005065
-007801
-008558
-006986
-003144
0000174
-001398
-005298
-005589
-002969
-000408
0001222
0001571
0000814
0000058
-000350
0000000
0000989
0002619
0003841
0003143
0001222
-000408
-001398
-002445
-002795
-000874
0001164
-000699
-003726
-001630
0002619
0002444
-000874
-003319
-004425
-005239
-004425
0000058
0005180
0005937
0002910
-000990
-004017
-004308
-002445
-000641
0000058
-001223
-003435
-004308
-003726
-002620
-001223
0000582
0000931
-003668
-008674
-005472
0001455
0001688
-001805
-000757
0002852
0004132
0003492
0002794
0002153
0001397
0000640
-000292
-000757
0000291
0001804
0001571
0000640
0001338
0003376
0005646
0006461
0003609
-000583
-001339
0000407
0001164
0000989
0000640
0000174
-000757
-000932
0001804
0004482
0001222
-004075
-002969
0001397
0001164
-001863
-002620
-001863
-002154
-002853
-001805
-000757
-003144
-006404
-005298
-001863
-001339
-002271
-000408
0002619
0003318
0002444
0002153
0002212
0001862
0001106
-000292
-001165
0000174
0002386
0002153
0000989
0002619
0005006
0003550
-000059
-002096
-002213
-001048
0000523
0000873
0000058
-001107
-002096
-002271
-001805
-001398
-001048
-000350
-000059
-001281
-003435
-005181
-005647
-004250
-002154
-001747
-002620
-002795
-002736
-004192
-005181
-002096
0002910
0005762
0005530
0002212
-001572
-001456
0000756
0000000
-002387
-002911
-001805
-000874
0000174
0002212
0004074
0003783
0002095
0000756
-000350
-002445
-004017
-002620
0000291
0001746
0001862
0002153
0002619
0003550
0003900
0001629
-001339
-001514
-000350
-001689
-003726
-002387
0000523
0000873
-000699
-002213
-002969
-002911
-001863
-000175
0001106
0000291
-001514
-001689
-001048
-002271
-003435
-001048
0002910
0004191
0002910
0000989
-000699
-000583
0000232
-000815
-002620
-002736
-001398
0000349
0001455
0000873
-000874
-002154
-002795
-002736
-002154
-001572
-000874
0000116
0001164
0002095
0002619
0002212
0001513
0001804
0002212
0000989
-000932
-001689
-001630
-002620
-002969
0000582
0004598
0002386
-002736
-003086
-000408
-000059
-001048
-000466
0001338
0003725
0005180
0003434
0000000
-001805
-002096
-002213
-002445
-003435
-004308
-003493
-001456
0000523
0002270
0004424
0005879
0005238
0003143
0000931
0000058
0002503
0005937
0005471
0002328
-000117
-000990
-000175
0001571
0002910
0002968
0001513
-000757
-002445
-002678
-000408
0002619
0003318
0002095
0000698
-000408
-001281
-001339
0000174
0001688
0000116
-002678
-002853
-000757
0001920
0004016
0003958
0002735
0002677
0003318
0003318
0002852
0002503
0001979
-000117
-001630
0001338
0005471
0003667
-000932
-000583
0001979
-000117
-004483
-005181
-003668
-004192
-005880
-005705
-004832
-006229
-007684
-004657
-000233
-000815
-004308
-005181
-003959
-003202
-003086
-003901
-004541
-002969
-000466
0000058
-000757
-000408
0000058
-001921
-004366
-003784
-001165
0000523
0001106
0001047
0001106
0002910
0004889
0004249
0001571
-001689
-003202
0000640
0006228
0006519
0002910
0000174
-000641
0000523
0003026
0005355
0006228
0005006
0002037
-001689
-004366
-003493
-000932
-000932
-002387
-001805
-000583
-001747
-003842
-003260
-001863
-004075
-007510
-006753
-003784
-003726
-004948
-003202
-000117
0000407
-000874
-001456
-001572
-002562
-003144
-000874
0001862
0000116
-003260
-001980
0001688
0001979
0000349
0000814
0002619
0003667
0003259
0000640
-002271
-002038
0000000
0000116
-000583
0001338
0003667
0002270
-000466
0000814
0003783
0003201
0000349
-001165
-001107
0000291
0001804
0001455
-000350
-002329
-003319
-001398
0001397
0001106
-001107
-002096
-002038
-002736
-002969
-000583
0002386
0001629
-000932
-000932
0000756
0001164
0000756
0000989
0001397
0000640
-000292
0000698
0002444
0002153
0001222
0002561
0004831
0005180
0003783
0001629
0000116
0001222
0003259
0002677
0000232
-001980
-003144
-002213
-000699
-001805
-003959
-003901
-001863
0000989
0003259
0002968
0001280
0001222
0002503
0003609
0004016
0003085
0001106
-001107
-002911
-003726
-003202
-001456
0000640
0001979
0002153
0001280
0000291
0001047
0002619
0003143
0002561
0001455
0000582
0001164
0002212
0001280
-000757
-002271
-002620
-001805
0000116
0003376
0005704
0003841
-000350
-002329
-002271
-002445
-002154
0000640
0003026
-000175
-005356
-004890
-001339
-001572
-004133
-004890
-004133
-003377
-002678
-002038
-001747
-002038
-002678
-003610
-004075
-002911
-001630
-002969
-005356
-005414
-003493
-001339
0000523
0001571
0002212
0003667
0005122
0005238
0004307
0003143
0002444
0002794
0003550
0003259
0001979
-000175
-002154
-002678
-002271
-002795
-003668
-003493
-002562
-001689
-001630
-003027
-004890
-005531
-004774
-002969
-001630
-003202
-006054
-006229
-004832
-004774
-005763
-006462
-006229
-004133
-001630
-001689
-002911
-001630
0000582
0000291
-001281
-001572
-000583
0000873
0001979
0001513
0000523
0001629
0003026
0000873
-002387
-001572
0001513
0002386
0001280
-000117
-001456
-002795
-003493
-002445
-000990
-001921
-003842
-003959
-002562
-001456
-000757
-000350
-000466
-001107
-002154
-003842
-004657
-002387
0000873
0001164
-000583
-001165
-000990
-002096
-003202
-001921
-000059
-001398
-003959
-003610
-001107
0000698
0001862
0003259
0004016
0003201
0001280
-000292
-001456
-002795
-003435
-002329
-000059
0002037
0003143
0001920
0000465
0003201
0006752
0004016
-001398
-001223
0001920
0000873
-002213
-001863
0000291
0000291
-000990
-000932
-000292
-000699
-001805
-002853
-002969
-000350
0002328
-000408
-005007
-003493
0000640
-001281
-005356
-002736
0003143
0004307
0002212
0001862
0002561
0001862
0000407
-000292
-000292
-000175
0000698
0003958
0007392
0007683
0005704
0004249
0003841
0004424
0005122
0003783
0001222
-000932
-001921
-000815
0000931
0000582
-000641
0000407
0002503
0003318
0002794
0001920
0000814
-000466
-001689
-002911
-003726
-003726
-002969
-002096
-001281
-000350
-000233
-002620
-005298
-003668
-000117
0000000
-002329
-003842
-004017
-002736
-001107
-001223
-002329
-002387
-001339
0000232
0001920
0003201
0003900
0004365
0003841
0001047
-002154
-002387
-000990
-001630
-003202
-002969
-001398
0000349
0001280
-000233
-002387
-001398
0000756
-000175
-002853
-004075
-003493
-001456
0000232
-001398
-004483
-004308
-002445
-002911
-004425
-003842
-001863
-000466
0000116
0000291
0000174
0000116
0000407
0001222
0001746
0000698
-001048
-001980
-001223
0002444
0006170
0005471
0001862
-000466
-000583
0001629
0004016
0002386
-000932
-000117
0002328
0000291
-003726
-004017
-001805
-000757
-000874
-001398
-001572
0000000
0002328
0003318
0002735
0001106
-000641
-001281
-001339
-002329
-003901
-005531
-005996
-003610
-000583
-001572
-004133
-002678
0000523
0000349
-002445
-005123
-006462
-005472
-002969
-001572
-000350
0004016
0007625
0003550
-003784
-005472
-002154
0002095
0005588
0006577
0005762
0005995
0006112
0003318
0000174
0001280
0004715
0006053
0004947
0002503
-000117
-001048
-000641
-000757
-000815
0000523
0001688
0000058
-002969
-004017
-003319
-002213
-001223
-000932
-000641
0001629
0004074
0003259
0000640
-000350
-000524
-002969
-005414
-003668
0000232
0001280
0000523
0001862
0003026
-000932
-005531
-001805
0005471
0006053
0001280
-003260
-005938
-006113
-003435
0001920
0006810
0006577
0003783
0005064
0007742
0005122
0000291
-000408
0001920
0003550
0003434
0000582
-002795
-002154
0000523
-000175
-002096
0000000
0003550
0003085
-000059
-002329
-003144
-002736
-001805
-001980
-003027
-004192
-004774
-003610
-002038
-002678
-004192
-003901
-002154
-000408
0000698
0000756
0000291
0000756
0001979
0003259
0003725
0002328
-000292
-002620
-003901
-003959
-002387
0001397
0004773
0003492
0000349
0001920
0005238
0003259
-001514
-003027
-002213
-002562
-003435
-003144
-002038
-001165
-000699
-000408
-000408
-001048
-001398
0000873
0003026
-000117
-005356
-005880
-003027
-000874
-000292
-001921
-003959
-002911
0000291
0003143
0004074
0001280
-003086
-004657
-003202
-000292
0002735
0004132
0003259
0000174
-003086
-003435
-001456
0000116
0000989
0001862
0001862
-000524
-003086
-002038
0000873
0001338
0000407
0001513
0003259
0002619
0000640
-000233
-000292
-000815
-001572
-002329
-003027
-003668
-004017
-003842
-003260
-002736
-002154
-001107
0000291
0001571
0002212
0001455
0000116
0000174
0001222
0001746
0002095
0003376
0004424
0003143
0001047
0001280
0002735
0002212
0001047
0002561
0004424
0002270
-001863
-003202
-002213
-001339
-000757
-000583
-000583
-000059
0000291
-000932
-002620
-002678
-002038
-003202
-004716
-003260
-000757
-001514
-003901
-003435
-001805
-003260
-005938
-005996
-004017
-001980
-000757
-001048
-002387
-003726
-003901
-001223
0002095
0001688
-000466
0000814
0003609
0003201
0001106
0000931
0002037
0002328
0001513
-001165
-003260
-000350
0004307
0003958
0000873
0001222
0002910
0000698
-002969
-002620
-000408
-001456
-003842
-002620
0000407
0001397
0000523
-000583
-001398
-001630
-000874
0001106
0002735
0001571
-001048
-001689
-001107
-001921
-002795
-001048
0001746
0002503
0001629
0001106
0000873
0000465
-000175
-001165
-002154
-002795
-002853
-002504
-001863
-001456
-001048
0000465
0001571
-000815
-004133
-003377
0000349
0003667
0005646
0006636
0005762
0002328
-001805
-003610
-002911
-001107
0000814
0001862
0001571
0000291
-001456
-002562
-003377
-005123
-006520
-005414
-002795
-001107
-000815
-001630
-003202
-004716
-006113
-008674
-009896
-005938
-000117
0000989
-001281
-002504
-001863
0000582
0003318
0003376
0001222
-001281
-002853
-001689
0000582
0000640
-000757
-001107
-000292
0001280
0002677
0002503
0000814
-001630
-003377
-002096
0000465
0000989
-000524
-002969
-004657
-002736
0000465
-000175
-002853
-003202
-001805
-000874
-000408
0000058
0000116
-000583
-001863
-003551
-004541
-003493
-001107
0000873
0001571
0000465
-001630
-002678
-002387
-000641
0001280
0001338
0000058
-001107
-001456
-000583
0001106
0002444
0002910
0001746
0000291
0000931
0002619
0002561
0001746
0002677
0004132
0003259
0000814
-001398
-002795
-002911
-002038
-000815
0000349
0001920
0002444
-000466
-004075
-003377
-000175
0000465
-000641
-000699
-000292
-001223
-002213
-000874
0001338
0001280
-000292
-000990
-000757
-000175
0000698
0002212
0003318
0002328
0000407
0000407
0001688
0002619
0003026
0003492
0003143
0000407
-002445
-001514
0001629
0003085
0002852
0002270
0001920
0002735
0004016
0004074
0003201
0002386
0001862
0002444
0002503
-000932
-005356
-006345
-004366
-001980
-000524
-001572
-004192
-006345
-006869
-004308
-000932
-000990
-002969
-002562
-000466
0001164
0002037
0002386
0002095
0001047
0000174
0001280
0003085
0003085
0001804
0001338
0001397
0001164
0000931
0001571
0002503
0002968
0002852
0002444
0001979
0001746
0002153
0003667
0005355
0006053
0005122
0002153
-001048
-001398
-000233
-001048
-003027
-003959
-003493
-001747
-000292
-002096
-004890
-003959
-000641
0001338
0001338
-000641
-003202
-004366
-003668
-001514
0000873
0002153
0001513
-001281
-004541
-005647
-004133
-000524
0003026
0003318
0001047
-001048
-001921
-000757
0001571
0003085
0003550
0003434
0002619
0001164
-000292
-000990
-000757
0000640
0001688
-000408
-002969
-000757
0003609
0003958
0002153
0003259
0005355
0004016
0000931
0000058
0000873
0001106
0000931
0000989
0001164
0001222
0001338
0002037
0001920
-001921
-006287
-005589
-001572
0001047
0001979
0002735
0002794
0001455
-000117
-000059
0001164
0002153
0002619
0002910
0002968
0003085
0002619
0000465
-001630
-000524
0002328
0003376
0002677
0001455
0000465
0000931
0002212
0002619
0002153
0001513
0000174
-003260
-006404
-005647
-002736
-002271
-003493
-003726
-002911
-001747
-000990
-001514
-002853
-004192
-004366
-002329
0000582
0001629
0001222
0000989
0001338
0002677
0004074
0004191
0002503
-001456
-005123
-004250
-000699
0000640
0000174
-000117
0000291
0002095
0004482
0005821
0005995
0005995
0005413
0003434
0001047
-000350
-000175
0001804
0003900
0003143
0000989
0001397
0002735
0000873
-002620
-004832
-004948
-002387
0000407
-001223
-004716
-004192
-000990
0001338
0001746
-000292
-003086
-003493
-002096
-001456
-001107
0000232
0001397
0000232
-001630
-000466
0001688
0000174
-002562
-000990
0002037
-000117
-004075
-002271
0002735
0004715
0004249
0004540
0004889
0003958
0002561
0002037
0002153
0002037
0001746
0001455
0001455
0002328
0002910
0001222
-001107
-001281
0000582
0002910
0004598
0004307
0002619
0001455
0000465
-001921
-004483
-004948
-004483
-006345
-008383
-006345
-002154
0000407
0000640
-000815
-003144
-004832
-005065
-003435
-000699
0001979
0003550
0003667
0002561
0001397
0000698
0001164
0002037
0002270
0001455
-000466
-002504
-003319
-003086
-003086
-002853
-001339
0000174
-000815
-002387
-000699
0002968
0006053
0006810
0003201
-001980
-003726
-002213
0000291
0002212
0000931
-001689
-001630
0000058
0000232
-000932
-002678
-003842
-002853
-000699
0000116
-000059
0000640
0000989
-001165
-004133
-004716
-002911
0000174
0002677
0001455
-001223
-000292
0002503
0002735
0001047
-000350
-000874
-000583
0000407
0001688
0002852
0003376
0003725
0005238
0006577
0005530
0002444
-001921
-004716
-001689
0003550
0003376
-000408
-002096
-002329
-004250
-005239
-000233
0005937
0003783
-002736
-004192
-001980
-001630
-002678
-003435
-003551
-002562
-001107
-000815
-000757
0001106
0003259
0002503
0000523
0000931
0003143
0005413
0006519
0005064
0002561
0002095
0002852
0002153
0000465
-001398
-001980
0001222
0004889
0002619
-002329
-002213
0000873
0001338
-000233
-001456
-001805
-000699
0000465
-000815
-003319
-003842
-003202
-003842
-004716
-002969
-000874
-003144
-007160
-007102
-004250
-002620
-002154
-001572
-001165
-001339
-001689
-001339
-000874
-001107
-001980
-003260
-003493
-000641
0003434
0005762
0005355
0002444
-001223
-002445
-001630
-001165
-000815
0000756
0002095
0000931
-001689
-003319
-004017
-005065
-004890
-000757
0003841
0002328
-002154
-001747
0001571
0002153
0000814
0000291
0000349
-000350
-000990
0000349
0001513
-001689
-006811
-009081
-007975
-003842
0000291
-000466
-004133
-006287
-005298
0000523
0006461
0004132
-002096
-001980
0002153
0003026
0001571
0000465
0000291
0001804
0003434
0002037
-000524
0000349
0002386
0000291
-003377
-002736
0000000
-000408
-002736
-003959
-003493
-000932
0001688
0000465
-002795
-004192
-003202
-000117
0002910
0002503
-000408
-003202
-004716
-004250
-002504
-001165
-001107
-003086
-005589
-005938
-004657
-003842
-003493
-002853
-002562
-003493
-004425
-003027
-000815
-001339
-002853
-001339
0001222
0000465
-002329
-004192
-004250
-002213
0000407
0000640
-000815
-001514
-001223
0000058
0001455
0001513
0000465
-000874
-001921
-002154
-001223
0001571
0004249
0003667
0001280
0000407
0000756
0000640
0000000
-000815
-001805
-002969
-003435
-001398
0001222
0000349
-001980
-001223
0001164
0001455
0000291
-000699
-001165
-001223
-000757
0000523
0001513
0000407
-001747
-002271
-001863
-002678
-003901
-004017
-002853
-000466
0001920
0002270
0001222
0001047
0001047
-000583
-002969
-004774
-004948
-002795
0000582
0003492
0004307
0001804
-002387
-005472
-006287
-004308
-001398
-000874
-002271
-003144
-003377
-003377
-003202
-003144
-003144
-003319
-003086
-001630
0000407
0001804
0002153
0001280
-000175
-001223
-000932
0001688
0004715
0005122
0003376
0002153
0001106
-000815
-002504
-002096
-000408
0000698
0000756
-000059
-001107
-001339
-000292
0002852
0005471
0003143
-001107
-000233
0003143
0002212
-000874
-000932
0000873
0001571
0000756
-002038
-005007
-005007
-003260
-002736
-002969
-001805
-000292
-000175
-000990
-001456
-002038
-004541
-006695
-004250
0000058
0000582
-001514
-002911
-002329
0001571
0005995
0005937
0003376
0003958
0006112
0005762
0003783
0002561
0001979
0000756
-000583
-001223
-001223
-001107
-000466
0001455
0003492
0003492
0002212
0001455
0001222
0001047
0000931
0000873
0001047
0001688
0002270
0001920
0000989
0000465
0000407
0000523
0000407
-001107
-002562
-001398
0000523
-001107
-003784
-001980
0002386
0005064
0005180
0002561
-000583
0000291
0003026
0002444
-000233
-001689
-001514
0000058
0001629
0000407
-001921
-001223
0000640
-000932
-003726
-002969
0000000
0001804
0002503
0003318
0003958
0004249
0003958
0002444
0000873
0001106
0002153
0001804
0000523
-000408
-000641
-000583
0000349
0003201
0005879
0005471
0002561
-000699
-002736
-002096
-000059
-000059
-000699
0001804
0005064
0004482
0001397
-000641
-001048
0000174
0001688
0000756
-001223
-000932
0000640
0000989
0000407
0000349
0000407
-000524
-001747
-002154
-001572
0000000
0001047
-000874
-004133
-005356
-004366
-002387
0000058
0002852
0004598
0003725
0001513
0001106
0001222
-001630
-004890
-003610
-000175
-000059
-001980
-002096
-000874
0000116
0000407
-000233
-001398
-002620
-003144
-002154
-000699
-001165
-002154
-000583
0001920
0001862
0000116
-000757
-000699
-000233
0000349
0000756
0001164
0002212
0003609
0005064
0005471
0003085
-000292
-001398
-000874
-001514
-002387
-001630
0000174
0001804
0002561
0001920
0000407
-000874
-001572
-001630
-001281
-001107
-001165
-000990
-000815
-001398
-001863
-000524
0001164
0000058
-002445
-003260
-002678
-002562
-002853
-003319
-003551
-002795
-001747
-002154
-002504
0000523
0004365
0003492
0000523
0002212
0005762
0004773
0001222
0000116
0000989
0001164
0001338
0003026
0005122
0005588
0004889
0004656
0004424
0003085
0001397
0001106
0001455
0000174
-001107
0000989
0004074
0003376
0000291
-001048
-000990
-001107
-001165
-000641
-000117
-000117
-000815
-002271
-003726
-004133
-003901
-004483
-004657
-001689
0001920
0001338
-001630
-002504
-001805
-002213
-002387
0000582
0004249
0004249
0002095
0002328
0003958
0004132
0003318
0002561
0002095
0002153
0001979
0000000
-001980
-000641
0002444
0003958
0003667
0002619
0001455
0001338
0001397
-000699
-003377
-003784
-002213
-000292
0000931
0000523
-000932
-001630
-001747
-002096
-002387
-001689
-000990
-002038
-003551
-003202
-002038
-002736
-004425
-004832
-004133
-003260
-002154
-000757
0000232
-000175
-001223
-001572
-001339
-001630
-001805
-000990
0000174
0000000
-000815
-000699
0000174
0001164
0001280
-001165
-004192
-004425
-002504
-000583
0000465
-000117
-001689
-002736
-002911
-002096
-001165
-002096
-003668
-002911
-001572
-003435
-006404
-005531
-002678
-002387
-003610
-003202
-002154
-002853
-003551
-000408
0003609
0002852
-000641
-001223
0000000
-000175
-001107
-001223
-000757
-000408
-000175
0000407
0000698
-000233
-001921
-003493
-004366
-004017
-003435
-004599
-006287
-005705
-003784
-003144
-002853
-000408
0002386
0002270
0000000
-002329
-003319
-000990
0002037
0000465
-003435
-004017
-002504
-002678
-003202
-000815
0002037
0000640
-002736
-002853
-000699
0000174
0000000
-000233
-000350
-000117
0000523
0001746
0002852
0002968
0002503
0002735
0003376
0003492
0002910
0001455
-000233
-001339
-001398
0000116
0001397
-000932
-004599
-004774
-002504
-000990
-000524
-000932
-001514
-000874
0000291
0000349
-000117
0000523
0001047
-001281
-004192
-002969
-000175
-001514
-004890
-005472
-003842
-002504
-001689
-001165
-001048
-001281
-001398
-000408
0000582
-000699
-002562
-001456
0001571
0004074
0005355
0005762
0004947
0003026
0001280
0001920
0003725
0004249
0002910
-000699
-004133
-003901
-001048
0000523
0001106
0002037
0002968
0003376
0002794
0000116
-002620
-002271
-000292
-000233
-001980
-004250
-006054
-006404
-005647
-005298
-005065
-004075
-003202
-004017
-005356
-005181
-003610
-001805
-000583
-000990
-002387
-003027
-003202
-004017
-004599
-003493
-001339
0000523
0001571
0001629
0000698
-001339
-003027
-002271
-000292
-000350
-001747
-002969
-002795
0000814
0004482
0001513
-003842
-002329
0002095
-000233
-005531
-005007
-000932
0000291
-000641
-000932
-001281
-003784
-005938
-003027
0001746
0001688
-001630
-003551
-003610
-002562
-001048
-000524
-000990
-001572
-001980
-001805
-001281
-001281
-001805
-002911
-003493
-001514
0001338
0002037
0000756
-001048
-002562
-002853
-001921
-000233
0000931
-000175
-002271
-002504
-001339
-000583
-000292
0000058
-000059
-001572
-002795
-000874
0002328
0002910
0001513
0000291
-000059
0000814
0002037
0001920
0000931
0000814
0000931
-000292
-001980
-002387
-001863
-001921
-002096
-001398
-000233
0000523
0000756
0000698
0000698
0001688
0002968
0003376
0002910
0002328
0001571
0000465
-000350
-000117
0000814
0002037
0002386
-000233
-002969
-000233
0004715
0004424
0001164
0001397
0003318
0002037
-000699
-001281
0000000
0002037
0003026
0000523
-003551
-005298
-004774
-003493
-002504
-003551
-004774
-002038
0001746
0000291
-003144
-000874
0003609
0001862
-002736
-002038
0001338
0000640
-001863
-000524
0002561
0002503
0000407
-001048
-000757
0002619
0006228
0005006
0001455
0001920
0004191
0002328
-000990
-000117
0003259
0004715
0004365
0003434
0002677
0003550
0004773
0003667
0001338
0000174
0000582
0002386
0003958
0002095
-001048
-000757
0001280
0000640
-001456
-001747
-000932
-001223
-001805
-000815
0000640
0000698
-000757
-003610
-005996
-004890
-002271
-002795
-004366
-001398
0002910
0002037
-001107
0000873
0005064
0004889
0001920
0000582
0001164
0002910
0004947
0005995
0005530
0003143
0000523
0000174
0001106
0000058
-001805
-001921
-000874
-000990
-001514
-000757
0000349
0000058
-001339
-002736
-003551
-003493
-002736
-002271
-001572
0000465
0002561
0002619
0001047
-000524
-001805
-002678
-003435
-005007
-006229
-005065
-002562
-000990
-000583
-000874
-001339
-001048
-000524
-001165
-001689
0000523
0003609
0004191
0002561
-000059
-001863
-000117
0002910
0002037
-000466
0000756
0003376
0001629
-001747
-000466
0002852
0001920
-001048
-000815
0001862
0004540
0005530
0002910
-000932
-001165
0000523
-000350
-003027
-005414
-006287
-004133
-000815
-000408
-001281
0000873
0003900
0003376
0000465
-001863
-002504
-000524
0002503
0003434
0002852
0003318
0003783
0001862
-000815
-000874
0000582
0000407
-000059
0002212
0005064
0004424
0001513
-000350
-000583
0000814
0002968
0004365
0004307
0002270
-000641
-002213
-002387
-002096
-001107
0001047
0003259
0004191
0003201
-000117
-003377
-002504
0000640
0001280
0000116
0000058
0000698
0000814
0000523
0000174
-000175
-000874
-000990
0001280
0003609
0001513
-002154
-001223
0002270
0002386
0001047
0003201
0006461
0006053
0003201
0001397
0000989
0001397
0002328
0003434
0003667
0001513
-001514
-002911
-002387
-000408
0001338
0000000
-002038
0000873
0005006
0002444
-003493
-004948
-003202
-002969
-003435
-002329
-000583
-000175
-000699
-000874
-000990
-001980
-002911
-002096
-000524
-000757
-001572
-000117
0001862
0000465
-002038
-000699
0002328
0002328
-000117
-002678
-004075
-002969
-000699
-000524
-001223
0000523
0002852
0001862
-000524
0000523
0002910
0001455
-001630
-001223
0000582
-001572
-005123
-004366
-001223
-000233
-001223
-002213
-002795
-002562
-001805
-001456
-001107
0000232
0001397
0000174
-001863
-001223
0000291
-001514
-004657
-004832
-003144
-002620
-002620
-000874
0000698
-001630
-005181
-004366
-000932
0000058
-000350
0001222
0002619
-000641
-005065
-003842
0000640
0002386
0000814
-003842
-008034
-005822
-000117
0001513
0000000
-000292
-000757
-004890
-008965
-006811
-000990
0002561
0002968
0001746
-000757
-004017
-006345
-005705
-003493
-002969
-003202
-001223
0000931
-000699
-004017
-004716
-002736
0000756
0003783
0003434
0000756
-001281
-002387
-003086
-003202
-002678
-002038
-001805
-001980
-002445
-002213
0000465
0003725
0004191
0002386
0000814
-000932
-004541
-007393
-005007
-000292
0000174
-001456
0000523
0004016
0004249
0001804
-001281
-003668
-003842
-002445
-001107
-000699
-001747
-003260
-003202
-001863
-000292
0000582
-000583
-001980
0000174
0003492
0002619
-000641
-001398
-000524
-001048
-002271
-002736
-002096
0000291
0002212
-000583
-004774
-003551
0000465
0000174
-002329
-001223
0001280
-000408
-003493
-001921
0001804
0001455
-000757
0000814
0003841
0002910
0000058
0000058
0002037
0003667
0004191
0002794
0000989
0001862
0003667
0002619
-000350
-002736
-003726
-003260
-001689
0000291
0001047
-001514
-005065
-004832
-002445
-002387
-003493
-002271
-000175
-000292
-001572
-001747
-000641
0001164
0002852
0003434
0002794
0001106
0000058
0002619
0005995
0004773
0000814
-001281
-001398
-001339
-000524
0002386
0004773
0002619
-001689
-002678
-001339
-001223
-001921
-001689
-001339
-002678
-004192
-003086
-000583
0000116
-000641
-001339
-001863
-002213
-002271
-001805
-001921
-004890
-007801
-005181
0000349
0002968
0002095
-001747
-005880
-005822
-003086
-002213
-002678
-002154
-001339
-001514
-002038
-001456
0000174
0002561
0003900
0000931
-003144
-002096
0001513
0001106
-001165
0000407
0003318
0002095
-001514
-003842
-003842
-001107
0002212
0001979
-000233
-000524
0000640
0001513
0001629
0000058
-001921
-001980
-000524
0001164
0001862
-000175
-003027
-002271
-000524
-004075
-008907
-006986
-001339
0000523
-000466
-000524
0000232
0001047
0001571
0001629
0001047
0000058
-000641
-000233
0001164
0003143
0004598
0003550
