-000757
-001339
-001572
-001921
-002096
-001863
-000990
0001222
0003201
0002735
0000465
-001980
-003551
-003610
-002154
-000233
0001804
0003783
0004773
0003783
0001746
0000465
0000116
0000756
0000814
-002678
-006462
-003842
0001164
-000524
-005414
-004832
-001281
-001339
-003144
-001630
0001688
0003376
0003259
0001979
0000814
0002270
0004598
0004016
0001979
0001920
0003376
0004482
0004831
0004016
0003085
0004307
0006112
0005122
0002968
0003376
0004889
0004482
0002328
-000233
-001863
-000292
0002212
0000931
-002387
-003377
-002736
-002853
-003668
-004716
-004774
-002096
0001455
0002095
0000523
-000408
-000815
-001572
-001921
-000466
0000931
-001048
-004425
-005007
-003435
-002213
-001805
-002271
-002736
-001281
0000873
0001164
-000059
-001281
-001805
-000641
0001920
0005297
0007509
0005995
0002677
0002153
0003550
0003725
0003026
0002503
0002095
0001280
0000873
0002386
0004249
0003550
0001397
0000523
0000931
0001920
0002619
0001455
-000466
-000990
-000641
-001281
-002678
-004366
-005356
-004366
-002736
-003435
-005531
-006753
-006869
-006637
-005880
-004657
-003319
-002504
-002387
-003319
-003901
-001980
0001397
0003550
0004249
0004074
0003900
0005821
0008033
0007276
0004598
0002968
0002037
0000291
-001514
-002329
-002329
-002504
-002096
0000465
0002852
0000698
-002795
-000408
0004191
0002444
-001980
0000407
0004889
0000698
-007044
-006695
-002096
-003784
-007626
-003610
0003609
0003958
-000117
-001165
-000175
-000699
-001980
-001689
-000874
-001630
-002853
-002213
-000641
-000117
-000292
0000116
0001397
0003841
0006403
0007159
0006694
0006694
0006694
0005413
0003783
0003609
0003841
0001746
-000466
0001746
0005704
0005646
0002561
-000292
-001921
-001572
-000350
-001165
-002562
-001107
0001688
0003143
0002270
-001456
-005298
-004657
-000874
0002095
0002968
0001338
-001630
-003668
-003901
-002154
0000058
-000466
-001980
-000466
0002386
0002444
0000814
0000232
0000523
0000756
0000931
0001455
0002037
0002444
0002503
0002328
0002328
0003201
0004074
0003376
0001455
-001048
-002736
-002038
-000117
0000174
-001048
-002620
-003784
-003726
-002445
-001223
0000407
0003958
0006810
0005064
0000407
-003144
-004541
-003901
-002096
-000874
-000757
-001921
-003319
-002736
-001281
-001630
-002620
-001165
0000698
-001339
-004483
-002736
0001571
0003085
0002153
0001106
0000756
0002153
0003900
0002735
0000291
0000058
0001746
0004074
0005413
0003725
0000698
0000523
0001920
0001513
-000175
-001747
-002096
0000291
0003609
0004191
0002386
-000059
-001747
-000524
0001746
0001222
-000874
-000641
0000116
-002678
-005996
-003610
0001222
0001222
-001630
-001863
-000292
0000465
0000873
0002444
0003900
0002852
0000989
0001688
0004132
0005821
0006461
0006286
0005937
0006927
0008091
0006868
0004773
0004889
0006636
0008382
0008440
0004365
-000990
-002271
-000059
0002619
0004249
0003201
0000814
0000523
0001222
0000000
-002504
-004890
-005589
-002154
0001688
-001281
-007044
-006171
-001805
-001921
-004599
-003842
-001921
-004483
-008208
-005763
-001339
-004250
-010071
-008732
-003027
-000757
-000757
0001106
0003550
0004540
0003841
0001688
-000175
0000640
0003609
0006985
0009080
0007858
0004598
0002561
0002095
0002852
0003900
0003550
0002386
0002037
0002503
0003609
0004016
0001455
-001747
-000641
0002270
0001164
-001630
-000175
0003318
0004074
0002444
0000756
-000641
-001572
-001689
-000524
0000465
-001281
-004075
-003842
-001980
-001980
-003202
-004017
-004017
-002445
-000524
-000233
-000699
0000640
0002968
0004598
0005122
0004249
0002910
0002852
0003725
0004598
0005064
0004598
0003900
0004191
0004889
0005180
0004424
0002153
-000466
-001630
-001456
-001165
-000757
0000291
0001397
0002153
0001979
0000814
-001107
-003610
-005181
-003901
-001107
0000291
0000174
-000466
-001048
-000815
-000117
-000117
-000233
0000989
0002328
0001106
-000641
0001338
0004656
0004540
0001629
-001339
-002911
-001630
0001338
0002910
0003085
0002852
0002561
0003085
0003201
0000291
-003027
-002038
0001571
0003550
0003143
0000582
-002620
-003493
-002620
-002329
-002271
-001339
-000350
-000524
-001689
-003027
-004133
-004716
-004483
-003260
-002445
-004425
-007102
-006345
-003027
0000291
0002444
0002677
0001338
-000466
-001281
0000698
0003550
0003725
0001920
0000523
0000465
0002619
0005180
0004889
0002503
0000407
-000117
0002270
0005530
0006053
0004074
0001164
-000815
0000407
0003492
0005413
0004889
0000698
-003901
-003202
0000582
0001455
0000174
-000059
0000640
0001455
0001688
0000000
-002445
-003086
-002795
-004075
-005589
-004716
-002329
-000117
0000582
-002038
-005356
-003901
-000175
-000117
-002154
-001863
0000116
0001804
0002735
0002910
0002037
-000350
-001863
0001746
0006927
0006927
0003026
-000466
-002154
-001572
0000873
0004074
0006170
0004889
0001455
-001281
-002445
-001863
-000350
0000582
0000698
-000175
-000757
0001455
0004016
0002328
-001747
-003551
-003260
-002969
-002387
-000874
0000407
-000059
-001630
-002678
-002911
-001980
-001048
-002038
-004075
-005414
-004948
-001048
0003434
0003376
0000523
-000292
0000000
-001863
-003319
0000582
0006344
0007101
0003900
0000931
-000699
-000757
0000582
0002270
0003492
0003841
0003085
0001455
0000000
0000640
0001804
-000408
-003144
-000350
0004365
0003201
-001456
-003668
-003551
-003435
-003610
-004657
-005705
-005123
-003260
-000757
0000698
-001339
-004250
-002562
0001455
0002095
0000523
0000291
0000756
-000583
-001921
0000000
0003376
0004307
0003201
0002095
0001280
0000756
0000523
0000465
0000640
0001571
0002095
0000407
-002096
-002969
-001630
0001920
0005180
0004074
0000523
-000233
0000465
-001281
-003784
-003610
-001805
-001223
-001514
-000990
-000175
0000116
-000175
-000583
-001107
-001747
-002096
-001223
-000583
-002620
-005822
-006986
-005938
-003435
-000932
-000641
-001514
-000583
0001397
0002503
0002794
0003143
0003318
0003259
0002852
0002212
0001571
0001338
0001106
-000059
-001456
-002096
-001689
-000350
0000756
-000466
-002736
-003377
-002853
-003086
-003901
-004657
-005123
-005239
-004250
-000815
0002619
0001804
-001339
-001805
-000583
-001048
-002329
-002329
-001223
0000174
0000989
-000059
-002213
-004133
-005123
-004948
-003901
-003027
-002445
-002213
-001805
-000466
0001688
0004831
0007101
0006286
0003143
-000408
-002620
-000990
0001571
-001107
-005763
-004948
-000583
0001804
0002677
0004889
0006112
0001629
-004250
-003202
0001629
0001862
-000466
0000465
0002386
0000232
-003959
-005705
-005181
-004192
-003144
-002387
-002387
-003784
-004890
-002445
0001338
0002386
0001222
0000232
0000058
0001455
0002852
0000989
-001630
-000175
0003609
0005122
0004889
0005122
0005588
0005588
0005588
0006403
0007276
0007043
0005821
0004016
0002444
0002561
0002852
0000116
-003377
-003435
-001048
0000640
0001106
0000873
0000232
0000232
0000523
0000058
-000757
-000932
-000990
-002038
-003493
-003842
-003551
-003610
-004250
-006287
-007743
-005065
-001281
-002736
-006695
-006753
-003901
-001805
-000583
0000465
0000931
0000291
-000292
0001746
0004715
0005530
0004482
0003143
0002328
0003376
0004947
0004307
0002503
0002212
0003143
0004482
0005006
0003085
0000000
-001572
-001630
-001689
-001223
0000640
0002735
0003550
0002619
-000175
-003086
-003668
-002736
-002795
-003610
-004250
-004483
-003901
-003027
-002736
-002620
-001980
-000932
0000640
0001397
-000524
-003319
-003959
-002213
0001047
0003900
0003783
0001688
0000756
0000989
0001455
0002095
0002852
0003434
0004016
0004132
0003318
0002037
0001862
0001862
0000174
-002154
-003377
-003144
-001747
0000174
0001455
0001746
0000756
-000233
0001280
0003492
0002735
0000116
-001223
-001107
0000116
0001571
0001455
0000523
0000698
0001513
0001397
0000989
0001688
0002677
0002386
0001280
0000582
0000291
-000524
-000990
0000640
0002561
0001397
-001048
-001165
0000640
0002735
0003900
0002735
0000640
0000873
0002037
0000756
-001747
-002387
-001456
-000408
0000000
-001630
-003784
-003260
-001281
-000757
-001456
-002329
-002678
-001048
0000291
-002969
-007568
-006986
-003144
-001863
-001805
0001047
0004074
0002212
-001514
-000350
0003201
0002910
0000814
0001979
0004482
0004132
0001920
0000523
0000116
-000233
-000350
-000117
-000059
-001223
-002154
-000117
0003376
0004831
0004831
0005297
0006112
0006577
0006577
0005704
0004482
0003958
0003900
0003725
0003201
0002095
0000756
-000233
-000757
-001165
-001223
-000292
0000582
-000641
-002853
-003551
-003086
-003377
-003784
-002969
-001689
-001223
-001456
-001747
-002096
-002969
-003668
-003435
-002038
0000698
0003026
0002153
0000058
0001629
0004831
0004424
0002503
0004307
0007276
0005937
0002328
0001164
0002153
0003318
0004016
0003434
0002386
0002503
0003259
0003026
0002212
0001920
0001804
0001047
0000291
0000989
0002212
0001979
0001222
0002386
0003725
0001513
-001805
-000699
0002153
0000523
-003493
-005123
-004774
-005239
-005472
-003377
-000932
-002271
-004832
-003027
0000873
0001688
0000058
-001456
-002038
-001048
0000756
0001746
0001979
0002095
0002328
0002910
0003201
0001571
-000408
0000407
0002386
0002153
0000349
-001107
-001689
-001281
-000233
0000698
0000931
-000233
-001863
-002213
-001223
0000582
0002037
0001222
-000990
-002678
-003377
-003493
-002678
-000699
0000814
-000641
-003726
-005123
-004890
-004483
-004133
-004250
-004075
-001456
0001397
0000640
-002271
-003668
-003144
-000990
0001571
0002270
0001688
0001862
0002444
0002852
0002794
0001688
0000407
0000523
0001164
0000174
-001630
-002678
-002795
-002504
-001747
-000815
0000058
0000989
0001280
0000407
-000990
-001630
-001514
-001048
-000990
-002853
-004541
-001863
0002561
0003259
0001047
-000583
-001456
-002154
-002678
-003319
-003668
-003086
-001630
0000174
0001513
0001455
0000698
0000756
0001920
0004656
0006985
0005471
0002561
0003318
0005995
0005762
0003550
0001688
0000931
0002037
0003609
0002852
0000349
-001863
-003086
-002504
-001398
-002504
-004541
-004716
-003668
-003319
-003435
-003027
-002096
-001048
0000000
0001047
0001106
-001572
-004483
-002795
0000640
-000466
-003784
-003435
-000699
0001047
0001338
0000873
-000059
-000990
-001048
0000814
0003201
0003143
0001920
0002852
0004365
0002735
0000000
0000000
0002037
0003958
0004773
0003609
0001688
0001746
0002328
0000116
-003027
-003260
-001514
-000466
-000408
-001048
-002038
-003027
-003319
-001572
0000058
-002329
-006171
-005763
-002795
-002038
-002911
-002969
-002795
-003610
-005007
-006113
-006171
-004657
-002445
-000990
-000815
-001572
-002504
-001863
-000524
-000641
-001107
0000291
0002735
0004715
0005006
0001804
-001805
-000117
0004482
0006461
0005704
0003958
0002386
0002794
0003841
0001746
-001165
-000175
0003143
0004598
0004016
0002153
0000116
-000583
-000175
0000291
-000233
-003551
-006928
-005647
-001572
0000465
0000116
-001689
-003610
-003260
-002213
-004133
-007568
-009664
-009955
-009256
-007801
-006345
-005239
-004716
-004716
-004541
-004483
-005531
-006113
-003144
0000814
0000989
-001339
-002213
-001398
0000698
0002444
0001397
-001048
-001514
-000466
-000233
-000408
-000059
0000407
0000523
0000232
-000059
-000233
-000641
-000641
0001164
0002619
0000058
-004483
-006578
-006462
-006345
-006171
-005356
-004425
-004366
-005007
-005647
-005880
-005065
-003959
-003959
-004250
-002969
-000466
0002619
0004889
0004831
0003026
0001164
-000175
-000583
-000699
-002096
-003668
-003377
-001805
-000292
-000117
-002911
-005938
-003610
0000640
-001456
-005763
-002504
0003667
0001979
-003435
-002271
0001804
-000233
-005181
-005065
-002213
-003144
-005705
-004832
-002445
-003784
-005647
-001048
0005530
0005006
0000116
-001921
-001572
-001514
-001863
-002853
-003551
-002038
-000175
-001921
-004657
-002504
0001629
0000465
-002329
0001571
0008382
0009895
0007101
0004016
0001746
0000756
0001222
0003259
0004249
-000175
-006345
-007160
-003842
-000408
0000698
-003668
-009431
-008558
-003901
-003202
-005298
-005938
-005123
-003493
-002329
-004250
-006869
-005065
-001689
-003435
-007277
-006578
-003319
-003027
-004366
-003144
-001165
-002213
-004192
-002213
0001629
0002968
0002153
0001397
0001455
0003667
0005821
0003318
-000932
-000757
0002212
0003085
0002270
0001804
0001571
0000989
0000640
0001629
0002968
0002735
0001571
0001280
0001338
0000232
-001398
-002038
-001980
-002387
-002678
-001805
-000583
-000292
-001339
-004017
-006229
-004599
-001281
-001339
-003551
-004192
-003901
-004890
-005880
-004541
-001805
0000174
0000698
-000815
-003027
-003668
-002504
-000466
0001979
0004424
0005762
0004598
0002561
0003492
0005704
0005413
0003609
0002852
0002794
0002444
0001920
0001979
0002095
0001164
0000058
0000291
0000931
-000524
-002329
-000874
0001688
0000931
-001689
-002329
-001514
-001165
-001514
-002620
-004075
-005298
-005589
-004133
-002096
-001863
-002853
-003202
-002678
-001630
-000233
0001455
0002328
0000931
-001107
-000059
0001862
-000292
-003784
-002911
0000873
0003841
0004947
0003667
0001455
0001513
0002794
0002386
0001164
0001106
0001629
0001688
0000698
-002154
-005007
-005007
-003144
-002271
-002562
-003668
-004657
-003435
-002096
-004948
-009023
-008092
-004192
-002736
-003202
-002795
-002562
-005414
-007917
-003610
0002386
-001456
-008732
-005472
0003725
0007451
0006170
0004773
0002852
-001689
-004425
0002095
0011583
0011758
0005530
0002328
0001804
0000582
-000524
-000175
0000756
0000291
-000932
-001572
-001165
0000640
0002735
0003376
0002735
0001920
0000989
-000699
-002038
-001514
-000175
-000641
-001398
0001047
0003958
0001571
-003260
-003959
-002271
-003842
-005880
-002795
0002503
0003783
0001571
-001398
-003202
-001165
0002794
0004365
0003667
0002444
0001455
0002153
0003376
0002153
0000523
0003143
0007218
0006927
0004191
0004598
0006286
0005064
0002386
0001746
0002386
0002037
0000989
0000291
0000058
0000640
0001164
-000059
-001921
-001921
-001281
-002562
-004599
-004483
-003260
-003319
-004425
-005123
-005705
-006695
-007510
-007801
-006753
-002911
0001222
0001804
-000233
-001456
-001689
-001747
-001514
-000815
-000059
-000059
0000000
0001920
0004598
0005995
0006053
0005879
0005588
0005530
0005937
0007334
0008207
0006112
0002968
0003085
0005064
0004831
0003667
0004773
0006577
0005530
0002794
0001338
0000756
-000757
-002387
-002504
-001689
-001456
-001921
-002969
-003784
-002678
-000874
-000699
-001805
-002911
-003377
-002853
-001339
0000756
0002444
0002270
0000931
0000000
-000583
-001747
-002387
-000757
0002212
0004540
0005937
0007159
0007451
0005879
0003492
0002386
0002270
0001920
0001338
0000349
-000117
0001979
0004482
0003259
0000640
0001862
0004831
0004656
0002270
0000291
-000524
0000000
0001222
0001397
0000931
0000989
0001047
-000175
-001339
0000349
0003085
0003609
0001920
-001398
-004308
-003784
-001281
-000757
-001165
0000873
0002677
-001048
-006229
-004716
0000523
0001862
0000756
0002444
0004947
0003900
0001455
0002561
0005006
0003609
-000292
-003260
-004657
-004890
-003202
0001629
0005821
0002968
-002853
-002853
0001164
0003783
0004249
0002852
0000640
-000815
-000815
0001106
0003085
0001746
-001456
-003202
-003144
-001747
-000350
-001398
-003668
-004599
-004017
-002795
-001107
0000989
0002153
0000407
-002329
-002329
-000233
0001455
0002619
0004191
0005122
0003667
0001513
0002153
0004074
0003667
0002095
0002270
0003783
0005762
0006636
0004540
0001047
-000408
0000058
0000582
0001164
0002095
0002619
0001688
-000292
-002445
-004250
-005298
-005356
-004483
-003435
-003551
-004250
-003726
-002736
-002271
-002795
-004657
-006113
-004192
-000583
0000698
0000640
0002677
0005180
0004831
0003143
0003492
0005413
0007683
0008906
0007101
0004598
0006170
0009430
0008382
0005064
0004307
0005355
0005762
0005355
0004132
0002503
0000931
-000059
-000292
0000058
0000582
0000465
-001398
-003435
-002504
-000292
-000524
-002911
-006462
-008965
-007626
-004017
-001805
-001747
-003202
-005298
-006229
-005938
-005356
-004890
-005239
-005589
-004308
-002154
-000757
0000116
0001106
0002212
0003085
0003958
0005355
0006636
0006985
0006112
0003900
0001688
0001862
0003318
0003201
0002270
0002444
0003609
0005180
0006403
0006577
0005355
0002619
-000233
-000641
0000174
-000815
-002504
-002038
-000757
-001805
-003668
-003202
-001048
0000814
0001979
0002561
0002503
0002037
0001164
-000466
-001572
0000058
0002212
0000582
-002911
-003493
-001921
-000874
-000175
0001455
0002910
0002561
0001338
0001280
0001920
0001571
0001164
0002619
0004132
0002095
-001223
-000757
0001629
0001280
-000641
-000874
0000058
0000582
0000931
0002386
0003376
0001222
-001980
-001980
-000059
0000291
-000466
-001048
-000699
0001513
0004074
0004016
0002270
0001862
0001979
0000000
-001863
0000989
0004947
0002852
-002387
-003493
-001456
0000058
0000989
0002386
0003376
0002619
0001164
0000756
0001222
0001397
0001338
0001455
0001280
0000291
-000990
-001514
-001572
-002562
-003027
-000175
0004016
0005937
0005006
0002153
-001339
-003319
-003260
-001456
0000989
0002095
0002037
0002328
0002386
0000989
-001165
-002853
-003551
-002678
-001339
-001630
-003086
-004541
-004948
-002969
0000000
0001513
0001047
-001398
-003901
-003319
-000932
-000059
-000350
-000059
0000814
0001979
0002910
0002677
0001688
0001047
0000989
0001280
0002153
0004307
0006170
0005471
0003201
0001746
0000989
-000233
-001630
-002853
-003319
-001980
0000116
0001164
0000931
-000408
-001630
0000174
0002095
-001921
-007859
-007510
-003551
-002795
-004425
-005414
-005181
-003377
-001339
-001281
-002504
-003144
-002678
-000641
0001688
0002444
0001804
0000931
0000698
0002212
0004715
0006636
0007101
0005471
0003201
0002852
0003900
0004074
0003667
0003841
0004132
0004074
0003259
0001222
-000466
0001338
0003841
0001164
-003610
-003842
-000699
0002153
0003376
0002153
-000233
-000524
0000232
-000990
-003493
-005822
-007102
-006695
-005298
-004599
-004599
-004425
-004483
-005763
-007102
-006229
-004308
-004017
-004250
-002096
0000873
0001746
0001164
0001862
0003026
0002735
0001804
0002328
0003318
0002735
0001164
0000291
0000000
-000175
-000466
-001339
-002096
-001281
0000291
0000523
0000407
0002561
0004715
0002794
-001107
-002271
-001572
-002271
-003377
-002504
-001339
-003551
-006695
-005472
-002154
-002387
-003784
0000000
0004831
0001979
-004250
-003551
0000523
-001107
-005647
-006462
-004250
-002154
-000583
0000756
0001746
0003085
0003958
0003201
0001862
0002212
0003609
0004482
0004016
0000407
-002795
0000756
0006577
0005180
-000524
-002387
-001281
-001281
-001689
-000524
0000698
-001048
-003959
-004599
-003377
-002387
-001339
0001047
0002619
0000000
-004541
-006229
-005414
-004483
-003551
-002736
-001805
0000232
0001920
0000873
-001339
-001572
-000292
-000059
0000349
0003841
0007276
0005180
0000407
-000583
0001513
0003259
0003841
0002503
0000640
0001164
0002910
0003085
0002153
0001979
0002037
0001164
-000408
-002504
-003901
-003086
-001281
-000699
-001630
-003726
-005065
-002271
0001804
0001164
-001921
-001747
0000116
-000583
-002620
-002853
-001980
-002387
-003144
-002504
-001107
0000058
-000117
-003377
-006928
-005938
-001805
0001338
0002968
0003900
0004307
0005355
0005937
0004191
0001455
0000523
0001397
0002968
0004307
0004191
0002910
0001397
0000640
0002095
0004074
0003201
0001047
0001571
0003026
0000989
-002329
-002096
0000407
0001688
0001571
0000873
-000117
-000757
-001514
-003260
-005356
-006345
-006345
-006113
-005181
-002504
0000058
-001107
-004133
-004716
-003551
-003493
-003784
-003260
-001514
0002037
0004715
0001862
-003086
-002853
0000814
0002444
0002270
0001979
0002270
0004191
0006461
0006810
0005471
0003900
0002561
0001920
0001862
0001280
0000814
0001804
0003085
0002328
0000582
0000174
0000931
0001862
0002270
0001629
0000174
-001398
-002271
-001339
-000117
-001747
-004483
-004599
-003086
-002736
-003551
-004716
-005822
-006345
-006113
-005531
-004657
-003260
-002329
-003319
-005065
-005414
-003901
-000292
0003376
0004016
0001979
-001514
-003493
0000814
0006286
0002212
-005531
-003784
0003201
0004132
0000989
0000291
0001047
0000000
-001223
0000523
0003143
0002095
-000815
-001107
0000291
0000291
-000175
0001397
0002794
-000641
-005472
-004948
-000932
0001280
0001106
-000699
-003086
-003901
-003493
-003377
-003260
-002096
-000874
-001514
-003086
-003726
-003435
-002969
-002154
-001223
0000174
0002794
0005530
0006752
0006868
0007683
0007974
0005413
0001629
-000292
-000408
-000350
-000292
-000292
-000408
-000757
-000932
-000641
-000117
0000000
-000292
-000350
-000583
-002096
-003260
-000932
0002503
0001746
-001048
-000350
0002037
0001804
-000292
-002387
-002911
0000291
0004365
0003434
-000059
-000350
0001455
0001222
0000349
0002037
0004656
0004947
0003841
0004016
0004715
0003900
0002619
0003085
0004365
0004016
0002794
0002444
0002328
0000640
-001107
-000350
0001629
0002037
0000756
-001281
-003027
-002736
-001514
-001980
-003377
-003901
-003086
-000408
0002270
0001979
-000059
-000117
0000523
-001689
-004425
-003086
0000174
0000582
-001456
-004017
-005472
-003726
-000583
-000466
-001980
-001572
0000232
0001979
0002735
0001397
-000117
0001746
0005704
0008615
0009197
0006519
0002386
0000232
0000465
0002386
0004307
0003259
0000698
0000174
0001222
0001920
0001920
0000814
-000757
-001805
-002038
-001398
-000583
-000583
-002096
-005938
-009489
-008325
-004192
-001165
-000233
-001223
-003086
-003493
-002853
-002853
-003260
-003668
-003610
-002271
-000757
-001339
-002969
-003435
-002329
0000349
0003376
0005064
0005355
0005762
0005297
0002095
-001398
-000990
0001862
0003318
0003085
0001804
0000582
0001746
0003318
0000640
-003027
-000583
0004307
0002910
-001281
0000698
0005064
0003201
-001514
-000990
0002503
0003259
0001455
-001456
-003377
-000932
0003143
0003376
0000349
-003551
-006113
-004192
-000350
-000175
-002038
-001165
0001280
0002328
0001920
0000523
-000874
-000466
0001106
0002386
0002328
-000466
-003726
-003319
-000757
-000350
-001514
-001921
-001921
-003144
-003901
-001456
0002270
0003143
0001804
0000989
0000640
-000350
-000990
0000058
0002037
0003609
0003725
0001164
-001921
-001572
0000873
0001688
0001164
0001222
0001338
0000116
-001456
-001514
-000699
-000932
-001630
-001514
-000466
0001513
0003725
0005355
0005879
0005355
0004074
0003026
0002153
0000931
0000232
0001455
0003667
0005297
0005471
0003376
0001047
0002037
0004482
0003841
0001280
0000640
0000465
-003027
-006869
-005996
-001921
0001397
0002968
0002561
0001047
0000465
0000291
-001398
-003435
-003784
-003144
-003260
-003901
-004250
-004308
-004890
-004832
-002154
0001106
0001280
-001223
-004832
-006869
-003668
0002444
0006403
0007101
0005122
0002328
0002561
0004656
0005122
0004540
0004656
0004831
0003550
0001862
0001920
0002968
0002794
0001746
0000814
0000582
0002095
0003609
0002212
-000874
-002445
-002620
-002736
-002795
-003027
-003319
-003377
-003493
-004541
-005472
-004192
-002271
-002969
-004832
-004541
-002736
-001339
-000932
-002154
-003319
-001281
0001455
-000466
-004366
-004425
-001689
0000232
0001222
0002386
0002968
0001688
0000058
0000698
0002328
0001920
0000291
-000059
0000232
-000583
-001863
-002213
-001980
-001921
-002154
-002911
-003027
-000175
0002794
0000640
-003551
-002853
0000465
0000291
-002038
-002329
-002096
-005298
-008674
-005938
-001107
-002853
-007451
-005996
-001398
-000932
-002853
-001747
-000117
-003842
-008616
-005880
0000523
0001455
-000815
0000349
0003259
0003783
0002619
0002153
0001979
0000698
-000466
0000931
0003318
0003725
0002561
0001455
0000873
0001513
0002037
-000117
-003086
-003377
-001630
0000058
0000931
0000698
-000408
-001398
-002271
-003435
-003959
-002678
-000466
0000873
0000640
-002154
-004832
-001980
0002328
-000233
-005938
-006287
-002678
0000582
0001862
-000350
-003784
-003377
-000874
-000874
-002504
-003435
-002853
0000232
0003667
0003318
0001047
0001513
0003550
0004249
0003318
0001222
-001281
-003202
-003959
-003377
-002329
-002387
-003319
-004017
-004308
-003959
-003202
-002678
-002562
-003027
-003493
-002736
-001572
-001339
-002096
-003260
-004657
-006287
-007277
-006753
-005123
-003202
-002154
-003610
-005647
-004541
-001689
-000757
-000815
0001164
0003376
0002153
-000874
-001805
-000932
0000174
0001106
0000814
0000640
0003667
0007101
0005471
0001106
-000524
-000117
-001223
-002504
-001281
0001164
0002270
0001862
0000698
-000641
-001223
-001689
-003668
-006113
-006928
-006054
-004250
-002213
-000524
-000233
-002387
-005239
-005589
-004017
-002620
-002329
-004541
-006578
-003377
0001804
0001862
-001165
-001339
0000582
0002095
0002619
0001920
0000640
0000698
0001455
0001106
0000640
0002037
0003667
0002095
-000641
-000175
0001804
0000814
-001572
-001572
-000233
-000117
-001223
-002562
-003784
-004657
-004948
-004599
-003784
-002853
-002329
-002329
-002969
-004192
-005472
-006462
-006578
-004948
-003027
-003319
-005007
-005996
-005880
-004657
-003144
-002853
-003319
-003377
-003435
-004716
-005996
-005239
-002387
0002270
0006344
0006461
0003958
0002735
0002852
0003492
0004307
0004947
0005180
0004947
0004249
0002852
0001222
-000233
-000699
0000698
0002677
0002503
0001222
0001455
0002153
0000349
-002504
-003377
-002562
-001630
-000815
0000291
0000756
-000874
-003202
-003551
-002853
-004017
-005647
-004657
-002911
-004425
-007102
-006404
-003493
-001630
-001514
-003377
-005298
-003260
0000407
0000814
-000932
-001630
-000874
0001629
0004365
0005180
0004307
0003376
0002619
0001746
0001338
0001979
0002794
0002212
0000640
-000350
-000641
-000583
-000175
0000232
0000465
0000291
0000000
0000174
0000523
0000058
-000233
0001629
0003492
0001222
-003027
-004948
-004192
-001339
0001397
0000523
-002213
-001980
-000699
-003086
-006811
-007160
-004657
-001805
0000756
0002619
0003259
0002968
0001688
-000932
-002736
-000641
0003143
0003783
0002037
0001047
0000465
-001165
-002387
-000990
0001688
0002910
0002386
0000698
-000757
0000814
0003085
0001106
-002387
-001281
0002153
0002037
-000059
0000232
0001804
0001746
0000465
-000408
-001048
-001921
-002678
-003260
-003435
-002911
-002038
-001165
-000583
-000583
-000583
0000931
0002153
-000641
-004716
-004366
-001048
0000756
0001513
0003725
0005413
0003085
-000757
-000466
0002037
0001688
-000233
-000292
0001338
0003900
0005413
0002619
-001630
-001223
0001629
0001397
-000990
-002154
-002096
-001456
-000524
0000698
0000931
-001863
-005181
-004483
-001165
0001280
0001804
0000058
-002678
-003551
-002678
-001456
-000292
0000349
0000232
-001048
-002154
-000350
0002328
0001862
0000058
0001513
0004424
0004424
0002677
0002444
0003259
0003318
0003201
0004482
0005937
0006053
0004424
0000931
-002271
-001689
0001397
0003492
0004191
0004365
0003201
-000641
-004366
-003260
-000059
-001165
-004133
-002795
0000349
-000524
-003842
-005007
-005007
-007160
-008965
-005472
-000292
-000815
-004075
-002213
0001804
0000582
-003202
-003493
-000524
0003667
0006577
0004656
0000582
0000232
0002735
0004715
0005646
0005588
0004889
0004365
0003841
0002444
0001222
0001804
0003085
0002561
0001164
0001455
0002794
0003609
0003492
0002270
0000756
0000582
0001338
0001746
0002095
0003201
0004074
0003201
0001455
0000989
0001397
0001164
0000756
0001047
0001280
-000466
-002853
-003435
-002271
0000000
0001979
0001804
0000873
0002619
0005122
0004424
0002328
0003725
0006228
0004889
0001746
0001688
0003900
0005821
0006519
0005413
0003026
0000814
0000000
0002270
0005355
0004715
0001920
0001397
0002212
0001222
-000350
0000465
0002444
0003026
0002153
0000465
-001223
-001747
-001281
-000757
-000524
-001281
-001980
-000583
0001571
0002212
0001338
0000000
-001456
-002620
-003260
-003435
-002911
-001456
0000291
0001280
0001513
0001222
0001280
0003492
0005879
0004656
0001397
-000292
0000000
0001455
0003259
0003958
0003667
0003550
0002852
-000583
-004308
-004133
-001921
-002329
-004133
-004075
-002736
-001514
-000583
0000582
0001338
0000698
-000466
-000583
0000174
0001280
0001280
-002562
-006753
-004250
0001106
0000523
-003260
-003086
-000175
0002037
0002386
-000292
-003668
-003202
-000466
0000000
-000874
-000641
0000407
0001047
0001804
0003900
0005879
0005006
0002852
0002561
0003841
0004831
0005413
0005879
0005821
0005006
0003783
0002677
0002037
0001979
0002037
0001280
0000523
0001688
0003143
0001338
-001747
-001863
-000583
-002038
-004599
-004541
-003319
-004657
-006578
-004657
-001281
-001805
-004017
-002445
0001047
0002270
0001571
0000756
0000291
0000814
0001688
0000989
0000058
0001397
0004132
0005879
0006344
0005646
0004132
0002386
0001338
0002270
0003783
0003143
0001280
0000989
0001513
0000523
-000408
0001746
0004598
0003376
-000292
-002038
-002213
-002969
-004017
-005239
-005589
-003086
-000117
-000524
-003493
-006287
-008092
-008325
-007684
-007975
-008266
-006404
-004133
-004948
-007102
-006695
-004192
-001456
0000640
0001571
0001106
-000874
-002562
-001456
0001455
0003376
0004074
0004132
0003609
0003085
0002794
0002735
0003201
0004715
0006170
0005995
0004365
0002386
0001222
0002561
0004889
0004947
0003201
0001280
0000465
0002153
0004831
0005064
0003434
0001979
0001455
0002619
0004074
0003434
0001280
-000583
-001456
-000815
0000174
-000641
-002504
-003959
-004133
-001630
0001164
0000174
-002678
-002096
0000000
-001514
-004192
-002911
0000756
0002561
0002735
0003434
0003841
0002212
0000465
0002677
0005704
0003026
-001863
-001048
0002852
0003376
0001164
-001281
-002678
-001456
0000873
0000814
-000699
-000524
0000407
-000117
-001048
0000116
0001688
0000640
-002038
-003784
-004075
-002911
-001339
-001456
-002504
-002387
-001398
-000292
0000407
0000174
-000757
-001514
-001863
-001398
-000932
-002504
-004075
-001805
0001979
0002037
0000058
0000814
0002561
0001047
-001514
-000583
0002095
0002444
0000698
-001747
-003726
-004017
-002853
-001456
-001107
-003551
-007102
-008208
-006986
-004890
-002562
-000466
0000349
-001107
-003610
-004890
-004366
-001805
0000582
-001165
-004541
-003959
-001281
-001339
-003668
-006345
-007510
-004541
0000116
0001047
0000058
0002328
0005471
0004074
0001047
0003259
0006868
0003201
-003319
-002736
0001397
-000466
-004483
-001514
0004307
0003376
-000408
0002968
0008673
0006228
-000408
-001514
0001164
0001920
0000407
-002969
-005938
-004425
-000932
-001048
-003319
-003784
-002853
-001980
-001689
-002271
-003260
-003551
-003435
-003668
-004075
-004133
-003842
-002969
-002154
-002678
-003319
-001107
0001571
-000175
-003493
-002387
0001571
0004016
0004656
0004889
0004249
0002037
0000349
0002968
0006985
0006403
0002910
0001222
0001338
0001920
0002503
0002619
0002037
0000116
-001398
0000523
0003318
0001513
-002562
-003610
-002271
-001165
-000815
-001514
-002969
-004541
-005414
-004483
-003202
-004541
-006753
-005880
-003493
-003551
-004832
-003784
-002213
-003959
-007160
-007917
-006811
-006229
-005763
-004017
-001863
-000990
-000757
0000582
0001979
0000989
-000466
0001571
0005180
0006636
0005588
0002910
-000117
-001689
-001398
0000116
0002037
0003026
0002794
0001746
0000174
-001514
-002736
-003086
-002562
-001863
-001165
-000233
-000524
-004425
-008965
-008499
-004948
-003144
-003086
-003086
-002969
-002271
-001514
-001456
-001863
-002387
-002562
-001689
-000524
-000466
-001107
-000874
-000175
0000291
0000291
-000408
-000990
0000058
0001920
0002910
0002794
0002270
0001397
0000174
-000641
0000058
0001513
0002095
0001455
-000699
-002795
-001863
-000117
-002445
-006054
-004832
-001398
-002154
-005065
-004890
-002271
0000640
0002270
0000698
-002038
-001339
0001164
0001106
-000175
0000814
0002677
0002212
0000407
-000466
-000350
-000292
0000000
0001106
0002619
0004016
0004598
0003434
0001164
-001514
-002911
-000757
0002037
-000932
-005763
-003377
0001920
0000232
-004657
-003319
0000931
0000116
-002853
-000466
0003376
0000058
-005822
-004017
0001746
0002270
-000466
-000583
0000873
0000989
-000175
-002096
-003260
-001165
0001629
0000291
-003319
-004541
-003377
-001398
0000640
0001979
0002095
0000698
-000524
0001397
0004947
0006344
0006286
0007742
0008615
0005064
0000116
-000233
0002852
0005704
0006985
0005238
0002212
0001571
0002444
0001862
0000232
-001398
-002678
-003260
-003493
-004948
-005298
0000174
0006461
0004016
-003144
-005123
-003377
-003610
-005065
-005763
-005239
-002795
0000232
0001629
0001164
-000408
-002154
-003086
-002620
-000466
0001920
0001920
0000756
0001455
0003085
0003259
0002735
0003318
0004424
0004540
0004365
0005588
0007334
0008091
0007159
0004132
0001222
0002503
0005646
0005530
0003085
0001397
0000989
0001804
0002735
0001746
-000175
-001048
-000583
0001106
0002619
0001920
-000175
-001223
-001107
-000408
0000349
0000291
-000524
-001863
-002736
-001514
0000000
-001863
-005589
-007626
-007335
-005065
-001980
-000292
0000174
0000931
0001688
0001804
0001862
0002619
0003550
0003201
0002153
0001280
0001222
0002386
0003841
0003900
0002794
0001979
0001338
0000116
-000990
-001398
-000641
0001688
0004016
0003783
0001862
0000232
-000466
-000117
0000756
0000349
-000350
0000582
0001804
0000000
-002853
-002504
-000175
0000756
0000640
0001513
0001979
-000292
-003551
-004250
-002795
-000932
0000640
0001920
0002153
0000931
-000874
-001689
-001107
0001280
0003667
0002677
0000058
-000524
0001164
0004715
0007567
0005355
0000582
-000932
-000117
-000641
-001281
0000698
0003609
0004365
0003085
0000989
-001223
-003027
-003668
-002445
-000815
-001747
-003726
-003319
-001339
-000583
-000233
0002561
0004540
-000990
-007859
-003493
0005588
0004656
-001747
-001398
0003143
0004424
0003492
0003609
0004249
0003609
0002735
0003667
0005180
0004598
0002910
0002852
0003609
0003143
0002153
0002270
0002852
0002619
0001571
-000059
-001572
-001863
-001281
-000932
-000874
-001107
-001223
-000350
0000407
-000641
-003086
-005822
-007917
-008790
-008383
-007626
-006928
-006869
-006753
-005298
-003086
-001223
-000350
-000932
-002213
-002329
-001805
-002271
-002795
-002038
0000058
0003026
0005762
0006810
0006403
0005413
0004773
0005879
0007276
0006228
0003550
0001106
0000756
0005471
0011234
0010710
0006519
0006636
0008149
0003841
-002038
-001048
0003667
0004249
0001338
-001689
-003435
-002271
0000116
-000292
-002620
-004133
-004948
-006229
-007219
-006928
-005472
-003668
-001863
-000175
0000873
0000873
0000523
0001513
0002444
0000174
-003202
-004133
-002504
0000582
0003201
0002561
0000349
0000698
0003026
0004947
0006286
0007392
0007742
0007043
0005937
0005588
0005297
0002794
0000058
0000582
0002852
0003259
0001979
0000465
-000233
0001164
0003667
0005355
0005064
0001455
-002562
-001689
0001629
0001688
-000524
-001572
-001398
-000583
-000117
-002096
-005007
-005996
-005065
-003144
-001456
-001398
-003027
-005647
-007917
-008558
-007102
-003319
0000232
-000932
-004192
-003551
-000117
0002677
0003841
0003201
0001397
0000232
-000059
0000523
0001280
0001047
0000174
-000699
-001281
-001572
-001398
-000524
0000349
0000058
-000757
-000466
0000349
0000349
-000292
-001048
-001339
-000233
0001397
0001804
0001455
0002095
0002794
0001804
-000524
-003435
-005414
-004716
-002562
-001339
-001514
-003435
-004948
-001921
0002677
0002561
-000059
0001047
0003900
0003783
0002328
0003958
0006053
0003318
-001456
-002213
0000058
0001455
0001920
0002677
0002735
0000756
-001747
-001921
-000757
-000874
-001805
-002154
-001456
0001106
0003434
0002037
-001572
-003842
-004366
-004250
-003260
-001398
0000116
-000641
-002562
-002678
-002154
-003784
-005996
-005472
-003086
-001398
-000292
0001222
0002619
0003201
0002852
0001571
0000465
0001164
0002503
0001688
0000465
0002212
0005413
0006403
0005471
0004191
0003085
0002328
0002037
0002095
0001920
0000349
-000932
0001164
0004074
0002444
-001514
-002271
-000932
-000524
-001398
-002969
-004948
-006928
-007684
-005589
-002562
-001747
-003027
-004832
-005589
-002620
0001106
-000350
-003959
-003027
0000698
0002037
0001804
0003376
0005064
0003900
0001280
0000232
0000465
0000000
-000408
0001222
0003259
0002735
0001047
0001397
0003026
0003609
0003259
0002503
0001571
0000523
-000175
0000058
0000291
-001572
-004017
-004250
-003144
-003668
-004541
-002736
-000699
-003377
-007859
-007743
-004774
-004133
-004774
-003377
-001398
-001223
-002911
-005822
-008383
-008325
-006287
-004075
-002387
-001398
-001223
-001630
-001747
-000117
0002037
0002037
0001106
0002270
0004424
0004889
0004249
0004598
0005355
0005238
0004424
0003550
0002735
0001862
0001280
0001222
0001571
0001571
0001280
0000931
0000291
-001339
-002620
-001456
0000814
0000931
0000174
0001455
0003609
0004074
0002910
0000931
-000874
-000932
0000116
0000698
0000291
-001630
-003959
-005065
-004483
-002387
-000175
0000058
-001165
-001572
-001805
-003435
-005181
-004948
-003260
-001921
-000932
0000116
0001106
0002270
0003026
0002153
0000640
0001222
0001746
-002853
-007743
-003493
0004424
0004482
-000641
-003086
-002562
-000990
0000582
0000523
-000990
-002911
-004192
-004133
-002445
0000873
0003900
0003958
0001571
-001339
-003202
-002038
0000465
0000756
-000874
-003086
-004541
-003377
-000408
0002270
0003900
0004365
0003667
0002503
0001513
0001397
0001862
0001688
0001047
0000465
-000059
-000466
-001107
-003377
-005239
-002969
0000873
0000873
-001398
-001689
-000699
-000757
-001456
-001223
-000932
-002678
-004250
-001107
0003958
0005762
0003958
-000757
-005065
-003784
0000582
0001920
0000640
-000990
-001980
-000990
0000640
-000117
-001456
0000989
0004831
0005413
0003783
0003609
0004307
0004016
0003085
0001920
0001164
0001222
0002386
0005413
0007742
0005297
0000582
-001165
0000058
0002212
0004016
0003958
0002153
-000117
-001980
-002504
-001863
-001048
-000408
-000117
-000292
-000757
-001398
-001805
-002329
-003784
-005589
-006637
-006578
-005996
-004832
-002562
-000874
-002213
-004774
-004890
-003260
-002445
-002620
-003551
-004192
-002387
0000523
0001746
0001804
0002386
0003609
0005413
0006577
0004773
0001979
0002328
0004249
0003958
0002444
0002386
0003259
0003259
0002386
0000407
-001281
-000524
0001629
0002503
0002153
0001280
0000756
0001862
0003085
0001513
-001514
-002795
-002678
-003435
-004075
-002562
-000932
-003202
-006637
-005065
-001107
-000583
-002445
-003086
-002445
-001456
-000233
0001280
0002270
0001862
0000756
0000407
0000873
0001804
0002852
0003492
0004016
0005180
0006053
0004598
0002270
0002153
0002910
0001338
-001339
-002271
-001630
-000408
0001106
0002677
0003725
0003783
0003143
0003318
0003026
-000292
-004075
-003377
-000524
-001398
-004017
-003784
-001863
-001514
-001805
0000523
0002910
0000116
-004133
-002038
0003026
0002677
-000524
0000523
0003376
0002212
-000815
-000175
0001979
0000523
-002154
-000932
0002328
0003201
0002270
0001397
0001280
0002677
0004482
0004482
0003026
0000989
-000466
0000174
0001222
-001048
-004133
-002969
0000349
0000931
-000874
-003027
-004308
-002911
-000233
0000698
0000232
-000059
-000117
0000174
0000407
-000641
-001747
-000524
0001164
-000408
-003726
-005472
-004774
-001107
0003085
0003841
0002503
0003550
0005006
0002386
-001223
0000407
0004947
0006403
0005238
0003783
0002794
0003550
0004947
0004424
0002968
0003143
0003958
0003259
0001688
0000465
0000116
0001164
0002735
0003841
0003609
0001047
-002038
-002736
-001514
-000059
0000873
0000349
-000757
-000466
0000291
-000699
-002271
-001514
0000116
-000757
-002736
-002387
-000757
-000524
-001281
-001689
-001398
0000291
0001804
0000058
-002736
-002038
0000873
0002444
0002561
0001920
0001280
0002444
0004074
0003492
0001862
0001920
0003318
0004656
0005180
0004074
0002444
0002677
0003550
0002212
-000292
-001980
-002271
-001165
0000116
-000583
-002387
-003435
-003493
-002795
-001921
-002038
-002736
-002795
-002853
-004250
-005822
-005531
-004075
-003435
-003493
-003377
-003027
-002562
-001747
-000466
0000756
0000989
0000756
0000814
0001513
0003550
0005064
0002328
-001339
0000931
0005355
0003259
-002038
-002911
-000233
0002037
0003201
0003026
0002095
0002037
0002328
0001513
0000465
0001222
0002386
0000523
-002271
-001630
0000989
0002153
0001688
0000232
-001223
-000932
-000292
-002911
-006345
-005531
-002562
-002213
-003260
-001863
0000814
0002270
0002037
0000582
-001805
-004948
-006345
-002213
0003609
0003085
-000408
0002037
0006519
0003609
-002038
-000292
0005297
0005180
0002386
0005471
0009779
0005238
-002445
-000990
0005413
0006286
0002735
-000932
-003377
-004075
-003027
-001281
0000174
0000174
-001107
-003144
-004308
-001747
0001746
0000465
-003435
-004541
-003202
-001456
-000175
-000466
-001863
-003202
-003784
-003260
-001805
-000059
0001571
0003026
0003783
0003026
0001920
0002794
0004191
0002968
0000232
-001398
-001281
0001280
0004016
0003143
0000000
-001398
-001514
-002504
-003784
-003959
-003493
-003610
-003959
-003959
-003027
0000000
0003376
0003958
0002561
0001804
0001338
-000408
-002271
-002154
-001048
-001456
-002736
-003144
-002736
-001747
-000815
-001223
-001689
0000582
0003085
0000523
-004017
-003901
-000815
0000582
0000465
0000640
0000873
0000523
0000058
0000407
0001280
0001688
0001862
0002270
0002852
0003783
0004365
0003376
0001688
0001047
0001338
0001455
0001746
0003550
0005006
0002968
-000641
-001747
-001107
-001514
-002504
-002853
-002678
-002504
-002329
-001921
-001689
-002213
-002853
-002329
-001165
-000408
-000466
-001398
-002154
-000874
0001513
0002794
0002503
0000640
-001281
-000874
0001571
0005180
0007858
0006752
0003841
0003725
0005297
0004715
0003143
0003725
0004889
0003550
0001455
0002444
0004831
0004482
0002328
0001106
0000465
-000932
-002154
-001805
-000524
0000407
0000582
0000349
-000524
-002736
-004890
-004425
-002853
-003726
-006054
-007393
-007102
-004250
-001281
-002445
-005705
-006462
-005181
-003842
-003202
-004483
-006054
-005007
-002562
-001572
-001747
-001456
-000699
0000698
0002212
0003143
0003318
0003143
0002677
0001397
0000582
0002677
0005006
0001629
-003435
-001863
0003085
0003318
0000756
0001862
0003550
-001456
-008034
-006171
0000000
0000000
-003901
-005007
-003901
-003319
-003027
-002096
-001339
-002154
-003435
-002911
-001456
-001398
-001921
-000874
0000814
0001222
0000582
0000407
0000291
-000466
-001339
-001630
-000932
0001164
0003026
0001455
-001456
-000990
0001397
0001629
0001047
0003318
0005995
0004132
0000116
-001048
0000000
0000582
0000232
-001456
-003319
-003377
-001805
0000640
0002619
0002503
0000640
-001921
-003668
-002678
-000815
-002154
-004774
-003842
-001165
-000874
-002154
-001863
-001107
-002562
-004657
-004425
-002387
-000117
0001455
0001397
0000523
0000931
0001804
0000989
-000524
-000990
-000292
0001280
0002561
0001338
-000292
0002386
0006053
0004016
-001456
-004716
-005181
-003959
-001689
0000640
0001629
0000000
-002911
-004308
-004075
-003319
-002154
-000874
0000116
0000465
0000000
-001281
-002736
-003784
-004192
-004017
-003726
-004541
-005647
-005531
-004366
-003144
-001689
0000873
0002794
0001455
-001805
-004250
-004541
-001572
0002095
0001513
-001398
-001863
-000350
0000931
0001455
0001164
0000349
0000232
0000756
0001397
0001862
0001688
0000989
0000349
-000059
-000117
0000058
0000349
0000640
0001280
0001571
0000465
-001398
-002562
-003027
-003551
-003551
-001572
0000349
-001689
-004774
-002853
0001106
0000116
-003668
-004832
-003959
-003842
-004017
-003319
-002271
-002038
-001805
0000174
0002328
0001688
-000175
0000174
0001979
0002677
0002619
0003318
0004191
0004249
0003259
0000582
-002038
-002096
-000175
0001455
0002386
0003026
0002910
0001746
0000174
-000524
-000408
-000059
0000116
-000524
-001921
-003784
-005239
-005123
-004483
-006229
-008441
-007335
-004366
-003260
-003435
-002562
-001630
-002969
-005181
-004948
-003901
-005880
-008674
-007626
-003842
-000524
0001571
0002677
0002561
0001629
0000873
0001688
0003376
0004074
0004074
0004889
0005646
0004831
0003143
0002503
0002794
0003725
0004016
0001979
-000990
-001805
-000990
-000699
-000874
-001048
-001165
-001281
-001223
-000641
-000699
-003726
-007102
-005996
-002504
-001572
-002853
-004250
-004948
-004017
-002678
-003435
-005181
-005822
-004657
-000990
0002561
0001513
-001980
-002620
-000757
0002095
0004074
0002503
-000117
0001513
0005471
0007218
0006577
0004656
0002503
0001862
0002561
0003958
0004889
0003958
0002153
0002212
0002794
0000640
-002096
-001281
0001397
0001397
0000232
0001571
0004249
0005180
0004424
0003376
0001571
-002329
-005996
-005822
-002853
-000117
0000989
-000641
-002969
-001921
0000931
0002270
0001455
-001456
-004308
-003493
-000699
-000292
-001339
-001281
-000059
0001629
0002794
0001629
-000292
0000058
0002153
0004365
0005413
0004074
0001455
-000059
-000233
0000116
0000291
-000932
-002504
-002329
-001107
-000641
-000990
-001689
-002271
-001805
-000990
-001048
-001689
-001805
-001689
-001921
-002271
-002445
-002387
-002329
-002154
-001107
-000175
-000932
-002213
-001863
-000292
0001338
0002735
0003958
0004540
0004249
0003492
0003143
0003085
0002503
0002328
0004191
0007043
0009022
0008906
0005762
0001338
-001048
-001281
-000757
0000232
0001222
0002095
0003026
0003492
0002852
0001920
0002386
0003492
0003376
0002386
0001688
0001047
-000117
-002038
-005531
-008034
-005123
-000233
-001107
-004832
-003726
-000583
-001747
-005298
-006637
-005123
-000815
0003667
0004307
0002153
0001106
0001047
0000698
0000640
0002212
0003841
0001979
-000233
0004424
0010303
0006170
-002387
-002504
0002794
0004249
0003085
0003958
0005238
0003667
0000931
0000814
0002037
0001106
-000583
0000116
0002037
0002328
0001280
-000233
-001456
-001863
-001689
-001980
-003027
-005181
-007044
-006113
-003959
-004366
-005705
-003959
-000874
0000000
-001107
-002853
-003959
-001980
0000873
-000117
-002736
-002096
0001106
0004656
0007043
0006927
0004715
0002095
0000232
0000349
0001629
0001571
0000814
0001280
0002328
0002444
0001804
0001106
0000291
-001223
-002271
-000583
0001862
0001222
-000932
-000408
0001629
0002095
0001513
0001979
0002386
0000058
-003144
-003435
-001805
-001107
-001223
-001223
-001107
-001107
-000932
-000059
0000873
0000989
0000465
-000059
-000466
-001107
-001339
-000350
0001455
0003434
0004482
0002910
0000174
-000641
-000175
-001048
-002387
-002678
-002154
-001747
-001514
-001048
-000757
-001572
-002213
-000408
0002386
0003026
0002386
0003667
0004656
0001164
-003959
-004774
-002504
-001398
-001165
0000058
0001106
-000059
-002154
-002678
-001514
0000582
0002444
0002037
0000349
-000292
0000058
0000698
0001222
0001222
0001455
0003609
0005879
0004831
0002037
0001222
0002386
0004656
0006344
0004656
0001222
-000583
-000524
0000873
0002212
0001571
-000699
-003319
-005181
-005298
-003784
-001398
0000407
-000233
-002329
-003493
-003842
-004308
-005065
-006637
-007626
-005531
-002096
-001107
-001921
-002038
-001747
-002271
-002736
-001514
0000116
-000175
-001398
-001223
0000174
0001397
0002270
0002794
0002852
0002503
0002153
0002968
0003492
0000523
-002853
-000699
0004307
0005879
0004540
0003958
0002968
-000932
-004774
-003551
0000814
0003026
0003201
0003725
0003841
0001979
-000292
0000174
0001746
0000640
-001572
-000874
0001222
0001222
-000233
-001165
-001805
-003144
-004483
-004483
-003842
-003959
-004308
-003319
-001514
0000000
0000873
0001397
0001164
-000350
-001921
-001805
0000174
0004132
0007625
0007159
0004191
0002619
0002852
0004016
0005413
0005646
0005180
0005530
0006286
0006577
0005588
0002328
-001048
-000641
0001979
0002852
0002270
0002037
0002270
0003085
0003725
0002968
0001571
0001280
0001862
0002212
0002212
0002095
0001688
0000756
-000874
-003493
-005822
-005996
-004657
-003901
-003551
-002736
-002329
-004017
-006113
-005414
-002911
-001223
-000466
0000523
0000931
-000524
-001921
0000989
0004947
0003318
-000932
-000815
0002037
0002619
0001804
0002212
0003085
0002794
0001338
-000990
-002678
-000990
0001979
0002444
0000582
-002213
-004133
-002620
0000349
-000117
-002038
-000874
0001338
0000000
-003319
-004890
-004250
-001572
0001047
-000233
-003319
-003377
-001339
-000408
-000466
-000641
-000699
0000174
0001280
0000931
0000640
0004074
0007858
0005646
0000465
-000466
0001455
0001746
0000814
0000291
-000059
-000757
-001689
-003086
-003959
-003086
-001281
-000583
-000583
-000117
0000698
0001513
0001920
0001397
0000232
-000641
-001223
-002096
-002969
-003726
-004133
-004366
-004017
-002736
-001456
-001980
-002853
-000583
0002735
0002794
0000873
0000232
0001164
0003725
0005879
0004074
0000407
-000699
0000465
0001979
0002735
0001106
-000990
0000756
0004016
0003725
0001513
0002153
0003667
0001688
-001863
-002504
-001281
-000990
-001921
-003959
-005647
-004541
-002329
-002504
-004192
-004308
-003726
-004366
-005822
-007160
-007917
-008034
-007277
-005239
-003726
-005589
-009023
-010304
-009314
-007393
-005531
-005007
-004657
-001223
0002561
0001338
-001514
0001862
0007509
0006344
0001804
0002386
0005879
0005937
0004016
0004540
0005762
0003900
0000814
0000640
0002153
0001979
0000640
-000350
-000815
-001048
-001281
-001980
-002678
-002678
-001747
0000174
0001513
-000117
-003260
-004541
-004017
-002853
-002154
-004017
-006462
-005472
-002795
-002736
-004017
-002969
-000815
-000292
-001223
-002271
-003377
-005123
-005996
-003610
0000291
0002095
0002328
0003376
0004831
0005530
0005530
0005646
0005064
0001979
-001281
-000641
0002153
0002677
0001979
0003900
0006112
0004482
0001047
0000582
0002270
0003026
0002852
0002735
0002677
0003026
0003376
0002968
0001804
0000116
