0000174
0002444
0005471
0006228
0005530
0006461
0007101
0003376
-001514
-001398
0001629
0002037
0000523
0000058
0000116
-000815
-001921
-001921
-001107
-000524
-000524
-001398
-002678
-003610
-003901
-003260
-002795
-004890
-007160
-004890
-000583
0000174
-001980
-004541
-005880
-004250
-001456
-001339
-002620
-001747
0000349
0001338
0001222
0000814
0000349
0000407
0001047
0002212
0003958
0006868
0009139
0007800
0004540
0002968
0002910
0002619
0002386
0002852
0003434
0002968
0001804
0000349
-000641
0000174
0001164
-000757
-003377
-001863
0001571
0001862
0000174
0000000
0000698
0000174
-000932
-001048
-000815
-002038
-003668
-003493
-002387
-002387
-003377
-004541
-005356
-005298
-004425
-002969
-001747
-001980
-002969
-002795
-001689
-000641
0000814
0003609
0006403
0007159
0006519
0006694
0007159
0006112
0004656
0005006
0006053
0005006
0003201
0004016
0005588
0004074
0000931
0000058
0000756
0000640
0000756
0003550
0006694
0006344
0003725
0002328
0002095
0001746
0001455
0001455
0001397
0000756
-000350
-001398
-002329
-003610
-004075
-001689
0001047
-000641
-004716
-006462
-005589
-003144
-000292
0001164
0001338
0001746
0001862
0000989
-000117
0000116
0000989
0000523
-000350
0000291
0001571
0001571
0000698
0000407
0000698
0000989
0001804
0004191
0006403
0005530
0002095
-002387
-005356
-003319
0001397
0003201
0002910
0004424
0005413
0001106
-004716
-004890
-001339
-000466
-001048
0001164
0003318
-000350
-005705
-004716
0000000
0001047
-000175
0000873
0002910
0002677
0001629
0003085
0005238
0004365
0002328
0003434
0006170
0006810
0005530
0003841
0002386
0002095
0002212
0000465
-001165
0000698
0004307
0006053
0005413
0002561
-000815
-002038
-001048
0001164
0002852
0001280
-001747
-001747
-000117
-001165
-003319
-002678
-000990
-001980
-004017
-002911
-000524
-000874
-002911
-003377
-003027
-004250
-005356
-003435
-000292
0000116
-001281
-001514
-000466
0001280
0003085
0003841
0003841
0004132
0004598
0004831
0005297
0006927
0008615
0008149
0006636
0006868
0007451
0004889
0001164
0000291
0001164
0000698
-000583
-001339
-001339
-000175
0001164
0001106
-000233
-001747
-003319
-005123
-006229
-005531
-004250
-005472
-007335
-005822
-002911
-002678
-004192
-004483
-003784
-002795
-002038
-002445
-002969
-001514
0000756
0001047
0000407
0001979
0004191
0003609
0002095
0003318
0006286
0008207
0008731
0008265
0007392
0007567
0007683
0005297
0001920
0000756
0001280
0001629
0001571
0001164
0000523
-000233
-000583
-000175
0000931
0002735
0003667
0000931
-003144
-003959
-002445
-001805
-002329
-003901
-005239
-004192
-001863
-000583
-000583
-000874
-001630
-003493
-004948
-003377
-000583
-000641
-001863
-000117
0002910
0003550
0001979
-000699
-002620
-001165
0001979
0003085
0002386
0001979
0002037
0002270
0003085
0005180
0007159
0006927
0005006
0003550
0002852
0002735
0003143
0004074
0004424
0002270
-000350
0000465
0002794
0002095
-000117
0000058
0001688
0002328
0001746
0000232
-001630
-002853
-003202
-003086
-002445
-001630
-000757
0000523
0001222
-000524
-002853
-002387
-000408
0000000
-000815
-001689
-001805
-000175
0001979
0002386
0001280
-000233
-001107
-000292
0001571
0002968
0003085
0000989
-001689
-001863
-000583
-000408
-001398
-002504
-003668
-005007
-005880
-005589
-004075
-001456
0000698
-000233
-002271
-001107
0001455
0001455
-000641
-003086
-004308
-001980
0001455
0000931
-002038
-003086
-002038
0000465
0003201
0004191
0004132
0005006
0006112
0005588
0003900
0001688
0000232
0001047
0002852
0002735
0002037
0004191
0006636
0003900
-000815
-000699
0002561
0003958
0003318
0001804
0000291
0000349
0001513
0002270
0002386
0001804
0001280
0001979
0002968
0002328
0000349
-001805
-003144
-002329
-000641
-000932
-002678
-003901
-004541
-004890
-004425
-002562
-000117
0001571
0002386
0002968
0003085
0002619
0001804
0001338
0000931
-000175
-001456
-002445
-002445
-001281
0000756
0003201
0005180
0005588
0005297
0006519
0007742
0005995
0002503
-000292
-001630
-001339
-000408
-000815
-001980
-002678
-002678
-001863
-000932
-001107
-001689
-001281
-000699
-002096
-004541
-006171
-006637
-005647
-004657
-006637
-009140
-006753
-002445
-002504
-005181
-005938
-004657
-002038
0000174
-001165
-003842
-003319
-000466
0001688
0002503
0001979
0000232
-002562
-003842
0000582
0006694
0006170
0002095
0002852
0006170
0005995
0003609
0002386
0002386
0002968
0003259
0001280
-001048
0000000
0002677
0003085
0001688
0000407
-000350
-000175
0000582
0001629
0001746
-000815
-004192
-004599
-003202
-003377
-004133
-002562
-000524
-001339
-003493
-003377
-001747
-000815
-001107
-003086
-004716
-002154
0002095
0002794
0000931
-000117
0000000
0001222
0002910
0004016
0003609
0000407
-002969
-002096
0001571
0004365
0004540
0000116
-005531
-006229
-003144
-000583
0000814
0001280
0000873
0000349
-000292
-001398
-001747
0000756
0003725
0002444
-000874
-000583
0001688
0001746
-000059
-002213
-003784
-003784
-002562
-001223
-000175
0000116
0000174
0001222
0002561
0002794
0001862
0000116
-001165
0000116
0002328
0001920
-000233
-001339
-001514
-001747
-001630
-000350
0001688
0004132
0005064
0001920
-003027
-005123
-004599
-004017
-003086
-000466
0001920
0000873
-002387
-004890
-005531
-003668
-000757
-000059
-000466
0001047
0003085
0002852
0000989
-000699
-001456
-000408
0001222
0000989
0000000
0000814
0002619
0003609
0003667
0003492
0003259
0003143
0002677
0000465
-001339
0001047
0005238
0006286
0005006
0004773
0005122
0004424
0002968
0000814
-000524
0001280
0004074
0003259
0000698
0001106
0002561
0000640
-003086
-004774
-004774
-005007
-004890
-003319
-001456
-000815
-001514
-002795
-003493
-001863
0000698
0000989
0000000
0000407
0001397
0000582
-001107
-001805
-001456
-000524
0000174
-000699
-001630
0000931
0004424
0003783
0000873
0000349
0001979
0003841
0005413
0006286
0006403
0006810
0006752
0004656
0002328
0003143
0005297
0004249
0001862
0002619
0004831
0005006
0003318
0001571
0000058
-001223
-001921
-002678
-002271
0001571
0005762
0004424
-000175
-001921
-001863
-003784
-006113
-006113
-004308
-002445
-001281
-001805
-002969
-002562
-001572
-002853
-004657
-003377
-000699
-000292
-001514
-001863
-001339
-000990
-000175
0002444
0005122
0004773
0002910
0003376
0005064
0005238
0004074
0002095
0000756
0002386
0004889
0003609
0000349
-000641
0000116
0000174
-000117
0000407
0001047
0000232
-000583
0002095
0005471
0003958
-000292
-002213
-002329
-003551
-004716
-002911
-000524
-002213
-005181
-003610
0000465
0001397
0000349
0000931
0002212
0001280
0000174
0003550
0007916
0006286
0001571
0000989
0003434
0004424
0004598
0006228
0007974
0008033
0006286
0002910
-000175
-000292
0001455
0001513
0000873
0002328
0004482
0004540
0003259
0003143
0003725
0004249
0003725
0000407
-003202
-002504
0000291
-000292
-002678
-002678
-001165
-000641
-000874
-001223
-001281
-000524
0000523
0000465
-000117
0000349
0001222
0001106
0000349
-000059
-000408
-001630
-002620
-001107
0001688
0003550
0003783
0002619
0000814
0000000
0000465
0002561
0004191
0001280
-002853
-001223
0003201
0003085
0000232
-000466
0000523
0001338
0001338
-000117
-002154
-002736
-002038
-000990
0000058
0001106
0001338
-000466
-003086
-004075
-003784
-003668
-003551
-003027
-001863
0000582
0002386
0000116
-003435
-002678
0000582
0001688
0000873
-000466
-000874
0001688
0005413
0006461
0005238
0003550
0002386
0002794
0004598
0006985
0008382
0006927
0003667
0001047
0000116
0001338
0003318
0002794
0001222
0002153
0004249
0004482
0002968
0000640
-001398
-001572
-001048
-002620
-004832
-004366
-003202
-005996
-009489
-006753
-001456
-001281
-004366
-004832
-003435
-002795
-002620
-002038
-001514
-001689
-002096
-001630
-000350
0001222
0002677
0003783
0004132
0003492
0002561
0002328
0002677
0003201
0003492
0003201
0002677
0002270
0002677
0004889
0006810
0005006
0001280
-000408
-000350
-000466
-000757
-000583
-000408
-001107
-001630
-000117
0002037
0001862
0000116
-001107
-001514
-001339
-001223
-002562
-004716
-006171
-006637
-005880
-004832
-005356
-006287
-005298
-003435
-003260
-003784
-002562
-001048
-002562
-005007
-004017
-000757
0001455
0002328
0002852
0002852
0002270
0001862
0003259
0004831
0003318
0000407
0000116
0001280
0000698
-000757
-000641
0000174
-000175
-001281
-002213
-002096
0000582
0003492
0002503
-000757
-002329
-001805
0000174
0002386
0002910
0001571
-001165
-003784
-003726
-002154
-002154
-003086
-003202
-002620
-001980
-001281
-000408
0000232
0000349
0000174
0000058
0000465
0002212
0003783
0002444
-000408
-001630
-001281
-000233
0000756
0000000
-001048
0000582
0003201
0003026
0001280
0001047
0001513
-000117
-001980
-000583
0002153
0001804
-000524
-001689
-001514
-000699
0000116
-000408
-001572
-001398
-000874
-002562
-004657
-003435
-000874
-001107
-003202
-004541
-004250
-001398
0001688
0000931
-001921
-002620
-001107
0001455
0003900
0005006
0004016
0000174
-003493
-002213
0002212
0004889
0005122
0003143
0000523
-000117
0000814
0001513
0001513
0000116
-001630
-001689
-000466
0000407
0000174
-002387
-005822
-007917
-008092
-006928
-005123
-003668
-003260
-004774
-006637
-006229
-004366
-002969
-002795
-004774
-006753
-004716
-000874
-000466
-001980
-001165
0001047
0002095
0002328
0002968
0003725
0004016
0003609
0002153
0001164
0003259
0006053
0004424
0000873
0001280
0003900
0003783
0002037
0002270
0003026
0001222
-001980
-004599
-005007
-001747
0003026
0005704
0005180
0001222
-003435
-004308
-002387
-001572
-001398
0000174
0001513
-000292
-003144
-003144
-000932
0001106
0001629
-000932
-004657
-005298
-004192
-005705
-007393
-004599
0000291
0001979
0000989
0000174
-000583
-002271
-003319
-001165
0002619
0005006
0005413
0004365
0002794
0002444
0002619
0001280
-000466
-000059
0000989
-000932
-003086
0000582
0006053
0004598
0000116
0002328
0007101
0004715
-001107
-001107
0001804
0000349
-003260
-003260
-001630
-003202
-006229
-006811
-005472
-004366
-003901
-004657
-005880
-006171
-005414
-004017
-002736
-002387
-002853
-003144
-003202
-003377
-003260
-002387
-000932
0000640
0001979
0002503
0002386
0002037
0002037
0003143
0004249
0003434
0001455
0000407
0000000
-000990
-001630
-000292
0002328
0004773
0005879
0004249
0001338
0000232
0000465
0000000
-000990
-001980
-002736
-003202
-003435
-003726
-003784
-003144
-002213
-001630
-001456
-001630
-001980
-002445
-002678
-002271
-001572
-001572
-001630
-000408
0001222
0001629
0001222
0001338
0001862
0002095
0002503
0004598
0006170
0003492
-000874
-001339
0000698
0001106
0000232
-000641
-000990
-000292
0000523
-000059
-001514
-002271
-002038
-000350
0001455
0001280
-000408
-001747
-002620
-003260
-003668
-004250
-004483
-003726
-002271
-000292
0000873
-000757
-003319
-002853
-000699
-000059
-000350
0000232
0001222
0001804
0001746
0000931
0000465
0001979
0004482
0005821
0005937
0005879
0005413
0003900
0002444
0002677
0003958
0004947
0004715
0002328
-000466
-000524
0001047
0000931
-000350
-001339
-001630
-000932
-000233
-001339
-003668
-005880
-006811
-005239
-003027
-003842
-006113
-005763
-003959
-003435
-003784
-003319
-002736
-003726
-004716
-002853
0000465
0002095
0002270
0002619
0002735
0001629
0000174
-000175
0000523
0001979
0003085
0001979
0000465
0002619
0006403
0007392
0006053
0004715
0003725
0002735
0002386
0003667
0004947
0003085
-000466
-002620
-002620
-000292
0002212
0000989
-002445
-004541
-004366
-001689
0001979
0004191
0003958
0000291
-003784
-002911
0000174
-001281
-005414
-007801
-007684
-004774
-001223
-000874
-002271
-001514
0000756
0002735
0003667
0003085
0001455
-000175
-000641
0001513
0005122
0007800
0008615
0007334
0004482
0001338
-000757
-000350
0001862
0004074
0005180
0004074
0002386
0003900
0006112
0003609
-000466
0000814
0004656
0004191
0001222
0000640
0001629
0001804
0001164
-000059
-001107
-000524
0000756
0000523
-000524
-000292
0000058
-001980
-004716
-005414
-004133
-002038
-000699
-002329
-005298
-005647
-004250
-003959
-004133
-003260
-002154
-002562
-003319
-001747
0001047
0002968
0003259
0001513
-000874
-001281
-000059
0001455
0002270
0001047
-001107
-001747
-000932
0000407
0001571
0001397
0000698
0001397
0002794
0003259
0002735
0001164
-000233
0000291
0001688
0001804
0000756
-000408
-001281
-001572
-001630
-002213
-002969
-003144
-002969
-003144
-003086
-001630
0000058
-000408
-002096
-002504
-001747
-000757
0000232
0001397
0002095
0001397
0000058
-000117
0000989
0003376
0005180
0003376
-000233
-001980
-001281
0001397
0004307
0005006
0003376
0000582
-001514
0000058
0003318
0003725
0002270
0001862
0001979
0001106
-000350
-001398
-001572
-000524
0001047
0002037
0001513
-001398
-004890
-005938
-004541
-002329
-000350
-000117
-000699
0000349
0002037
0001979
0001222
0002444
0004773
0006461
0006694
0004249
0001397
0002328
0005297
0005879
0004482
0002852
0002212
0004482
0007334
0005937
0002270
0000989
0001688
0002444
0002503
0000523
-001689
-000583
0001804
0000931
-001689
-002154
-001107
-000815
-001048
-000292
0000058
-002853
-006404
-005472
-002620
-004075
-007393
-006928
-003784
-001514
-000175
0001804
0002852
0000523
-002562
-001514
0002386
0005821
0007101
0004249
0000465
0002212
0006286
0005122
0001164
0000465
0002619
0005122
0007043
0007974
0007276
0004307
0001280
0002037
0004831
0005588
0004191
0001280
-001281
-000117
0002503
0001629
-001165
-001398
-000408
-002096
-004308
-002736
0000291
-000466
-003435
-004425
-003784
-003319
-003551
-005239
-006928
-005705
-003377
-004133
-006171
-005589
-003086
-000408
0001629
0002444
0002503
0003259
0004482
0005646
0006286
0006228
0005064
0001804
-001107
0000232
0003900
0005006
0004074
0003841
0003667
0002444
0000698
-000990
-001456
0000989
0003667
0001397
-003086
-003493
-000932
0000756
0001338
0001571
0000989
-001048
-002795
-001281
0001047
-000990
-005065
-005996
-004774
-004599
-004948
-004366
-003377
-002853
-003086
-004017
-004599
-003027
-000466
0000640
0000116
-001572
-002911
-001514
0000814
-000350
-002969
-002678
-000408
0001397
0001979
0000931
-000874
-001281
-000641
-000583
-000583
0000814
0002270
0001455
-000524
-001281
-000292
0002677
0005413
0003725
-000175
-001339
-000350
0000349
0000523
0000465
-000059
-001339
-002329
-001572
-000117
-000350
-001223
-000292
0001804
0003492
0003958
0002270
-000059
0000232
0001746
0000756
-000874
0000931
0004191
0004947
0003667
0002270
0001222
0000756
0000989
0001862
0002212
-000117
-003260
-003726
-002562
-002911
-003726
-002853
-000874
0000814
0001688
0001746
0000407
-003086
-006345
-005065
-001281
0000000
-000350
0001164
0002910
0001455
-001514
-002387
-001863
-002911
-004133
-003027
-000466
0001571
0002619
0002852
0002794
0003492
0004424
0004307
0003550
0003201
0002735
0000873
-000874
0000000
0002270
0002677
0001804
0001688
0002270
0002794
0002910
0002095
0000756
0000000
-000524
-001805
-003086
-003144
-002620
-003144
-003901
-002969
-001107
0000407
0000523
-001980
-005356
-006520
-006171
-007044
-008092
-007160
-005239
-004308
-003842
-002038
-000292
-001281
-003435
-003435
-001689
0000407
0001688
0000931
-000815
-001165
-000466
-000350
-000175
0001047
0002735
0004249
0004540
0002328
-000408
0000000
0002503
0004132
0004016
0001746
-001281
-002329
-001689
-001107
-000408
0001513
0003026
0001804
-000757
-001514
-000292
0002444
0004424
0002095
-002504
-004948
-005123
-004716
-004250
-004774
-005705
-005589
-004890
-004774
-005181
-005822
-005938
-004133
-001805
-001921
-003086
-001921
0000058
-000641
-002271
-000815
0001979
0001920
0000640
0002561
0005238
0003492
-000408
-001689
-000815
-000583
-000757
-000699
-000233
0000814
0002037
0002503
0002619
0004249
0005006
0000582
-004948
-003551
0001280
0000640
-002504
-000408
0003259
0000523
-005356
-006695
-004832
-004366
-004832
-004366
-002969
-000583
0001280
-000059
-002620
-001863
0000523
0000058
-002213
-003319
-003319
-002969
-002096
-000524
0001222
0002503
0002735
0001164
-000583
0000291
0002619
0003259
0002270
0000640
-001048
-001921
-002096
-002911
-003144
-000466
0002328
-000175
-004541
-003551
0000523
0001338
-000583
-002853
-004890
-006404
-006928
-006520
-005472
-004599
-003842
-002911
-002271
-002736
-003668
-003842
-003086
-001805
-000175
0001455
0002561
0002910
0002444
0001222
0000116
0000000
0000640
0001338
0001280
-000583
-002620
-001921
0000349
0001222
0000407
-001630
-003377
-002213
0000174
0000000
-001863
-002795
-002620
-001980
-001165
-000233
-000350
-003493
-007219
-007044
-004832
-005763
-007626
-005239
-001339
-001805
-004250
-002736
0000698
0001397
-000175
-001980
-002969
-002213
0000000
0003085
0005413
0005122
0003376
0003376
0004307
0003783
0002794
0003376
0005006
0006053
0006519
0006810
0006694
0005821
0004365
0002794
0001222
-000583
-001689
-000932
0000698
0000756
0000000
0000814
0001688
-000815
-004075
-003144
-000350
-001572
-005065
-006404
-006287
-007743
-009198
-007684
-004716
-003610
-004017
-004192
-004017
-003668
-003551
-004599
-005763
-005239
-003377
-001398
-000059
-000699
-001805
-000641
0001979
0003609
0004307
0005471
0006228
0005413
0003550
0001746
0001280
0003900
0006810
0004656
0000407
0001106
0004074
0003201
0000058
-000932
-000350
-000466
-000932
-000699
0000058
0001164
0001455
-000815
-003668
-003668
-001514
0000465
0000989
-001281
-004425
-003842
-001921
-004366
-007859
-005822
-000641
0002270
0002037
-000583
-003842
-004832
-003726
-002620
-001398
0001222
0003259
0002153
-001048
-003901
-004541
-000874
0004482
0006694
0005413
0002270
-000757
-000874
0000814
0001047
0000465
0001164
0002852
0004947
0006403
0005821
0003725
0001629
0000058
-001223
-001339
0000523
0003026
0003609
0002794
0002852
0003376
0003434
0003026
0002444
0001455
-000408
-001863
-000815
0001746
0004482
0004831
-000815
-007917
-008325
-003551
0000814
0003318
0003318
0001804
0001688
0002095
0000640
-001630
-002620
-002387
-002038
-001223
0000814
0002735
0002386
0000582
-000641
-000932
-000292
0000814
0001979
0001746
-001863
-005822
-004366
-000059
0000756
-001107
-002504
-003144
-002911
-002911
-005880
-008674
-005123
0000989
0001047
-001747
0001280
0005995
0003143
-002911
-002038
0002561
0002328
-000350
0000698
0003841
0004365
0003783
0005879
0008440
0006694
0003085
0003259
0005704
0006519
0005355
0002619
-000233
-000757
0000582
0002270
0003318
0002503
0000640
-000699
-000932
-000059
0001222
0001338
0000756
0000873
0001280
0001688
0001280
-001281
-004425
-005298
-004599
-004948
-005763
-005938
-005763
-005880
-006113
-005763
-004774
-003144
-001514
-000292
0000058
-000699
-001398
0000000
0002270
0002444
0001629
0002270
0003783
0005006
0005238
0003900
0002212
0002503
0003783
0003667
0002852
0003143
0003783
0002852
0001571
0002561
0004540
0005122
0003900
0000931
-001980
-002387
-000641
0001513
0002910
0002386
0000582
-000815
-001921
-004075
-006404
-007801
-008674
-010711
-012108
-009489
-005123
-003260
-003668
-004250
-004425
-003260
-001630
-001281
-001747
-001398
-000815
-002038
-003144
-000641
0003841
0006927
0007509
0004715
0001106
0001979
0004889
0003550
0000407
0001280
0004016
0003667
0001047
-001747
-002736
0001106
0006344
0006694
0003085
-000583
-002853
-002620
-000757
0000640
0000465
-002504
-005763
-004832
-001456
-000292
-000641
0000698
0002095
0000058
-002736
-000815
0002852
0002095
-001630
-004133
-004599
-003144
-000641
0001397
0002444
0002852
0002212
-000292
-002620
-001048
0002386
0002852
0001280
0000814
0001047
0000698
-000059
-001223
-001689
0000058
0002619
0003201
0001862
-000350
-001863
-000233
0002677
0003026
0001280
-000641
-001921
-001980
-000932
0000174
0000814
0000349
-000350
0000873
0002503
0001629
-000757
-002213
-002562
-002620
-002445
-002096
-001747
-001572
-002096
-004774
-006520
-001456
0005879
0006228
0002852
0004773
0008673
0006752
0002037
0002095
0004249
0001688
-002038
0000931
0006170
0003783
-001921
-001048
0003550
0004191
0002037
0001222
0001397
0001106
0000000
-002562
-005007
-004599
-002213
-000408
0000174
-000990
-002911
-003784
-003435
-002213
-001281
-002678
-004716
-003959
-001339
0000291
0000698
0000582
0000232
0000582
0001222
0001629
0001746
0001629
0002037
0004540
0007334
0007159
0005530
0006286
0008033
0007334
0005413
0005297
0005588
0002503
-001339
-001165
0001571
0002735
0002095
0000232
-001921
-003086
-003202
-003493
-003260
-000757
0001629
-000175
-004075
-005007
-003551
-002329
-001572
-001281
-000990
0000989
0002444
-000583
-005239
-006054
-003493
-000117
0002095
0000349
-002678
-001223
0002968
0004947
0005064
0005704
0006228
0005588
0004598
0004773
0005413
0004715
0003376
0003143
0003550
0003667
0003201
0002270
0001338
0001164
0001920
0003376
0004831
0005238
0004598
0003318
0001862
0001164
0000989
0000116
-000757
-000466
0000116
-000815
-003027
-006113
-008383
-007451
-005007
-004890
-006462
-007451
-007568
-006578
-005298
-005123
-005472
-004599
-003144
-002445
-002387
-002213
-001863
-001630
-000641
0003143
0006868
0005530
0001338
-000117
0000698
0000698
0000931
0003783
0006752
0005355
0001280
-001165
-001456
-000583
0000873
0001513
0001571
0001920
0002444
0002794
0002561
0001106
-000583
-000932
-000292
-000117
-000408
-000699
-001165
-002271
-003377
-003668
-002795
-000350
0001979
0001688
-000583
-003027
-004599
-004192
-002678
-001863
-001572
-000699
0000174
0000349
-000175
-000699
-001281
-002038
-002213
-000641
0001746
0003783
0003434
-002911
-010013
-008383
-002038
-001572
-003901
-000408
0004424
0000873
-005647
-003319
0003026
0001629
-004192
-005822
-004133
-003260
-003144
-003027
-002736
-001805
-001223
-003319
-005647
-003842
0000465
0002910
0003550
0004016
0004365
0005180
0005413
0002852
-000583
-001223
0000232
0001397
0001979
0001979
0001571
0000989
0000698
0001397
0002619
0003201
0002968
0002037
0000582
-001223
-002504
-002445
-001921
-003202
-005123
-005531
-004250
-001630
0000873
0001106
-000466
-002038
-003551
-005472
-007277
-008441
-008266
-006054
-003319
-002562
-003784
-006054
-007219
-004133
0000174
-000699
-004657
-006287
-005531
-004017
-002271
-001339
-000874
0000174
0001397
0002503
0003085
0002735
0002677
0005530
0008848
0007916
0004074
0000931
-000292
0001164
0003667
0003550
0001397
-000815
-002329
-002620
-002154
-002445
-002271
0001397
0005122
0002561
-002969
-004250
-002213
-000757
-000874
-003202
-006229
-006869
-005822
-005531
-005763
-005705
-005123
-003493
-001980
-002795
-004133
-002445
0001106
0003725
0004482
0003201
0000349
-003144
-005589
-004832
-001921
0000116
0001455
0004307
0006053
0002037
-003377
-001921
0003434
0005006
0003841
0004424
0005064
0002037
-001572
0000232
0004947
0006286
0005006
0004249
0003958
0003783
0003492
0002852
0001804
-000117
-001747
-000699
0000931
-001223
-004774
-004774
-002271
-000932
-000815
-001281
-002096
-003144
-004075
-004599
-004774
-005007
-004948
-003901
-002213
-000292
0000873
0000000
-001572
-001223
0000640
0002386
0003609
0003900
0003667
0004132
0004482
0002794
0000349
-000292
0000407
0000814
0000756
-000175
-001048
0000291
0001338
-003202
-008441
-004599
0002852
0002153
-003668
-006404
-005356
-002096
0001979
0004889
0005064
0001513
-003086
-003086
-001223
-004716
-009140
-005181
0002386
0003492
0000000
-001048
-000757
-003202
-005531
-002911
0002328
0004715
0005006
0006752
0008149
0005821
0002212
0002095
0004016
0003492
0001862
0002444
0004016
0003900
0002444
0001047
-000117
-001107
-001630
-001689
-001398
-001339
-001456
-001281
-000932
-000466
-000175
-000466
-001107
-001223
-001398
-002969
-004541
-003610
-001281
-000175
0000058
0000814
0001862
0003143
0004016
0003550
0002619
0003201
0004715
0005704
0005762
0004715
0003026
0001513
0000989
0002212
0004307
0005879
0006519
0006344
0005937
0006636
0007218
0005297
0002095
0000174
-000117
0000582
0001571
0001338
0000465
0000407
0000407
-001398
-003493
-003144
-001630
-001921
-003959
-006869
-009023
-007859
-004948
-003726
-004133
-004483
-004483
-003959
-002620
0000174
0002503
0000873
-002271
-001398
0001862
0003259
0002968
0002619
0002619
0003609
0004715
0004365
0003259
0003609
0004249
0002328
-000408
-000699
0000931
0002444
0003609
0005006
0005297
0002270
-001980
-003901
-003144
-000641
0002328
0004365
0004540
0002735
-000059
-001980
-002562
-002096
-001514
-002213
-003901
-005589
-006113
-003726
-000466
0000000
-001456
-001921
-001398
-000466
0000000
-001572
-003260
-001456
0001920
0002561
0001222
0000873
0001280
0001862
0002444
0002619
0002910
0004249
0006286
0008906
0009837
0005471
-000757
-002038
0000174
0000873
0000058
-001165
-001805
-000233
0002153
0002386
0001047
0000465
0000523
0000582
0000582
0000407
0000465
0001513
0002677
0002328
0000814
-000583
-001863
-003726
-005589
-007277
-007277
-002853
0001979
-000350
-005531
-003726
0001804
0002095
0000058
0003783
0008440
0003434
-004716
-001689
0006170
0003841
-004075
-005414
-002096
-000874
-000524
0002794
0005937
0003259
-002096
-003435
-001281
0001164
0003026
0003958
0003609
0002212
0000407
-000757
-001107
-001281
-001514
-002329
-003144
-002736
-001630
-001048
-000874
-000699
-000583
-000699
-000699
0000349
0001222
-000815
-003377
-001921
0001571
0001862
0000407
0001164
0002852
0002503
0000814
-000059
0000058
0000640
0001629
0002968
0003783
0002735
0001047
0001047
0002270
0002852
0002444
0000931
-000757
-000874
0000291
0001513
0001920
0000349
-001921
-002562
-001630
0000000
0001455
0001513
0000523
-000233
-001048
-003202
-004890
-002853
0000116
-002096
-006287
-005472
-001689
-000466
-001339
-001980
-001921
-000350
0001397
0000523
-001165
0000232
0003259
0004773
0004365
0002561
0000465
0000058
0001222
0002968
0004365
0004191
0003201
0003667
0004482
0002910
0000698
0001222
0002910
0001979
-000292
-000815
-000466
-001747
-003784
-004425
-004133
-004075
-004133
-003202
-002620
-004774
-007684
-007393
-005239
-004774
-005589
-006054
-005763
-004017
-002504
-004541
-008034
-009023
-007451
-005065
-002620
-000815
-000350
-001572
-002911
-001456
0001106
0001222
-000233
-000641
0000000
0000756
0002212
0006170
0009721
0008382
0004016
0001629
0001397
0002037
0002386
-000117
-003027
-001339
0002386
0002328
-000175
-000874
-000175
0000232
0000000
-001747
-003551
-002969
-000874
0000582
0000989
0000873
-000117
-002096
-003959
-004133
-003260
-003551
-004017
-002154
0000291
-000350
-002387
-001630
0000640
0001222
0000465
-000117
0000000
0001338
0002561
0000989
-001339
0000232
0002910
0000349
-003551
-000815
0005238
0006519
0004831
0006577
0008149
0001688
-006753
-005181
0001571
0000989
-003260
-001223
0003318
0001746
-002562
-001398
0002852
0004249
0002968
0001047
-001165
-003726
-004832
-002213
0002095
0003609
0002910
0002677
0002444
0000814
-001456
-003319
-003959
-003260
-001572
0000291
0001106
-000815
-003726
-004133
-002678
-001339
-000815
-001514
-002736
-003086
-002154
0000116
0001979
0000349
-002736
-002562
-000524
-000175
-001514
-003668
-005181
-003726
-000990
-000583
-001980
-002911
-003668
-005298
-006753
-006404
-004716
-003086
-002154
-002504
-003668
-005123
-005123
-001398
0003318
0003609
0000989
0000116
0000698
0000873
0001222
0002735
0004365
0004424
0003026
0000582
-000583
0002910
0008557
0011118
0010303
0008091
0004947
0001106
-001689
-001630
0000291
0002037
0002212
-000583
-004366
-005880
-004832
-002329
-000233
-001689
-004716
-004716
-002911
-002853
-004017
-004425
-004250
-004192
-004133
-003726
-003202
-003027
-003260
-003842
-004250
-003726
-002736
-002795
-003144
-002213
-000408
0001164
0002270
0002619
0002852
0004191
0005762
0005704
0004482
0003434
0002503
0001047
-000466
-001747
-002445
-002562
-002213
-001630
-001281
-001514
-001689
0000000
0001862
0000582
-001863
-000757
0001629
-000059
-003668
-004657
-003144
-000524
0001222
-000990
-005065
-006171
-005356
-006287
-007626
-006520
-004075
-002504
-002736
-005414
-008616
-008965
-006695
-003610
-000990
-000641
-001456
-000815
0001047
0003143
0004598
0004831
0003900
0002910
0001920
0000523
-000175
0001571
0003550
0001513
-002271
-002678
-000815
-000117
-000408
-000583
-000583
-000641
-000757
-001339
-001863
-000932
0000000
-002154
-004832
-002911
0001338
0002270
0001280
0003201
0005122
0000989
-004716
-002504
0002677
-000815
-007626
-005181
0001571
0000523
-004250
-002445
0002677
0002852
0000116
-000059
0001804
0003492
0004191
0003376
0001688
0000698
0000756
0001688
0002852
0003085
0002270
0000407
-000932
0000756
0003259
0001571
-001689
-000699
0002852
0004191
0003492
0002619
0001746
0001338
0000407
-003086
-006637
-005763
-002387
-001456
-002038
-000757
0000989
0000407
-001281
-001165
-000466
-002329
-004832
-004250
-001514
0001106
0002503
0001862
0000523
0001920
0003667
0000523
-004075
-002795
0001920
0003783
0003026
0001920
0001106
0001629
0002386
0000989
-001048
-000466
0001455
0001746
0000523
-001165
-002562
-002271
-001398
-002678
-004716
-004133
-002445
-003144
-004657
-003377
-000466
0001513
0001746
-000175
-002736
-002853
-001747
-002736
-004599
-004774
-003202
-000292
0001979
0000116
-002969
-000990
0003376
0003434
0001047
0001222
0003201
0004947
0005646
0004482
0002619
0002619
0003958
0004831
0004540
0002153
-000466
0000465
0002794
0001280
-001689
-001048
0001862
0003318
0002852
0000523
-001921
-001514
0000640
0001513
0001106
0000232
-000699
-000874
-001048
-003319
-005298
-002213
0002444
0001571
-002271
-002387
-000175
0000116
-000990
-001514
-001398
-000641
0000523
0001571
0002561
0003376
0004656
0007742
0010419
0009313
0005937
0004132
0003725
0002968
0001979
0001047
0000873
0002677
0005297
0006810
0007509
0009371
0010419
0006868
0001979
0001804
0004191
0003026
-000292
-001747
-001863
-002562
-003027
-001630
0000058
-000466
-002795
-005647
-007277
-005356
-001980
-001398
-002736
-002853
-002387
-003260
-004716
-004948
-004716
-005996
-006520
-001398
0005297
0005995
0002677
0001222
0001804
0003609
0005238
0004365
0002270
0001455
0002270
0004831
0007159
0005879
0002852
0002619
0003783
0002444
0000465
0002212
0005471
0005879
0003958
0001979
0001047
0002095
0003783
0003318
0001338
0000000
-000350
0000349
0001455
0001571
0001047
0001455
0001746
-000175
-002911
-004308
-003784
-001689
0001106
0003376
0004132
0002852
0000465
-000990
-001572
-002387
-002271
0001106
0005180
0005413
0002852
0001280
0000640
-000292
-000466
0002037
0005471
0006636
0005821
0004831
0003783
0002386
0001222
0001047
0001571
0001862
0001804
0001397
0001222
0002386
0003725
0003026
0000989
-000641
-001048
0000582
0002968
0003725
0002794
0000989
-000292
0001222
0003958
0004424
0002677
-000292
-002678
-001630
0001047
0001338
0000291
0001106
0002794
0002794
0002037
0002619
0003725
0003725
0002619
0000873
-000757
-001048
-000292
0000698
0001571
0001979
0001979
0001862
0001338
-000466
-002562
-003377
-003319
-004425
-005298
-003202
0000000
0000640
-000874
-002853
-003901
-002038
0001047
0002270
0000989
-002911
-006753
-006753
-003319
0001164
0004365
0003434
0000291
-000641
0000116
-000408
-000874
0001629
0005064
0005995
0004540
0002444
0000582
0000058
0000989
0003259
0005180
0003725
0001047
0002037
0004715
0004365
0002270
0001571
0002153
0002677
0002735
0001688
0000116
-001165
-001456
-000059
0001513
0000232
-002213
-002387
-000932
-000233
-000699
-003202
-005472
-003260
0000116
-002445
-007277
-005763
-001165
-001165
-003901
-003959
-002562
-003435
-004774
-002795
0000814
0002503
0002328
0001804
0001455
0002503
0003609
0002444
0000000
-001689
-001747
0000814
0003609
0002270
-000408
0002270
0006985
0006228
0002619
0003143
0005413
0002968
-000874
0000931
0004656
0002037
-003260
-002562
0001338
0000756
-001805
0000058
0003085
0000349
-004657
-003726
0000000
-001281
-004774
-003842
-000524
-000059
-001921
-004133
-005414
-004075
-001339
-000059
-000466
-002154
-003668
-002445
0000174
0001047
0000582
0000174
0000291
0001804
0003318
0002328
0000000
-000699
-000408
-001165
-002213
-002213
-001048
0001047
0003201
0004424
0004540
0003900
0003026
0002677
0002735
0002794
0002619
0002444
0001397
-001921
-005123
-004192
-000292
0003434
0005413
0004307
0001047
-001805
-003202
-002504
-000757
-000292
-000815
-000990
-000641
0000232
0001455
0002503
0003376
0004889
0005937
0004889
0002735
0001688
0001688
0001571
0001629
0002444
0003434
0003958
0003434
0001513
-000466
0000291
0002037
0000873
-001514
-001223
0000407
0000058
-001630
-002620
-002969
-003551
-003959
-003901
-003319
-001980
-000815
-001398
-002387
-000757
0001920
0002328
0001047
0000232
-000175
-000292
-000408
-001107
-001572
-000117
0001862
0001280
-000466
0000116
0001804
0001746
0000465
-000641
-000874
0000756
0003143
0004482
0003958
0000989
-002329
-002096
0000058
-000233
-002038
-002620
-002271
-002445
-002678
-001630
-000815
-002620
-005472
-006054
-004716
-003493
-002562
-001398
-000874
-002504
-004657
-004017
-002329
-003959
-006345
-004308
0000058
0001571
0000814
0000232
-000059
-000815
-000932
0001222
0004016
0004656
0003609
0003201
0002852
0000873
-000932
0000640
0003318
0001979
-001398
-002387
-001456
-000699
-000117
0000582
0001222
0001920
0002212
0001688
0000174
-002387
-004774
-004948
-003901
-004133
-005007
-004948
-004657
-006171
-008034
-007451
-005938
-007277
-009081
-006404
-001863
-001223
-002795
-001863
0000000
-001165
-003493
-003027
-001048
-000874
-001456
0000349
0002677
0001746
-000292
0001571
0004715
0003143
-000117
0001629
0005704
0005530
0002968
0002677
0003609
0002503
0000582
0000174
0001397
0004424
0006344
0002444
-003610
-004308
-001223
0000582
0000232
-002795
-005880
-004483
-000524
0000931
0000000
-001747
-003319
-003435
-002562
-002038
-002445
-004483
-006695
-006520
-005007
-005007
-005880
-005996
-005472
-005065
-004832
-004890
-004250
-000932
0002968
0003900
0002677
0002153
0002095
0001280
0000058
-001165
-001630
-000117
0001804
0001571
-000059
-000874
-000292
0001920
0004424
0005471
0004424
0000931
-002736
-002969
-000641
0001338
0001804
-000641
-003726
-003086
-000757
-001630
-004541
-006287
-006578
-006287
-005356
-003319
-001747
-003202
-005472
-003610
-000350
-001339
-004657
-005356
-004017
-003144
-002736
-002038
-001339
-000990
-000583
0000814
0002619
0003783
0003900
0002503
0000873
0001164
0002270
0001338
-000757
-002445
-002504
0001106
0004947
0002910
-002154
-002969
-001223
-002096
-003842
-002271
0000698
0000814
-000641
-000292
0000814
0000116
-001456
-001689
-000815
0000291
0001106
0000640
0000000
0001513
0003550
0002328
-000350
-000117
0001397
0000407
-001630
-001281
0000465
0000989
0000931
0002095
0003550
0003376
0002328
0002619
0003201
0001804
-000175
0000058
0001862
0003434
0003958
0002910
0000465
-002562
-004948
-005123
-003551
-001630
-000117
0000640
0000349
-001514
-003493
-003027
-002154
-005589
-009780
-007335
-001514
0000523
-000932
-002911
-004483
-004425
-003319
-003144
-003144
-001339
0000465
-001165
-004075
-003610
-000699
0001979
0003550
0003376
0002503
0003492
0005238
0005238
0004016
0002677
0002503
0005238
0008615
0008440
0005937
0005355
0005413
0002503
-000524
0001746
0006170
0005704
0001920
-000757
-001456
0000232
0002561
0002212
0000058
-001281
-001572
-001165
-000699
-001572
-003144
-003784
-003726
-003959
-004075
-003202
-002038
-001398
-001689
-003377
-004774
-002911
0000814
0003841
0005122
0004249
0002386
0001746
0002503
0003900
0005122
0005180
0004016
0002037
0000232
0000058
0000989
0001222
0001280
0002328
0003725
0004307
0004191
0004540
0004656
0003085
0000873
0000349
0000931
0000931
0000116
-001630
-003144
-002504
-000757
-000350
-000757
0000116
0001164
0000523
-001107
-001572
-001747
-003959
-006054
-004075
-000466
-000466
-002504
-002329
-000350
0001397
0002910
0005122
0006577
0004889
0001920
0001338
0002677
0003841
0003783
0000989
-002387
-002562
-000350
0001397
0001804
0000523
-001165
-000524
0001164
0000698
-000932
-000932
-000233
-001398
-003493
-004192
-003784
-003144
-002795
-003901
-004716
-001689
0002619
0002735
0000407
0000814
0001979
-000932
-005414
-006578
-004774
-001921
0000582
0000814
-000059
0001280
0003492
0003609
0002619
0002794
0003958
0005646
0006868
0006112
0004424
0004424
0004831
0002677
-000292
-000466
0001222
0001746
0001688
0002503
0003492
0003259
0002153
0001164
0000407
-000175
-000641
-001223
-001747
-001980
-001863
-001107
-000815
-002736
-005472
-006462
-005356
-002562
0000407
0000873
-000583
-002038
-002620
-001281
0000873
0001455
0000873
0000465
0000582
0001397
0002212
0001746
0000873
0001629
0003085
0003434
0002503
-000059
-001747
0001862
0007043
0006112
0001920
0002037
0004424
0003376
0001106
0003143
0005879
0001746
-004657
-003027
0001688
-002096
-009431
-008790
-003610
-003319
-005647
-004250
-001107
-000466
-001747
-002504
-002678
-002445
-002213
-002562
-003668
-005763
-007160
-004890
-000699
0001629
0002037
0001688
0001455
0003085
0004889
0003143
0000000
0000058
0002386
0003550
0004191
0006403
0008440
0006810
0003609
0003201
0004365
0003376
0000756
-002504
-004541
-002795
0000756
0001746
0000465
-001398
-002445
-000292
0002328
0000000
-004599
-005763
-003842
-001048
0000640
-001689
-005647
-006520
-004599
-002387
-001165
-002620
-004716
-003086
0000582
0002677
0002561
0000232
-002562
-002795
-000990
0000116
0000931
0002794
0004656
0004773
0003492
0001920
0001047
0001920
0003900
0005238
0005471
0004656
0003026
0001106
-000117
-000059
0001106
0002328
0003026
0002677
0001746
0001804
0002270
0001979
0001571
0002968
0004249
0001397
-002911
-003260
-000990
-000350
-001339
-002853
-004192
-004716
-004075
-001747
0000000
-002911
-007451
-007393
-004192
-002329
-001689
-000815
-000117
0000058
0000116
0000814
0001688
0001513
0000989
0002095
0003201
0000989
-002096
-000990
0001688
-000117
-003435
-001165
0003143
0001629
-002969
-003901
-002096
-000990
-000990
-002445
-003959
-002736
-000233
0000291
-000990
-003027
-004017
-000990
0002910
0000931
-003726
-003668
-000117
0002677
0003900
0003667
0001688
-001980
-005414
-006171
-004599
-002736
-000874
0001455
0003318
0003725
0002677
0000756
-000757
-000117
0001804
0002677
0002270
0001338
0000174
-000583
-001165
-002678
-003726
-001281
0001862
0000058
-004250
-005414
-004133
-003260
-003260
-004366
-005298
-002969
-000175
-002562
-007102
-006986
-004192
-003842
-005298
-006054
-006404
-008092
-008674
-003144
0003725
0002561
-002504
-001339
0003085
0002968
0000349
0000465
0002270
0002619
0002153
0002153
0002852
0004424
0005530
0003958
0001571
0001746
0004191
0007451
0009313
0006577
0001688
-000233
0000407
0000931
0000756
-000583
-002562
-003784
-004366
-005181
-005589
-004657
-003144
-002678
-003260
-004250
-005181
-004832
-004657
-007335
-010770
-011061
-008558
-004890
-002154
-003144
-006113
-006753
-005589
-004948
-004890
-004890
-004716
-003901
-002795
-002504
-002271
-000641
0001571
0003026
0003841
0005762
0006927
0003958
0000058
0001397
0005006
0003725
-000117
-000466
0001338
0001455
0000116
-001107
-001747
-001223
-000292
-000350
-001107
-001281
-001398
-002096
-003377
-005007
-006287
-006637
-006171
-005763
-005531
-005589
-005414
-003726
-001805
-002154
-003959
-005414
-005880
-005123
-003551
-002271
-001456
-000757
-000757
-002213
-003319
-000699
0003318
0004016
0002270
0001047
0000523
0000291
0000174
-000757
-001456
-000175
0002037
0002910
0002503
0001688
0000465
-001689
-003377
-002445
-000466
-000990
-002853
-002911
-001514
0000291
0001222
-000641
-003610
-004366
-003027
-000815
0000814
-000233
-002795
-004425
-004483
-003144
-001456
-001107
-002096
-003784
-004774
-003086
-000233
0000931
0000058
-002853
-005356
-003319
0000931
0002386
0001164
-000757
-001747
0000814
0004773
0005297
0003725
0004249
0005122
0002153
-002445
-004075
-003551
-003959
-004483
-003027
-000874
-000466
-001630
-003377
-004425
-002620
-000350
-002504
-006520
-006404
-003668
-002736
-003202
-002969
-002736
-003726
-004716
-003027
-000466
-000641
-002154
-001689
0000116
0001106
0001920
0004831
0007451
0004889
0000873
0003550
0008615
0006403
0000523
-000175
0002444
0002095
0000698
0003026
0005879
0002619
-002736
-001223
0003725
0003609
0000174
-001572
-001689
-001456
-001165
-001456
-002213
-002678
-003377
-005822
-008034
-006578
-003027
-000990
-001281
-003842
-006578
-005938
-002736
0000582
0002212
0000000
-003377
-002504
0000698
0000873
-001107
-002504
-002795
-001281
0000814
0000989
0000814
0003783
0007742
0008324
0006752
0006868
0007683
0006752
0004540
0002561
0001047
-000117
-000641
-000292
0000465
0000698
0000523
0000814
0001338
0001979
0001688
-001456
-005007
-004716
-002329
-002329
-004133
-005647
-006229
-005007
-003493
-004890
-007277
-006171
-003202
-002504
-003493
-004017
-004017
-003901
-003086
-000583
0001920
0001629
-000117
-000292
0001280
0004191
0006344
0004249
0000582
0000873
0003783
0005122
0004947
0004307
0003667
0003609
0003958
0004249
0003841
0001338
-001107
0000407
0003783
0004307
0002561
0000873
-000466
-001630
-002329
-002678
-002504
-001398
-000466
-001223
-003086
-004657
-005298
-004425
-003027
-002969
-003435
-001805
0000174
-000874
-003668
-005007
-004774
-004250
-003435
-002504
-000932
0002968
0006461
0004482
0000523
0002328
0007101
0008382
0006577
0004307
0002677
0003026
0004249
0003434
0001280
-000059
-000350
0000349
0001571
0002619
0002677
0000873
-001456
-002096
-000874
0001571
0003143
0000291
-003901
-003202
0000058
-000059
-002445
-003959
-003319
0001222
0006228
0005646
0001571
-000059
0000465
0000640
0000756
0001222
0002037
0003085
0004656
0007858
0010419
0008906
0004831
0001804
0000873
0003085
0005588
0002444
-002678
-001689
0002212
0000582
-003202
-001048
0003318
0001571
-003319
-003959
-001980
-002271
-003784
-003784
-002853
-003027
-003086
-000233
0002677
0000873
-003551
-005822
-005065
-001339
0003026
0003841
0002212
0001862
0002037
0000873
-000990
-002213
-001980
0000582
0003958
0005471
0005238
0004715
0004191
0004307
0004132
0001513
-001107
0000640
0004773
0006752
0006344
0004715
0003492
0005530
0008207
0006112
0001222
-001980
-002387
0000174
0003841
0005646
0004482
-000350
-005414
-004774
-001339
-003086
-007044
-006404
-003086
-002387
-003668
-004774
-004948
-002911
-000233
0000116
-000815
0000174
0002212
0003085
0002619
0001047
-000641
-001456
-000699
0001979
0004889
0005530
0004424
0003725
0003900
0004889
0006461
0008033
0008673
0006927
0004540
0004773
0006344
0006228
0004482
0002153
0000116
-000641
0000116
0002212
0004191
0003725
0001862
0001513
0002153
0002386
0001920
0000349
-001398
-001863
-001514
-001630
-002504
-004483
-006229
-005181
-003086
-003493
-005647
-007568
-008208
-006578
-003901
-002620
-002853
-004192
-005239
-004192
-001572
0001164
0002910
0002619
0001688
0003201
0005413
0003958
0001455
0003550
0007276
0006112
0002095
0000174
0000116
0000058
0000000
0000174
0000582
0001397
0002328
0003259
0003492
0002212
0000232
-001281
-001339
0001106
0004424
0005995
0005297
0002561
-000757
-002504
-002445
-001456
-000524
-001572
-003260
-002445
-000292
0000116
-000292
0000873
0002619
0002968
0002153
0001164
0000582
0001222
0002212
0001571
0000814
0003492
0006752
0004831
0000523
-000117
0002037
0003900
0004249
0002153
-000990
-002387
-002038
-001165
-000524
-001107
-002213
-002154
-001398
-000757
-001048
-003377
-005705
-004133
-000524
0000291
-000408
0001513
0003550
0000523
-004133
-003260
0000523
-000059
-002562
-000757
0002910
0002677
0000814
0002619
0005879
0005646
0002910
0000582
-000524
-000117
0001338
0002968
0003609
0001629
-001107
-001281
0000465
0001746
0002212
0001804
0000989
0000931
0000931
-000466
-001980
-001339
0000465
0001047
0000523
-000233
-001107
-002213
-003260
-003842
-004133
-004716
-005123
-004483
-003319
-002620
-002562
-003144
-003726
-003260
-001980
-000757
0000291
0001280
0002095
0002968
0003434
0002619
0001571
0001804
0003376
0005646
0007451
0007101
0005704
0005879
0007392
0009139
0009837
0007916
0004540
0002095
0001455
0002910
0004715
0003900
0000989
-002271
-004425
-003726
-001456
-000583
-001339
-003144
-004774
-004366
-002387
0000058
0001164
-001747
-006287
-007917
-007044
-006345
-005763
-004308
-003260
-004657
-006928
-006928
-004890
-002387
-000641
-001281
-003260
-004192
-003842
-002795
-001398
-000408
0000232
0001164
0001920
0001629
0000873
0000814
0001280
0001746
0002444
0004132
0005588
0004598
0002386
0002095
0002561
0000465
-002562
-003551
-002620
-000874
0000640
0000523
-000641
-001107
-000815
-000175
0000174
-000466
-001689
-001863
-001863
-003726
-005822
-005298
-002853
-000059
0001164
-001747
-006113
-006345
-004425
-005880
-008674
-008325
-005705
-003668
-002213
-000408
0000873
0000291
-001223
-002038
-001980
-001805
-000932
0002037
0004889
0004132
0001513
0001106
0002444
0003783
0004482
0003841
0002328
0000698
-000233
0000523
0001804
0001280
-000641
-002445
-003610
-003959
-002969
0000407
0003609
0001920
-002096
-002445
-000699
-001165
-003260
-005181
-006054
-004657
-002678
-003319
-005414
-006054
-005007
-003202
-000641
0003900
0006868
0002444
-003959
-000990
0006170
0005180
-000233
0000000
0003318
0002677
0000232
0001513
0004249
0003609
0000814
-000757
-000990
-000408
0000000
-001747
-003784
-002329
0000873
0001920
0001397
0002037
0002677
0000814
-001921
-002038
-001281
-003784
-007102
-006171
-002853
-001514
-002387
-004483
-006229
-005123
-002213
0000174
0001047
0000116
-001747
-002445
-002096
-001921
-001572
0000232
0002037
0001571
-000059
0000000
0000756
-000117
-002154
-004017
-004832
-003435
-000932
0000174
0000058
0000058
-000175
-000990
-002620
-005531
-007801
-006928
-003784
-000641
0000873
-000874
-003842
-003959
-002154
-001572
-002445
-004657
-006695
-006171
-004075
-003202
-003260
-002853
-001980
-000815
0000465
0001688
0002852
0004249
0005238
0004831
0003783
0003667
0004191
0004132
0003550
0002968
0002037
0000058
-001456
0000116
0002852
0002619
0000523
-000350
-000117
0000465
0000931
0000465
-000059
0001106
0002677
0001629
-000524
0000000
0001746
0001629
0000058
-001281
-002329
-003726
-004657
-004192
-002853
-001572
-001165
-002096
-003726
-004425
-004250
-003668
-003319
-004308
-005414
-004133
-001514
0000232
0000698
-000408
-001572
0000291
0003026
0002444
0000116
0000000
0001455
0002328
0002735
0003550
0003841
0002212
0000000
-000059
0001746
0003783
0005122
0004947
0003609
0002444
0001629
0000989
0000523
-000408
-001048
-000059
0001222
0000640
-001339
-002969
-003726
-003551
-002329
0000058
0001862
0000582
-002213
-002853
-001630
0000116
0000873
-001398
-004657
-005007
-002271
0002677
0006519
0003958
-001339
-001456
0001862
0002852
0001804
0000349
-000815
-000757
-000175
-001572
-002678
0001164
0006170
0004482
-000524
-000583
0001746
-000815
-004832
-002969
0001571
0000989
-002154
-001572
0001047
0000814
-000990
-001165
-000466
-001165
-002445
-002445
-001572
-001107
-000350
0002444
0005180
0004249
0001222
-000408
0000000
0002444
0005122
0004598
0002735
0004191
0006985
0006694
0004191
0002037
0001047
0001862
0003376
0003434
0002619
0003143
0004016
0003318
0001397
-000641
-001980
-001689
-000699
-000699
-001747
-003435
-004657
-003668
-001514
-000524
-000524
-000350
-000117
-000233
-000175
0001222
0002910
0002910
0001979
0002095
0002619
0002095
0000814
-000408
-000757
0001106
0003841
0004889
0003958
0001222
-001281
-000524
0002444
0004773
0005879
0006053
0005297
0004074
0003143
0003492
0003841
0001106
-002213
-001456
0001629
0002794
0002386
0002212
0002095
0001804
0000989
-000990
-002795
-002096
-000117
0000523
-000408
-002329
-003959
-003260
-001281
-000641
-001398
-003144
-004716
-004308
-003027
-003493
-004890
-005472
-004948
-003610
-001863
-000292
0001047
0002968
0004132
0002619
0000232
0000756
0002852
0002677
0001280
0001106
0002153
0003958
0005064
0002619
-000524
0001338
0005762
0006752
0005122
0004249
0004074
0004016
0003434
0000989
-001398
-000117
0002794
0002968
0001164
0000291
0000582
0002095
0003026
0000058
-004425
-005414
-003959
-003551
-004017
-004308
-003959
-002038
0000349
0001280
0000756
-000292
-001107
-000466
0000756
0000582
-000233
0000465
0001455
0000116
-002038
-001921
0000000
0002270
0003550
0001979
-000466
0000465
0003434
0004773
0004715
0005064
0005413
0005238
0004482
0003143
0001862
0001571
0001746
0001047
-000233
-001456
-002213
-002271
-001689
-000641
0000349
0000931
0000640
-001223
-002736
-000117
0003318
0000291
-004716
-002038
0003958
0003201
-001980
-004890
-005298
-004716
-003842
-004017
-004133
-001572
0001920
0003026
0002386
0002095
0002619
0004889
0006519
0003201
-002096
-002969
-000699
0000582
0000814
0001106
0001222
0000873
0000465
0000873
0001397
0000989
-000117
-000757
-001048
-001456
-001514
-000583
0000756
0001455
0001106
-000932
-003202
-003319
-002213
-002329
-002853
-001281
0001047
0001513
0000291
-001339
-002678
-002736
-002096
-002736
-003319
-001107
0002153
0003201
0002444
0002095
0001804
0000465
-000524
0001513
0004191
0002910
-000059
0000931
0003667
0002794
0000174
0000582
0002386
0001571
-000932
-002853
-003086
-000292
0003143
0003318
0000931
-001107
-002213
-002387
-001572
0000174
0001746
0002037
0000756
-001921
