0003958
0003725
0001979
0001280
0001164
0000407
-000408
-000175
0000698
0001338
0001571
0001688
0001862
0002735
0003492
0002503
0000873
0001047
0001979
0001222
-000408
-000815
-000524
-001165
-001747
0000058
0002561
0002677
0001164
0000349
0000174
0000000
-000524
-002271
-004192
-004948
-004017
-001048
0001804
0000931
-001921
-002445
-001165
-000583
-000233
0001164
0002852
0003900
0003667
0001338
-001048
0000349
0003550
0003550
0001804
0002561
0004249
0002794
0000756
0003085
0007334
0008382
0006112
0001746
-001980
-001165
0002212
0003318
0002037
-000699
-002969
-001747
0001164
0001571
0000000
-001165
-001747
-001921
-001921
-002562
-003551
-004017
-004250
-005123
-005938
-005298
-004366
-005123
-006637
-006811
-005589
-003377
-001398
-001223
-002038
-001281
0000291
0000814
0000582
0000814
0001047
0000582
-000466
-002096
-003027
-001630
0001280
0003900
0005064
0003958
0002095
0002677
0004249
0003318
0000640
-002096
-003668
-002736
-000874
-002038
-004133
-002213
0000931
-000990
-005007
-004425
-001165
-000466
-001223
0000000
0002095
0002735
0001979
0000291
-001630
-002911
-003086
-001805
-000117
0000232
-000350
-000175
0000407
0000873
0001106
0000756
0000756
0002735
0005064
0004598
0002561
0002386
0003667
0004773
0005762
0007916
0008324
0001804
-006113
-005123
0001106
0002503
0000291
-000292
0000174
-000350
-000990
-000175
0000873
-000466
-002504
-001863
0000407
0001629
0001513
0000349
-000524
0001513
0004365
0003667
0000640
-001165
-001572
-001339
-000641
-000059
0000174
-000175
-000874
-001689
-001980
-000583
0001397
0001979
0001397
0000407
-000117
0000698
0002561
0004831
0006112
0004598
0001979
0002153
0003783
0003667
0002503
0002212
0002328
0001222
-000292
-000466
0000174
0000232
-000175
-000641
-001165
-002038
-002853
-003435
-003144
-001572
0000465
0001804
0001979
0001280
0000349
0000291
0001280
0002910
0004598
0005821
0005646
0003201
0000058
-001223
-000583
0000640
0001688
0001280
0000523
0001746
0003725
0003900
0002619
0001164
0000291
0001106
0002444
0001862
0000523
0001455
0002910
0001047
-001863
-000815
0002212
0001979
-000059
0000291
0001338
-001339
-004716
-002736
0001513
0001222
-001863
-002329
-001398
-002911
-004657
-002154
0002037
0002677
0000523
-001747
-002271
0001571
0006403
0005588
0001862
0002503
0005355
0004831
0002212
0001047
0001047
0001164
0000582
-002504
-005531
-003784
0000291
0000931
-000699
-000932
0000058
0001047
0001979
0002910
0003434
0003376
0002852
0002212
0002153
0003958
0006344
0007392
0006228
0002619
-001689
-003842
-003726
-002620
-001514
-002096
-003784
-004716
-005123
-006229
-006928
-005356
-002562
-000757
-000117
0000523
0000349
-002445
-005239
-003551
0000640
0002794
0002328
0000174
-002387
-003319
-002329
-000059
0002212
0002561
0001571
0001571
0001513
-001048
-004075
-003959
-001281
0001746
0003783
0003492
0001920
0001571
0002619
0004191
0005821
0007509
0007509
0003085
-002504
-003260
-000524
0000989
0001164
0000989
0000058
-002096
-004425
-005472
-005239
-004832
-004250
-003493
-002562
-001456
-000175
0001746
0003201
0002095
0000349
0001571
0004132
0004307
0002852
0002328
0002503
0002503
0002095
0000931
-000874
-003435
-005414
-005239
-003551
-002271
-001456
-000466
0000523
0001629
0002037
0000000
-002329
-000757
0002794
0003783
0002619
0001164
0000232
0000640
0001629
0001688
0000931
0000058
-000524
0000058
0000814
-000175
-001630
-000524
0001397
0000407
-001980
-001980
-000466
0000174
0000116
0000232
0000523
0001513
0002037
0000000
-003086
-004366
-003493
-001281
0000931
0000698
-001107
-002271
-002445
-001805
-000815
-000175
-000641
-003202
-005880
-005181
-002620
-002271
-002969
-001689
0000698
0002095
0002095
0000698
-001339
-002213
-002795
-006171
-009256
-006054
-000583
-001223
-005356
-005589
-003610
-004483
-006113
-003842
0000000
0000582
-000757
0000232
0002153
0001280
-000233
0002095
0005588
0004540
0000640
-001339
-001514
-001456
-001514
-002504
-003260
-001572
0000989
0001455
0000232
-000874
-000990
0001222
0003667
0002095
-001223
-000815
0001455
0000756
-001165
0000000
0001920
-000583
-004890
-005414
-003551
-003726
-004832
-004133
-002969
-003842
-005880
-007219
-006986
-004425
-001514
-001980
-004366
-005298
-004483
-002329
0000058
0000873
0001047
0003259
0005413
0003667
-000175
-002271
-002213
-001048
0000873
0003201
0004249
0001455
-002096
-000233
0003550
0001455
-003551
-004716
-002562
-000175
0001629
0001920
0001688
0004132
0006636
0004191
-000466
-000990
0000931
0000931
-000699
-002271
-002911
-001339
0000814
0000407
-001572
-002387
-002038
-001689
-000990
0000698
0002212
0001571
-000583
-002271
-003086
-003377
-002736
-000815
0001513
0003026
0003201
0002153
0000756
0000814
0001746
0002212
0002270
0002561
0003201
0004482
0005238
0003725
0001222
0000407
0000814
0000232
-000233
0001804
0004656
0004947
0003434
0002503
0001804
0000174
-002096
-005123
-007335
-006753
-004192
-001689
-000350
-000990
-002853
-004599
-004832
-001747
0001920
0001047
-002387
-003377
-002096
-000583
0000931
0002386
0002910
0001338
-000699
-000350
0001455
0001804
0001513
0002561
0003667
0002503
-000059
-001921
-002387
-001107
0000873
0001397
0000698
0000291
0000174
0000058
0000291
0001338
0002386
0002503
0001280
-001398
-004250
-005589
-005414
-005007
-004075
-001805
0000291
0000000
-001572
-001514
-000583
-001339
-002387
-000466
0002328
0001804
-000932
-002678
-003319
-004192
-004716
-004075
-002969
-003086
-003377
-001630
0001047
0002561
0002910
0003259
0003259
0001804
0000698
0003492
0006868
0004482
-001048
-003668
-003319
-002387
-001048
0000640
0001338
-001223
-004425
-003668
-000233
0001979
0002386
0001280
-000292
-000408
0000232
-000757
-002562
-003610
-003901
-004425
-004541
-002795
-000699
-000874
-002329
-002795
-001921
-000059
0001629
0000931
-000932
-000815
0000407
0000232
-000059
0002328
0005355
0005471
0003143
0000291
-001630
-000990
0001338
0003434
0004307
0003492
0001804
0001047
0001106
0000698
0000407
0001397
0002386
0000582
-001980
-000990
0001338
0000058
-002969
-003202
-001398
-000117
0000523
0001455
0001397
-002096
-006113
-005472
-002213
-001630
-002736
-002387
-001165
-000699
-000524
0000523
0001106
-001747
-005007
-002678
0001862
0001047
-002445
-001747
0001571
0003259
0003026
0002037
0000465
-001281
-002329
-001980
-000292
0002212
0004132
0003434
0000931
-001398
-002562
-002213
-000466
0001571
0003143
0003550
0002794
0001338
0000232
0001280
0003026
0002619
0000698
-000990
-002038
-002678
-002969
-003493
-003901
-003086
-002213
-003260
-004832
-003551
-000990
-000233
-001107
-002096
-002504
-001398
0000465
0001746
0002212
0002212
0001862
0001688
0001164
-000874
-003086
-003784
-002271
0002095
0006228
0005180
0000814
-001747
-002154
-001863
-000874
0000814
0002037
0001455
-000292
-002038
-003086
-002853
-002271
-003435
-004774
-003202
0000058
0002386
0002735
0000349
-002853
-003086
-001514
-001805
-002795
-001689
0000116
-000466
-002271
-002445
-001514
-001398
-001689
-001223
-000292
0000291
0000349
-000524
-001398
-000583
0000756
-000175
-001805
-000350
0002212
0001629
-000932
-002504
-003144
-004250
-004948
-003901
-001863
-000233
0000698
0001164
0000989
-000117
-001281
-001339
-000233
0001397
0002794
0003085
0001979
-000699
-003144
-002562
-000117
0000814
0000465
-000059
-000292
0000407
0001164
0000291
-001398
-002271
-001747
0000465
0003026
0003492
0002270
0000931
0000407
0001397
0003376
0005180
0005762
0004249
0001979
0001688
0002735
0002968
0001688
-002445
-006171
-003959
0001106
0002212
0000232
-000990
-001572
-002271
-003086
-004483
-005298
-003784
-001107
0000174
-000059
-000990
-002736
-006287
-008965
-006171
-000932
0000756
-000408
-000932
-001048
-001689
-002795
-004774
-005880
-003726
0000232
0002968
0004016
0004773
0004249
0000756
-003086
-002736
0000291
0001979
0002153
0001455
0001164
0004191
0007683
0006519
0002328
-000408
-001572
-002271
-002678
-003027
-003493
-004483
-004716
-001921
0001047
-001398
-006287
-006869
-004366
-002969
-002562
-001223
-000117
-000815
-002562
-003435
-003610
-004250
-004657
-003610
-002038
-001863
-002445
-002329
-001339
0000582
0001862
-000350
-003493
-002329
0000931
0000756
-001630
-002853
-002620
-001921
-000699
0001397
0002735
0000873
-002387
-002853
-001805
-002736
-003959
-001689
0001629
0001164
-001689
-003377
-003726
-003435
-003610
-006287
-009547
-010071
-008092
-005298
-003086
-003319
-004948
-005414
-005123
-005647
-006520
-007044
-006054
-001339
0003550
0002794
-001980
-006229
-007975
-005298
-000583
0001455
0000640
-001747
-004017
-003668
-001747
-000932
-001339
-002329
-002969
-001805
0000698
0003376
0005238
0005355
0004249
0003376
0002561
0000873
-001223
-002911
-003842
-004250
-003959
-002911
-001805
-001572
-002213
-003901
-004774
-001514
0002619
0001164
-003144
-003668
-001572
-001223
-001339
0001571
0004889
0003492
-000233
-000815
0000523
-000699
-002213
0000465
0004773
0005355
0003085
0001106
-000117
-001165
-001223
0000873
0003026
0001571
-001398
-001107
0000814
-000466
-002445
0000232
0004598
0004132
0000873
-000117
0000640
0000873
0000116
-002096
-004250
-003726
-001689
-001048
-001223
-000524
0000931
0002852
0004016
0002503
-000292
-001456
-000757
0001164
0002910
0002212
-000233
-002620
-004017
-003668
-002329
-001456
-001048
-000583
0000000
0001106
0001862
0000814
-000932
-001048
-000117
-000175
-000408
0000814
0002561
0002794
0002037
0002095
0002212
0000407
-001689
-001165
0000582
0000174
-001281
-000641
0000814
-000292
-001863
0000814
0004424
0002153
-003202
-005123
-004133
-003144
-002620
-002504
-002969
-003726
-004599
-005298
-005298
-004250
-002562
-001048
-000641
-002271
-004366
-003842
-001630
-000524
-000175
0000931
0001746
0000523
-001281
-000932
0000989
0002794
0003667
0002619
0000523
-000932
-001165
-000408
0001164
0003434
0005297
0005995
0004715
0001047
-003493
-006811
-007568
-004366
-000408
-001456
-004599
-002329
0002153
0001513
-002387
-004308
-004483
-005298
-005763
-003784
-001339
-001689
-003377
-002911
-000815
0000814
0001629
0001571
0000756
-000350
-001281
-001514
-001281
-001281
-001398
-001223
-000408
0001862
0004424
0005646
0005355
0003609
0002270
0005006
0008091
0004016
-002911
-003319
0000291
0000232
-001398
0000873
0004191
0002503
-001398
-000757
0002037
0000756
-002620
-003027
-001456
-000641
-000932
-002096
-003377
-003202
-002329
-002620
-003377
-002795
-001630
-001398
-002213
-004366
-005938
-003726
0000000
0000116
-001863
-001863
-000524
0000000
0000582
0003259
0006053
0005413
0002619
0000931
0000523
0000291
0000640
0002212
0003434
0001746
-001048
-001281
0000465
0001920
0002095
-000117
-002853
-002387
0000000
0000873
0000407
0000349
0000116
-002154
-004192
-001921
0001979
0001688
-000874
-000583
0001338
0001571
0000465
-000757
-001339
-000117
0001920
0002852
0002619
0001629
0000814
0001862
0003667
0004074
0003201
0001862
0000698
0000698
0000989
-000408
-002213
-001398
0000232
-001514
-004250
-002504
0000873
-000466
-004075
-004017
-001398
0000523
0001106
0000291
-000990
-000699
0000465
0000523
0000058
0000873
0001629
-000059
-003260
-005996
-006986
-005298
-002096
0000174
0000814
0000058
-001281
-001572
-000815
0000407
0001571
0002095
0001688
0000000
-001747
-001980
-000874
0000000
0000989
0002852
0004656
0004773
0003492
0001746
0000349
0000058
0000407
-000408
-001398
-000524
0001047
0000582
-001165
-002096
-002445
-002795
-003435
-004948
-006171
-005472
-003377
-001339
-000233
-000932
-002620
-003610
-003319
-001107
0001222
0000407
-002154
-002853
-001863
-000524
0000465
0000000
-001514
-003202
-003901
-002271
-000059
-001398
-003901
-002154
0001513
0002212
0000349
-002038
-003726
-003319
-001165
0001688
0003026
-000059
-005239
-007975
-007393
-003901
0000291
0000931
-000524
-000175
0001164
0001047
-000292
-001921
-002911
-001572
0000232
-001165
-004308
-005822
-005356
-003668
-002213
-003842
-006404
-005298
-002562
-003086
-004948
-003319
-000059
0000000
-000932
0002794
0006810
0002153
-005938
-006404
-001747
0000349
0000407
0001280
0002037
0000989
-000874
-001630
-001165
-000059
0000814
0000000
-001630
-002271
-002387
-003551
-004599
-003377
-001165
-000815
-001398
0000058
0002037
0001862
-000059
-002213
-003668
-003319
-001863
-000699
-000350
-000874
-001863
-002445
-002387
-002213
-001572
0000000
0001222
-000117
-002678
-003901
-003493
-002154
-000292
0001746
0002852
0001746
-000524
-001630
-001514
-000874
0000000
0001338
0001862
-000059
-002620
-001747
0000640
0000174
-001630
-001456
0000291
0002444
0002968
-001689
-007393
-006404
-001689
-000699
-002969
-005880
-006869
-002096
0004540
0005471
0001920
-001107
-002795
-003202
-002620
-002271
-001921
-000641
0000814
0001571
0000873
-002213
-005531
-005589
-003435
-002038
-001921
-003377
-004483
-001281
0003085
0002153
-001398
-000699
0002037
0001106
-001863
-002504
-001514
-001339
-001689
-001921
-001863
-001456
-000990
-001048
-001514
-002213
-002504
-001223
0000291
-000757
-003027
-003377
-002911
-004657
-006695
-005065
-002154
-002969
-005822
-006869
-006113
-004425
-002911
-003377
-004716
-004308
-002853
-002096
-001456
0000814
0003026
0002270
-000175
-001048
-000524
0000058
0000174
-000932
-002213
-001456
0000116
-000757
-002213
-000524
0002561
0003318
0002095
0000407
-000815
-000292
0000989
0000640
-000815
-001805
-002329
-003319
-003784
-001689
0000407
-002445
-006695
-005181
-000233
0002095
0001688
0000465
-001398
-003842
-005647
-005123
-003202
-002213
-002038
-001630
-000874
0000814
0001688
-001456
-005414
-004192
0000465
0003725
0004656
0003259
0001106
0001280
0002561
0001688
-000117
-000175
0000989
0001979
0002561
0003434
0003492
0001047
-002387
-004425
-004250
-001398
0001862
0001920
-000117
-000932
-001048
-002445
-003784
-002795
-001107
-002329
-005007
-005531
-004250
-002562
-001048
-000233
-000175
-000466
-000932
-000874
-000874
-002329
-003784
-002620
0000116
0002153
0002968
0002968
0002212
0001338
0001047
0002328
0004074
0004365
0003492
0003143
0003318
0003609
0004074
0005238
0005879
0003783
0000523
-000699
-000350
-000524
-000757
0000291
0002037
0003376
0003958
0003434
0002794
0004074
0005530
0003783
0000232
-001630
-001980
-002620
-002620
0000000
0002852
0001629
-002096
-004133
-003959
-002096
0000232
0000873
0000174
-000233
-000292
-000524
-000292
0001688
0003958
0004016
0002561
0002037
0001804
-000117
-002038
-001107
0001106
0000989
-000292
0000523
0002095
0001571
0000000
-000059
0000873
0001338
0001047
-000117
-001048
0000523
0002503
0000640
-003144
-003959
-003027
-004017
-005647
-004948
-003086
-002678
-003086
-002853
-001980
-000583
0000873
0001688
0001746
0000873
0000058
0000698
0001688
0000523
-001514
-001630
-000466
-000117
-000292
0000000
0000756
0001979
0003026
0003085
0002444
0001688
0001746
0004482
0006694
0002153
-004366
-003027
0002444
0002503
-000583
-000524
0001455
0002095
0001397
-000408
-001805
-000292
0002212
0001862
-000408
-001572
-001572
-001339
-000990
-001048
-000757
0001455
0003550
0001920
-001572
-002213
-001456
-003784
-006695
-005705
-002329
-000641
-000408
0000698
0001746
0000873
-000641
-000292
0001164
0001513
0000873
-000408
-001223
0000349
0002852
0003026
0001979
0002910
0004947
0006112
0006286
0006403
0005122
-000233
-005822
-005239
-000757
0001513
0001688
0002328
0002677
0001164
-000757
-000524
0000873
0000814
-000117
-000583
-000757
-001689
-002562
-001921
-000699
-000408
-001339
-003784
-005880
-004599
-001630
-001223
-002445
-002387
-001398
-001165
-000408
0003550
0007509
0005471
0000873
0001746
0005704
0005879
0004074
0005471
0007509
0004656
-000408
-001863
-000233
0001746
0003026
0002503
0001338
0002677
0004365
0001629
-002445
-001630
0001688
0001455
-000990
-001921
-001572
-001630
-001805
-001747
-001514
-001863
-001921
0000000
0001804
-000466
-004308
-004483
-002038
-000059
0000465
-001165
-002853
-000350
0003783
0004307
0002328
0001513
0001862
0002735
0003725
0004307
0004132
0002852
0001338
0001455
0002386
0002328
0001513
0000814
0000174
-000757
-001689
-002038
-001863
-001863
-001339
0000814
0003318
0004191
0003085
0000407
-002213
-002387
-000874
-000059
-000059
0000116
-000117
-001747
-003610
-003493
-002038
-001048
-000815
-001514
-002154
-000641
0001746
0002212
0001280
0001047
0000931
-000117
-001281
-001223
0000232
0002910
0004947
0003434
0000174
-000466
0000465
-000583
-002387
-002562
-001514
-000641
-000466
-001223
-002213
-002038
-000874
0000465
0000989
-000757
-003260
-003202
-001630
-001456
-001747
0000000
0002153
0001571
-000874
-003027
-004017
-003260
-001398
0000116
0000465
-001339
-003027
-000466
0003725
0003958
0001804
0002153
0003609
0002561
0000465
0000814
0002328
0001688
0000000
-000350
0000698
0002328
0003609
0003492
0001979
-000059
-001921
-003319
-003784
-003610
-002504
0000000
0002444
0002677
0000931
-001689
-003144
-000117
0003958
0002386
-002096
-002329
0000232
0001280
0000756
-000117
-000932
-001223
-001281
-002504
-003610
-002213
0000291
0001106
0000698
0000698
0001106
0001338
0001455
0001571
0001513
0001164
0000756
0000174
0000465
0003201
0006752
0008324
0007858
0006694
0004947
0002910
0000756
-001805
-003202
-001048
0002212
0001280
-001339
0000640
0004191
0002153
-001747
0001106
0006228
0003492
-002504
-001281
0003609
0002735
-001456
-002678
-001630
-001165
-001689
-003551
-005414
-005239
-003260
-000874
0000640
-000524
-002911
-003319
-002445
-002387
-002795
-002387
-001456
-000757
-000524
-001048
-001689
-000990
0000000
-000815
-002154
-000641
0001629
0000582
-002853
-006171
-007743
-006054
-002329
0000465
0001455
0000291
-001921
-003202
-003086
-001339
0000582
0000174
-001689
-002387
-002213
-002795
-003144
-001572
0001106
0003201
0003783
0002270
-000524
-002795
-003959
-004075
-003377
-002620
-002154
-002387
-002213
0000873
0004132
0002619
-001165
-001689
0000291
0001513
0001862
0001804
0001455
0001106
0001222
0002561
0003783
0002386
-000466
-002329
-002620
-001630
0000232
0002735
0003958
0001455
-002562
-003551
-002620
-003027
-004250
-004483
-003668
-001572
0000232
-000699
-002969
-003493
-002736
-002736
-002911
-001805
-000524
-001514
-003435
-003551
-002213
-000932
-000059
0000523
0000931
0001804
0002386
0001106
-000874
-001223
-000408
-000117
0000058
0001571
0002910
0001280
-001281
-000350
0002386
0002910
0001164
-002213
-005007
-003784
-000059
0002037
0002503
0003725
0003609
-001980
-008208
-006287
-000059
0001222
-001572
-004133
-005472
-004541
-002213
-000408
0000232
-000699
-002154
-002271
-001572
-001980
-002969
-003202
-002387
-000233
0002037
0002910
0002270
0000989
0000000
0000640
0002677
0005064
0006519
0005588
0003376
0002852
0003201
0001920
0000523
0002153
0004482
0003143
-000059
-001107
0000232
0003026
0005297
0003841
0000523
-000524
0000174
0000465
0000174
-000583
-001339
-001630
-001165
0000058
0000698
-002271
-005298
-001456
0004482
0002270
-004192
-005239
-002038
0000873
0001979
-000117
-003319
-003086
-000524
0000814
0000873
0000582
0000349
0001338
0002444
0001804
-000059
-002213
-003260
-001747
0000640
0000000
-002038
-000990
0001222
0000116
-002678
-003144
-001980
-001456
-001747
-002853
-003842
-002853
-001223
-001572
-003493
-005822
-007044
-005065
-001514
0000465
0000407
-000524
-002096
-003842
-004716
-003260
-000815
0000116
-000466
-001514
-002096
-000641
0001164
-000059
-002620
-002678
-000757
0001397
0002677
0002153
0000349
-000874
-001514
-002038
-002154
-001456
-000466
0000000
-000175
-000990
-001398
0000349
0002677
0002212
0000582
0001746
0004132
0004249
0002503
0000931
-000466
-002038
-003202
-003319
-002969
-003319
-003842
-003144
-002271
-003435
-005181
-004657
-002504
-000757
0000291
0000523
0000814
0003259
0005471
0003026
-001281
-001456
0001164
0002444
0002037
0000232
-001805
-001921
-000350
0001688
0003026
0002270
0000174
-001223
-001398
-000466
0001338
0003550
0004831
0003318
0000640
0000232
0001164
0000465
-001165
-001630
-001456
-002154
-003086
-002795
-001514
0000232
0001455
0001338
0000174
-001223
-002096
-001514
-000408
-000524
-001689
-003260
-003842
-001223
0002503
0003434
0001920
0000174
-000874
-000583
0000931
0003143
0004249
0001338
-002736
-002387
0000814
0002619
0002619
0001280
0000116
0002037
0004715
0003550
0000116
-001863
-001863
-000583
0000873
0000523
-000583
0000232
0001513
-000117
-003027
-004075
-003202
-001048
0000465
-002038
-005938
-005472
-002329
-001048
-001223
-000990
-000466
0000058
0000174
-000175
-001572
-005239
-007859
-003377
0003318
0001862
-003551
-002271
0002212
0000582
-003086
0001047
0007858
0006868
0001047
-001281
-000466
0000349
0001280
0002968
0004307
0004307
0002794
-000059
-002736
-003377
-002329
-000874
-000292
-002096
-004832
-005298
-004075
-003202
-002853
-002562
-002678
-003784
-004832
-004017
-002271
-001339
-001398
-002387
-002911
0000058
0003259
0000174
-005239
-004017
0000291
-001107
-005822
-007743
-006986
-005356
-003551
-002445
-001630
0000407
0002037
0000465
-002387
-001980
-000117
-001165
-003144
-001805
0001513
0003376
0003667
0003318
0002619
0002270
0002095
0001280
0000756
0002037
0003783
0003201
0000931
-001339
-002562
-001747
-000175
-000699
-002329
-002562
-002038
-002736
-003435
-001514
0001455
0002735
0002037
-000117
-002387
-003260
-002154
0001338
0004715
0004132
0000931
-000874
-001339
-002329
-002911
-001805
-000117
-000408
-001456
-000757
0001280
0003667
0005122
0003958
0001397
0000116
-000117
-001048
-001572
0000291
0002852
0002328
0000291
0000407
0001455
-000059
-001921
0000582
0004307
0002794
-001630
-003086
-002038
-000932
-000350
-000583
-001747
-003493
-004948
-004599
-003144
-002271
-001514
0001047
0003376
0001629
-001572
-000408
0002677
0001455
-001572
-000350
0002619
0001164
-001921
-000292
0003376
0002444
-000524
0000873
0004074
0003434
0000116
-002620
-003784
-002736
-000408
0001222
0001804
0001979
0001280
-000932
-003202
-003319
-001863
-000874
-000699
-001747
-002911
-001980
-000233
-000583
-001921
-001747
-000932
-001921
-003551
-003551
-002504
-002504
-002795
-001572
-000117
-001107
-002969
-002038
0000232
0000058
-001281
-000059
0001979
0001047
-000990
-000059
0002095
0001688
-000699
-003202
-004716
-004250
-002504
-001048
-000641
-001805
-002853
-000292
0003492
0003259
0000640
0000058
0000989
0002153
0002153
-001165
-005298
-005414
-002853
-001630
-001921
-002969
-003901
-003610
-002445
-001398
-001107
-002329
-003901
-003377
-002038
-002620
-003959
-003493
-001805
-000292
0000232
-000874
-002271
-000815
0001513
0000349
-002445
-002445
-000350
0001862
0003026
0002095
0000116
-000466
-000350
-001747
-003493
-003260
-001980
-002096
-002853
-002329
-001572
-002911
-004366
-001456
0002677
0001746
-002213
-003610
-003144
-003610
-004425
-003668
-002678
-004308
-006520
-005007
-002038
-002911
-005298
-003959
-000350
0002153
0002735
0000873
-001223
0000407
0004016
0005530
0004947
0003841
0002270
-000350
-002154
-000233
0003259
0003958
0002270
0000116
-001456
-001630
-000466
0001106
0002503
0003841
0003550
-000641
-005356
-004483
-000175
0001629
0001338
0001746
0002270
0002212
0001397
-000583
-001921
0000582
0004191
0003026
-000815
-001921
-000874
-000408
-000233
0000523
0001338
0001513
0001338
0002037
0002677
0001513
-000524
-001630
-001514
-001048
0000000
0002794
0004482
0000174
-005472
-003202
0002910
0003143
-000641
-002213
-001689
-000990
-000059
0001571
0003143
0003841
0003259
0000640
-002038
-001572
0000523
0000291
-001281
-001456
-000757
-000583
-000524
0000582
0001397
-000524
-003668
-005239
-004774
-002795
-000292
0001513
0001862
0000698
-001223
-002736
-002678
0000174
0003434
0002619
-000874
-003551
-004017
-001689
0001804
0003492
0002794
-000059
-003086
-003610
-001921
-000059
0001397
0002095
0001746
0000291
-001398
-002096
-001223
0002444
0005471
0002328
-004192
-007859
-007684
-004657
-000699
0000407
-000175
0001222
0003143
0002503
0000582
0000465
0001513
0001746
0001397
0001338
0001455
0001338
0001106
0000698
0000814
0002561
0004365
0002910
0000058
0000000
0001338
0000349
-001572
-000990
0000698
0000349
-000990
-000583
0000989
0002328
0003085
0003085
0002619
0002561
0002561
0001629
0000232
-000990
-001398
-000292
0001397
0001862
0001455
0001688
0001688
-000175
-002911
-004541
-004599
-003377
-001747
-000990
-001339
-002038
-002853
-003493
-003377
-001805
0000000
-000233
-001048
0000814
0003783
0004307
0003376
0003958
0005122
0004482
0002910
0002095
0002153
0003026
0003085
-001107
-005414
-001630
0005646
0006344
0002677
0001804
0002794
0001862
0000349
0000698
0002386
0004132
0004482
0001047
-003202
-002795
0000291
0000814
-000699
-001863
-002445
-002271
-001863
-002620
-003493
-002213
-000059
0000232
-000408
0000698
0002503
0002735
0001746
0000814
0000698
0002270
0004074
0003259
0000814
-001107
-001805
-000932
0000523
0000814
0000407
0000989
0002328
0004016
0005238
0004889
0003783
0004132
0004947
0003841
0002153
0003026
0004365
0001222
-003260
-002911
0000698
0003026
0003434
0002561
0001106
0000582
0000407
-001398
-002969
-000699
0002677
0001164
-002853
-004133
-002620
0000349
0003143
0003318
0001920
0001513
0001862
0001746
0000989
-000815
-002445
-002038
-000815
-001863
-003959
-004250
-003260
-003086
-002911
-000990
0001280
0001629
0000523
-000292
-000699
-000990
-000641
0001106
0002910
0002794
0001688
0002037
0003085
0002968
0001920
0000698
-000233
-000350
-000059
-000408
-001456
-003086
-004599
-005472
-005472
-004948
-003901
-002154
-000641
-000932
-002038
-001165
0000232
-000757
-003377
-005938
-006986
-004890
-001107
0001397
0002328
0002328
0002328
0003841
0005995
0006577
0005762
0005006
0003725
0000523
-002504
-002213
0000407
0002212
0002910
0003143
0002852
0002037
0000873
-000466
-001747
-002678
-003319
-003959
-004308
-004017
-002969
-000990
0000698
0000523
-001048
-002911
-004308
-004948
-004541
-003202
-001630
-000990
-001281
-002329
-003086
-001689
0000640
0001338
0000640
-000117
-000524
-000408
0000523
0002444
0003841
0002095
-000874
-000990
0000814
0001338
0001280
0002852
0004482
0003026
0000407
0000931
0002968
0002270
0000407
0001222
0002852
0001397
-001630
-002678
-002387
-003260
-004483
-004425
-003726
-003959
-004599
-004716
-004133
-002271
-000932
-003027
-006578
-007277
-005822
-004599
-004075
-004308
-004716
-003726
-002329
-002911
-004308
-003842
-002213
-000990
-000350
-000059
0000349
0001746
0003434
0004191
0003900
0003085
0002270
0002444
0002968
0001688
0000291
0002270
0005355
0005122
0002735
0001455
0001746
0003550
0005006
0003026
-000874
-003493
-004192
-003260
-001630
-000990
-001630
-003202
-005007
-005822
-005705
-005938
-005705
-003668
-001398
-001514
-003435
-005123
-005763
-004832
-003435
-004250
-005298
-002620
0001397
0001920
0000232
0000174
0001338
0002503
0002735
0000873
-001805
-002911
-002620
-002678
-002387
0000116
0003026
0003434
0001979
0000989
0000640
0000756
0001106
0000698
-000175
-000874
-001514
-002736
-003493
-001980
0000291
0000349
-001048
-001980
-001921
-000583
0000756
-000466
-002504
-001805
0000640
0002095
0002037
0000291
-001863
-001747
-000874
-003435
-006287
-003319
0002037
0002212
-001107
-002736
-002853
-003260
-003493
-002387
-001107
-001805
-003086
-001863
0000291
-000350
-002271
-002387
-000524
0002735
0005704
0006228
0004016
-000292
-004541
-005705
-004192
-001980
-000583
-001980
-004366
-003842
-001223
0000465
0001397
0002910
0003492
0000873
-003086
-005007
-004657
-003144
-001398
-001223
-001747
-000583
0001222
0001455
0000465
-000408
-000466
0001164
0002677
0000873
-002562
-004133
-003493
-001572
0000698
0001688
0001804
0003143
0004074
0001338
-002387
-002271
0000582
0002386
0003026
0003667
0003667
0001688
-000815
-001107
-000408
-001863
-004541
-006811
-007102
-003784
0001047
0003958
0004016
0001455
-002271
-004890
-005123
-001805
0002095
0001164
-002678
-003901
-003319
-004075
-005065
-004017
-002038
-001514
-001980
-001805
-001456
-001980
-002213
-000233
0002852
0004715
0005122
0004074
0002968
0004598
0006461
0003667
-001398
-003784
-003086
-000233
0002735
0003026
0000873
-002154
-004366
-003726
-001281
0000058
0000174
-000059
-000990
-003319
-005356
-004192
-001107
0001164
0002037
0001804
0000640
-001281
-002911
-003144
-002271
-001398
-000932
-000757
-000990
-001514
-002271
-003377
-003784
-001514
0001397
0001280
-000466
0000000
0001397
0000232
-001689
-000524
0002444
0004249
0004307
0002619
0000931
0002153
0004715
0005064
0003318
0001047
-001165
-003086
-003726
-001921
0000640
0000407
-000990
0000698
0003026
0000931
-003144
-003726
-001747
-000175
0000116
-001572
-003435
-001514
0001920
0001920
-000641
-002795
-003435
-001339
0001804
0002735
0001920
0001629
0001047
-001514
-004483
-005065
-003435
-000874
0001862
0004656
0005821
0003609
0000232
0000116
0002503
0004540
0005355
0004540
0002095
-001223
-004308
-006287
-006113
-002911
0000931
0001164
-000524
0000523
0002561
0001280
-001281
-000641
0001629
0001862
0000116
-002620
-004657
-003435
-000175
0002095
0002677
0001746
0000349
0000873
0002212
0001746
0000000
-001921
-002445
0000814
0005122
0005064
0002852
0004307
0007101
0005762
0002212
0001280
0002270
0002561
0002153
0001455
0000931
0001862
0003085
0002619
0000989
-000292
-000699
0000465
0001629
-000408
-003959
-005880
-005531
-003377
-000466
0001513
0002328
0002619
0002153
0000814
-000583
-000874
0000232
0002852
0005413
0005355
0003725
0003318
0003841
0004307
0004191
0002968
0001513
0001397
0002270
0002910
0002619
0000640
-001107
0001397
0005762
0006868
0005646
0005180
0005413
0005355
0004831
0003550
0002212
0001629
0001746
0001979
0001920
0000698
-000757
-000408
0000698
0000582
-000524
-001223
-001747
-002853
-003726
-002853
-000990
-000233
-000175
0000407
0000931
0000000
-001339
-001165
-000466
-001630
-003260
-002387
-000350
-000350
-001165
0000116
0002677
0004773
0005530
0004016
0001513
0000989
0001280
-000815
-003260
-002271
0001222
0004715
0006403
0004424
0000349
-003086
-003901
0000000
0005122
0005122
0001280
-002096
-003551
-001572
0001338
0000058
-003493
-004308
-003086
-002620
-002969
-003959
-004890
-004483
-003202
-002213
-001747
-001805
-001921
-001456
-000233
0002561
0004365
0000640
-005007
-005298
-001514
0001979
0003783
0002968
0000698
0000116
0000756
0000465
-000350
-000699
-001281
-003551
-005763
-005065
-002213
0000116
0001688
0002910
0003026
0001164
-001339
-002096
-001456
-001514
-001165
0002037
0005471
0004482
0000582
-002154
-002911
-001863
0000116
0001106
0000873
-000583
-001689
0000582
0003434
0001280
-003144
-003551
-001339
-000874
-001456
-000641
0000523
-000292
-001339
0000931
0004307
0004016
0001920
0002852
0005064
0004016
0001280
0000465
0001280
0002503
0003492
0003900
0003085
0000349
-002504
-002096
0000291
0001222
0001047
0001629
0002270
0001571
0000058
-001048
-001863
-003144
-004250
-003726
-002620
-002969
-003901
-003435
-001921
-000233
0000640
-000524
-002387
-002213
-000699
0000232
0000349
-000350
-001107
-000350
0000582
-001281
-003377
-000350
0004540
0004249
0000640
-000990
-000524
0000989
0002561
0002794
0001746
-000233
-001572
0000174
0003492
0005530
0004773
-000233
-005880
-005705
-001863
-000466
-001048
-000932
-000583
-000874
-002096
-005472
-008150
-005589
-000641
0000582
-001048
-001689
-002154
-004832
-007393
-005763
-002329
-002678
-004657
-002853
0000582
0000814
-001107
-001921
-001630
-001281
-000932
-000583
-000524
-001339
-002678
-004366
-005007
-003086
0000291
0002968
0003958
0002735
0000756
0001222
0002735
0002095
0000116
-001223
-001747
-002154
-002038
-000524
0000931
-000408
-002911
-003202
-001863
-000874
-000757
-001805
-003493
-005065
-005531
-003959
-001805
-001630
-002911
-003842
-003435
-000059
0003318
0001513
-002969
-003959
-002329
-001514
-001398
-001165
-001107
-001514
-002154
-002795
-002911
-001980
-000233
0001862
0003667
0004132
0003841
0004307
0004598
0003259
0000756
-001456
-002620
-002154
-000233
0003026
0005180
0002968
-001805
-005065
-005647
-003202
-000233
-001165
-004541
-006345
-005763
-002562
0000989
0000931
-001805
-004192
-004948
-002736
0000582
0001571
0000698
0000291
0000232
-000350
-000932
-000699
0000407
0002212
0003900
0004598
0003434
-001339
-005880
-002795
0003026
0000814
-004948
-003202
0002386
0002561
-000117
0001338
0004656
0004249
0001804
0001688
0002677
0001397
-000524
0000465
0002386
0000989
-001921
-002154
-000699
-000466
-000990
-000524
0000174
-000524
-001689
-001107
0000116
-000408
-001630
-000815
0000698
0000000
-001689
-001048
0000465
-000233
-002154
-002678
-001980
-001339
-000583
0000873
0002503
0003900
0004132
0002095
-000874
-002096
-001805
-001921
-001630
0000989
0003900
0004074
0001862
-000757
-002445
-001339
0000407
-001630
-005239
-005356
-002736
-000408
0001222
0002503
0002386
-000350
-003842
-004599
-003959
-005705
-007743
-005414
-000990
0000814
0000000
-001747
-003319
-003086
-001863
-002387
-003086
-000583
0002386
0000116
-004483
-004948
-002562
-001456
-001572
-002154
-002154
0000407
0003434
0002561
-000233
-000466
0000756
0000291
-001107
-001630
-001281
-000757
-000292
-000059
-000059
0000116
0000116
-000815
-002096
-002387
-002445
-003959
-005647
-004948
-002620
-000175
0000756
-001689
-005123
-004832
-002329
-002271
-003493
-002736
-001165
-001165
-001689
-000233
0002095
0002444
0002095
0004831
0007567
0004540
-001048
-001980
0000058
-000175
-001339
0000116
0002444
0002503
0000756
-001281
-002096
0000640
0004540
0004947
0002794
0001222
0000756
0001222
0002270
0003434
0003725
0001920
-000932
-002911
-003027
-000292
0002619
0000931
-003144
-004133
-002562
-000757
0000291
-000175
-001921
-004133
-005472
-004425
-001514
0001862
0003783
0001862
-001514
-001630
0000989
0003783
0005588
0005355
0003550
0001746
0000349
-001107
-001863
-000990
0000291
-000524
-002329
-002387
-001281
-000990
-000641
0002095
0005006
0003841
0001047
0002095
0004656
0003026
-000524
-000524
0001280
0000000
-002562
-002504
-000641
0000116
0000174
0001047
0002095
0002095
0001862
0003143
0004889
0004715
0002968
0000989
-000408
-000583
0000465
0001862
0002910
0003085
0002212
0000640
-000699
-000466
0000698
0001222
0000814
-000757
-002096
-000641
0001920
0001979
0000582
0001047
0002503
0002968
0002619
0002561
0002328
0000931
-000932
-002445
-002678
-000583
0002095
0002153
0000291
-001398
-002154
-001456
-000292
-000699
-001747
-001398
-000117
0000582
0000582
0000058
-000408
0000465
0001571
0000931
-000757
-001980
-001863
0001106
0004132
0002212
-001863
-001223
0001571
-000175
-003551
-002154
0001571
0001862
0000116
0000465
0002095
0003143
0003259
0002677
0001688
0000465
-000233
0000058
0001106
0002095
0002561
0002037
0000349
-002620
-005414
-005589
-004250
-004425
-005298
-005007
-004075
-004017
-004308
-003551
-002329
-001805
-001980
-002562
-002969
-002213
-000990
-000874
-001456
-001572
-001339
-001048
-000932
-001223
-001339
-000524
0000989
0002735
0003900
0003783
0002735
0001746
0001280
0001688
0002503
0003143
0002852
0000814
-001456
-000990
0000232
-002620
-006928
-006986
-004308
-002969
-002736
-002213
-001572
-000874
-000815
-002562
-004541
-003901
-001456
0000174
0000931
0001688
0002037
0001862
0001164
0000640
-000175
-002154
-003842
-002562
0000232
0001338
0001164
0001397
0002328
0004307
0005879
0004365
0001397
0000989
0001979
0001338
-000699
-003435
-005065
-003027
0000407
0000640
-001398
-002213
-002096
-002329
-002445
-001630
-000233
0001455
0002212
0000174
-002853
-003202
-002096
-002562
-004017
-004774
-004890
-005123
-004716
-002387
0000232
0000407
-001456
-003901
-005239
-003551
-000408
0000291
-000524
-000408
0001397
0005995
0010186
0008498
0003609
0002153
0003376
0004307
0004132
0002444
0000116
-000757
-000292
0000698
0001571
0001513
0000465
-000990
-002096
-002096
-000990
0000582
0001688
0000989
-000583
-000932
-000583
-001281
-002387
-002329
-001747
-002678
-003842
-002853
-000874
-000292
-001281
-003842
-005589
-002387
0002386
0001629
-002387
-003610
-002620
-001921
-001921
-002620
-003610
-003842
-003319
-002736
-002096
-000990
0000058
0000058
-000175
0001222
0002794
0001571
-000524
0000931
0003609
0002212
-001514
-003319
-003144
-002736
-002038
-000757
0000407
0000349
-000408
-000699
-000292
0000989
0001862
0000174
-002445
-002795
-001572
-001165
-001223
-000815
-000175
0000349
0000523
-000059
-000990
-001980
-002213
-000757
0000931
0000116
-002271
-004017
-004308
-002911
-000524
0001920
0003143
0001862
-000466
-001339
-000641
0000582
0001920
0002794
0002619
0000756
-001281
-000641
0000989
-000874
-003435
-001281
0003550
0006519
0006461
0003026
-001165
-001223
0001164
0001280
-000233
-001048
-001630
-003959
-005822
-003842
0000116
0002153
0001455
-001921
-005414
-005123
-002096
0000174
0001106
0001746
0001164
-002154
-005007
-001630
0004715
0006752
0005238
0003900
0002968
0002037
0001571
0001397
0001746
0002735
0003376
0002270
0000058
-002154
-003260
-001980
0000116
0000000
-001514
-002329
-002154
-000990
0000174
-000175
-001456
-002154
-002213
-001805
-001281
-000874
-000524
0000116
0000873
0001338
0001397
0000989
0000291
-000350
-000699
-000175
0000349
-001048
-003144
-003319
-001863
-000233
0000989
0001397
0001164
0001455
0001746
0000582
-000350
0002153
0005413
0003783
-000117
-000059
0002328
0002270
0000931
0001397
0002677
0002444
0001455
0001804
0002561
0001688
0000174
0000291
0000931
-000350
-002387
-002213
-000932
-001572
-003144
-003377
-002445
-001107
0000000
0000349
-000175
-001165
-002271
-002795
-002911
-003202
-003260
-002096
-000466
0000116
-000117
0000116
0000465
0000465
0000000
-001572
-002562
-000175
0003492
0004365
0002444
-000990
-003842
-002795
0000232
0000582
-000874
-001514
-000757
0002328
0005471
0004482
0001106
-000524
-000350
0000349
0000756
-000524
-002038
-000641
0001746
0001047
-001223
-001165
0000407
0001164
0001280
0001571
0002095
0002910
0003143
0001397
-000990
-001980
-001456
-000233
0000640
-000524
-002329
-001921
0000058
0001920
0002852
0001688
-000175
0000058
0001047
-000932
-003551
-002504
0000931
0003550
0004016
0001513
-002387
-004250
-004075
-003610
-002562
-000233
0002386
0004540
0004947
0002153
-001514
-001805
-000175
-001630
-003901
-002271
0000814
0000174
-002795
-004133
-003551
-001863
0000407
0002619
0004132
0005122
0005064
0003434
0001688
0002328
0004365
0005355
0005180
0004307
0003026
0001920
0001106
0000407
0000232
0000989
0002386
0003841
0004598
0003958
0002328
0000756
0000000
0000465
0001746
0002968
0003201
0001629
-000699
-001689
-000874
0001979
0004656
0004016
0000873
-002271
-003959
-002620
-000583
-002620
-006462
-006928
-004832
-002969
-001805
-001630
-001689
0000058
0001979
0000931
-001281
-000757
0001571
0002735
0002794
0002444
0001920
0001979
0001979
0000349
-001107
0001106
0004424
0003667
0000349
-001805
-002096
-000292
0001222
-002329
-007277
-006404
-001805
0001047
0001164
-001689
-005065
-004483
-001572
-001223
-002329
-001223
0000291
-001805
-004541
-002038
0002735
0002968
0000291
0000000
0000465
-002271
-006113
-006695
-005007
-004017
-003959
-004308
-004366
-002678
-000524
-000175
-000990
-000990
-000233
0000814
0001513
0000756
0000000
0002444
0005762
0005530
0002677
0000291
-001165
-002271
-002445
-001572
-000117
0000931
0001280
0001280
0000349
-002736
-005647
-004017
-000583
-001339
-004250
-003726
-001747
-003319
-005822
-003610
0000756
0001629
-000757
-004133
-006811
-006462
-004308
-003842
-004192
-002911
-001107
-000874
-001572
-000932
0000116
-000233
-001398
-002154
-001980
-000175
0001804
0001920
0000756
0000291
0000873
0002677
0004307
0003085
0000291
-001398
-001630
-001048
0000291
0002619
0004365
0002968
-000059
-001107
-000466
0000582
0001280
0000989
-000175
-001572
-002911
-004133
-004599
-003726
-001921
-000292
0000640
0000465
-000524
-001398
-001747
-001107
-000059
0000582
0000523
-000175
-000990
-000815
-000233
-000641
-001165
0000000
0002037
0003259
0003259
0002212
0000582
-000466
-000990
-001747
-002096
-000874
0000873
0001164
0000523
0000523
0000989
0001397
0000931
-002038
-004948
-003202
0000291
-001281
-005065
-004133
-000408
0000989
0000523
0000756
0000698
-001747
-004133
-001689
0002270
0000465
-003726
-002154
0002212
0002444
0000000
-001107
-000350
0002328
0004773
0003143
-000059
0000349
0003376
0005995
0006868
0004715
0001222
-000524
-000466
0000232
0000989
0001106
0000756
0000698
0000465
-000815
-002445
-003202
-002795
-001514
-000059
0000756
0000582
0000116
-001048
-004075
-006404
-003726
0001047
0001688
-000292
-000175
0001047
0000640
-000990
-002678
-004075
-004832
-004948
-004948
-004599
-003027
-001805
-003784
-006637
-005938
-002562
0000116
0002037
0004365
0005588
0003143
-000292
0000407
0003550
0005006
0004249
0001571
-001107
-000117
0002270
0000523
-002853
-002038
0000931
0000989
-000583
0000291
0001455
-001747
-005996
-004192
0000349
0000291
-002736
-003377
-002387
-002271
-002795
-003435
-003726
-003144
-002387
-002911
-003959
-003493
-002562
-003726
-005181
-003435
-000292
0000349
-000699
-000641
-000059
-000524
-001514
-001863
-001630
-001223
-000699
-000059
0000640
0001513
0002212
0002153
0001804
0002095
0002735
0002910
0002561
0001920
0001106
0000232
-000175
0000756
0002386
0003376
0003376
0002153
0000523
-000408
-000408
0000116
0000698
0000407
-000641
-002096
-003202
-003202
-002445
-001863
-001805
-002736
-003319
-001048
0001979
0001746
-000641
-001689
-001863
-002678
-003726
-004366
-003784
-001165
0002503
0005762
0007159
0005530
0002619
0002386
0003492
0002037
-000292
-000059
0001513
0000873
-000350
0001455
0004365
0004715
0002910
0000931
-000466
-000524
0000232
0000232
-000408
-001456
-002038
-000932
0000989
0001629
0001164
0000756
0000291
-001165
-002329
-000874
0001397
0000873
-000990
-000233
0001746
0001804
0000291
-000990
-001863
-002969
-002969
-000059
0003958
0005879
0005646
0004656
0003259
0001455
0000232
0000407
0001688
0003143
0003841
0002619
0000465
-000699
-000583
0000000
0000931
0001629
0002270
0003376
0003725
0001106
-002620
-003901
-003260
-002911
-003202
-004133
-004774
-003435
-000990
0000465
0000756
0000349
-000815
-002795
-004308
-003668
-001747
-000699
-000292
0000174
0000873
0002270
0002910
0000291
-003551
-005065
-003901
-000524
0002619
0001746
-001456
-002853
-001805
0001280
0004540
0004365
0002735
0004540
0007276
0005646
0001746
0000523
0000756
-001747
-004890
-004483
-001747
0000174
0000640
-000583
-001980
-001048
0001688
0004831
0006461
0004016
-000292
-001572
-001048
-002562
-004716
-004250
-002271
-001048
-001223
-002853
-004541
-003493
-001107
-000932
-001689
-000117
0002444
0002794
0002153
0003492
0005413
0004773
0002677
0002444
0003026
0001688
-000117
0000116
0001804
0003201
0003725
0003259
0002037
0000232
-000874
0000523
0002619
0001571
-000757
0000349
0002852
0002328
-000175
-002154
-002736
-001398
0000640
0000582
-000466
0000291
0001979
0002386
0001338
-000757
-002678
-002562
-001398
-001630
-002154
-000175
0002328
0001629
-000990
-002271
-001747
0000116
0002095
0001455
0000174
0003259
0007043
0004191
-001456
-001398
0002270
0003085
0001688
0000291
-000292
0000814
0002444
0001979
0000407
0000407
0001222
0000116
-001048
0001338
0004656
0003492
-000117
-000932
0000058
-000292
-001165
-000408
0000756
0000291
-001223
-002154
-002096
-000524
0001106
-000117
-002504
-002504
-000583
0001804
0003492
0003550
0002386
0001920
0001513
-000932
-003086
-000699
0003783
0005238
0003667
0000873
-001747
-002271
-000815
0001280
0002968
0002794
0001397
0000873
0000582
-001339
-003551
-003726
-002387
-001223
-000699
-001456
-002795
-003726
-003610
-001863
0000058
-000583
-002445
-001689
0000116
-000757
-002562
-001572
0000873
0001688
0000989
0000000
-000699
-000757
0000000
0001571
0002852
0001979
0000058
-000117
0000814
0000582
0000232
0002037
0004191
0003026
0000058
-001223
-000932
-000874
-000466
0001688
0003609
0001920
-001514
-002678
-001572
0000582
0002037
0000000
-003377
-003610
-001165
0001979
0004249
0004191
0002212
-000175
-001514
-000292
0002328
0003667
0003201
0001164
-001107
-001339
0000058
0001513
0002212
0001397
-000117
-000117
0000232
-001980
-004425
-002329
0001920
0003143
0001629
-000466
-002096
-002213
-000757
0001629
0003376
0002561
0000174
-001107
-001048
0000000
0000465
-002736
-006637
-005880
-001572
0002910
0005006
0001862
-003842
-006345
-005414
-002620
0000291
0000873
-000466
-001456
-001689
-001223
-000932
-002736
-005123
-005123
-003493
-002096
-001921
-004308
-007160
-007219
-004599
-000932
0002037
0001804
-000408
-001863
-001456
0001571
0005122
0005180
0003259
0003958
0005355
0002852
-000990
-001223
0000814
0001222
-000117
-002445
-003959
-001514
0002677
0004132
0003434
0003841
0004249
0002619
-000175
-002271
-003086
-002562
-001689
-002329
-003784
-003959
-003144
-002678
-002038
0000058
0002153
0001629
-000583
-001456
-001980
-005065
-007393
-002736
0004016
0003085
-002154
-002445
0000291
0000232
-001805
-003610
-004366
-003086
-001281
-002504
-004425
-001980
0002444
0003550
0001862
-000292
-001689
-000932
0000814
0001047
-000175
-002038
-003377
-002562
-000641
-000350
-000932
-000175
0000814
-000233
-002096
-002096
-001048
-001398
-002096
-000466
0001338
-001281
-005356
-005239
-001863
0001397
0003259
0002735
0000582
-001223
-002096
-002504
-001980
-000233
0001688
0001920
0000873
-000117
-000699
-000757
-000641
-001107
-001805
-002096
-001689
-000292
0001280
0001513
0001280
0002619
0003900
0001513
-002271
-002562
-000757
-001281
-002504
-000524
0002794
0003900
0002910
0001513
0000174
-000466
-000874
-002736
-004657
-003551
-001572
-002969
-006054
-006578
-005298
-004948
-004250
-000524
0004365
0006694
0006752
0006694
0006053
0003259
0000523
0001338
0003783
0003259
0000523
-002154
-003493
-002387
0000523
0003841
0005646
0003725
0000640
0002153
0005704
0005122
0001979
0000523
0000873
0001862
0002503
0000814
-001747
-002271
-001630
-002445
-003435
-001456
0001047
-000699
-004483
-005298
-003668
-001863
-000233
0001280
0002153
0001862
0000814
0000116
-000059
0000291
0000814
0000989
0000873
0000873
0001338
0003085
0004598
0003376
0000698
-000233
0000000
-000932
-001572
0001047
0004307
0003259
0000058
-000117
0001804
0002794
0002735
0001979
0001222
0001571
0002328
0001629
0000291
0000232
0001106
0001804
0001920
0000698
-000757
-000466
0000989
0002153
0002444
0001280
-000175
0000058
0001047
0000407
-001514
-003551
-004890
-004948
-004017
-003319
-002620
-001165
0000174
-000175
-000990
0000291
0002503
0003201
0002503
0001513
0000698
0000640
0000756
-000175
-001398
-001980
-001630
-000524
0000814
0001688
0001571
-000059
-001980
-001689
-000233
-000233
-001223
-002038
-002154
-001223
0000000
0000407
-000117
-000990
-001921
-002620
-002736
-002038
-000874
-000350
0000000
0001164
0002503
0003026
0002561
0001106
-000233
-000059
0001804
0005355
0007800
0004773
-000815
-002736
-001281
0000232
0001920
0004773
0006519
0003841
-000874
-002504
-001805
-001630
-002213
-003260
-004017
-003551
-001514
0002677
0005995
0003725
-001223
-002562
-000699
0001746
0003143
0001571
-001514
-002562
-002038
-002213
-002271
-000408
0001804
0001455
-000466
-001223
-000815
0000349
0001455
0000989
-000233
-000292
0000291
0000058
-000175
0001280
0003085
0002328
0000814
0002677
0005413
0003434
-000350
0000873
0004482
0004016
0001338
0001571
0003550
0004016
0003318
0003085
0003201
0003550
0003725
0003376
0002852
0003318
0003667
0001920
-000524
-000641
0000814
0000989
0000640
0001979
0003026
0000116
-004192
-005123
-003493
-002504
-002213
-001514
-000932
-001165
-002038
-003202
-003726
-002096
0000698
0002619
0003201
0002619
0001455
0000582
0000873
0003434
0006228
0005821
0003434
0002503
0002561
0001920
0000989
0000000
0000291
0004016
0008033
0006752
0001862
-001805
-003319
-003260
-001747
0000698
0002503
0001571
-000757
-001165
-000408
-000233
-000932
-002445
-003668
-002678
-000524
0000058
-000059
0001455
0003376
0003492
0001920
-000117
-002096
-003668
-004075
-002678
-000408
0000756
0001047
0001688
0003085
0006112
0008557
0006577
0002153
-000175
-000233
0000814
0001862
0001047
-000641
-000466
0000349
-000641
-003027
-005414
-006695
-005647
-003027
-000408
0001513
0002561
0002735
0002735
0002153
0000698
-001456
-004192
-006171
-005938
-004192
-002969
-002387
-001689
-001630
-003202
-005181
-005414
-003959
-001514
-000059
-002620
-006637
-006928
-004017
-000233
0002735
0002444
0000465
0000523
0001804
0001455
0000698
0002270
0004424
0003667
0000931
-001572
-002853
-002445
-001107
-000757
-000757
0000582
0002270
0002735
0001979
0000640
-000233
0001397
0003434
0001280
-002445
-002271
0000407
0001164
0000407
0000000
-000175
-000292
-000699
-002213
-003319
-001339
0001862
0002037
0000407
0000058
0000989
0002910
0003783
0000174
-004948
-005880
-003319
-000699
0000989
0001106
0000174
-000350
-000059
0001688
0003143
0001513
-001689
-003260
-003260
-003319
-003027
-001689
0000058
0001513
0001629
-000699
-003726
-003901
-002387
-002620
-003668
-003202
