0000034
0000023
0000009
0000009
0000016
0000005
-000010
0000003
0000025
0000022
0000003
0000000
0000005
0000000
-000006
0000014
0000036
0000020
-000013
-000015
0000005
0000014
0000011
0000000
-000010
-000010
-000004
0000001
0000007
0000014
0000018
0000016
0000009
0000005
0000000
-000008
-000015
-000023
-000023
0000001
0000029
0000029
0000011
-000006
-000017
-000019
-000013
0000000
0000009
0000001
-000010
0000005
0000027
0000016
-000008
-000004
0000016
0000022
0000018
0000025
0000033
0000020
0000000
0000007
0000031
0000042
0000036
0000009
-000019
-000010
0000020
0000027
0000016
0000001
-000006
0000014
0000042
0000042
0000027
0000031
0000042
0000033
0000012
0000005
0000007
0000020
0000033
0000038
0000036
0000033
0000029
0000020
0000009
0000000
-000002
0000014
0000033
0000033
0000018
0000018
0000029
0000045
0000057
0000045
0000027
0000036
0000055
0000047
0000025
0000022
0000033
0000036
0000031
0000014
-000002
0000012
0000034
0000023
0000000
0000009
0000036
0000042
0000036
0000051
0000069
0000058
0000029
0000009
0000001
0000003
0000009
0000009
0000005
0000007
0000012
0000023
0000029
0000016
-000006
-000012
0000001
0000033
0000060
0000051
0000022
0000020
0000036
0000049
0000051
0000044
0000029
0000020
0000018
0000025
0000034
0000031
0000016
0000007
0000005
0000016
0000029
0000014
-000012
-000021
-000006
0000031
0000064
0000038
-000008
0000000
0000038
0000042
0000023
0000011
0000009
0000018
0000033
0000040
0000034
0000020
0000005
0000011
0000023
0000025
0000018
0000022
0000027
0000005
-000019
0000001
0000036
0000034
0000009
0000007
0000018
0000018
0000011
0000007
0000001
-000017
-000037
-000030
-000004
0000011
0000016
0000027
0000033
0000020
0000000
0000003
0000018
0000016
0000001
-000010
-000013
-000004
0000009
-000004
-000024
-000015
0000007
0000000
-000024
-000034
-000024
0000000
0000022
0000012
-000013
-000024
-000021
-000008
0000007
0000009
0000007
0000020
0000033
0000012
-000021
-000023
-000002
0000001
-000008
-000010
-000010
-000026
-000043
-000035
-000017
-000023
-000039
-000037
-000024
-000015
-000013
-000015
-000021
-000028
-000030
-000021
-000008
-000012
-000028
-000039
-000041
-000035
-000024
-000017
-000017
-000023
-000032
-000041
-000045
-000046
-000041
-000019
0000001
0000003
-000012
-000026
-000030
-000017
0000000
-000012
-000035
-000035
-000023
-000030
-000045
-000046
-000035
-000019
-000010
-000015
-000034
-000043
-000043
-000045
-000046
-000043
-000039
-000037
-000037
-000043
-000052
-000063
-000065
-000048
-000024
-000021
-000035
-000056
-000067
-000050
-000021
-000012
-000023
-000035
-000045
-000037
-000028
-000052
-000081
-000069
-000034
-000017
-000019
-000035
-000050
-000037
-000015
-000034
-000065
-000050
-000019
-000030
-000059
-000054
-000028
-000028
-000043
-000050
-000045
-000023
-000002
-000012
-000039
-000048
-000046
-000048
-000052
-000035
-000015
-000006
-000012
-000017
-000026
-000037
-000045
-000046
-000039
-000024
-000012
-000010
-000017
-000026
-000035
-000046
-000056
-000056
-000048
-000043
-000037
-000024
-000017
-000034
-000058
-000039
-000004
-000006
-000028
-000028
-000017
-000032
-000052
-000048
-000026
-000010
-000004
-000004
-000010
-000019
-000026
-000024
-000019
-000021
-000028
-000028
-000024
-000030
-000035
-000023
-000004
-000002
-000008
0000005
0000022
0000011
-000015
-000017
0000000
0000016
0000025
0000014
-000010
-000034
-000046
-000039
-000017
-000002
0000005
0000007
0000001
-000015
-000028
-000004
0000031
0000027
0000005
0000014
0000034
0000016
-000015
-000015
0000001
0000001
-000013
-000030
-000034
-000010
0000020
0000012
-000017
-000024
-000013
0000001
0000016
0000027
0000031
0000031
0000023
-000002
-000024
-000013
0000014
0000020
0000009
0000003
0000005
0000012
0000016
0000005
-000012
-000004
0000016
0000022
0000018
0000025
0000031
0000012
-000010
0000000
0000023
0000027
0000022
0000033
0000047
0000036
0000012
0000009
0000016
0000025
0000029
0000023
0000016
0000023
0000036
0000036
0000033
0000034
0000040
0000044
0000040
0000014
-000010
0000011
0000049
0000047
0000022
0000020
0000031
0000025
0000014
0000016
0000027
0000029
0000023
0000018
0000016
0000016
0000018
0000020
0000016
0000001
-000008
0000009
0000040
0000057
0000053
0000045
0000033
0000014
0000003
0000014
0000031
0000023
0000009
0000022
0000049
0000062
0000060
0000055
0000044
0000031
0000023
0000038
0000058
0000051
0000029
0000034
0000051
0000042
0000018
0000016
0000027
0000023
0000014
0000016
0000025
0000025
0000020
0000018
0000018
0000018
0000018
0000018
0000018
0000014
0000011
0000011
0000014
0000012
0000007
0000001
0000001
0000016
0000034
0000038
0000029
0000018
0000011
0000003
0000000
0000005
0000011
-000004
-000021
0000000
0000033
0000034
0000011
-000012
-000023
-000013
0000009
0000023
0000029
0000023
0000014
0000011
0000009
0000001
-000002
0000016
0000034
0000022
-000008
-000012
0000005
0000011
0000007
0000012
0000018
0000005
-000015
-000015
-000002
-000002
-000006
0000011
0000027
0000005
-000034
-000028
0000003
0000012
0000005
-000013
-000026
-000019
-000002
-000012
-000028
-000017
0000009
0000000
-000023
-000021
-000008
-000013
-000026
-000023
-000012
-000013
-000019
-000017
-000010
0000000
0000007
-000006
-000006
0000086
0000150
-000058
-000332
-000267
-000004
0000106
0000071
0000022
-000017
0000003
0000044
0000000
-000076
-000070
-000012
0000012
0000005
-000013
-000032
-000035
-000026
-000008
0000007
0000005
-000008
-000015
-000019
-000023
-000026
-000028
-000023
-000008
0000005
0000003
-000010
-000019
-000026
-000030
-000030
-000021
-000008
-000010
-000019
-000028
-000030
-000030
-000024
-000008
0000007
-000002
-000023
-000023
-000006
0000012
0000023
0000018
-000002
-000023
-000030
-000013
0000011
0000007
-000015
-000019
-000013
-000017
-000024
-000024
-000019
-000008
0000000
-000013
-000035
-000045
-000035
-000004
0000023
0000011
-000017
-000002
0000031
0000016
-000017
-000006
0000023
0000007
-000030
-000026
0000001
0000000
-000013
0000007
0000042
0000044
0000020
0000005
-000004
-000013
-000019
-000028
-000026
0000012
0000055
0000047
0000009
-000012
-000010
-000004
0000005
0000020
0000033
0000022
-000002
-000026
-000037
-000019
0000012
0000020
0000011
0000003
0000000
-000004
-000008
-000019
-000028
-000017
0000000
-000004
-000015
-000010
0000007
0000011
0000003
-000006
-000012
-000006
0000007
0000018
0000020
0000005
-000015
-000019
-000010
-000002
0000005
0000018
0000031
0000036
0000034
0000029
0000022
0000009
0000005
0000029
0000057
0000033
-000008
0000012
0000057
0000040
-000004
0000001
0000038
0000044
0000029
0000031
0000034
0000011
-000021
-000026
-000006
0000020
0000038
0000040
0000027
0000007
-000010
-000015
-000010
0000005
0000018
0000005
-000015
-000017
0000000
0000022
0000036
0000029
0000009
0000007
0000018
0000020
0000011
-000006
-000019
-000004
0000016
0000003
-000028
-000028
-000010
-000013
-000024
-000023
-000002
0000045
0000080
0000033
-000043
-000019
0000055
0000053
0000007
-000006
0000007
0000014
0000016
0000011
0000000
-000013
-000021
-000019
-000010
0000003
0000014
0000011
0000003
0000020
0000038
0000016
-000021
-000021
0000003
0000014
0000009
-000004
-000015
-000010
0000003
0000007
0000001
0000001
0000001
-000015
-000028
-000008
0000025
0000036
0000025
0000012
0000005
0000012
0000023
0000018
0000000
-000008
-000008
-000006
-000010
-000019
-000026
-000013
0000011
0000014
0000005
0000003
0000005
-000004
-000010
0000007
0000023
0000000
-000046
-000065
-000052
-000013
0000023
0000012
-000013
0000033
0000093
0000073
-000008
-000085
-000124
-000081
-000004
0000005
-000028
-000024
-000002
-000012
-000035
-000035
-000021
-000006
-000002
-000015
-000034
-000034
-000021
-000024
-000034
-000028
-000013
-000013
-000021
-000015
-000002
0000007
0000007
-000002
-000015
-000021
-000021
-000019
-000017
-000017
-000019
-000019
-000017
-000017
-000021
-000028
-000039
-000041
-000037
-000034
-000030
-000023
-000013
-000010
-000013
-000039
-000061
-000046
-000013
-000017
-000043
-000056
-000052
-000037
-000019
-000021
-000032
-000035
-000032
-000026
-000023
-000023
-000024
-000010
0000005
-000008
-000039
-000070
-000081
-000050
-000008
-000015
-000046
-000034
-000004
-000023
-000063
-000059
-000032
-000035
-000056
-000059
-000048
-000034
-000026
-000050
-000080
-000067
-000028
-000010
-000017
-000043
-000072
-000072
-000050
-000030
-000021
-000023
-000032
-000024
-000017
-000037
-000069
-000076
-000061
-000043
-000030
-000032
-000041
-000048
-000052
-000058
-000059
-000052
-000039
-000039
-000046
-000058
-000065
-000067
-000061
-000046
-000034
-000045
-000065
-000069
-000059
-000048
-000041
-000035
-000034
-000037
-000043
-000056
-000065
-000061
-000050
-000050
-000058
-000052
-000041
-000032
-000028
-000026
-000028
-000043
-000058
-000045
-000023
-000024
-000043
-000050
-000054
-000063
-000069
-000056
-000034
-000019
-000019
-000034
-000052
-000052
-000041
-000043
-000050
-000037
-000019
-000021
-000035
-000024
-000010
-000039
-000081
-000072
-000035
-000032
-000050
-000056
-000050
-000050
-000048
-000032
-000012
-000017
-000037
-000043
-000039
-000039
-000043
-000050
-000056
-000046
-000035
-000052
-000076
-000072
-000048
-000045
-000046
-000034
-000019
-000030
-000052
-000050
-000030
-000023
-000028
-000035
-000045
-000046
-000045
-000043
-000041
-000030
-000021
-000030
-000046
-000058
-000056
-000037
-000017
-000030
-000059
-000067
-000050
-000021
0000000
-000015
-000045
-000037
-000012
-000012
-000030
-000054
-000069
-000054
-000028
-000028
-000043
-000046
-000035
-000017
-000002
0000001
-000008
-000026
-000037
-000030
-000012
-000006
-000012
-000013
-000012
-000015
-000024
-000039
-000046
-000026
0000001
0000000
-000021
-000034
-000037
-000039
-000034
-000017
0000000
-000013
-000041
-000061
-000067
-000054
-000032
-000012
0000003
0000016
0000023
0000014
0000000
-000004
0000003
0000023
0000036
0000009
-000030
-000024
0000005
0000007
-000010
-000013
-000008
-000004
-000004
-000023
-000037
-000015
0000022
0000012
-000017
-000012
0000009
-000015
-000048
-000017
0000042
0000047
0000012
-000004
-000004
0000000
0000005
0000007
0000007
0000003
-000002
-000006
-000010
-000006
-000002
0000000
-000002
-000012
-000017
-000002
0000018
0000011
-000012
-000023
-000021
-000015
-000010
0000000
0000007
0000011
0000009
0000001
-000006
-000002
0000011
0000031
0000044
0000029
0000001
-000010
0000001
0000025
0000049
0000044
0000020
0000005
0000000
0000007
0000020
0000031
0000034
0000027
0000016
0000022
0000034
0000022
0000001
0000012
0000036
0000027
0000007
0000027
0000057
0000031
-000013
-000006
0000031
0000042
0000034
0000036
0000044
0000042
0000034
0000023
0000014
0000016
0000020
0000009
-000006
0000000
0000016
0000025
0000027
0000033
0000036
0000038
0000031
0000012
0000000
0000020
0000053
0000045
0000018
0000012
0000022
0000020
0000014
0000029
0000049
0000042
0000020
0000016
0000023
0000031
0000036
0000033
0000027
0000033
0000040
0000036
0000025
0000027
0000036
0000036
0000025
0000011
0000000
0000012
0000034
0000038
0000027
0000018
0000014
0000022
0000033
0000042
0000044
0000025
0000005
0000012
0000033
0000034
0000025
0000023
0000031
0000045
0000055
0000036
0000011
0000018
0000042
0000042
0000027
0000025
0000031
0000031
0000025
0000014
0000011
0000029
0000057
0000060
0000049
0000044
0000045
0000040
0000036
0000049
0000062
0000036
-000004
-000017
-000004
0000018
0000038
0000038
0000025
0000027
0000036
0000034
0000022
0000009
-000004
-000017
-000015
0000027
0000075
0000057
0000011
0000025
0000071
0000084
0000066
0000058
0000045
0000000
-000043
-000024
0000027
0000040
0000029
0000055
0000088
0000080
0000047
0000029
0000020
0000003
-000012
-000006
0000016
0000040
0000053
0000047
0000031
0000029
0000033
0000022
0000007
0000011
0000023
0000020
0000012
0000023
0000042
0000045
0000038
0000036
0000038
0000034
0000025
0000012
-000002
-000021
-000030
-000017
0000005
0000011
0000009
0000011
0000014
0000012
0000003
-000015
-000028
-000023
-000004
0000005
0000005
-000002
-000012
-000008
0000003
0000003
0000000
-000002
0000005
0000023
0000036
0000016
-000017
-000010
0000014
0000001
-000026
-000010
0000023
0000022
-000004
-000023
-000026
-000023
-000012
0000011
0000031
0000023
0000003
0000000
0000001
-000012
-000032
-000037
-000030
-000019
-000010
0000000
0000005
0000000
-000004
0000007
0000022
0000014
-000002
0000001
0000009
-000015
-000043
-000028
0000011
0000016
0000003
0000000
0000009
0000029
0000042
0000023
-000006
-000004
0000014
0000005
-000012
0000012
0000045
0000022
-000030
-000035
-000010
0000007
0000009
-000006
-000024
-000019
0000000
-000002
-000015
-000019
-000015
-000021
-000023
-000006
0000018
0000033
0000025
-000026
-000078
-000045
0000023
0000022
-000023
-000019
0000011
0000014
0000000
-000010
-000013
-000024
-000030
-000013
0000007
-000006
-000030
-000012
0000023
0000016
-000015
-000021
-000008
0000007
0000016
0000009
-000002
0000001
0000012
0000011
-000004
-000017
-000023
-000002
0000023
0000016
-000008
-000006
0000011
0000014
0000007
0000000
-000006
-000017
-000019
0000005
0000033
0000020
-000015
-000021
-000006
0000007
0000012
0000011
0000007
0000014
0000022
0000018
0000003
-000019
-000035
-000021
0000005
0000000
-000024
-000026
-000013
-000006
0000000
0000005
0000009
-000002
-000015
-000010
0000005
0000005
-000002
-000002
0000005
0000009
0000007
-000010
-000024
0000000
0000031
0000020
-000019
-000037
-000030
-000004
0000023
0000029
0000014
0000000
-000010
-000010
-000004
-000004
-000008
-000013
-000012
0000009
0000029
0000012
-000019
-000017
0000005
0000007
-000004
-000015
-000021
-000019
-000012
-000019
-000026
-000013
0000005
0000005
-000008
-000012
-000012
-000023
-000035
-000023
0000001
0000011
0000003
-000013
-000028
-000015
0000007
-000004
-000032
-000043
-000035
-000013
0000011
0000018
0000011
0000003
0000000
-000002
-000002
-000010
-000015
-000012
-000004
-000006
-000012
-000012
-000006
-000012
-000021
-000024
-000021
0000000
0000022
0000012
-000010
-000006
0000012
0000016
0000011
0000003
-000002
-000010
-000013
-000004
0000011
0000014
0000009
0000000
-000002
0000022
0000051
0000045
0000022
0000025
0000038
0000018
-000008
0000012
0000051
0000038
-000002
-000010
0000007
0000014
0000016
0000025
0000034
0000034
0000027
0000012
0000000
0000000
0000011
0000020
0000023
0000023
0000016
0000011
0000007
0000005
0000005
0000009
0000014
0000022
0000025
0000009
-000008
0000011
0000044
0000042
0000020
0000011
0000016
0000025
0000034
0000038
0000034
0000027
0000023
0000036
0000055
0000045
0000022
0000014
0000018
0000003
-000012
0000025
0000071
0000044
-000015
-000013
0000025
0000036
0000025
0000022
0000023
0000023
0000020
0000016
0000011
0000003
-000002
0000005
0000020
0000036
0000045
0000033
0000012
0000011
0000022
0000022
0000016
0000011
0000014
0000036
0000058
0000045
0000014
0000011
0000027
0000025
0000016
0000020
0000031
0000027
0000018
0000022
0000027
0000012
-000008
0000011
0000042
0000033
0000001
0000003
0000025
0000045
0000053
0000042
0000022
0000007
0000005
0000020
0000036
0000029
0000011
0000009
0000018
0000007
-000008
0000001
0000023
0000018
0000000
0000005
0000022
0000020
0000012
0000023
0000040
0000034
0000020
0000018
0000025
0000025
0000020
0000018
0000018
0000009
0000003
0000031
0000066
0000053
0000016
0000007
0000020
0000023
0000022
0000036
0000051
0000036
0000011
0000007
0000023
0000044
0000057
0000047
0000023
0000001
-000008
0000003
0000022
0000022
0000014
0000027
0000045
0000040
0000020
0000016
0000023
0000034
0000042
0000033
0000018
0000005
0000003
0000012
0000027
0000025
0000023
0000057
0000088
0000053
-000006
0000000
0000040
0000034
0000000
-000015
-000010
0000007
0000027
0000040
0000042
0000034
0000022
0000011
0000005
0000011
0000023
0000038
0000049
0000051
0000045
0000025
0000009
0000016
0000034
0000034
0000022
0000016
0000016
0000018
0000022
0000025
0000027
0000029
0000029
0000018
0000003
-000004
-000002
0000001
0000005
0000007
0000003
-000008
-000017
-000015
-000006
0000001
0000005
0000009
0000012
0000018
0000025
0000029
0000029
0000022
0000014
0000022
0000027
0000000
-000035
-000019
0000023
0000025
0000003
0000000
0000009
0000011
0000005
0000000
-000006
-000008
-000004
0000005
0000014
0000014
0000011
0000012
0000016
0000005
-000008
0000000
0000012
0000003
-000019
-000013
0000005
0000014
0000014
0000016
0000018
0000012
0000005
0000003
0000005
0000005
0000000
-000010
-000017
-000017
-000012
-000006
-000002
0000003
0000005
-000002
-000012
-000002
0000009
-000006
-000026
-000010
0000023
0000027
0000014
0000027
0000044
0000012
-000030
-000006
0000042
0000023
-000024
-000019
0000012
0000001
-000030
-000032
-000012
-000002
-000002
-000004
-000002
0000003
0000007
-000002
-000017
-000017
-000006
0000003
0000007
-000008
-000024
-000013
0000009
0000001
-000019
-000023
-000012
-000002
0000000
-000017
-000035
-000035
-000021
-000021
-000026
-000015
0000005
0000018
0000020
0000012
0000000
-000010
-000015
-000030
-000041
-000028
0000000
0000014
0000011
-000008
-000028
-000023
0000001
0000018
0000020
0000000
-000024
-000023
-000004
0000009
0000011
-000006
-000024
-000017
0000001
0000001
-000008
-000004
0000009
0000009
0000001
0000000
0000000
0000001
0000001
-000008
-000019
-000006
0000012
0000001
-000024
-000024
-000006
0000007
0000012
0000014
0000014
0000016
0000016
0000007
-000002
0000001
0000007
-000004
-000024
-000028
-000021
-000015
-000012
-000002
0000007
0000009
0000007
0000011
0000016
0000009
0000003
0000018
0000040
0000044
0000031
0000018
0000009
0000014
0000025
0000016
0000000
-000006
0000003
0000036
0000066
0000042
-000002
-000008
0000014
0000018
0000014
0000025
0000042
0000047
0000040
0000029
0000020
0000025
0000034
0000023
0000007
0000007
0000022
0000031
0000033
0000022
0000011
0000018
0000033
0000025
0000007
0000009
0000022
0000023
0000016
0000014
0000016
0000022
0000025
0000023
0000018
0000009
0000003
-000006
-000010
-000004
0000005
0000012
0000016
0000014
0000014
0000033
0000049
0000036
0000009
0000009
0000023
0000029
0000027
0000018
0000007
0000005
0000007
0000005
0000000
-000012
-000013
0000011
0000040
0000025
-000006
0000005
0000038
0000049
0000038
0000027
0000020
0000018
0000023
0000038
0000051
0000034
0000011
0000018
0000040
0000031
0000011
0000025
0000053
0000042
0000012
0000000
0000005
0000020
0000034
0000038
0000034
0000036
0000038
0000027
0000011
0000007
0000012
0000022
0000022
-000012
-000046
-000021
0000031
0000014
-000034
-000028
0000012
0000047
0000055
0000014
-000035
-000017
0000031
0000012
-000034
-000021
0000022
0000022
-000008
-000019
-000019
-000023
-000026
-000028
-000024
-000012
0000005
0000020
0000025
0000025
0000022
0000012
0000003
-000012
-000019
0000007
0000040
0000029
-000004
-000006
0000012
0000005
-000013
-000012
0000003
0000003
-000006
-000010
-000006
0000007
0000018
0000007
-000015
-000021
-000017
-000023
-000028
-000021
-000006
0000005
0000009
-000002
-000019
-000013
0000000
-000008
-000021
-000006
0000020
0000025
0000016
0000011
0000009
0000001
-000012
-000032
-000045
-000032
-000010
-000006
-000013
0000000
0000018
0000014
0000001
0000009
0000025
0000018
-000002
-000013
-000012
-000006
0000000
-000012
-000026
-000030
-000023
-000015
-000013
-000010
-000010
-000015
-000021
-000015
-000010
-000019
-000039
-000061
-000070
-000045
-000008
-000006
-000030
-000043
-000041
-000032
-000023
-000028
-000041
-000046
-000039
-000024
-000012
-000012
-000023
-000041
-000048
-000015
0000025
0000012
-000032
-000050
-000046
-000039
-000032
-000028
-000028
-000024
-000023
-000023
-000028
-000034
-000039
-000043
-000039
-000021
0000000
-000010
-000034
-000035
-000026
-000039
-000058
-000048
-000024
-000021
-000034
-000054
-000067
-000054
-000032
-000030
-000045
-000052
-000050
-000034
-000017
-000024
-000043
-000039
-000023
-000010
-000004
-000004
-000010
-000013
-000015
-000015
-000012
-000008
-000008
-000017
-000028
-000026
-000013
0000003
0000012
-000008
-000034
-000030
-000012
-000019
-000034
-000023
-000002
-000021
-000054
-000059
-000043
-000019
0000001
0000007
0000001
-000008
-000015
-000026
-000032
-000019
-000002
-000010
-000034
-000048
-000050
-000039
-000023
-000019
-000028
-000030
-000030
-000034
-000035
-000024
-000015
-000037
-000067
-000070
-000050
-000028
-000017
-000026
-000043
-000046
-000039
-000039
-000039
-000023
-000004
-000015
-000041
-000043
-000030
-000023
-000021
-000015
-000010
-000019
-000028
-000010
0000016
0000005
-000023
-000026
-000017
-000023
-000037
-000035
-000028
-000037
-000046
-000032
-000010
-000015
-000035
-000032
-000019
-000026
-000043
-000035
-000017
-000024
-000045
-000039
-000021
-000024
-000037
-000043
-000037
-000026
-000017
-000023
-000034
-000026
-000010
-000023
-000046
-000050
-000034
-000010
0000007
-000012
-000037
-000015
0000023
0000009
-000032
-000028
0000003
0000012
0000007
0000011
0000018
0000011
0000000
0000005
0000016
0000009
-000006
-000006
0000001
-000008
-000021
-000012
0000005
-000002
-000023
-000028
-000023
-000013
-000006
-000015
-000026
-000012
0000011
0000005
-000015
-000017
-000008
-000010
-000015
0000003
0000025
0000023
0000007
0000009
0000018
0000007
-000013
-000015
-000008
-000026
-000034
0000057
0000154
0000114
-000032
-000205
-000291
-000140
0000097
0000114
-000012
-000026
0000033
0000045
0000022
0000000
-000012
-000006
0000012
0000031
0000040
0000020
-000008
-000010
0000009
0000023
0000034
0000047
0000051
0000038
0000012
-000013
-000021
0000014
0000064
0000068
0000042
0000033
0000033
0000020
0000007
0000016
0000038
0000040
0000033
0000045
0000060
0000044
0000012
0000014
0000029
0000014
-000008
0000005
0000031
0000018
-000008
0000014
0000055
0000051
0000020
0000005
0000007
0000018
0000031
0000033
0000029
0000020
0000011
0000011
0000016
0000016
0000016
0000031
0000044
0000036
0000020
0000023
0000034
0000027
0000011
0000009
0000022
0000033
0000040
0000040
0000034
0000040
0000051
0000057
0000055
0000051
0000042
0000016
-000006
0000007
0000038
0000055
0000053
0000047
0000036
0000018
0000009
0000027
0000053
0000040
0000009
0000007
0000023
0000023
0000014
0000018
0000027
0000018
0000007
0000022
0000049
0000060
0000057
0000051
0000044
0000040
0000038
0000033
0000025
0000027
0000033
0000027
0000018
0000014
0000016
0000022
0000029
0000038
0000036
0000016
-000008
0000003
0000033
0000038
0000023
0000003
-000013
-000017
-000010
-000006
0000000
0000007
0000014
0000012
0000009
0000011
0000022
0000036
0000051
0000055
0000049
0000040
0000033
0000034
0000036
0000025
0000009
0000011
0000018
0000000
-000028
-000028
-000012
0000001
0000009
0000029
0000047
0000049
0000038
0000031
0000034
0000051
0000069
0000069
0000053
0000027
0000005
-000006
-000002
0000009
0000018
0000014
0000003
-000004
-000004
-000002
0000003
0000020
0000034
0000027
0000011
0000016
0000033
0000031
0000020
0000023
0000033
0000033
0000027
0000018
0000009
0000005
0000007
0000011
0000016
0000011
0000007
0000018
0000031
0000022
0000007
0000033
0000069
0000062
0000029
0000016
0000023
0000036
0000045
0000033
0000011
0000011
0000023
0000012
-000002
0000009
0000031
0000031
0000016
0000018
0000029
0000034
0000034
0000034
0000036
0000033
0000031
0000036
0000045
0000040
0000029
0000031
0000040
0000045
0000044
0000031
0000016
0000007
0000005
0000014
0000027
0000027
0000018
0000005
-000004
0000007
0000029
0000044
0000047
0000040
0000027
0000029
0000036
0000018
-000006
-000002
0000016
0000020
0000005
-000024
-000043
-000012
0000038
0000044
0000018
-000012
-000013
0000068
0000147
0000069
-000074
-000083
0000000
0000045
0000051
0000049
0000042
0000042
0000038
0000018
-000010
-000012
0000001
0000007
0000005
0000007
0000009
0000000
-000010
0000001
0000022
0000025
0000018
0000012
0000009
0000003
-000002
-000006
-000008
-000002
0000005
0000016
0000022
0000000
-000026
-000015
0000014
0000014
0000000
-000002
0000005
0000005
-000004
-000028
-000054
-000054
-000035
-000019
-000012
-000019
-000028
-000023
-000006
0000000
-000006
-000028
-000046
-000037
-000012
-000008
-000023
-000034
-000045
-000058
-000061
-000037
-000002
0000009
-000004
-000026
-000052
-000078
-000092
-000080
-000052
-000035
-000035
-000045
-000059
-000067
-000059
-000034
-000012
-000030
-000067
-000074
-000061
-000050
-000046
-000067
-000091
-000072
-000032
-000015
-000023
-000050
-000072
-000045
0000000
-000010
-000048
-000048
-000034
-000061
-000104
-000111
-000091
-000069
-000058
-000063
-000076
-000080
-000074
-000063
-000054
-000054
-000061
-000072
-000085
-000098
-000104
-000087
-000063
-000056
-000063
-000067
-000069
-000081
-000092
-000087
-000070
-000067
-000076
-000089
-000098
-000085
-000063
-000056
-000063
-000076
-000087
-000094
-000094
-000085
-000074
-000076
-000087
-000102
-000109
-000092
-000069
-000074
-000094
-000092
-000078
-000074
-000081
-000085
-000087
-000094
-000100
-000081
-000059
-000061
-000078
-000083
-000078
-000070
-000065
-000065
-000074
-000098
-000116
-000096
-000063
-000063
-000089
-000100
-000096
-000083
-000069
-000059
-000059
-000074
-000091
-000087
-000078
-000091
-000109
-000102
-000081
-000074
-000078
-000089
-000094
-000074
-000048
-000058
-000081
-000078
-000063
-000076
-000100
-000096
-000080
-000087
-000105
-000111
-000105
-000096
-000089
-000091
-000100
-000102
-000096
-000080
-000063
-000067
-000081
-000081
-000072
-000070
-000070
-000070
-000072
-000087
-000100
-000076
-000041
-000037
-000054
-000059
-000058
-000059
-000063
-000065
-000065
-000063
-000063
-000069
-000078
-000081
-000080
-000074
-000065
-000056
-000050
-000050
-000059
-000076
-000087
-000063
-000028
-000034
-000058
-000048
-000023
-000024
-000045
-000059
-000059
-000037
-000012
-000021
-000046
-000043
-000024
-000024
-000035
-000039
-000035
-000043
-000048
-000035
-000017
-000028
-000050
-000048
-000034
-000034
-000043
-000043
-000037
-000041
-000046
-000034
-000015
-000013
-000019
-000006
0000012
0000001
-000023
-000023
-000012
-000019
-000034
-000024
-000004
-000004
-000017
-000013
-000002
0000000
-000006
-000008
-000008
-000004
-000002
0000000
-000002
-000010
-000013
0000001
0000018
-000002
-000037
-000048
-000032
-000004
0000016
0000012
0000000
0000016
0000044
0000036
0000009
0000001
0000012
0000022
0000025
0000025
0000022
0000029
0000036
0000018
-000004
0000001
0000023
0000029
0000025
0000027
0000033
0000029
0000023
0000031
0000045
0000060
0000060
0000020
-000024
-000006
0000047
0000053
0000033
0000045
0000071
0000051
0000011
0000009
0000031
0000033
0000023
0000036
0000060
0000077
0000080
0000066
0000047
0000047
0000060
0000058
0000049
0000058
0000069
0000051
0000023
0000040
0000075
0000075
0000051
0000042
0000044
0000045
0000049
0000073
0000090
0000051
-000004
-000002
0000038
0000058
0000060
0000058
0000055
0000058
0000064
0000064
0000057
0000045
0000040
0000055
0000077
0000071
0000055
0000060
0000075
0000071
0000058
0000045
0000038
0000034
0000038
0000058
0000077
0000057
0000020
0000011
0000027
0000042
0000051
0000053
0000047
0000034
0000027
0000038
0000060
0000068
0000062
0000057
0000047
0000036
0000033
0000044
0000058
0000051
0000029
0000018
0000023
0000042
0000064
0000058
0000044
0000058
0000082
0000080
0000062
0000062
0000066
0000040
0000009
0000023
0000057
0000049
0000022
0000027
0000051
0000042
0000020
0000031
0000053
0000033
-000004
-000004
0000020
0000029
0000025
0000022
0000023
0000033
0000044
0000038
0000023
0000023
0000031
0000038
0000036
0000022
0000003
-000008
-000010
-000004
0000007
0000020
0000029
0000022
0000011
0000012
0000022
0000029
0000033
0000027
0000020
0000016
0000014
0000009
0000003
0000012
0000023
0000022
0000011
0000003
0000003
0000011
0000018
0000016
0000007
-000002
-000008
-000017
-000019
-000006
0000012
0000016
0000007
0000005
0000005
-000002
-000012
-000012
-000006
-000012
-000019
-000021
-000015
-000002
0000009
0000007
-000002
0000000
0000005
0000003
-000004
-000015
-000024
-000032
-000032
-000015
0000005
0000005
-000008
-000006
0000003
-000002
-000013
0000000
0000018
0000009
-000015
-000019
-000008
-000008
-000010
0000005
0000022
0000016
-000004
-000019
-000023
-000012
0000005
-000002
-000019
-000019
-000008
-000010
-000017
-000021
-000013
0000020
0000049
0000029
-000015
-000019
0000009
0000029
0000034
0000025
0000001
-000034
-000058
-000037
0000003
0000007
-000015
-000019
-000015
-000024
-000034
-000013
0000014
0000014
-000010
-000035
-000050
-000034
-000004
-000004
-000024
-000032
-000028
-000012
0000005
-000004
-000026
-000019
0000000
-000012
-000035
-000034
-000015
0000001
0000005
-000008
-000028
-000034
-000028
-000030
-000030
-000012
0000012
0000012
0000000
-000002
0000003
0000001
-000002
0000000
0000003
-000013
-000030
-000019
0000005
0000001
-000015
-000008
0000012
0000020
0000016
0000022
0000022
-000006
-000035
-000019
0000018
0000022
0000001
-000004
0000003
0000012
0000018
0000012
0000001
0000000
0000003
0000005
0000005
0000011
0000012
-000008
-000034
-000024
0000003
0000014
0000014
0000023
0000031
0000012
-000012
0000000
0000025
0000012
-000017
-000010
0000020
0000020
0000007
0000025
0000053
0000042
0000009
0000000
0000007
0000018
0000020
0000001
-000024
-000028
-000013
0000012
0000036
0000053
0000055
0000045
0000029
0000023
0000025
0000027
0000025
0000029
0000031
0000033
0000029
0000022
0000014
0000020
0000031
0000029
0000027
0000042
0000062
0000060
0000045
0000044
0000051
0000058
0000060
0000053
0000040
0000034
0000036
0000033
0000027
0000033
0000036
0000020
0000000
0000011
0000036
0000042
0000036
0000042
0000053
0000051
0000040
0000033
0000033
0000033
0000034
0000040
0000045
0000044
0000040
0000045
0000055
0000047
0000034
0000038
0000049
0000045
0000034
0000036
0000045
0000038
0000027
0000038
0000053
0000042
0000020
0000027
0000047
0000047
0000031
0000022
0000023
0000049
0000073
0000053
0000018
0000020
0000040
0000025
0000000
0000007
0000036
0000053
0000049
0000023
-000002
0000009
0000036
0000040
0000029
0000038
0000055
0000040
0000016
0000029
0000058
0000058
0000040
0000036
0000034
0000012
-000012
0000003
0000040
0000055
0000047
0000036
0000029
0000031
0000042
0000051
0000053
0000038
0000023
0000029
0000044
0000042
0000029
0000012
0000001
0000003
0000018
0000038
0000053
0000042
0000022
0000020
0000031
0000033
0000027
0000025
0000025
0000012
0000005
0000022
0000051
0000058
0000047
0000031
0000018
0000014
0000016
0000016
0000016
0000016
0000018
0000018
0000016
0000023
0000031
0000029
0000016
0000005
-000002
0000000
0000009
0000009
0000005
0000003
0000007
0000020
0000033
0000023
0000003
-000010
-000012
-000012
-000004
0000012
0000029
0000016
-000008
-000008
0000005
0000000
-000015
-000017
-000008
0000011
0000023
0000009
-000015
-000013
0000003
-000004
-000023
-000034
-000032
-000017
-000002
-000012
-000028
-000015
0000009
-000004
-000035
-000034
-000017
-000024
-000039
-000024
0000001
-000002
-000023
-000024
-000015
-000008
-000008
-000021
-000037
-000041
-000032
-000023
-000015
-000006
-000006
-000024
-000045
-000035
-000012
0000000
0000000
0000005
0000014
0000020
0000016
-000002
-000024
-000026
-000015
-000010
-000012
-000006
-000002
-000010
-000024
-000032
-000037
-000050
-000059
-000037
-000006
-000012
-000041
-000050
-000045
-000041
-000039
-000028
-000021
-000030
-000048
-000061
-000065
-000067
-000063
-000041
-000019
-000028
-000052
-000045
-000023
-000026
-000043
-000035
-000019
-000030
-000052
-000045
-000023
-000021
-000030
-000023
-000012
-000026
-000050
-000052
-000039
-000043
-000050
-000037
-000017
-000026
-000050
-000069
-000070
-000054
-000032
-000030
-000039
-000034
-000021
-000015
-000017
-000017
-000017
-000032
-000045
-000034
-000013
-000013
-000032
-000048
-000056
-000052
-000037
-000010
0000005
-000017
-000058
-000065
-000048
-000045
-000043
-000021
0000005
0000003
-000015
-000021
-000019
-000026
-000034
-000013
0000007
-000019
-000061
-000050
-000012
-000010
-000032
-000037
-000028
-000017
-000008
-000015
-000028
-000024
-000012
-000015
-000030
-000046
-000054
-000043
-000019
0000001
0000009
-000012
-000041
-000043
-000028
-000032
-000041
-000028
-000006
-000006
-000017
-000013
-000002
0000003
0000000
-000006
-000008
0000000
0000011
0000018
0000018
0000016
0000011
0000000
-000010
-000006
0000007
0000012
0000009
0000012
0000012
-000010
-000034
-000021
0000009
0000014
0000001
0000001
0000011
0000025
0000033
0000018
-000008
-000015
-000004
0000016
0000033
0000027
0000011
0000016
0000031
0000029
0000020
0000022
0000022
-000002
-000032
-000024
0000007
0000025
0000025
0000007
-000015
-000015
0000001
0000014
0000016
0000000
-000017
0000003
0000038
0000034
0000009
-000002
0000000
-000008
-000013
0000005
0000031
0000036
0000027
0000023
0000025
0000029
0000033
0000040
0000044
0000031
0000016
0000027
0000049
0000044
0000020
-000004
-000013
0000018
0000060
0000049
0000018
0000031
0000062
0000036
-000012
-000013
0000014
0000023
0000016
0000005
0000000
0000012
0000033
0000036
0000029
0000020
0000016
0000016
0000016
-000004
-000024
0000005
0000053
0000058
0000034
0000016
0000009
0000014
0000025
0000025
0000014
-000008
-000024
-000015
0000009
0000018
0000018
0000044
0000069
0000062
0000034
0000016
0000016
0000036
0000055
0000034
0000000
0000003
0000036
0000073
0000091
0000073
0000038
0000025
0000029
0000020
0000007
0000005
0000012
0000016
0000023
0000040
0000057
0000044
0000018
0000018
0000033
0000029
0000018
0000027
0000044
0000044
0000031
0000016
0000007
0000011
0000022
0000020
0000014
0000018
0000027
0000018
0000009
0000025
0000053
0000049
0000029
0000025
0000034
0000044
0000049
0000049
0000042
0000038
0000034
0000025
0000016
0000014
0000020
0000040
0000057
0000038
0000009
0000016
0000044
0000060
0000057
0000040
0000023
0000029
0000047
0000049
0000040
0000034
0000034
0000031
0000027
0000034
0000042
0000038
0000029
0000029
0000034
0000040
0000044
0000040
0000034
0000025
0000022
0000033
0000049
0000044
0000025
0000022
0000025
0000018
0000012
0000036
0000062
0000038
-000006
-000004
0000029
0000049
0000057
0000053
0000040
0000020
0000007
0000023
0000047
0000042
0000018
0000011
0000016
0000020
0000022
0000034
0000042
0000027
0000001
-000002
0000009
0000009
0000000
-000004
-000004
-000002
0000000
0000003
0000007
0000018
0000025
0000011
-000012
-000006
0000014
0000025
0000022
0000009
0000000
0000016
0000042
0000042
0000022
0000005
-000004
0000007
0000022
0000014
-000002
0000009
0000033
0000025
0000001
-000004
0000003
0000011
0000011
0000001
-000008
0000009
0000036
0000042
0000023
0000003
-000012
-000002
0000016
0000011
-000008
-000015
-000017
-000026
-000035
-000034
-000026
-000030
-000039
-000035
-000021
-000006
0000000
-000008
-000019
-000019
-000015
-000034
-000054
-000039
-000010
-000015
-000037
-000035
-000021
-000024
-000039
-000039
-000030
-000019
-000012
-000013
-000019
-000013
-000004
-000006
-000012
-000004
0000005
-000010
-000032
-000030
-000015
-000013
-000024
-000034
-000032
-000008
0000016
-000002
-000037
-000030
-000002
-000012
-000035
-000019
0000012
-000002
-000035
-000026
0000000
-000017
-000050
-000039
-000006
-000008
-000032
-000034
-000026
-000037
-000048
-000032
0000000
0000011
0000001
-000017
-000034
-000039
-000032
-000015
0000000
-000015
-000041
-000048
-000039
-000032
-000028
-000015
-000006
-000019
-000041
-000046
-000039
-000030
-000026
-000026
-000034
-000039
-000039
-000023
-000004
-000015
-000043
-000046
-000035
-000037
-000046
-000039
-000024
-000008
-000002
-000032
-000065
-000054
-000017
-000008
-000026
-000046
-000059
-000048
-000032
-000032
-000046
-000052
-000048
-000039
-000030
-000030
-000041
-000056
-000067
-000065
-000052
-000034
-000021
-000019
-000026
-000037
-000045
-000037
-000028
-000050
-000080
-000076
-000054
-000046
-000050
-000034
-000012
-000019
-000035
-000028
-000006
-000002
-000013
-000023
-000030
-000035
-000039
-000041
-000039
-000037
-000035
-000039
-000043
-000041
-000039
-000048
-000058
-000037
-000012
-000026
-000065
-000083
-000081
-000070
-000054
-000028
-000010
-000019
-000041
-000039
-000023
-000019
-000026
-000032
-000032
-000021
-000008
-000019
-000035
-000024
0000001
0000000
-000017
-000021
-000017
-000017
-000019
-000021
-000021
-000026
-000032
-000043
-000045
-000015
0000016
0000000
-000039
-000050
-000034
-000013
0000000
-000006
-000019
-000015
-000002
-000008
-000023
-000026
-000023
-000024
-000030
-000023
-000012
-000010
-000017
-000032
-000045
-000043
-000024
0000009
0000034
0000003
-000048
-000048
-000015
-000010
-000023
-000032
-000030
-000008
0000016
0000003
-000030
-000039
-000032
-000023
-000023
-000043
-000058
-000019
0000036
0000042
0000016
0000022
0000036
-000002
-000048
-000019
0000042
0000029
-000017
-000006
0000031
0000018
-000019
-000026
-000008
0000018
0000033
0000020
-000012
-000039
-000048
-000023
0000014
0000020
0000000
-000026
-000039
-000017
0000016
0000009
-000023
-000030
-000023
-000024
-000030
-000023
-000012
-000013
-000019
-000012
0000003
0000003
0000000
0000009
0000022
0000016
0000000
-000008
-000002
0000012
0000023
0000007
-000023
-000028
-000012
0000007
0000018
0000011
-000006
-000008
0000000
-000004
-000010
0000003
0000018
0000000
-000032
-000037
-000023
-000024
-000030
-000013
0000007
-000004
-000023
0000001
0000053
0000119
0000121
-000091
-000321
-000212
0000071
0000137
0000042
0000005
0000018
0000033
0000031
-000013
-000063
-000050
0000001
0000020
0000012
0000003
-000006
-000012
-000008
0000020
0000049
0000033
-000006
-000010
0000005
-000010
-000037
-000039
-000023
-000013
-000013
-000012
-000015
-000024
-000030
-000004
0000025
0000005
-000039
-000039
-000012
0000001
0000000
-000010
-000021
-000019
-000010
-000012
-000019
-000015
-000004
0000007
0000011
0000003
-000008
-000012
-000012
-000021
-000028
-000017
0000003
0000011
0000003
-000017
-000032
-000010
0000027
0000031
0000016
0000016
0000023
0000014
0000000
-000006
-000006
-000010
-000017
-000026
-000032
-000023
-000010
-000023
-000039
-000015
0000022
0000014
-000019
-000035
-000032
-000024
-000012
0000007
0000018
0000007
-000008
0000003
0000025
0000018
-000002
0000003
0000018
0000005
-000019
-000012
0000011
0000012
0000000
-000008
-000006
0000007
0000020
0000009
-000013
-000015
-000002
0000007
0000014
0000018
0000022
0000033
0000038
0000014
-000021
-000026
-000008
0000011
0000022
0000016
-000002
-000015
-000019
-000004
0000012
0000011
-000006
-000017
-000019
-000012
0000001
0000009
0000007
-000006
-000015
0000005
0000033
0000022
-000008
-000015
-000006
0000001
0000001
-000004
-000015
-000028
-000035
-000034
-000024
-000017
-000013
-000006
0000003
0000003
0000003
0000014
0000025
0000020
0000001
-000017
-000023
0000000
0000027
0000016
-000015
-000021
-000010
-000010
-000015
-000017
-000017
-000023
-000028
-000024
-000015
-000006
-000006
-000017
-000030
-000015
0000012
0000025
0000020
-000006
-000035
-000037
-000021
-000013
-000012
-000002
0000009
0000011
0000003
-000008
-000017
-000023
-000023
-000017
-000012
-000002
0000003
0000003
-000002
-000006
-000008
-000010
-000006
0000005
0000014
0000022
0000014
-000021
-000054
-000034
0000009
0000001
-000032
-000026
0000001
0000000
-000017
-000013
0000001
0000005
0000000
0000000
0000005
0000020
0000027
0000000
-000035
-000026
0000007
0000018
0000011
0000009
0000009
0000003
-000004
0000003
0000014
0000020
0000014
0000007
0000000
0000007
0000016
0000012
0000005
0000014
0000033
0000038
0000033
0000012
-000006
0000005
0000027
0000012
-000019
-000017
0000003
0000007
-000002
-000021
-000028
0000001
0000040
0000025
0000001
0000077
0000165
0000103
-000037
-000092
-000065
-000008
0000045
0000040
0000007
0000025
0000057
0000022
-000039
-000037
0000009
0000042
0000053
0000047
0000031
0000018
0000011
0000007
0000009
0000014
0000022
0000031
0000031
0000009
-000017
-000013
0000012
0000025
0000027
0000031
0000027
0000011
-000010
-000004
0000014
0000022
0000023
0000031
0000034
0000014
-000008
0000014
0000055
0000066
0000051
0000036
0000027
0000018
0000014
0000023
0000038
0000040
0000034
0000036
0000042
0000034
0000020
0000009
0000011
0000033
0000058
0000053
0000027
0000018
0000023
0000018
0000012
0000031
0000055
0000044
0000018
0000016
0000033
0000042
0000042
0000033
0000020
0000011
0000007
0000011
0000012
0000011
0000005
0000003
0000003
0000007
0000012
0000014
0000016
0000029
0000038
0000023
-000004
-000015
-000013
-000010
0000000
0000023
0000044
0000027
0000000
0000016
0000049
0000042
0000009
0000000
0000007
0000018
0000025
0000023
0000016
0000023
0000034
0000034
0000025
0000016
0000014
0000033
0000053
0000036
0000007
0000009
0000027
0000036
0000036
0000042
0000045
0000029
0000005
-000006
0000001
0000023
0000044
0000036
0000012
-000006
-000010
0000003
0000022
0000020
0000003
-000012
-000015
0000001
0000023
0000036
0000034
0000027
0000016
0000007
0000000
-000004
-000002
0000012
0000029
0000044
0000044
0000023
-000002
0000007
0000031
0000029
0000012
0000007
0000009
0000000
-000015
-000023
-000023
-000008
0000005
0000000
-000017
-000023
-000015
0000001
0000016
0000009
-000008
-000008
0000005
0000005
0000000
0000005
0000014
0000020
0000018
0000011
0000001
0000000
0000005
0000011
0000018
0000022
0000023
0000023
0000018
0000012
0000003
-000008
-000015
-000013
-000008
-000010
-000017
-000019
-000015
0000000
0000014
0000001
-000023
-000024
-000013
-000013
-000021
-000015
-000006
0000003
-000002
-000050
-000094
-000056
0000012
-000002
-000061
-000059
-000021
0000000
-000006
-000035
-000061
-000017
0000047
0000040
-000010
-000032
-000023
-000008
0000003
-000004
-000023
-000030
-000024
-000008
0000009
-000004
-000028
-000030
-000013
0000001
0000009
0000011
0000001
-000015
-000032
-000035
-000030
-000030
-000028
-000008
0000009
-000026
-000072
-000050
0000007
0000007
-000032
-000046
-000043
-000034
-000024
-000017
-000017
-000035
-000056
-000050
-000030
-000017
-000015
-000026
-000039
-000026
-000008
-000017
-000037
-000035
-000017
0000000
0000005
-000010
-000032
-000035
-000028
-000021
-000019
-000026
-000037
-000039
-000035
-000030
-000024
-000013
-000004
-000002
-000008
-000015
-000023
-000032
-000039
-000041
-000039
-000035
-000030
-000021
-000012
0000001
0000007
-000012
-000037
-000035
-000015
-000013
-000019
-000010
0000003
-000002
-000015
-000012
0000000
-000013
-000032
-000013
0000020
0000023
0000000
-000028
-000046
-000034
-000010
-000021
-000050
-000054
-000039
-000030
-000026
-000026
-000028
-000023
-000017
-000028
-000046
-000043
-000028
-000019
-000019
-000034
-000046
-000039
-000019
-000012
-000015
-000019
-000024
-000030
-000039
-000063
-000080
-000058
-000019
-000026
-000054
-000037
0000000
-000002
-000028
-000046
-000048
-000026
-000006
-000032
-000076
-000065
-000023
-000013
-000026
-000030
-000030
-000039
-000046
-000034
-000008
0000016
0000025
0000005
-000030
-000050
-000048
-000021
0000011
0000007
-000017
-000026
-000019
-000008
0000000
0000000
-000010
-000021
-000030
-000023
-000015
-000028
-000048
-000039
-000019
-000021
-000035
-000028
-000013
-000024
-000045
-000032
-000004
-000015
-000039
-000015
0000023
0000018
-000015
-000021
-000006
0000005
0000012
0000023
0000027
0000005
-000024
-000024
-000006
0000005
0000007
0000005
0000005
0000016
0000029
0000018
-000002
-000013
-000012
0000005
0000022
0000012
-000006
0000003
0000025
0000023
0000003
-000010
-000012
-000012
-000006
0000011
0000023
0000009
-000017
-000013
0000003
-000006
-000021
0000003
0000040
0000033
0000003
0000007
0000029
0000029
0000016
0000009
0000007
0000003
0000003
0000018
0000031
0000022
0000001
0000000
0000007
0000003
-000004
0000016
0000040
0000023
-000006
0000012
0000049
0000047
0000016
0000000
-000002
-000004
-000002
0000000
0000003
0000007
0000014
0000040
0000062
0000038
-000006
-000006
0000016
0000007
-000015
-000012
0000011
0000027
0000033
0000027
0000012
0000001
-000004
0000003
0000016
0000016
0000009
0000000
-000004
0000007
0000023
0000025
0000018
0000018
0000020
0000005
-000012
0000001
0000025
0000022
0000005
0000014
0000033
0000022
0000001
0000012
0000038
0000033
0000014
0000031
0000060
0000057
0000033
0000025
0000027
0000018
0000007
0000020
0000044
0000047
0000038
0000029
0000023
0000029
0000034
0000020
0000000
0000001
0000020
0000033
0000040
0000055
0000068
0000062
0000042
0000023
0000016
0000031
0000053
0000053
0000036
0000023
0000018
0000016
0000020
0000033
0000038
0000022
-000002
-000008
0000005
0000023
0000036
0000031
0000016
0000016
0000027
0000027
0000029
0000049
0000071
0000060
0000031
0000022
0000033
0000045
0000055
0000045
0000031
0000029
0000031
0000012
-000008
0000007
0000040
0000047
0000036
0000036
0000040
0000038
0000036
0000044
0000053
0000047
0000029
0000011
0000000
0000012
0000031
0000029
0000014
0000020
0000033
0000031
0000018
0000001
-000008
-000002
0000012
0000027
0000033
0000031
0000027
0000029
0000033
0000022
0000007
0000005
0000012
0000014
0000014
0000023
0000038
0000047
0000044
0000023
0000001
0000007
0000029
0000034
0000031
0000038
0000049
0000049
0000040
0000018
0000001
0000011
0000033
0000033
0000016
0000012
0000016
0000011
0000009
0000022
0000038
0000023
-000002
0000007
0000031
0000027
0000005
-000006
-000004
0000001
0000007
0000000
-000010
0000000
0000014
0000001
-000023
-000024
-000010
-000002
-000002
-000006
-000012
-000013
-000008
0000000
0000007
0000000
-000008
0000005
0000025
0000027
0000014
0000000
-000008
0000000
0000016
0000025
0000027
0000029
0000029
0000023
0000018
0000014
0000014
0000012
0000007
-000004
-000015
-000015
-000006
0000012
0000025
0000011
-000010
0000005
0000036
0000023
-000008
-000002
0000023
0000031
0000025
0000023
0000029
0000040
0000053
0000055
0000051
0000049
0000045
0000025
0000003
-000004
0000003
0000011
0000014
0000016
0000014
0000011
0000009
0000007
0000007
0000001
0000000
0000009
0000023
0000031
0000031
0000038
0000042
0000029
0000009
-000002
-000004
-000017
-000032
-000035
-000024
0000007
0000040
0000038
0000018
0000022
0000036
0000027
0000009
0000022
0000045
0000033
0000005
0000020
0000045
0000025
-000019
-000028
-000012
-000002
0000003
0000009
0000016
0000022
0000022
0000001
-000019
-000006
0000022
0000022
0000007
0000012
0000023
0000016
0000003
0000014
0000034
0000034
0000018
0000011
0000012
0000016
0000023
0000034
0000042
0000034
0000022
0000016
0000018
0000018
0000016
0000014
0000016
0000014
0000011
0000005
0000000
0000005
0000011
0000003
-000008
0000001
0000016
0000009
-000010
-000004
0000009
-000002
-000021
-000012
0000012
0000018
0000009
0000007
0000003
-000017
-000035
-000017
0000012
0000005
-000024
-000028
-000015
-000013
-000017
-000015
-000006
0000005
0000011
-000004
-000024
-000024
-000013
-000015
-000021
-000006
0000014
0000016
0000000
-000028
-000052
-000052
-000037
-000030
-000026
-000021
-000019
-000032
-000048
-000045
-000024
0000001
0000018
0000009
-000015
-000026
-000024
-000028
-000030
-000026
-000021
-000023
-000028
-000021
-000010
-000008
-000012
-000008
-000002
-000004
-000012
-000012
-000010
-000024
-000043
-000045
-000034
-000021
-000015
-000028
-000045
-000035
-000017
-000037
-000070
-000067
-000041
-000037
-000048
-000048
-000037
-000006
0000023
0000020
-000015
-000067
-000098
-000048
0000027
0000022
-000030
-000039
-000019
-000023
-000043
-000048
-000048
-000058
-000067
-000046
-000021
-000035
-000061
-000043
-000006
-000017
-000056
-000065
-000050
-000039
-000032
-000019
-000013
-000034
-000061
-000063
-000043
-000024
-000012
-000013
-000023
-000028
-000032
-000048
-000065
-000059
-000039
-000026
-000024
-000028
-000028
-000017
-000002
-000006
-000019
-000026
-000026
-000019
-000012
-000019
-000034
-000039
-000032
-000019
-000008
-000013
-000028
-000030
-000026
-000030
-000039
-000041
-000039
-000037
-000032
-000017
-000006
-000026
-000054
-000046
-000015
-000006
-000013
-000024
-000034
-000030
-000021
-000023
-000030
-000032
-000023
0000000
0000022
0000014
-000006
-000004
0000009
-000006
-000024
-000010
0000020
0000022
0000003
-000004
-000008
-000026
-000045
-000028
0000003
0000018
0000012
0000001
-000010
-000019
-000021
-000013
0000000
0000000
-000008
-000013
-000013
-000006
0000003
0000001
-000010
-000017
-000021
-000028
-000035
-000028
-000021
-000026
-000039
-000035
-000023
-000017
-000013
0000001
0000014
-000006
-000030
0000000
0000049
0000042
0000003
0000003
0000023
0000011
-000013
0000007
0000045
0000047
0000027
0000018
0000016
0000000
-000015
-000006
0000014
0000005
-000015
-000010
0000012
0000025
0000025
0000009
-000010
-000012
-000002
-000008
-000017
-000002
0000020
0000018
0000005
0000018
0000036
0000014
-000023
-000023
0000005
0000020
0000020
0000005
-000010
0000003
0000023
0000007
-000023
-000017
0000011
0000029
0000036
0000031
0000023
0000034
0000047
0000023
-000008
0000012
0000053
0000044
0000007
-000004
0000011
0000033
0000045
0000027
0000000
0000005
0000031
0000040
0000034
0000027
0000018
0000000
-000010
0000014
0000053
0000069
0000066
0000060
0000053
0000044
0000036
0000027
0000023
0000036
0000053
0000053
