-000466
-001339
-002504
-001572
0000465
0001338
0001338
0001629
0002095
0002677
0002561
0000407
-002271
-002329
-000815
-000874
-000699
0004132
0009197
0006286
-001165
-004948
-004541
-001689
0001571
0001688
-000117
-000117
0001164
0002095
0002212
0001164
-000175
-000175
0001047
0002444
0003492
0003434
0002852
0003085
0003550
0002735
0001164
-000175
-001107
-001980
-002504
-002445
-001747
-000466
0000756
0000582
-000117
0000058
0001047
0002677
0003434
0001047
-002504
-003319
-002038
-001747
-001514
0000814
0003376
0002794
0000349
-000583
0000058
0001338
0002328
0001106
-000757
-000233
0001629
0002328
0001979
0001688
0001629
0001629
0001920
0002619
0003318
0003376
0002910
0002503
0002444
0003201
0004424
0005704
0005995
0003725
0000698
0000232
0001629
0002212
0002212
0002561
0003201
0003900
0004307
0003900
0003085
0002503
0001979
0000931
-000059
0000291
0001164
0000814
-000466
-002096
-003319
-003086
-001980
-001805
-002096
-001805
-001107
-000117
0000582
0000291
-001165
-004133
-006811
-006637
-003842
0000698
0004191
0002270
-001456
0000756
0006461
0009546
0009255
0006344
0002444
0000116
0000000
0001979
0004132
0002968
0000349
0000058
0002328
0006927
0010477
0007509
0001455
-000117
0001862
0002794
0002852
0003085
0003026
0001862
0000640
0001280
0002619
0002212
0000756
0000174
0000232
0000232
-000059
-001048
-002096
-002329
-001281
0001397
0003667
0002037
-001339
-001456
0000873
0002677
0003085
0001397
-000874
-001048
0000582
0002503
0003725
0003201
0001746
0000989
0000931
0000582
0000582
0002328
0004307
0003725
0001920
0002503
0004074
0003318
0001629
0002677
0004715
0003841
0001455
0000873
0001397
0000698
-000815
-002038
-002562
-002387
-001456
0000116
0001862
0002735
0002968
0003841
0003725
-000583
-005007
-002154
0004132
0004889
0002037
0001920
0003434
0003550
0002561
0001222
0000407
0001280
0002968
0003667
0003783
0005297
0006636
0004773
0001804
0002153
0004074
0003376
0000873
-001165
-002154
-002329
-001514
0000058
0001164
-000350
-002853
-002969
-001805
-002620
-004716
-006287
-006869
-006462
-005414
-004599
-003959
-003086
-002096
-001165
-000466
-000117
-000175
-000466
-000524
0000582
0001804
0001280
0000000
0000465
0001746
0001629
0000465
-000583
-001223
-001689
-001398
0000232
0001979
0001222
-000408
0001164
0003725
0002095
-001165
-000699
0002153
0003725
0003550
0001862
-000059
0000523
0002212
0001280
-000699
0000291
0002270
0000698
-002154
-001107
0001280
-001456
-006054
-005589
-002038
-000524
-001107
-002969
-003901
0000058
0005646
0006577
0003841
0001571
0000407
0000523
0000931
-000641
-002795
-002969
-001281
0001338
0003492
0003492
0002270
0003026
0004074
0001746
-001223
0001222
0005064
0001513
-005065
-004774
-000117
0001688
0001629
0003841
0006112
0004773
0001571
0000873
0001746
0001106
0000291
0002328
0004947
0003841
0000582
-000757
-000583
-001223
-002154
-002504
-002096
-000699
0001222
0003143
0003841
0001571
-001107
0001106
0005180
0004540
0000989
-000466
0000174
0001455
0002444
0001629
0000232
0001047
0003318
0005588
0006636
0005413
0002968
0001688
0001688
0001979
0002444
0003143
0003259
0001629
-000524
-000932
0000000
0001164
0001397
-000699
-003493
-004133
-002911
-001689
-001165
-002154
-003027
-000524
0003492
0005238
0004365
0001746
-000815
0000058
0002270
0001280
-001747
-003551
-003668
-002387
-000408
0000756
0000989
0001106
0000640
-001572
-003493
-001747
0001804
0002968
0002095
0001629
0001338
0000465
-000175
0000931
0002619
0002153
0000989
0002619
0004656
0002095
-002504
-003784
-002271
-000524
0000465
-000408
-001921
-001514
-000059
0000116
-000524
-000524
-000292
-001107
-002387
-003086
-003144
-002620
-002096
-002387
-002678
-001339
0000698
0001222
0000989
0002561
0004249
0002561
-000815
-002271
-002096
-002213
-002213
-001223
0000116
0000640
0000465
0000349
0000465
0001397
0002328
0001455
0000640
0004074
0008207
0006461
0001106
-002096
-002329
-000524
0002153
0003667
0003026
-000175
-003551
-002853
0000174
0001338
0000698
-000059
-000757
-001456
-002096
-003435
-004425
-003202
-001514
-003144
-005356
-001921
0003550
0003492
-000233
-002154
-001805
0000058
0002619
0004365
0005006
0005064
0004424
0003085
0001629
0001047
0000814
-000990
-002736
-001514
0001222
0002270
0001979
0002153
0002386
0001397
0000465
0002095
0004307
0003434
0000698
-000524
-001107
-003784
-006520
-005589
-002329
0000232
0001164
0000407
-001339
-002678
-002387
0001571
0006053
0005646
0001629
-001921
-003842
-003784
-001805
0001047
0003201
0002561
0000465
0000058
0000640
-000408
-001689
-000524
0002037
0003376
0003958
0005530
0006636
0004482
0001222
0001571
0003609
0002561
0000174
0000931
0002794
0000989
-001863
-000175
0003667
0003900
0001746
0000640
0000931
0002153
0003434
0002794
0001280
0001746
0002677
0000640
-002620
-003319
-002445
-003260
-004774
-004774
-003493
-001805
-000583
-001165
-002445
-001921
-000641
-001281
-002678
-002329
-000583
0001629
0003085
0002095
0000116
0000756
0002328
0000814
-001805
-001223
0001397
0002735
0002619
0001688
0000232
-001514
-002213
0000116
0003201
0002677
-000408
-003086
-003901
-001630
0001920
0003085
0002037
0000465
-001048
-001980
-002620
-004250
-005414
-003377
-000233
-000292
-001980
-001107
0001047
0001571
0000465
-001805
-003493
-001805
0000873
-000350
-003668
-004716
-003202
0000232
0003550
0003609
0001571
0000640
0000698
0000873
0000640
-001281
-003086
-001456
0001397
0000756
-001456
-000233
0002386
0001862
-000524
-001514
-001048
0000291
0001047
-001572
-005239
-005472
-002795
0000582
0002619
0000407
-003901
-005647
-005007
-004541
-003842
-001980
-000117
0000232
-000757
-002096
-002853
-001805
0000116
0000756
0000349
0000058
0000058
0000640
0001047
-000233
-001863
-001514
0000465
0002852
0004249
0002619
0000116
0001222
0003783
0002328
-000874
-000466
0001804
0001455
-000292
-000175
0000989
0001164
0000640
-000175
-000524
0000756
0002270
0001164
-001398
-002387
-002387
-003202
-004250
-004483
-003551
-000990
0001862
0002735
0001571
-000350
-002678
-005647
-007219
-004541
0000349
0003725
0004307
0001338
-002271
-001689
0001979
0005180
0006694
0005879
0003725
0002910
0002910
0001455
0000349
0003085
0006636
0004540
-000059
0000000
0002619
0001629
-001107
-001048
0000756
0001571
0001280
0000116
-001048
-000699
0000407
0000349
-000524
-001514
-001456
0001688
0005180
0004191
0000116
-002969
-004133
-003726
-001980
0000058
0001920
0003201
0003667
0003841
0003318
0001629
-000350
-000990
-000815
-001689
-002736
-002387
-000932
0000349
0001397
0002444
0003085
0002677
0001629
0001280
0001164
0000349
-001107
-003551
-005239
-003435
-000466
-001107
-003668
-004075
-002329
0000698
0002910
0001106
-002795
-004483
-004075
-003901
-003144
-000292
0002677
0002503
0000523
0000640
0001629
0000582
-001398
-001572
-001165
-003260
-005705
-004366
-001048
-000059
-000874
-000874
-000292
0000465
0001047
0000873
0000174
-000699
-000874
0000698
0002910
0003550
0002794
0001746
0000931
0000931
0001513
0002270
0002619
0002270
0001106
-001223
-003027
-001863
0001397
0004482
0005762
0003783
0000116
-002096
-002038
0000465
0002910
0000523
-003784
-003319
-000583
-002213
-005472
-004017
-000175
0000698
-000524
-000350
0000174
-001223
-003668
-005414
-005763
-004541
-002271
-000350
0001164
0003609
0005180
0003085
-000466
-000932
0000291
-000641
-002562
-002853
-001281
0001979
0004831
0004016
0000523
-002504
-003959
-003493
-001572
0000407
0001106
-001223
-004017
-002154
0001746
0001571
-000932
-001107
0000582
0002212
0003259
0002910
0001746
0000814
0000465
0001222
0002095
0001397
-000175
-001223
-001281
-000233
0001280
0002270
0002386
0001222
0000174
0001804
0004482
0004831
0003609
0003550
0004016
0003201
0001629
-000059
-000932
0000523
0002561
0001979
-000350
-001921
-001689
0001979
0005646
0003201
-002154
-002969
-000350
0001629
0002212
0000814
-001223
-001048
0000000
-001514
-003668
-002504
0000407
0001164
0000523
0000814
0001746
0002444
0002503
0001280
-000175
-000233
0000756
0001629
0001920
0001397
0000407
0000058
0000232
0000058
0000232
0001862
0003841
0004656
0003958
0002444
0000523
-001747
-003086
-001921
0000058
-000641
-002678
-002154
-000408
-000641
-001921
-002096
-001048
0000640
0002153
0002735
0001920
-000699
-003610
-004075
-002969
-002853
-003144
-002271
-001048
-001223
-002213
-002562
-002271
-001630
-001107
-001339
-001805
-001281
-000466
-000641
-001165
-000059
0001222
-000117
-002387
-002038
0000291
0002619
0004074
0004074
0002852
0001106
0000291
0002503
0005821
0006286
0004365
0001920
0000058
-000583
0000640
0004016
0006927
0005413
0000931
-003027
-004832
-003377
-000466
-000175
-001339
-000815
0000989
0002910
0003667
0001513
-001921
-003784
-003668
-002445
-000815
-000175
-000524
-001223
-001572
-000350
0001397
0001746
0001047
0000756
0000989
0001338
0001804
0002212
0002503
0002561
0002561
0003318
0003783
0002212
-000408
-002096
-002504
-002154
-000699
0002561
0005646
0005530
0003550
0003376
0003900
0002444
-000233
-002678
-003842
-002562
-000757
-002562
-005531
-004541
-001048
0001397
0001920
0000058
-002445
-002445
-000932
-001165
-001980
-000350
0002095
0001688
-000059
0000349
0001688
0000931
-000699
-000641
0000756
0002153
0002852
0001979
0000640
0001397
0002735
0001804
-000699
-002620
-002969
-000699
0002386
0003143
0001862
-000292
-001223
0002328
0006752
0005180
-000117
-003202
-003551
-002329
-000641
-000117
-001107
-003842
-005880
-003144
0001746
0003259
0001979
0000873
0000000
-001165
-001805
-001165
0000349
0001979
0002444
-000233
-003435
-002562
0000756
0002153
0001688
0000582
0000058
0002095
0004947
0005064
0002794
-000292
-002795
-003260
-001747
0001047
0003376
0002968
0000756
-000466
-000524
0000291
0000814
-001339
-004250
-004366
-002911
-003610
-005181
-004250
-002562
-003551
-005705
-005414
-003610
-002736
-002562
-001921
-001048
-000699
-000757
-001107
-001223
-000524
0000756
0002037
0002386
0000698
-001630
-001863
-000466
0000873
0001338
0000174
-001572
-001630
-000350
0000989
0002153
0003492
0004307
0003492
0001979
0001688
0001862
0000582
-000990
-000583
0000873
0000931
-000117
-000757
-000874
-000350
0000291
0000116
-000350
0000000
0000523
-000175
-001456
-002038
-002038
-002271
-002387
-001514
-000233
0000698
0000582
-001514
-004075
-004192
-002387
-000350
0000931
0000640
-000699
-001456
-001572
-001514
-000757
0002212
0005122
0004598
0001688
-000583
-001805
-002329
-002271
-002445
-002154
-000117
0002386
0003026
0002095
0000814
-000175
-000408
0000058
0000640
0000756
-000233
-001863
-003377
-003784
-001863
0000873
0001979
0001047
-001456
-003959
-003901
-002445
-002678
-003842
-003959
-003086
-001805
-000699
-000350
-000815
-001980
-003086
-003260
-002504
-001165
-000233
-001630
-003319
-000932
0002794
0001804
-001339
-000815
0001979
0003201
0002328
-000874
-003726
-001165
0003318
0002386
-001630
-002562
-001339
-001398
-001514
0000873
0003841
0003958
0001513
-001980
-004483
-003260
-000408
-000466
-002969
-005822
-007160
-004541
-000059
0002153
0001164
-002795
-007684
-010129
-009722
-007626
-004599
-001747
-000292
-001747
-003668
-001339
0002735
0003201
0000989
-000175
-000699
-002154
-003144
-001107
0002095
0002794
0001629
0001280
0001629
0001804
0001513
0000349
-001165
-002096
-002096
-001456
-000524
-000292
-000524
-000059
0000232
-001398
-003551
-003086
-001805
-004483
-007743
-004890
0000698
0001571
-001223
-003668
-005007
-005356
-004425
-002213
0000058
0000116
-000641
0000989
0003434
0003492
0001746
0000523
-000350
-001689
-002504
-000641
0001513
-000583
-004599
-005414
-003959
-003493
-003377
-001921
0000174
0001455
0001513
0000232
-001048
-000117
0001804
0001920
0000407
-001572
-003027
-002562
-001398
-002620
-004541
-003319
-000874
-001456
-003959
-005472
-005705
-005472
-004599
-002795
-001107
-001107
-002038
-001805
-001107
-001980
-003144
-002213
-000117
0000465
0000349
0001746
0003376
0002852
0001280
0001513
0002386
0001222
-000583
-000466
0001106
0002328
0002968
0003434
0003434
0002619
0001746
0001571
0001979
0002328
0001688
-001514
-004774
-003435
0000000
0000058
-002620
-005414
-007219
-007393
-005414
-000874
0003318
0002677
-000874
-002096
-001514
-001863
-002096
0000058
0002328
-000292
-004250
-001921
0003143
0002444
-001165
-000117
0003143
0002619
0000232
0000931
0002677
0000873
-002911
-005298
-005123
-001630
0002852
0004365
0003026
0000814
-000757
0000989
0003492
0001047
-003202
-002736
0000582
0001280
-000117
-001514
-002620
-003319
-003493
-003027
-002387
-001980
-002445
-004308
-006287
-006113
-004308
-002620
-001281
0000349
0001106
-000757
-003610
-004541
-003493
-001630
0000232
0001164
0000873
-000641
-002329
-002504
-001456
-000233
0000232
-001572
-003493
-000990
0003085
0002503
-000408
0000698
0002968
-000350
-005007
-002213
0004307
0005821
0003143
0000756
-001281
-004192
-006054
-004425
-001107
-000466
-001281
0000116
0001979
0000465
-002562
-003726
-002795
-000815
0000931
0000407
-000932
0000582
0003085
0002444
0000174
0000116
0001455
0002037
0001688
0000582
-000292
0000640
0002328
0002794
0001571
-001747
-004483
-002504
0001804
0003085
0001688
0000291
-000932
-001980
-002213
-000932
0000465
-000815
-003027
-002271
0000116
0000698
-000117
-000699
-001107
-001514
-001921
-002271
-002387
-002038
-001107
0000989
0002270
-001107
-005356
-003144
0002095
0002037
-001048
-001048
0000814
0001338
0000465
-001572
-003202
-002038
0000698
0001804
0001455
0000814
0000582
0001862
0003318
0002212
0000291
0001688
0004365
0003550
0000931
0000582
0001920
0002794
0002910
0002386
0001106
-001165
-002969
-002154
0000291
0001920
0002212
0001688
0000756
0000232
0000116
-000233
-000757
-001456
-001980
-001572
-000874
-001398
-001980
0000174
0002852
0001979
-001107
-003086
-003319
-001921
0000116
0000873
0000116
-001921
-003551
-001980
0001047
0001397
0000349
0001862
0003609
0000873
-003435
-003435
-000408
0001629
0002386
0002561
0002386
0002852
0003259
0001629
-000117
0001455
0004598
0005821
0004424
0000407
-003610
-003726
-001223
-000583
-001107
-000699
0000291
0000873
0000698
-000641
-001980
-001398
0000523
0002503
0003085
0000465
-003144
-003027
-000641
0000000
-000408
0000465
0002037
0003376
0003900
0002735
0000989
0000989
0001688
0000523
-000815
0001047
0004540
0006053
0005821
0005646
0005122
0003259
0001047
-000059
-000408
-001921
-003260
-001980
0000582
0001804
0001222
-001339
-003784
-002911
0000000
0001746
0001629
-000408
-002853
-002853
-000641
0002212
0004307
0004132
0002095
-000350
-001747
0000000
0002561
0000523
-002969
-001165
0003550
0005704
0005064
0003376
0001513
0000523
0000523
0000698
0001280
0002852
0004540
0005413
0005297
0004307
0002968
0001513
0001047
0003259
0005937
0004540
0001106
0000232
0001106
0000582
-000350
0000349
0001571
0000989
-000466
-000583
0000291
0001106
0001920
0003609
0004773
0003143
0000523
0001047
0002561
0000465
-003551
-005996
-005880
-002795
0000640
-000641
-003959
-002911
0000523
0000989
-000583
-001107
-000292
0001862
0004249
0005471
0004947
0002153
-000524
0000989
0004656
0005704
0004074
0001338
-001281
-001980
-000874
0001338
0003434
0003725
0002968
0003201
0003201
-000117
-004250
-004716
-002620
-001223
-000757
-000524
-000292
0000698
0001862
0002328
0001571
-001048
-003668
-003726
-001339
0002270
0004947
0003609
0000232
-000408
0001222
0002794
0003841
0004132
0003550
0002212
0001047
0001629
0002910
0002852
0001979
0001455
0001746
0003259
0004424
0002328
-001107
-002096
-001048
-000117
0000465
0000640
0000640
0001222
0002095
0003492
0003318
-001863
-007626
-005589
0000523
0001513
-000757
0000232
0002444
0000814
-002329
-001805
0000291
-001630
-004541
-002038
0002503
0001513
-002562
-003668
-002562
-002329
-002795
-003027
-002795
-001630
-000117
0000989
0001222
-000233
-001630
0000291
0003376
0003376
0001397
0000698
0001222
0001746
0002444
0003841
0004773
0003376
0000931
0000582
0001106
-000641
-003144
-003610
-002329
-000932
-000117
-000466
-001514
-002445
-002096
0001397
0004831
0002212
-003202
-003842
-001398
-001223
-002969
-004948
-006113
-004832
-002096
0000232
0001280
0001047
-000175
-002038
-002445
0001920
0007218
0006170
0001455
-000175
0000640
0000465
0000058
0001397
0003318
0003725
0002968
0002386
0002386
0003550
0005006
0005064
0004191
0003259
0002794
0003259
0003550
0001804
-000815
-001863
-001572
-000990
-000524
-000524
-000990
-002213
-003144
-001921
0000116
0000523
-000408
-001281
-001456
-000175
0001979
0003783
0004831
0005413
0004947
0003026
0000465
-001456
-001980
-000175
0002095
0001338
-001165
-001863
-001165
-000466
0000000
-000175
-000292
0001513
0003609
0002968
0000698
-000466
-000699
-001339
-001921
-001630
-001107
-001863
-002562
0000000
0003201
0001979
-001223
-000350
0002619
0002794
0000756
-001572
-003144
-002795
-001281
-000524
-000350
0000407
0000989
0000116
-001223
-001223
-000408
-000699
-001223
-000059
0001513
0001164
-000524
-002038
-002562
-001514
0000058
-000117
-000874
0000989
0003259
0001688
-001339
-000233
0002968
0003085
0001513
0001862
0003143
0003143
0001746
-000815
-002969
-002096
0000174
0000000
-001398
-000583
0000873
-000117
-002562
-004250
-004483
-003027
-000932
-000117
-000699
-002038
-002911
-001165
0001106
-000757
-004425
-004774
-002853
-002154
-002329
-002213
-001689
-000815
0000116
0000698
0000756
-000059
-000699
0000931
0003143
0002910
0000814
-001281
-002504
-001921
-000583
-001165
-002096
-000175
0003085
0004365
0003667
0002444
0001106
0000582
0000407
-000757
-002271
-003260
-003319
-002154
-000583
0000174
-000233
-001980
-003726
-003027
-001456
-002795
-005298
-005356
-003726
-002678
-002038
-000757
0000582
0001397
0001106
-000932
-003377
-004133
-003027
-000292
0002037
0001106
-001747
-003144
-003144
-003435
-003610
-002911
-001747
-000466
0000174
-001107
-002562
-000932
0002386
0004132
0003900
0002444
0000058
-003086
-005065
-002853
0001222
0002619
0001513
0000000
-001630
-003319
-004250
-003668
-002038
-000641
0000000
-000757
-001747
-000524
0001338
0000698
-001107
-000641
0001047
0001513
0000756
-000815
-002096
-001107
0001164
0002386
0002444
0002212
0001920
0002328
0002968
0002794
0001804
0000116
-001107
-000059
0001688
0000756
-001456
-001281
0000116
-000583
-001921
-000350
0002386
0002503
0000640
-001223
-002038
-000292
0002095
0001513
-001165
-003202
-003959
-003260
-001980
-001980
-002795
-002969
-002620
-002213
-002038
-002736
-003144
-001165
0001920
0003376
0003026
0001629
-000292
-002154
-002795
-000815
0001920
0001920
-000117
-001456
-001863
-001456
-000699
-000815
-001048
0000349
0001746
-000292
-003260
-001980
0001280
0001455
-000350
-000874
-000408
-000175
-000757
-003086
-005472
-004832
-002504
-001805
-002736
-004774
-006637
-006287
-005065
-006171
-007568
-005414
-001165
0001804
0002270
-000641
-003959
-001863
0002852
0003318
0000873
0000000
0000407
0000523
0000756
0002153
0003609
0003492
0002095
0000523
-000641
-000583
-000059
-000874
-001921
-000175
0002037
0000349
-003202
-003377
-001980
-003784
-006578
-005822
-003086
-002154
-002620
-002445
-002038
-002387
-003086
-003260
-003086
-003260
-003493
-002969
-002445
-003726
-005298
-004425
-002154
-000990
-000990
-001456
-001514
0000407
0002968
0003259
0001862
0001106
0000582
-000815
-002096
-001921
-000583
0000640
0001513
0001979
0001804
0000523
-000350
0001979
0005006
0003725
0000232
-000583
0000873
0002386
0002852
0000931
-002038
-003551
-003668
-003842
-003901
-003377
-003027
-003901
-005007
-004366
-002387
-000350
0001222
0002852
0003026
-000175
-003842
-002562
0001280
0001513
0000058
0002270
0005704
0004889
0001979
0002037
0003958
0004540
0003667
0001862
0000291
0000873
0003026
0005064
0005995
0005122
0003201
0001629
0001222
0002212
0003900
0004656
0004540
0004365
0004191
0004249
0004132
0002561
0000582
-000292
-000175
0000116
0000232
0000291
-000117
-001398
-002213
0000058
0002968
0001920
-001572
-003377
-003435
-002853
-002096
-002154
-002038
0000582
0003318
0001455
-002562
-003027
-001165
-000932
-001398
0000232
0002444
0002677
0001513
0001455
0001571
-000059
-002213
-002271
-000699
0000873
0002095
0003376
0003725
0001397
-001339
0000116
0003201
0002095
-001048
-000699
0001280
0000116
-002213
-001223
0001280
0001222
-000233
0000291
0001804
0001746
0000582
-000757
-001456
-000466
0001047
0000232
-001398
-000932
0000814
0001629
0001280
-000059
-001514
-001572
-000350
0001920
0003492
0001804
-001398
-002445
-001281
0000873
0002561
0001455
-000699
0000058
0001979
0000698
-001747
-001048
0001164
0000465
-001339
-000059
0002503
0002735
0000523
-003610
-007160
-006229
-002795
-001863
-002271
-000350
0002212
0001979
-000233
-002445
-003493
-002154
-000117
-000757
-002504
-001514
0001164
0002444
0002561
0002561
0002386
0001688
0000756
0000058
-000408
-000990
-000874
0001164
0003609
0004074
0002968
0002095
0001746
0001920
0002619
0003201
0003667
0004016
0003783
0001979
-000175
-000466
0000000
-001747
-004075
-003377
-001572
-002853
-005123
-003493
0000000
0001164
0000116
-001456
-002329
-001048
0001280
0002212
0001629
0000931
-000524
-004832
-008616
-006171
-000408
0001979
0001397
0000756
0000349
-000117
0000465
0003725
0007392
0007625
0005064
0002037
-000117
-000175
0001164
0002095
0001979
0000349
-001398
-000699
0001280
0001280
0000349
0000814
0002212
0003085
0003958
0006927
0009313
0006344
0001106
-000292
0001164
0001338
0000407
-000524
-001165
-001339
-001048
-000117
0000698
0000582
-000175
-000466
-000641
-001805
-002445
0000232
0003900
0003841
0001455
0000873
0001222
-000233
-001805
-000350
0002444
0003085
0001455
-001339
-003784
-003668
-001921
-000990
-000874
-000932
-000583
0001513
0003783
0003376
0001397
0000640
0000814
0000407
-000350
-001398
-001747
0000116
0002444
0002328
0000582
-000350
-000408
-000175
0000000
-000641
-001572
-002154
-001980
-000699
0000698
0000349
-000874
-000524
0000174
-001398
-004017
-005414
-004483
-000292
0004307
0004132
0000756
-001398
-001980
-001863
-001630
-002795
-004192
-003668
-001689
0000116
0001047
0000465
-000815
-000932
-000350
-000350
-000815
-001048
-001107
-001456
-001572
-000059
0001397
-000292
-003319
-003901
-002387
-000932
-000117
-000466
-001514
-002213
-002271
-002038
-001107
0001338
0003609
0002968
0000989
0001571
0003143
0001746
-000466
0000989
0003900
0003492
0001047
-000233
-000059
0001047
0002095
0001746
0000582
0000465
0001280
0002212
0002677
0001688
0000349
0000814
0002153
0001862
0000873
0001629
0002735
0001047
-001805
-002445
-001514
-001398
-001630
-000466
0000698
-000815
-002911
-001223
0001804
0000931
-002154
-003086
-002387
-002038
-002271
-003377
-004308
-003377
-001630
-001689
-002562
-001747
-000292
-000699
-001514
0000174
0002794
0003026
0001688
0001047
0001397
0002852
0003376
-000932
-006229
-005123
-000117
0002328
0001979
0000698
-000990
-002678
-002678
0001629
0006985
0007974
0005006
0000698
-002154
0000407
0005238
0005530
0002328
-000874
-002504
-001165
0001338
0000989
-000990
-001107
0000232
0001397
0001804
0000698
-001223
-002736
-003435
-003319
-002620
-001514
-000641
-000524
-000524
0001047
0002794
0001804
-000583
-001921
-001339
0001804
0005355
0005355
0003376
0003376
0004598
0004773
0003783
0002386
0000756
-001281
-002562
-001456
0001047
0002735
0002968
0001629
-000524
-001921
-002387
-002096
-001630
-002096
-002795
-002329
-001165
-000524
-000524
-000524
-001223
-004250
-007335
-006986
-004308
-002504
-001689
-000699
-000408
-002329
-004599
-004017
-001863
-001572
-002038
0000058
0002677
0001746
-000815
-000699
0000814
0000174
-001572
-001689
-000990
-001165
-001921
-002154
-001863
-001223
-000350
0001047
0002153
0001979
0000582
-001921
-003959
-003144
-001398
-002736
-005356
-004948
-002678
-001630
-001514
-000641
0000232
-000408
-001630
-001572
-000757
-000815
-001630
-002504
-002795
-001048
0001338
0002037
0001280
0000756
0000000
-002096
-004133
-003901
-001747
0000407
0002212
0003492
0003958
0003900
0003085
0001222
-000990
-002562
-003435
-004483
-004483
-000990
0002968
0001979
-001805
-003086
-002154
-001630
-001281
-000466
0000465
0000873
0000349
-001805
-004133
-004192
-002562
-000990
0000058
0000232
0000232
0001746
0003725
0004307
0003026
-000059
-003260
-003726
-002329
-002038
-001921
0000582
0003434
0002619
0000058
0000232
0002153
0003085
0002619
0000814
-001107
-000815
0000814
0001862
0001688
-000175
-002154
-001456
0000465
-000175
-001863
-000990
0000756
-000757
-003784
-004425
-003202
-001921
-000990
-000117
0000000
-001863
-003668
-001281
0002386
0000931
-003086
-003901
-002213
-001107
-000815
-001107
-001339
-000059
0001222
-000524
-003260
-002853
-000117
0001920
0002910
0003318
0002852
0001222
-000583
-001223
-000583
0000698
0002037
0002794
0002619
0001746
0000465
-000466
-000874
-000990
-000583
0000756
0002212
0002619
0001979
0001047
-000059
-001456
-002213
-000990
0000814
0000116
-002038
-003086
-002853
-002387
-001514
0000058
0001222
0000058
-002387
-003901
-004133
-003435
-002271
-001689
-001514
-000815
0000000
0000407
0000465
0000232
0000058
0000931
0001338
-002271
-006171
-003377
0002794
0004947
0003667
0003026
0002619
0001397
0000232
0000582
0001804
0002212
0001513
-000233
-001980
-002445
-001456
0000873
0002677
0001338
-001456
-001805
-000524
-000408
-000757
0000291
0001862
0002037
0001164
0000756
0000640
0000174
-000583
-001747
-002911
-003493
-003377
-002562
-001223
0000523
0001338
-000990
-003901
-002620
0001047
0002503
0001746
0000582
-000757
-002329
-003202
-002271
-000466
-000059
-000117
0001862
0004540
0005355
0004132
0001397
-001281
-001630
-000292
0000523
0000523
-000175
-000699
0000989
0003085
0001804
-000874
-000175
0001746
-000233
-003610
-003086
-000233
0000465
0000000
0000814
0002328
0003609
0003492
0000232
-003144
-001107
0003550
0004074
0001455
-000874
-001689
-000117
0002677
0004016
0003550
0001571
-000466
-000233
0001222
0000756
-000466
0000349
0002212
0003085
0002561
0000931
-000990
-002154
-002038
-000408
0001571
0002153
0001397
0000640
-000292
-002096
-003784
-004250
-003493
-002271
-001107
-000583
-000583
-000699
-000175
0002212
0004715
0004715
0002444
-000874
-003086
-001165
0002794
0004365
0003201
-000059
-002795
-000990
0003434
0005879
0005588
0003143
-000117
-002096
-002271
-000932
0000698
0000756
-000175
-000466
0000232
0002212
0004132
0003376
0001338
0001164
0001862
0000814
-001048
-002329
-002271
-000524
0001688
0002386
0001047
-002096
-005123
-004774
-002213
-000815
-000757
-001223
-002038
-002911
-002795
0000000
0003492
0003900
0001920
-000524
-001805
0000174
0002561
-000292
-005472
-006869
-004657
-001514
0001280
0002503
0002037
0000698
-000292
0000931
0002794
0001688
-000874
-001398
-000175
0000989
0001804
0002212
0001862
0000407
-001223
-001630
-001398
-002038
-002969
-002795
-002096
-002096
-002504
-002445
-001921
-000874
-000117
-001398
-002736
-000117
0003667
0002910
-000874
-003493
-004308
-003668
-001805
0000756
0002153
-000408
-003784
-002038
0002735
0005122
0004598
0001222
-001863
0000814
0005413
0003609
-002038
-005181
-004948
-001689
0002270
0002852
0001455
0002852
0004307
0000116
-005589
-004541
0000116
0000291
-002387
-003027
-002038
-001281
-000350
0002095
0004249
0003259
0000232
-002329
-003551
-003319
-001980
-000815
-000233
-000990
-001805
-000233
0002328
0002910
0002153
0001979
0002444
0003201
0003609
0002212
0000291
0000698
0002212
0001571
0000174
0001338
0003434
0003085
0001222
0000582
0001164
0002503
0003492
0002328
0000291
0000058
0000931
0000698
0000000
0000116
0000873
0001222
0001280
0001862
0001804
-000874
-004075
-003842
-001747
-001863
-003435
-003901
-003319
-002329
-001048
0000523
0001513
0000407
-001281
-000641
0001455
0002794
0002794
0001397
-000350
-000699
0000291
0001280
0002212
0003725
0004074
0000407
-004308
-004541
-001339
0001746
0003143
0001047
-002271
-001747
0000407
-001339
-004366
-002911
0001164
0003085
0002735
0001513
-000466
-003784
-006054
-003551
0000756
0000989
-001514
-002445
-001689
0000407
0002328
0001629
-000524
-001398
-001223
-001398
-001514
-000466
0000698
-000059
-000990
0002037
0005937
0004424
0000291
-000117
0002270
0003958
0004598
0004773
0004132
0002735
0001106
0000291
0000232
0000000
0000349
0002968
0005530
0004074
0000756
0000465
0002212
0003085
0002852
0002095
0000989
-000059
-000466
0000465
0001571
0000174
-001980
-000990
0000873
-001165
-004832
-005181
-002969
-001339
-000408
0000232
0000349
0000058
-000699
-001980
-002620
-000292
0002444
0000582
-003435
-003726
-001572
-000874
-000932
0000232
0001804
0001979
0001397
0001513
0001920
0001455
0000698
0000756
0001513
0002328
0002503
0001047
-000990
-001747
-001398
-001339
-001339
-000815
0000000
0000873
0000931
-001223
-003610
-002096
0000989
0000698
-001456
-001339
0000058
0000000
-000990
-001456
-001398
-001281
-001281
-001747
-002736
-004308
-005414
-004133
-001980
-002387
-003493
-000874
0002735
0001804
-001805
-003726
-003493
-001863
0000174
0000931
0000407
-000757
-001572
-000874
0001106
0003725
0005588
0005122
0003026
0001688
0000756
-001339
-002736
-000466
0003318
0004773
0003143
-001281
-005356
-004017
0000523
0002444
0001979
0001804
0001106
-001689
-005065
-006811
-006404
-004657
-002154
0000232
0001688
0001804
0000756
-000583
-001980
-003435
-004308
-004192
-003493
-003202
-003144
-002678
-001980
-001223
-000350
0001047
0002503
0003783
0004191
0003026
0000873
-001165
-002271
-001805
-000641
-000757
-001456
-000350
0000931
-000699
-003551
-004192
-002795
-000583
0000698
-001805
-005239
-003551
0000640
0001047
-000466
0001280
0004715
0006577
0005762
0001862
-003202
-006171
-006404
-004890
-002969
-003377
-004657
-003319
-000583
0000698
0000814
0001222
0001804
0002270
0002677
0003026
0003376
0003783
0003609
0001688
-000350
0000873
0003085
0001222
-002562
-003377
-002038
-001339
-000990
-000175
0001047
0002735
0003376
0000698
-003260
-004716
-003668
-001514
0000349
0000174
-001398
-002096
-002329
-003086
-004425
-006753
-008674
-008325
-005996
-002678
-000175
-000757
-002736
-002387
-000466
0000407
0000116
-000583
-001281
-001165
-000699
-000932
-001572
-001921
-001514
0000174
0001862
0001513
-000117
-001107
-001514
-002620
-003144
-000932
0001979
0001455
-000932
-001048
0000291
0000407
-000408
-001165
-001456
-000932
-000117
-000117
-000874
-002096
-002795
-001281
0000465
-002154
-005822
-003668
0000931
0000116
-003668
-004250
-002445
-001514
-001339
-000699
-000524
-002678
-005181
-004774
-002154
0000349
0001862
0001513
0000349
0001047
0002212
0000931
-001281
-000990
0000814
0001338
0000698
-000408
-001107
0000291
0001688
-000874
-005065
-005996
-003842
-000699
0002270
0003667
0003318
0002386
0001106
-000583
-001572
-000292
0001629
0000989
-001514
-003435
-004133
-003260
-001805
-001980
-002678
-001339
0000814
0001222
0000232
-000350
-000641
-001456
-002038
-001339
0000116
0001397
0002153
0002328
0002328
0002968
0003492
0002503
0001106
0001688
0003376
0004249
0003725
0001338
-001689
-003610
-003493
-000757
0002561
0003026
0000989
-001689
-003610
-002911
-001048
-001572
-003435
-003901
-003260
-002911
-002678
-001863
-000699
0000582
0001047
-000583
-003027
-003959
-002853
0000174
0002968
0002153
-000990
-002969
-003668
-004366
-004250
-001572
0001397
0000465
-002096
-001281
0001513
0002503
0001862
0000756
-000292
-000757
-000815
-001572
-002096
-000699
0001746
0003667
0004365
0003143
0001222
0000582
0001164
0002328
0002503
-000583
-004657
-005298
-002969
0000000
0002037
0001455
-000524
-000932
0000000
0000989
0001280
-000233
-002329
-002795
-001689
-000292
0000989
0001455
0001688
0003376
0005297
0004889
0003376
0003900
0005122
0004074
0002037
0001920
0002735
0002037
0000523
-000466
-000466
0001222
0003085
0002270
0000349
0001222
0003201
0002503
0000465
0000698
0001920
0000756
-001107
0000232
0002386
0000174
-004075
-005414
-004483
-004774
-005007
-002329
0000640
-000699
-004250
-005298
-003668
-000233
0002212
-000641
-005647
-005938
-002387
0001629
0004249
0003085
0000116
-000175
0001222
0000814
0000000
0001688
0004540
0005646
0004889
0002968
0001280
0002037
0003841
0003085
0000814
-000117
0000058
0000523
0000582
-001456
-003493
-001630
0001746
0001280
-001514
-002678
-002271
-001281
-000583
-001339
-003086
-004657
-005298
-004250
-001980
0000931
0002794
0001338
-001281
-000350
0002212
0001804
-000350
-000874
-000175
0000232
0000523
0001629
0002444
0001047
-000815
0000407
0003085
0003667
0002619
0001513
0001047
0001920
0003376
0004307
0004016
0001920
-000292
0000058
0002095
0003259
0002910
0000931
-001805
-004192
-004948
-002329
0000756
-001339
-005181
-002911
0002212
0002328
-000350
0000523
0002561
-000117
-004308
-003202
0000582
0000407
-001863
-000699
0001862
0001222
-000757
0000407
0002910
0002212
0000291
0001688
0004191
0002794
-000641
-001980
-001223
0000523
0001979
0001164
-000466
0000407
0002444
0002619
0001106
-001281
-003086
-002504
-000175
0002328
0003667
0002328
-000350
-001223
-001048
-002387
-003784
-002096
0000465
-000699
-003027
-000350
0003900
0002444
-001921
-002562
-000874
-000990
-002154
-002213
-001456
-000641
0000116
0000582
0000873
0001571
0002735
0004598
0006752
0009255
0010012
0006112
0000582
-000466
0001804
0003201
0002968
0000582
-001630
0001047
0005646
0005762
0003318
0003783
0005064
0002037
-002387
-002387
0000523
0002386
0002153
-000815
-004425
-004541
-002620
-002620
-003610
-002853
-001747
-003377
-005763
-004948
-002038
0000174
0000640
-001107
-003901
-005705
-005589
-002969
0000000
-000932
-003202
-000874
0003434
0004016
0002153
0002153
0002968
0001629
-000175
0000756
0003259
0004365
0003958
0002328
0000582
0000756
0001804
0000931
-000757
-000815
0000349
0001280
0001338
-000408
-002620
-002795
-001630
-001339
-001398
-000292
0000989
0000582
-000932
-002038
-002213
-000815
0000873
0000640
-000757
-001107
-000699
-000815
-000990
-000175
0000640
-000524
-002445
-002154
-000757
-000874
-001980
-002795
-002562
0000000
0003026
0003259
0001571
0001164
0001047
-001223
-003319
-000815
0003434
0003318
0000465
-000466
0000349
0001106
0001513
0000756
-000408
-000699
-000641
-002096
-003610
-002562
-000699
-001863
-004425
-005007
-003551
-000815
0001688
0001688
0000291
0000349
0001280
0001746
0001688
0001397
0001047
0001455
0001688
-000583
-002795
-000175
0004016
0002968
-001048
-001863
-000699
-001339
-002445
-000815
0001688
0000989
-001048
0000291
0003085
0002794
0000814
0000931
0002328
0002852
0002794
0003201
0003201
0000873
-002445
-004366
-004599
-003901
-002620
-001456
-000408
0001222
0002677
0003143
0002444
0000523
-001456
-001514
-000350
0000407
0000058
-002387
-004774
-003377
0000349
0002735
0003434
0003259
0002619
0002561
0003085
0004074
0004482
0002677
0000232
0000058
0001804
0003783
0005064
0004656
0003259
0002794
0002910
0002095
0001047
0001047
0001455
0000465
-000408
0002270
0005995
0006112
0003667
0002153
0001338
-000233
-001747
-001805
-001165
-001805
-002620
-001339
0000814
0001513
0000640
-000990
-002736
-003959
-004075
-002911
-001398
-001165
-002038
-003202
-003551
-001223
0002153
0003492
0002794
0001629
0000640
0000814
0001920
0002910
0003434
0003434
0002386
-000757
-003668
-002445
0000640
0000000
-002387
-001863
0000698
0002794
0003376
0001222
-002038
-003202
-002678
-002329
-002445
-003551
-004133
-001165
0002503
0001571
-002271
-004483
-004541
-003027
-000990
-000350
-000699
-000292
0000232
-000350
-001398
-001514
-001805
-004890
-008034
-005938
-001107
0000873
0000698
0001746
0003259
0004132
0003609
0000814
-002213
-002154
-000117
0000698
0000174
-000757
-001689
-001863
-001805
-003086
-004541
-004599
-002678
0002270
0006344
0002910
-004192
-006928
-005181
-002096
0000756
0001338
0000232
-000117
-000175
-001281
-002620
-002504
-002096
-004075
-006404
-005298
-002096
-000175
0000523
0001338
0001920
0001920
0001688
0002212
0002444
-000175
-002969
-000757
0003026
0001222
-003610
-005181
-003493
-000350
0002619
0003143
0001746
0000582
-000233
-001398
-002387
-002620
-002213
-001630
-001514
-002911
-004425
-003144
-000815
-001339
-002969
-001107
0001979
0001047
-001689
-001107
0001164
0001106
-000757
-002271
-003144
-003260
-002678
-001223
-000175
-001339
-004017
-007102
-008383
-005065
0000174
0001862
0000582
-000583
-001165
-001339
-000350
0002910
0005995
0005006
0001222
-001805
-002795
-000990
0001920
0002386
0001106
0000756
0001106
0001455
0001629
0001397
0000931
0000640
0000407
-000117
-000757
-001048
-001107
-000932
-000990
-001980
-002736
-001107
0001397
0001455
-000059
-000524
-000233
-000292
-000408
0000291
0001106
0000407
-000815
-000641
0000174
-000408
-001630
-001339
-000117
0000931
0001571
0002037
0002270
0002270
0002386
0003550
0004540
0003085
0000465
-000757
-000699
-000699
-000990
-001980
-002562
-000524
0002212
0002037
-000292
-002329
-003493
-004017
-003493
-001747
-000117
-000583
-002620
-004483
-005589
-006404
-005531
-000583
0004482
0003026
-002329
-004774
-004075
-002154
0000116
0001338
0001571
0001629
0001804
0002677
0003201
0001397
-001339
-002096
-001281
-000874
-000990
-001805
-002445
-000990
0000931
0000116
-001863
-001630
0000291
0002037
0003026
0002910
0001571
-000699
-002678
-002736
-001223
0000523
0001397
0000058
-002038
-001747
0000291
0002095
0002503
0000116
-003027
-002678
-000641
-001921
-004250
-002853
0000523
0001862
0001513
0001688
0002212
0002503
0002386
0001280
-000292
-001689
-002562
-002562
-002154
-002445
-002736
-001630
0000523
0002677
0004307
0004656
0004249
0004424
0004424
0002619
0000116
-001107
-000699
0001047
0003201
0004831
0004773
0001862
-001689
-001689
0000582
0000989
0000349
0001338
0002677
0001746
-000117
0000349
0001746
0000873
-001223
-002445
-002387
-001456
-000233
-000059
-000583
-000815
-000990
-002096
-002736
-000641
0002328
0002386
0000756
0001222
0002386
0000523
-001805
0000349
0004365
0004074
0001222
0001280
0002328
-000408
-004017
-002736
0001164
0002270
0000814
-001630
-002969
0000174
0005297
0007218
0005879
0003318
0000523
-001514
-002038
-000466
0001862
0002852
0002444
0001862
0000873
-001223
-002736
-000932
0001746
0000000
-003493
-002504
0000873
0001222
-000117
0000116
0001571
0002910
0003492
0002444
0001047
0002037
0004191
0004715
0003841
0002735
0002037
0002677
0003492
0002270
0000116
-000408
0000814
0003201
0005238
0004482
0002212
0001222
0001513
0002386
0002561
0000058
-003551
-005880
-005938
-003144
-000175
-001863
-005414
-004133
0000000
0002212
0002212
0001280
0000232
0000756
0001397
-001223
-004366
-003144
0000640
0002153
0001571
0001106
0000465
-000990
-001805
0000523
0003492
0002444
-001165
-003435
-003435
-001339
0001920
0005006
0006344
0004191
0000989
0001746
0004424
0004191
0001571
-001572
-003610
-002445
0000465
0001862
0001571
0000640
-000175
0000291
0001280
0001397
0000116
-002969
-005705
-004366
-000815
0000523
0000058
0000058
0000232
-000350
-001281
-001805
-001921
-002271
-002271
-000990
0000931
0002386
0002852
0002212
0001455
0002852
0004715
0003550
0000756
-000699
-000233
0002270
0004715
0003550
0000465
-000117
0001047
0001164
0000698
0000582
0000756
0000814
0000756
0000814
0000931
0001338
0001571
0000873
-000466
-001921
-002620
-001165
0000814
0000000
-002213
-002271
-001165
-001456
-002504
-002736
-002387
-002154
-002271
-002969
-003377
-001630
0000407
-000990
-003551
-002213
0001688
0004424
0005471
0005413
0004365
0002968
0001979
0002735
0003900
0002794
0000640
0000349
0001455
0001920
0001920
0002095
0002037
0000989
-000233
0000174
0001455
0001629
0001280
0002328
0003667
0003900
0002095
-003377
-008208
-004541
0002735
0002735
-001339
-000175
0002910
0000232
-004541
-003319
0001397
0003550
0002910
0000989
-001456
-003435
-004308
-004017
-002678
-000757
0000814
0000814
0000116
0001280
0002444
-000175
-003901
-003842
-000815
0002328
0004191
0003201
0001047
0001164
0002794
0003492
0002968
0001571
0000407
0001513
0003783
0004773
0004191
0002444
0000640
0000640
0001455
0000756
-000641
-000583
0000174
-000583
-001514
0000058
0002677
0003376
0002619
0002328
0002328
0001862
0000873
-000699
-001921
-001398
0000116
0000291
-000117
0000931
0002212
0000989
-000990
0000174
0002386
0000698
-002562
-002038
0000640
0001106
0000000
-000292
-000524
-002678
-004948
-004425
-001747
0000640
0001920
0001979
0000698
-001921
-003668
-001223
0002910
0003550
0001397
-000757
-002096
-002038
-001281
-001747
-002911
-003668
-003668
-002736
-001863
-003027
-004890
-004832
-003144
-001107
0000349
0000232
-000583
0000174
0002037
0003783
0004598
0003609
0001862
0001804
0002270
0000465
-002038
-001921
0000116
0001804
0002328
0000989
-001223
-002271
-001747
0000349
0002619
0002794
0001746
0001688
0002328
0002735
0002328
0000291
-002387
-004250
-004657
-003319
-001572
-002387
-003668
-000874
0003492
0004424
0002444
-000175
-001921
-001223
0000698
0000640
-000350
0000465
0002212
0002794
0002619
0002852
0003376
0003492
0003434
0003783
0004074
0003201
0001804
0001455
0001629
0001106
0000523
0001338
0002444
0001629
-000117
0000232
0001106
-001165
-003668
-000641
0004773
0006053
0003667
0000523
-001921
-002271
-001107
-000699
-001107
-001805
-002271
-001689
-000932
-001747
-003377
-003901
-003668
-003784
-003842
-002504
-001339
-003086
-005938
-006113
-004425
-003610
-003493
-002678
-001980
-002969
-003959
-001863
0001804
0003492
0003434
0003259
0002794
0001397
0000232
0001280
0003026
0002503
0000407
-000874
-001165
-000641
0000291
0000756
0000640
-000175
-000699
0000698
0002619
0002037
-000117
-001107
-001165
-001165
-001281
-001805
-002387
-002445
-002038
-001863
-001572
-000408
0000814
0000582
-000874
-002911
-003901
-001456
0002037
0001804
-000757
-001630
-000815
0000698
0002561
0004016
0005006
0006286
0006519
0003725
-000175
-001630
-000815
0000523
0002037
0003841
0004656
0002852
-000117
-001339
-000815
0000174
0001047
0000814
0000058
0000523
0001280
0000058
-001980
-002387
-001630
-001689
-001921
-000990
0000582
0002212
0002444
-001165
-005472
-005007
-001223
0001280
0001862
0000756
-000990
-001223
-000583
-000641
-001456
-002795
-004017
-004541
-004075
-002445
-000408
0000931
0001513
0001862
0001746
0000931
-000408
-002038
-003260
-003086
-002038
-001398
-001339
-001863
-002213
-001048
0000407
-000524
-002445
-002271
-000815
-000117
-000699
-003377
-005880
-004483
-000932
0000000
-000699
0000407
0001338
-001630
-006113
-007451
-005589
-001863
0001222
-000350
-004017
-004366
-001805
0001629
0003841
0002270
-000990
-001281
0000814
0002677
0003376
0002619
0000814
-001398
-002154
0001164
0005413
0004365
0000116
-001689
-001339
-001107
-001107
-001630
-002096
-001223
0000058
-000233
-001514
-002445
-003202
-004832
-005996
-004599
-001921
-000583
-000757
-001339
-002329
-003610
-004716
-005472
-005181
-002853
-000117
-000350
-001863
-000175
0002794
0002910
0001688
0003026
0005180
0004074
0001106
-000233
-000233
-000292
-000175
0000873
0001920
0001106
-000292
0000814
0002444
0000000
-003784
-002678
0000523
-001456
-004599
0000000
0007043
0005297
-001398
-003202
-001223
0000000
0000174
-000874
-001863
-000117
0002270
0000698
-002562
-002504
-000699
-001514
-003784
-004832
-004657
-004599
-003784
-000641
0002270
0000232
-004017
-004541
-002096
0000174
0001397
0001222
-000524
-003784
-006345
-004774
-001048
0000465
0000058
-000292
-000408
-000175
0000232
0000407
0000465
0000931
0001338
0001164
0000349
-001281
-002213
0000174
0003201
0002095
-001689
-004133
-004366
-002213
0000698
0001513
0000407
-001223
-002329
-001630
0000058
0000523
-000117
-000874
-001398
-001863
-001572
0000291
0002270
0002095
0000640
0000291
0001047
0002503
0003376
0001397
-001107
0000407
0003841
0003900
0001746
0000873
0001338
0002677
0004074
0004132
0002794
0000407
-001572
-000815
0001280
0001920
0001222
0000465
-000175
-000524
-000815
-001747
-002736
-002562
-001863
-002445
-003027
-000757
0001979
0000465
-003202
-004075
-002562
-000292
0000989
-001165
-004599
-005007
-003260
-001863
-001572
-003260
-005181
-004075
-000990
0001746
0003201
0003259
0001920
-000699
-002795
-001747
0000989
0001804
0001047
0000465
0000407
0001164
0002153
0002153
0001455
0001688
0001746
-001107
-004017
-001689
0002619
0001804
-002445
-005356
-006229
-005531
-004133
-003959
-004425
-003493
-002213
-002329
-003319
-003551
-002853
-000990
0000756
0000407
-000815
0000232
0002444
0003434
0003376
0003550
0003492
0002153
0000698
0000931
0002212
0002852
0003026
0003900
0004074
0000931
-003202
-003493
-001572
-001921
-003027
-001398
0001513
0002153
0001397
0001629
0002212
0001397
-000292
-001339
-001805
-002329
-003260
-005472
-007451
-006404
-003726
-002504
-002911
-004483
-005822
-004774
-002213
0000116
0001106
0000465
-001805
-005531
-008383
-007102
-003435
-001747
-001572
-000466
0000931
0001338
0001164
0001513
0002037
0001862
0001338
0000873
0000989
0002037
0003259
0002910
0001804
0002095
0002619
0001047
-001398
-002271
-001689
-001165
-000699
-000059
0000174
-000932
-002562
-003551
-002911
0000407
0003900
0003026
-000175
-000699
0000523
0000174
-000815
-000175
0001222
0001397
0000873
0001455
0001979
-000059
-002678
-002387
-000175
0001047
0000989
-000350
-001572
-000059
0002794
0004016
0003259
0000989
-001398
-001630
-000466
-000583
-001048
0000640
0002735
0001688
-000699
-000466
0001222
0001106
-000117
-000757
-000175
0002386
0004424
0001455
-003086
-001747
0002735
0003318
0001688
0002619
0004249
0002619
-000408
-000466
0001047
0000465
-001572
-003319
-003726
-001398
0001862
0002386
0000989
0000465
0000232
-001630
-003435
-002620
0000058
0002561
0003900
0003259
0001746
0002270
0003318
0001629
-001223
-002329
-001630
0000291
0001862
0000174
-002562
-001747
0000814
0000174
-001921
-001514
0000291
0000582
-000233
-000466
-000524
-001165
-002154
-002911
-003027
-002329
-000990
0000582
0001571
0001106
-000233
-000874
-000874
-001398
-001630
-000117
0001979
0002444
0001688
0001106
0000582
-000699
-001747
-000815
0000582
-000815
-002911
-000641
0002968
0001164
-002736
-001572
0002270
0002212
0000000
-000117
0001280
0002212
0002677
0003201
0003725
0004365
0004365
0002852
0000523
-001281
-001921
-000932
0000058
-002678
-005938
-003493
0001629
0002095
-000466
-000932
-000583
-002911
-005880
-005647
-003493
-002795
-003319
-003610
-003959
-005472
-006287
-003493
0000931
0002910
0002037
-000699
-003784
-005123
-004017
0000058
0004132
0003259
-000175
-000641
0001513
0004191
0005821
0004307
0001222
-000350
0000174
0002212
0004598
0005704
0004947
0002270
-000932
-002387
-002213
-001863
-001514
-000990
-000524
0000116
0000058
-002329
-004599
-002620
0001222
0001397
-001107
-002795
-003377
-003377
-002620
-000757
0000814
0000116
-001456
-000350
0001979
0001920
0000698
0001222
0002735
0003143
0002503
0001571
0000698
0000291
0000349
0001106
0001338
-000990
-003784
-003086
-000059
0002037
0002503
0001513
-000059
-000292
0000582
0001280
0001629
0001455
0001280
0002561
0003841
0002037
-000699
0000058
0002794
0003958
0003085
-000059
-003319
-003435
-001456
-000932
-001281
-000524
0000582
0000523
-000233
-000408
-000408
-001980
-003610
-002620
-000175
0001164
0001571
0002794
0003492
0001571
-001514
-003144
-002853
-001165
0000989
0002444
0003143
0004074
0004540
0003026
0000873
0000523
0001280
0000814
-000175
0000000
0001047
0002037
0002561
0001804
0000582
0000407
0000814
0000582
-000233
-000757
-001339
-002969
-004308
-003435
-001281
-000059
-000117
-001572
-003260
-002969
-001805
-002795
-004483
-003493
-001165
-000874
-001281
0001222
0003841
0001106
-003435
-002096
0002328
0003085
0000989
-000292
-000815
-001456
-001572
-000466
0001106
0001629
0000989
-000350
-001689
-001689
-000757
0000000
-000059
-001805
-003959
-004017
-002678
-001805
-001630
-001805
-001863
-001165
0000000
0000523
0000640
0001513
0001920
-000233
-003027
-002853
-001223
-002271
-004541
-004657
-002795
0000407
0002910
0001513
-001514
-000583
0002095
0001047
-001863
-002562
-001339
0000291
0001047
-001223
-004483
-004483
-002271
-000815
-000815
-002853
-005065
-004250
-001281
0001513
0003026
0002503
0000698
-000699
-001165
-000466
0000582
0000814
-000059
-002329
-004366
-003086
-000408
-001048
-003319
-002562
-000815
-002795
-005822
-004075
-000233
-000117
-002271
-002504
-001223
-000466
-000233
-000117
-000524
-002562
-004133
-001805
0002270
0004016
0002852
-000699
-004250
-004017
-001048
0001164
0002095
0002037
0001164
0000232
-000117
0000582
0002037
0003609
0004540
0003725
0001979
0000989
0000349
-002038
-004192
-002795
0000116
-000117
-002154
-002504
-001281
0000465
0001629
0000931
-000641
-000990
-000292
0000349
0000931
0001571
0002095
0002619
0002386
-000059
-002154
0000756
0005646
0005704
0002794
0001688
0002212
0002386
0002153
0001397
0000407
-000641
-000524
0002677
0006519
0007276
0004307
-002096
-007626
-005531
0000407
0000989
-002038
-003144
-002445
-001165
-000117
-000059
-001048
-002562
-003493
-002096
-000059
-001107
-003493
-003435
-001339
0001280
0003143
0003026
