0000055
0000036
0000020
0000005
-000002
0000000
0000011
0000029
0000044
0000033
0000016
0000029
0000057
0000058
0000042
0000018
0000001
0000003
0000012
0000018
0000016
0000014
0000014
0000018
0000018
0000011
0000001
-000004
-000002
0000007
0000016
0000012
0000001
-000002
0000005
0000022
0000036
0000027
0000009
0000009
0000022
0000018
0000007
0000016
0000029
0000014
-000013
-000026
-000026
-000021
-000013
-000010
-000006
0000011
0000025
0000000
-000039
-000043
-000024
-000015
-000015
-000019
-000023
-000019
-000013
-000013
-000021
-000024
-000026
-000021
-000012
-000010
-000015
-000019
-000023
-000034
-000043
-000045
-000041
-000035
-000030
-000030
-000035
-000045
-000045
-000006
0000029
-000006
-000072
-000085
-000054
-000026
-000013
-000017
-000026
-000019
-000004
-000008
-000023
-000032
-000030
-000021
-000012
-000026
-000052
-000061
-000054
-000050
-000052
-000065
-000076
-000067
-000048
-000045
-000048
-000041
-000030
-000026
-000028
-000023
-000019
-000037
-000061
-000063
-000052
-000048
-000050
-000045
-000037
-000035
-000043
-000058
-000070
-000063
-000043
-000032
-000034
-000048
-000058
-000030
0000003
-000019
-000063
-000056
-000019
-000010
-000024
-000037
-000045
-000046
-000045
-000043
-000048
-000072
-000091
-000072
-000034
-000021
-000026
-000034
-000039
-000045
-000052
-000056
-000056
-000043
-000030
-000026
-000034
-000045
-000054
-000056
-000052
-000039
-000026
-000037
-000056
-000050
-000032
-000037
-000052
-000048
-000032
-000021
-000023
-000043
-000067
-000058
-000032
-000021
-000026
-000039
-000054
-000059
-000058
-000058
-000056
-000037
-000019
-000032
-000059
-000067
-000059
-000061
-000070
-000076
-000072
-000048
-000024
-000028
-000050
-000054
-000046
-000052
-000063
-000063
-000058
-000058
-000061
-000063
-000059
-000050
-000039
-000035
-000037
-000048
-000059
-000065
-000059
-000034
-000013
-000043
-000089
-000085
-000052
-000039
-000043
-000052
-000056
-000054
-000046
-000045
-000045
-000046
-000048
-000050
-000048
-000035
-000024
-000041
-000065
-000063
-000043
-000034
-000035
-000032
-000026
-000028
-000032
-000023
-000012
-000028
-000054
-000056
-000039
-000032
-000034
-000050
-000065
-000056
-000035
-000045
-000063
-000050
-000021
-000010
-000015
-000030
-000046
-000045
-000032
-000013
-000002
-000008
-000019
-000006
0000016
0000018
0000003
-000010
-000015
-000012
-000006
-000021
-000039
-000021
0000012
0000009
-000015
-000021
-000010
0000001
0000009
0000007
0000001
0000005
0000014
0000012
0000003
-000004
-000006
-000010
-000010
0000000
0000014
0000025
0000029
0000020
0000007
0000001
0000005
0000012
0000023
0000033
0000036
0000020
0000005
0000042
0000079
0000025
-000061
-000058
0000000
0000014
0000000
0000014
0000038
0000033
0000012
0000005
0000012
0000025
0000036
0000027
0000011
0000007
0000014
0000022
0000025
0000025
0000023
0000022
0000020
0000014
0000011
0000012
0000022
0000031
0000036
0000038
0000038
0000036
0000031
0000018
0000007
0000018
0000040
0000045
0000040
0000029
0000023
0000042
0000060
0000038
0000005
0000023
0000062
0000053
0000018
0000014
0000029
0000033
0000027
0000027
0000031
0000034
0000034
0000034
0000036
0000044
0000053
0000053
0000045
0000040
0000036
0000034
0000034
0000036
0000038
0000034
0000033
0000038
0000044
0000044
0000038
0000027
0000022
0000044
0000068
0000053
0000020
0000018
0000036
0000033
0000025
0000047
0000079
0000077
0000051
0000036
0000034
0000045
0000060
0000060
0000049
0000034
0000025
0000029
0000044
0000053
0000055
0000049
0000042
0000038
0000040
0000044
0000051
0000062
0000071
0000062
0000051
0000058
0000073
0000060
0000038
0000031
0000038
0000051
0000060
0000058
0000047
0000034
0000029
0000047
0000069
0000068
0000047
0000040
0000042
0000038
0000034
0000036
0000040
0000042
0000042
0000051
0000062
0000069
0000069
0000062
0000055
0000058
0000062
0000049
0000029
0000029
0000042
0000040
0000033
0000044
0000060
0000055
0000042
0000049
0000064
0000051
0000027
0000016
0000023
0000045
0000068
0000071
0000062
0000057
0000060
0000080
0000097
0000068
0000025
0000036
0000073
0000068
0000038
0000029
0000033
0000027
0000018
0000018
0000027
0000058
0000080
0000045
-000002
0000025
0000084
0000077
0000033
0000031
0000057
0000073
0000069
0000042
0000014
0000029
0000060
0000044
0000007
0000020
0000057
0000049
0000022
0000027
0000049
0000040
0000016
0000023
0000044
0000042
0000027
0000036
0000053
0000038
0000009
0000009
0000023
0000012
-000002
0000022
0000057
0000045
0000011
0000007
0000027
0000038
0000040
0000055
0000064
0000042
0000009
0000011
0000027
0000018
-000004
-000004
0000009
0000003
-000010
-000008
0000009
0000029
0000045
0000042
0000027
0000020
0000016
0000003
-000015
-000034
-000039
-000015
0000020
0000029
0000023
0000045
0000069
0000049
0000011
0000001
0000007
-000012
-000032
-000006
0000036
0000040
0000018
0000016
0000025
0000027
0000018
0000003
-000017
-000035
-000045
-000045
-000032
-000002
0000023
0000022
0000001
0000000
0000003
-000015
-000045
-000056
-000050
-000032
-000013
-000017
-000030
-000024
-000010
-000013
-000034
-000054
-000065
-000048
-000023
-000024
-000043
-000052
-000046
-000028
-000006
-000006
-000021
-000035
-000045
-000043
-000037
-000045
-000054
-000045
-000028
-000021
-000019
-000015
-000013
-000015
-000017
-000010
-000004
-000028
-000058
-000046
-000015
-000017
-000037
-000041
-000032
-000023
-000021
-000048
-000078
-000061
-000024
-000026
-000052
-000063
-000059
-000045
-000030
-000037
-000052
-000046
-000032
-000041
-000061
-000054
-000035
-000052
-000081
-000078
-000052
-000035
-000034
-000046
-000063
-000059
-000048
-000063
-000083
-000074
-000050
-000041
-000043
-000043
-000043
-000058
-000072
-000063
-000045
-000052
-000070
-000072
-000063
-000063
-000067
-000050
-000032
-000041
-000061
-000063
-000050
-000052
-000058
-000050
-000039
-000045
-000058
-000058
-000050
-000039
-000034
-000041
-000052
-000058
-000054
-000048
-000041
-000039
-000043
-000048
-000056
-000058
-000054
-000046
-000037
-000024
-000017
-000037
-000059
-000039
-000006
-000017
-000052
-000058
-000048
-000056
-000072
-000070
-000056
-000045
-000043
-000059
-000070
-000041
0000000
-000008
-000039
-000039
-000019
-000023
-000037
-000030
-000013
-000021
-000039
-000050
-000052
-000061
-000069
-000048
-000021
-000024
-000045
-000054
-000048
-000037
-000024
-000017
-000017
-000015
-000015
-000017
-000017
-000013
-000006
0000005
0000011
-000010
-000039
-000052
-000046
-000030
-000012
-000010
-000019
-000010
0000007
0000014
0000009
-000013
-000034
-000024
0000003
0000012
0000009
0000007
0000007
-000008
-000017
0000018
0000064
0000057
0000011
-000023
-000037
-000043
-000032
0000001
0000040
0000057
0000051
0000027
0000001
0000000
0000018
0000042
0000058
0000051
0000023
-000015
-000043
-000026
0000012
0000022
0000011
0000009
0000011
-000006
-000021
-000002
0000031
0000042
0000033
0000016
0000005
0000011
0000031
0000060
0000079
0000055
0000012
0000012
0000033
0000029
0000011
0000012
0000027
0000027
0000018
0000007
0000001
0000005
0000018
0000036
0000049
0000055
0000051
0000045
0000040
0000029
0000020
0000023
0000031
0000027
0000018
0000027
0000040
0000018
-000012
0000005
0000045
0000060
0000053
0000044
0000038
0000040
0000044
0000042
0000034
0000031
0000029
0000029
0000033
0000047
0000062
0000069
0000064
0000049
0000029
0000020
0000023
0000033
0000042
0000042
0000034
0000034
0000040
0000044
0000044
0000038
0000033
0000031
0000034
0000040
0000047
0000042
0000034
0000042
0000053
0000047
0000031
0000022
0000023
0000033
0000044
0000033
0000016
0000022
0000036
0000034
0000022
0000014
0000014
0000031
0000049
0000045
0000029
0000023
0000027
0000033
0000036
0000033
0000025
0000022
0000027
0000055
0000079
0000044
-000008
0000005
0000055
0000062
0000034
0000009
-000006
-000002
0000012
0000009
0000001
0000023
0000053
0000053
0000034
0000027
0000025
0000022
0000018
0000016
0000023
0000042
0000060
0000055
0000034
0000014
0000005
0000020
0000038
0000012
-000024
-000002
0000042
0000016
-000039
-000045
-000013
0000003
0000007
0000020
0000029
0000016
-000006
-000010
-000004
-000008
-000015
-000012
-000002
0000005
0000005
-000006
-000023
-000028
-000026
-000026
-000028
-000024
-000023
-000039
-000058
-000054
-000035
-000024
-000019
-000002
0000012
0000014
0000003
-000015
-000026
-000015
0000001
-000015
-000043
-000037
-000008
0000012
0000012
-000010
-000035
-000032
-000012
-000017
-000032
-000032
-000019
-000006
0000000
-000019
-000043
-000046
-000034
-000023
-000019
-000035
-000056
-000048
-000023
-000002
0000007
0000009
0000001
-000026
-000048
-000019
0000029
0000023
-000019
-000054
-000065
-000039
-000006
-000017
-000050
-000048
-000026
-000021
-000028
-000026
-000023
-000039
-000061
-000059
-000046
-000059
-000076
-000056
-000021
-000024
-000048
-000056
-000045
-000017
0000001
-000032
-000080
-000065
-000021
-000023
-000056
-000072
-000072
-000065
-000056
-000048
-000046
-000052
-000058
-000059
-000056
-000059
-000065
-000067
-000065
-000052
-000041
-000045
-000058
-000074
-000083
-000074
-000054
-000039
-000030
-000023
-000024
-000045
-000070
-000070
-000052
-000037
-000026
-000023
-000023
-000021
-000021
-000026
-000037
-000050
-000056
-000039
-000019
-000028
-000052
-000061
-000052
-000034
-000019
-000024
-000043
-000048
-000045
-000043
-000041
-000028
-000013
-000013
-000023
-000037
-000048
-000028
0000001
-000004
-000028
-000024
-000012
-000034
-000065
-000046
-000002
0000005
-000013
-000023
-000021
-000013
-000004
-000004
-000010
-000004
0000001
-000019
-000045
-000037
-000012
-000010
-000019
-000006
0000009
-000013
-000043
-000023
0000020
0000014
-000019
-000034
-000026
-000008
0000009
0000007
-000010
-000021
-000028
-000034
-000034
-000017
0000005
0000012
0000007
-000006
-000013
0000001
0000018
-000002
-000035
-000030
0000001
0000012
0000009
0000005
0000005
0000012
0000022
0000018
0000007
0000012
0000023
0000020
0000009
0000011
0000022
0000031
0000034
0000029
0000022
0000029
0000040
0000045
0000045
0000045
0000045
0000033
0000018
0000011
0000016
0000031
0000045
0000040
0000025
0000029
0000045
0000058
0000062
0000053
0000042
0000045
0000058
0000057
0000045
0000044
0000049
0000062
0000068
0000045
0000022
0000044
0000080
0000057
0000011
0000027
0000075
0000077
0000053
0000064
0000086
0000071
0000040
0000040
0000060
0000071
0000069
0000062
0000055
0000057
0000062
0000055
0000044
0000040
0000042
0000045
0000047
0000044
0000040
0000055
0000077
0000082
0000079
0000071
0000064
0000053
0000049
0000068
0000090
0000080
0000051
0000029
0000022
0000042
0000068
0000062
0000038
0000040
0000058
0000066
0000062
0000051
0000040
0000034
0000042
0000064
0000084
0000086
0000071
0000060
0000058
0000069
0000079
0000062
0000033
0000027
0000034
0000025
0000016
0000040
0000077
0000080
0000060
0000036
0000023
0000042
0000073
0000071
0000053
0000051
0000060
0000051
0000036
0000034
0000044
0000049
0000049
0000036
0000023
0000023
0000033
0000034
0000027
0000001
-000019
0000012
0000062
0000064
0000036
0000033
0000040
0000016
-000012
0000009
0000049
0000051
0000025
0000007
0000001
0000000
0000003
0000014
0000025
0000023
0000022
0000038
0000069
0000132
0000137
-000083
-000324
-000197
0000114
0000182
0000062
-000015
-000026
0000031
0000097
0000045
-000054
-000050
0000018
0000036
0000007
-000037
-000070
-000059
-000015
0000027
0000051
0000047
0000023
0000011
0000005
-000019
-000045
-000048
-000034
-000002
0000023
0000014
-000015
-000026
-000021
-000015
-000013
-000015
-000021
-000026
-000028
-000019
-000008
-000012
-000021
-000006
0000016
0000007
-000017
-000028
-000026
-000030
-000035
-000045
-000052
-000056
-000058
-000054
-000048
-000046
-000045
-000037
-000034
-000054
-000074
-000059
-000026
-000024
-000041
-000043
-000032
-000017
-000010
-000032
-000061
-000048
-000015
-000012
-000028
-000037
-000037
-000030
-000019
-000010
-000010
-000021
-000037
-000045
-000046
-000045
-000045
-000045
-000046
-000050
-000050
-000041
-000030
-000032
-000045
-000061
-000072
-000072
-000065
-000056
-000046
-000035
-000024
-000010
0000000
-000021
-000048
-000052
-000041
-000037
-000043
-000043
-000039
-000035
-000035
-000043
-000052
-000050
-000045
-000058
-000076
-000080
-000070
-000063
-000058
-000046
-000035
-000037
-000046
-000054
-000056
-000048
-000039
-000050
-000065
-000056
-000034
-000024
-000034
-000056
-000069
-000037
0000007
-000010
-000059
-000067
-000046
-000048
-000059
-000045
-000026
-000050
-000087
-000074
-000032
-000024
-000035
-000019
0000001
-000021
-000065
-000078
-000067
-000052
-000039
-000023
-000013
-000015
-000026
-000037
-000039
-000019
0000007
0000009
-000008
-000026
-000037
-000028
-000010
-000004
-000010
-000021
-000028
-000028
-000023
-000023
-000034
-000059
-000078
-000046
0000003
0000007
-000019
-000015
-000002
-000023
-000054
-000056
-000034
-000008
0000009
0000001
-000019
-000019
-000008
-000015
-000032
-000019
0000003
0000000
-000017
-000015
-000002
0000001
0000000
0000007
0000012
-000013
-000043
-000028
0000009
0000009
-000013
-000019
-000010
-000002
0000009
0000031
0000049
0000036
0000007
-000008
-000008
-000013
-000017
-000010
0000003
0000003
0000003
0000016
0000034
0000038
0000029
0000014
0000001
0000000
0000007
0000016
0000025
0000038
0000045
0000023
-000002
0000014
0000047
0000042
0000012
0000001
0000005
0000000
-000008
-000008
-000002
0000003
0000009
0000009
0000018
0000062
0000115
0000145
0000125
0000007
-000107
-000048
0000093
0000106
0000031
0000005
0000023
0000036
0000042
0000042
0000040
0000058
0000077
0000062
0000031
0000016
0000022
0000038
0000057
0000060
0000049
0000034
0000025
0000040
0000060
0000057
0000044
0000055
0000077
0000069
0000045
0000038
0000044
0000051
0000055
0000049
0000042
0000042
0000042
0000033
0000025
0000051
0000088
0000084
0000058
0000058
0000071
0000068
0000053
0000042
0000038
0000040
0000044
0000044
0000040
0000031
0000022
0000014
0000014
0000023
0000040
0000051
0000060
0000066
0000064
0000053
0000044
0000051
0000068
0000062
0000045
0000045
0000058
0000058
0000055
0000068
0000080
0000064
0000036
0000038
0000053
0000042
0000018
0000014
0000029
0000062
0000091
0000088
0000069
0000082
0000106
0000088
0000051
0000044
0000058
0000064
0000060
0000055
0000051
0000057
0000064
0000066
0000062
0000058
0000057
0000071
0000088
0000075
0000051
0000058
0000079
0000075
0000060
0000075
0000093
0000064
0000022
0000029
0000062
0000058
0000033
0000023
0000027
0000029
0000031
0000042
0000051
0000045
0000029
0000011
0000003
0000023
0000049
0000040
0000014
0000025
0000051
0000049
0000031
0000027
0000031
0000014
-000004
0000014
0000044
0000038
0000012
0000012
0000025
0000023
0000014
0000014
0000022
0000029
0000029
0000011
-000012
-000006
0000012
0000014
0000003
-000004
-000002
0000003
0000012
0000023
0000025
0000005
-000023
-000023
0000000
0000018
0000027
0000007
-000019
-000013
0000011
0000014
0000007
0000001
0000001
0000000
0000003
0000022
0000038
0000020
-000015
-000021
-000004
0000003
0000005
0000001
-000002
0000005
0000014
0000014
0000009
0000000
-000004
0000007
0000020
0000005
-000019
-000013
0000007
0000000
-000019
-000004
0000023
0000025
0000007
-000021
-000043
-000037
-000013
0000009
0000014
0000000
-000026
-000035
-000034
-000041
-000046
-000028
-000004
-000015
-000041
-000037
-000013
-000010
-000019
-000019
-000015
-000032
-000052
-000048
-000032
-000035
-000048
-000037
-000019
-000019
-000032
-000043
-000046
-000046
-000041
-000041
-000043
-000043
-000045
-000056
-000065
-000050
-000028
-000046
-000081
-000076
-000052
-000059
-000081
-000076
-000054
-000043
-000046
-000065
-000083
-000067
-000041
-000056
-000087
-000089
-000070
-000065
-000067
-000063
-000059
-000059
-000067
-000091
-000111
-000100
-000070
-000061
-000069
-000080
-000091
-000094
-000091
-000083
-000078
-000087
-000102
-000100
-000085
-000065
-000046
-000041
-000045
-000048
-000054
-000076
-000094
-000080
-000052
-000054
-000072
-000074
-000061
-000046
-000037
-000032
-000034
-000041
-000052
-000067
-000080
-000089
-000089
-000078
-000067
-000072
-000089
-000087
-000074
-000065
-000058
-000043
-000035
-000069
-000109
-000089
-000041
-000045
-000078
-000074
-000050
-000048
-000065
-000076
-000083
-000085
-000083
-000083
-000085
-000078
-000067
-000058
-000056
-000063
-000072
-000069
-000059
-000065
-000078
-000074
-000067
-000085
-000111
-000102
-000074
-000056
-000054
-000061
-000070
-000065
-000054
-000059
-000069
-000043
-000010
-000023
-000061
-000065
-000050
-000059
-000076
-000056
-000021
-000026
-000058
-000078
-000081
-000070
-000056
-000065
-000080
-000059
-000023
-000013
-000026
-000034
-000035
-000032
-000028
-000026
-000028
-000037
-000045
-000039
-000028
-000024
-000026
-000013
0000001
-000012
-000035
-000037
-000028
-000030
-000039
-000041
-000039
-000037
-000037
-000035
-000034
-000021
-000008
-000015
-000030
-000026
-000013
-000015
-000019
-000006
0000012
0000007
-000013
-000019
-000019
-000028
-000035
-000023
-000004
-000002
-000012
-000008
0000005
0000011
0000007
0000003
0000000
-000004
-000012
-000032
-000046
-000028
0000003
0000005
-000008
0000000
0000020
0000023
0000018
0000020
0000025
0000018
0000003
-000015
-000023
0000001
0000033
0000027
0000001
0000001
0000022
0000040
0000045
0000029
0000007
0000014
0000038
0000051
0000044
0000005
-000035
-000019
0000027
0000034
0000018
0000016
0000022
0000003
-000015
0000000
0000031
0000038
0000027
0000011
0000000
-000004
0000001
0000014
0000025
0000023
0000016
0000014
0000022
0000045
0000068
0000060
0000036
0000034
0000042
0000031
0000014
0000027
0000055
0000069
0000066
0000042
0000020
0000036
0000068
0000057
0000029
0000051
0000088
0000057
0000003
0000029
0000090
0000086
0000042
0000027
0000036
0000029
0000022
0000047
0000084
0000091
0000071
0000042
0000020
0000022
0000047
0000075
0000090
0000071
0000044
0000051
0000079
0000075
0000055
0000053
0000062
0000058
0000045
0000045
0000051
0000053
0000055
0000060
0000064
0000055
0000038
0000038
0000049
0000051
0000049
0000064
0000075
0000042
0000001
0000020
0000068
0000080
0000064
0000055
0000051
0000044
0000040
0000051
0000066
0000055
0000034
0000040
0000060
0000071
0000068
0000055
0000044
0000047
0000057
0000047
0000034
0000047
0000064
0000047
0000018
0000016
0000033
0000034
0000027
0000033
0000044
0000049
0000051
0000057
0000062
0000066
0000066
0000058
0000045
0000029
0000016
0000020
0000031
0000027
0000016
0000020
0000033
0000038
0000036
0000042
0000053
0000066
0000071
0000053
0000023
0000011
0000014
0000033
0000051
0000047
0000029
0000016
0000016
0000033
0000053
0000045
0000027
0000029
0000044
0000049
0000047
0000036
0000029
0000033
0000038
0000018
-000010
0000001
0000029
0000029
0000012
0000009
0000014
0000025
0000033
0000023
0000009
0000003
0000009
0000014
0000022
0000031
0000036
0000033
0000022
0000007
-000002
0000011
0000027
0000016
-000008
0000001
0000023
0000023
0000011
0000014
0000025
0000022
0000009
-000002
-000010
-000015
-000013
0000007
0000031
0000034
0000022
0000014
0000007
-000012
-000030
-000026
-000013
-000019
-000032
-000035
-000030
-000021
-000013
-000015
-000021
-000012
0000000
-000017
-000041
-000021
0000014
0000007
-000023
-000026
-000013
-000010
-000010
0000001
0000016
0000012
-000006
-000026
-000039
-000034
-000017
-000019
-000030
-000030
-000019
-000006
0000003
0000011
0000009
-000006
-000019
0000003
0000031
0000011
-000032
-000034
-000010
-000008
-000015
-000010
-000004
-000030
-000058
-000037
0000003
-000002
-000035
-000043
-000030
-000015
-000008
-000015
-000026
-000021
-000006
0000000
0000000
0000000
0000000
-000012
-000023
-000012
0000005
0000000
-000023
-000046
-000054
-000017
0000031
0000027
-000012
-000030
-000028
-000017
-000008
-000012
-000023
-000030
-000030
-000032
-000034
-000041
-000046
-000045
-000037
-000037
-000037
-000028
-000015
-000026
-000043
-000039
-000024
-000021
-000026
-000035
-000043
-000046
-000041
-000026
-000008
0000003
0000003
-000010
-000028
-000037
-000039
-000032
-000023
-000028
-000039
-000030
-000012
-000015
-000023
-000006
0000018
0000009
-000012
0000001
0000033
0000038
0000023
0000009
0000001
-000006
-000008
0000000
0000005
0000001
-000008
-000004
0000009
0000009
-000002
-000023
-000039
-000026
0000001
0000018
0000023
0000027
0000025
0000005
-000019
-000021
-000010
-000012
-000015
0000011
0000040
0000031
-000002
-000012
0000000
0000022
0000038
0000020
-000013
-000019
0000000
0000018
0000033
0000031
0000025
0000040
0000062
0000055
0000029
0000018
0000014
0000007
-000006
-000017
-000021
0000000
0000027
0000036
0000029
0000025
0000023
0000025
0000027
0000020
0000012
0000025
0000044
0000045
0000033
0000016
0000007
0000020
0000040
0000031
0000009
0000001
0000011
0000023
0000033
0000027
0000014
0000014
0000020
0000027
0000029
0000016
0000003
0000020
0000045
0000034
0000005
0000000
0000012
0000022
0000023
0000023
0000020
0000011
0000005
0000022
0000044
0000045
0000031
0000016
0000009
0000018
0000036
0000053
0000060
0000051
0000036
0000034
0000042
0000036
0000025
0000022
0000023
0000023
0000023
0000042
0000060
0000051
0000029
0000022
0000023
0000022
0000016
0000016
0000023
0000036
0000047
0000034
0000018
0000029
0000053
0000045
0000018
0000005
0000007
0000022
0000038
0000040
0000027
0000018
0000016
0000034
0000053
0000023
-000021
-000021
0000011
0000031
0000040
0000042
0000036
0000025
0000018
0000018
0000025
0000036
0000045
0000045
0000038
0000023
0000009
0000009
0000016
0000012
0000005
0000018
0000038
0000044
0000038
0000038
0000040
0000025
0000007
0000012
0000027
0000014
-000006
0000000
0000020
0000033
0000033
0000023
0000009
-000002
-000004
0000009
0000027
0000038
0000040
0000049
0000055
0000040
0000016
0000014
0000027
0000044
0000055
0000045
0000023
0000003
-000006
0000000
0000012
0000007
-000008
-000010
0000001
0000014
0000023
0000016
0000007
0000022
0000045
0000036
0000012
0000005
0000011
-000006
-000021
0000011
0000057
0000057
0000023
0000001
-000002
0000016
0000040
0000033
0000012
0000012
0000027
0000027
0000018
0000000
-000013
-000002
0000018
0000012
0000000
0000020
0000047
0000020
-000032
-000035
-000006
0000011
0000007
-000010
-000028
-000024
-000010
-000006
-000012
-000015
-000012
0000005
0000016
-000012
-000048
-000030
0000012
0000007
-000028
-000050
-000050
-000028
-000002
-000012
-000035
-000026
-000004
-000015
-000039
-000030
-000004
0000001
-000013
-000043
-000065
-000039
0000001
-000012
-000048
-000046
-000021
-000021
-000039
-000059
-000069
-000046
-000012
-000006
-000023
-000037
-000045
-000043
-000032
-000030
-000030
-000023
-000017
-000028
-000046
-000043
-000030
-000032
-000039
-000037
-000030
-000037
-000046
-000041
-000032
-000037
-000050
-000054
-000043
-000019
0000000
-000017
-000046
-000043
-000026
-000046
-000080
-000067
-000030
-000024
-000041
-000048
-000058
-000087
-000111
-000076
-000023
-000032
-000072
-000063
-000032
-000050
-000087
-000083
-000054
-000045
-000052
-000059
-000063
-000058
-000045
-000021
-000002
-000021
-000059
-000076
-000074
-000080
-000089
-000092
-000085
-000059
-000028
-000010
-000015
-000045
-000078
-000081
-000067
-000081
-000102
-000083
-000045
-000030
-000032
-000024
-000017
-000028
-000048
-000059
-000061
-000063
-000065
-000067
-000069
-000069
-000061
-000035
-000012
-000015
-000039
-000059
-000069
-000078
-000080
-000069
-000048
-000034
-000028
-000045
-000063
-000056
-000028
-000006
0000001
-000015
-000046
-000069
-000076
-000069
-000052
-000043
-000043
-000046
-000052
-000058
-000059
-000052
-000041
-000032
-000028
-000037
-000054
-000061
-000059
-000059
-000059
-000046
-000035
-000050
-000070
-000056
-000026
-000041
-000070
-000061
-000030
-000026
-000039
-000037
-000034
-000052
-000078
-000085
-000070
-000039
-000010
-000015
-000037
-000030
-000015
-000037
-000074
-000078
-000058
-000041
-000028
-000015
-000012
-000024
-000045
-000039
-000023
-000023
-000034
-000030
-000017
-000019
-000028
-000030
-000026
-000021
-000017
-000023
-000035
-000048
-000052
-000023
0000011
-000002
-000039
-000043
-000023
-000012
-000012
-000017
-000024
-000026
-000026
-000041
-000058
-000045
-000021
-000024
-000039
-000024
0000001
0000007
-000002
-000002
0000001
-000008
-000024
-000032
-000024
-000006
0000012
0000014
0000003
-000002
-000002
-000002
-000002
0000001
0000000
-000023
-000045
-000019
0000022
0000007
-000032
-000019
0000018
0000016
-000002
0000018
0000053
0000049
0000023
0000007
0000003
0000005
0000016
0000051
0000075
0000036
-000026
-000028
0000011
0000023
0000012
0000003
-000002
-000006
-000004
0000007
0000020
0000025
0000023
0000023
0000023
0000018
0000009
0000007
0000009
0000009
0000005
0000000
0000000
0000025
0000051
0000033
-000006
-000015
0000001
0000009
0000009
0000003
-000002
0000005
0000016
0000009
-000006
0000000
0000012
0000009
-000006
-000006
0000003
0000009
0000012
0000018
0000023
0000022
0000018
0000025
0000036
0000038
0000034
0000033
0000033
0000034
0000034
0000025
0000014
0000016
0000029
0000040
0000044
0000031
0000012
0000011
0000018
0000012
0000005
0000036
0000073
0000058
0000016
0000003
0000016
0000025
0000031
0000044
0000055
0000053
0000038
0000025
0000018
0000020
0000027
0000031
0000029
0000023
0000016
0000007
0000001
-000002
-000002
0000011
0000029
0000038
0000038
0000029
0000020
0000022
0000031
0000029
0000018
0000009
0000003
0000011
0000025
0000038
0000044
0000034
0000018
0000014
0000018
0000020
0000016
0000009
0000001
0000005
0000011
-000004
-000021
-000008
0000023
0000033
0000027
0000025
0000027
0000023
0000020
0000016
0000016
0000027
0000036
0000023
0000001
0000003
0000018
0000016
0000001
-000010
-000013
0000005
0000023
0000007
-000023
-000017
0000011
0000023
0000025
0000027
0000025
0000020
0000018
0000025
0000038
0000045
0000045
0000049
0000045
0000027
0000005
0000012
0000033
0000036
0000027
0000025
0000027
0000023
0000016
0000011
0000007
0000012
0000018
0000000
-000019
0000005
0000045
0000044
0000018
0000012
0000025
0000034
0000036
0000033
0000023
0000022
0000014
-000023
-000054
-000023
0000036
0000042
0000011
-000006
-000006
-000010
-000010
-000004
0000005
0000011
0000020
0000049
0000075
0000038
-000019
-000017
0000022
0000025
0000009
0000005
0000009
-000004
-000017
0000001
0000029
0000022
-000006
-000015
-000008
-000008
-000010
-000002
0000007
0000009
0000009
0000012
0000018
0000020
0000018
0000011
0000000
-000002
0000003
0000009
0000012
-000002
-000024
-000039
-000039
-000023
-000002
-000010
-000032
-000045
-000043
-000024
0000001
0000011
0000005
0000011
0000018
0000011
0000000
-000002
0000005
0000018
0000031
0000033
0000031
0000040
0000045
0000022
-000010
-000008
0000014
0000016
0000005
0000007
0000016
0000027
0000036
0000042
0000042
0000036
0000025
0000016
0000012
0000029
0000049
0000044
0000022
0000007
0000003
0000016
0000029
0000009
-000024
-000017
0000012
0000022
0000018
0000027
0000038
0000025
0000007
0000020
0000047
0000055
0000042
0000023
0000014
0000036
0000066
0000058
0000027
0000000
-000006
0000033
0000077
0000058
0000005
-000008
0000012
0000038
0000055
0000049
0000034
0000040
0000047
0000022
-000015
-000013
0000014
0000018
0000012
0000027
0000068
0000171
0000222
0000001
-000286
-000253
-000006
0000147
0000161
0000062
-000061
-000034
0000075
0000071
0000000
-000017
0000011
0000036
0000044
0000020
-000021
-000037
-000026
0000011
0000051
0000051
0000022
0000005
0000000
-000015
-000028
-000021
0000001
0000014
0000016
0000011
0000003
-000008
-000010
0000014
0000038
0000014
-000030
-000028
0000001
0000001
-000015
-000010
0000003
0000000
-000015
-000026
-000034
-000037
-000034
-000017
0000000
-000012
-000035
-000026
-000008
-000030
-000063
-000046
-000006
-000004
-000024
-000026
-000013
-000013
-000019
-000030
-000035
-000028
-000015
-000012
-000019
-000024
-000028
-000028
-000026
-000026
-000030
-000035
-000043
-000046
-000043
-000024
-000008
-000024
-000059
-000078
-000076
-000067
-000056
-000048
-000048
-000045
-000039
-000035
-000034
-000039
-000046
-000056
-000058
-000046
-000032
-000037
-000056
-000059
-000056
-000063
-000072
-000061
-000043
-000032
-000034
-000048
-000059
-000043
-000019
-000024
-000048
-000059
-000061
-000076
-000089
-000085
-000069
-000058
-000054
-000059
-000067
-000065
-000058
-000052
-000054
-000063
-000076
-000081
-000080
-000080
-000078
-000063
-000046
-000045
-000050
-000041
-000028
-000032
-000045
-000052
-000054
-000061
-000069
-000059
-000045
-000052
-000069
-000072
-000067
-000074
-000087
-000087
-000074
-000046
-000023
-000032
-000065
-000089
-000096
-000092
-000078
-000052
-000035
-000052
-000081
-000081
-000059
-000045
-000041
-000059
-000078
-000067
-000041
-000045
-000065
-000061
-000041
-000024
-000021
-000032
-000050
-000054
-000043
-000026
-000015
-000012
-000017
-000026
-000035
-000048
-000056
-000052
-000039
-000037
-000045
-000050
-000054
-000054
-000048
-000041
-000035
-000037
-000039
-000026
-000010
-000024
-000052
-000052
-000032
-000023
-000026
-000041
-000056
-000043
-000021
-000030
-000059
-000072
-000067
-000041
-000013
-000017
-000043
-000059
-000059
-000041
-000019
-000023
-000043
-000052
-000046
-000034
-000019
-000010
-000006
-000010
-000012
0000003
0000022
0000016
0000001
0000000
0000001
-000021
-000045
-000024
0000011
0000005
-000024
-000030
-000019
-000021
-000026
-000017
-000002
0000001
-000010
-000037
-000061
-000050
-000017
0000009
0000022
0000034
0000051
0000095
0000112
0000003
-000129
-000091
0000036
0000047
-000017
-000019
0000023
0000055
0000062
0000034
-000006
-000017
-000002
0000005
0000011
0000025
0000038
0000023
0000005
0000029
0000068
0000057
0000016
0000003
0000011
0000016
0000018
0000022
0000020
0000005
-000006
0000018
0000051
0000038
0000003
0000000
0000020
0000034
0000044
0000047
0000045
0000045
0000038
0000009
-000021
-000004
0000033
0000023
-000008
0000005
0000045
0000071
0000075
0000053
0000022
0000016
0000033
0000042
0000044
0000047
0000051
0000053
0000055
0000053
0000047
0000042
0000036
0000038
0000045
0000049
0000053
0000060
0000069
0000073
0000069
0000062
0000051
0000047
0000049
0000055
0000057
0000040
0000023
0000031
0000055
0000077
0000090
0000086
0000071
0000071
0000073
0000051
0000025
0000047
0000088
0000093
0000073
0000062
0000055
0000036
0000016
0000011
0000014
0000016
0000020
0000044
0000069
0000071
0000055
0000045
0000047
0000068
0000088
0000077
0000051
0000062
0000088
0000086
0000064
0000058
0000058
0000044
0000025
0000023
0000038
0000058
0000077
0000084
0000077
0000057
0000034
0000027
0000040
0000077
0000108
0000080
0000033
0000042
0000082
0000084
0000057
0000036
0000023
0000022
0000025
0000029
0000034
0000045
0000055
0000055
0000049
0000040
0000033
0000038
0000049
0000051
0000047
0000044
0000038
0000034
0000033
0000033
0000036
0000040
0000044
0000044
0000042
0000049
0000057
0000051
0000038
0000031
0000031
0000038
0000047
0000040
0000027
0000038
0000055
0000034
0000003
0000011
0000033
0000016
-000017
0000001
0000034
0000003
-000050
-000037
0000016
0000031
0000014
-000010
-000028
-000030
-000021
-000015
-000012
0000014
0000042
0000042
0000033
0000051
0000077
0000053
0000005
-000004
0000005
-000013
-000039
-000015
0000027
0000022
-000013
-000028
-000023
-000010
0000007
0000014
0000011
-000008
-000028
-000021
-000002
-000012
-000034
-000024
0000000
0000007
0000001
-000006
-000008
-000008
-000004
0000007
0000011
-000013
-000043
-000034
-000008
-000026
-000061
-000059
-000030
-000002
0000005
-000032
-000078
-000063
-000013
-000004
-000024
-000043
-000050
-000041
-000024
-000024
-000039
-000059
-000074
-000063
-000039
-000034
-000043
-000061
-000072
-000056
-000034
-000054
-000087
-000065
-000028
-000063
-000126
-000113
-000061
-000054
-000074
-000065
-000043
-000048
-000069
-000080
-000076
-000067
-000052
-000019
0000007
-000026
-000078
-000067
-000024
-000035
-000074
-000085
-000072
-000072
-000072
-000046
-000019
-000023
-000045
-000046
-000030
-000010
0000005
-000002
-000019
-000021
-000010
0000001
0000003
-000019
-000052
-000063
-000056
-000050
-000046
-000043
-000039
-000035
-000030
-000019
-000010
-000019
-000035
-000032
-000019
-000019
-000026
-000034
-000037
-000034
-000030
-000032
-000043
-000058
-000067
-000046
-000015
-000012
-000026
-000026
-000017
-000017
-000019
-000012
-000002
-000006
-000017
-000015
-000012
-000026
-000045
-000028
0000001
0000001
-000012
-000004
0000014
0000014
0000001
-000002
0000005
0000016
0000025
0000018
0000003
-000006
-000008
-000010
-000004
0000012
0000027
0000020
0000001
0000009
0000029
0000029
0000018
0000022
0000029
0000014
-000004
0000014
0000047
0000058
0000051
0000053
0000057
0000049
0000038
0000033
0000034
0000033
0000038
0000071
0000104
0000088
0000049
0000053
0000079
0000073
0000047
0000045
0000062
0000071
0000079
0000095
0000106
0000090
0000064
0000075
0000101
0000080
0000045
0000053
0000088
0000108
0000110
0000086
0000057
0000051
0000066
0000080
0000086
0000079
0000066
0000058
0000057
0000051
0000047
0000066
0000086
0000068
0000038
0000047
0000077
0000082
0000071
0000071
0000077
0000069
0000060
0000071
0000088
0000088
0000079
0000082
0000091
0000082
0000068
0000064
0000073
0000084
0000090
0000088
0000077
0000060
0000053
0000069
0000093
0000080
0000055
0000068
0000099
0000103
0000084
0000071
0000071
0000080
0000093
0000099
0000095
0000090
0000086
0000088
0000091
0000086
0000079
0000086
0000095
0000090
0000073
0000068
0000071
0000079
0000086
0000093
0000097
0000093
0000090
0000088
0000090
0000088
0000088
0000088
0000088
0000082
0000073
0000060
0000051
0000057
0000073
0000082
0000082
0000075
0000066
0000066
0000071
0000068
0000062
0000071
0000086
0000082
0000064
0000045
0000036
0000055
0000080
0000069
0000042
0000036
0000047
0000057
0000060
0000064
0000064
0000055
0000045
0000058
0000077
0000062
0000033
0000023
0000033
0000053
0000069
0000060
0000036
0000038
0000047
0000029
0000000
0000005
0000025
0000022
0000007
0000016
0000033
0000018
-000010
-000012
0000005
0000023
0000036
0000027
0000011
0000007
0000016
0000031
0000040
0000018
-000015
-000013
0000011
0000020
0000016
0000014
0000012
-000004
-000017
0000003
0000034
0000029
0000003
-000002
0000011
0000020
0000023
0000023
0000014
-000012
-000037
-000028
-000002
0000014
0000014
0000011
0000001
-000019
-000034
-000026
-000010
-000010
-000019
-000013
-000008
-000032
-000063
-000061
-000035
-000015
-000010
-000024
-000050
-000054
-000048
-000061
-000076
-000058
-000026
-000021
-000034
-000028
-000021
-000037
-000067
-000074
-000067
-000059
-000056
-000050
-000045
-000045
-000048
-000050
-000048
-000052
-000056
-000046
-000037
-000056
-000085
-000094
-000083
-000065
-000048
-000050
-000065
-000074
-000076
-000067
-000056
-000070
-000091
-000081
-000061
-000067
-000085
-000085
-000074
-000083
-000102
-000100
-000085
-000078
-000081
-000096
-000109
-000104
-000087
-000085
-000098
-000111
-000115
-000092
-000061
-000065
-000089
-000092
-000087
-000102
-000122
-000124
-000107
-000087
-000074
-000080
-000096
-000111
-000115
-000115
-000105
-000076
-000050
-000052
-000076
-000107
-000127
-000116
-000092
-000104
-000131
-000127
-000105
-000107
-000118
-000098
-000069
-000078
-000105
-000092
-000065
-000078
-000109
-000096
-000069
-000083
-000115
-000107
-000080
-000076
-000091
-000091
-000083
-000078
-000076
-000076
-000080
-000092
-000102
-000096
-000078
-000059
-000052
-000067
-000091
-000089
-000072
-000074
-000089
-000098
-000096
-000067
-000039
-000067
-000115
-000102
-000056
-000043
-000054
-000046
-000035
-000059
-000091
-000078
-000045
-000034
-000045
-000059
-000072
-000074
-000067
-000052
-000037
-000043
-000058
-000054
-000046
-000059
-000080
-000080
-000061
-000045
-000035
-000046
-000065
-000059
-000046
-000059
-000076
-000045
0000001
0000003
-000024
-000024
-000010
-000006
-000013
-000030
-000041
-000019
0000012
0000007
-000023
-000041
-000045
-000035
-000021
-000006
-000002
-000015
-000034
-000037
-000028
-000019
-000012
-000010
-000010
0000003
0000018
0000014
0000005
0000009
0000016
0000000
-000024
-000017
0000003
-000002
-000023
-000028
-000015
0000011
0000034
0000031
0000007
0000001
0000012
0000027
0000042
0000058
0000057
0000014
-000032
-000017
0000034
0000073
0000080
0000055
0000020
0000020
0000042
0000051
0000045
0000034
0000025
0000029
0000036
0000027
0000011
0000014
0000031
0000042
0000045
0000040
0000033
0000044
0000055
0000031
-000002
0000012
0000053
0000066
0000057
0000049
0000045
0000040
0000036
0000038
0000042
0000036
0000027
0000029
0000042
0000062
0000075
0000066
0000044
0000038
0000044
0000036
0000033
0000058
0000095
0000093
0000066
0000053
0000055
0000077
0000103
0000104
0000090
0000084
0000082
0000062
0000042
0000062
0000099
0000101
0000079
0000058
0000049
0000057
0000066
0000051
0000029
0000031
0000049
0000057
0000058
0000069
0000080
0000071
0000055
0000058
0000075
0000091
0000097
0000086
0000066
0000062
0000069
0000079
0000080
0000069
0000049
0000033
0000023
0000027
0000040
0000058
0000073
0000080
0000080
0000073
0000066
0000069
0000075
0000057
0000034
0000053
0000086
0000073
0000038
0000031
0000049
0000077
0000097
0000088
0000064
0000053
0000058
0000082
0000101
0000075
0000031
0000029
0000055
0000073
0000080
0000086
0000084
0000071
0000051
0000033
0000023
0000033
0000051
0000060
0000062
0000057
0000047
0000038
0000033
0000040
0000055
0000073
0000082
0000071
0000053
0000058
0000073
0000075
0000064
0000045
0000031
0000025
0000031
0000034
0000040
0000045
0000051
0000058
0000062
0000045
0000027
0000034
0000053
0000045
0000025
0000031
0000047
0000051
0000045
0000057
0000069
0000058
0000033
0000009
-000006
-000012
-000008
0000000
0000011
0000022
0000031
0000042
0000047
0000036
0000016
-000006
-000017
-000006
0000014
0000014
0000001
0000005
0000018
0000020
0000014
0000011
0000012
0000027
0000036
0000018
-000008
0000007
0000038
0000029
-000004
-000012
-000006
-000019
-000037
-000034
-000019
-000013
-000017
-000012
-000008
-000012
-000017
-000006
0000009
0000003
-000017
-000035
-000048
-000050
-000046
-000046
-000048
-000045
-000037
-000024
-000017
-000037
-000065
-000063
-000046
-000046
-000058
-000058
-000054
-000059
-000067
-000059
-000050
-000070
-000098
-000089
-000058
-000032
-000023
-000045
-000072
-000069
-000043
-000032
-000037
-000050
-000063
-000069
-000067
-000069
-000069
-000050
-000034
-000050
-000083
-000092
-000083
-000076
-000072
-000067
-000065
-000065
-000070
-000081
-000089
-000083
-000074
-000085
-000100
-000085
-000059
-000058
-000069
-000072
-000072
-000081
-000092
-000080
-000063
-000074
-000100
-000100
-000085
-000089
-000096
-000076
-000048
-000041
-000054
-000076
-000096
-000098
-000087
-000083
-000081
-000070
-000061
-000074
-000098
-000105
-000096
-000081
-000070
-000081
-000100
-000104
-000098
-000100
-000102
-000089
-000072
-000087
-000109
-000098
-000067
-000058
-000065
-000074
-000081
-000081
-000078
-000087
-000100
-000102
-000094
-000081
-000070
-000065
-000065
-000063
-000065
-000080
-000094
-000098
-000092
-000096
-000102
-000083
-000059
-000069
-000091
-000087
-000063
-000048
-000043
-000048
-000059
-000078
-000087
-000063
-000032
-000048
-000078
-000054
-000013
-000039
-000098
-000113
-000091
-000067
-000048
-000043
-000046
-000050
-000058
-000083
-000107
-000096
-000063
-000043
-000039
-000048
-000059
-000045
-000021
-000030
-000052
-000050
-000035
-000039
-000052
-000046
-000034
-000046
-000069
-000065
-000048
-000048
-000061
-000069
-000067
-000056
-000048
-000061
-000081
-000072
-000050
-000050
-000058
-000043
-000021
-000023
-000034
-000024
-000008
-000015
-000030
-000013
0000016
0000016
-000004
-000024
-000035
-000024
-000004
-000008
-000024
-000030
-000028
-000026
-000032
-000048
-000059
-000030
0000011
0000005
-000030
-000043
-000028
0000007
0000040
0000023
-000015
-000015
0000005
0000003
-000010
0000000
0000018
0000009
-000017
-000032
-000030
-000013
0000009
0000029
0000033
0000003
-000032
-000032
-000006
0000007
0000009
0000003
-000002
0000000
0000005
0000000
-000010
-000002
0000011
0000014
0000011
0000009
0000009
0000014
0000022
0000025
0000023
0000018
0000011
0000007
0000007
0000020
0000031
0000025
0000011
0000012
0000023
0000033
0000034
0000029
0000023
0000027
0000033
0000023
0000005
-000019
-000030
0000000
0000045
0000055
0000038
0000040
0000051
0000042
0000025
0000020
0000020
0000011
0000000
0000014
0000033
0000020
-000006
0000009
0000038
0000033
0000009
0000011
0000027
0000038
0000038
0000029
0000020
0000025
0000034
0000023
0000005
0000011
0000029
0000034
0000033
0000040
0000047
0000038
0000025
0000029
0000045
0000058
0000064
0000057
0000044
0000044
0000047
0000036
0000023
0000040
0000066
0000066
0000049
0000044
0000045
0000042
0000040
0000055
0000071
0000062
0000040
0000036
0000045
0000044
0000040
0000051
0000068
0000068
0000055
0000044
0000036
0000038
0000044
0000040
0000034
0000047
0000068
0000071
0000058
0000042
0000029
0000033
0000044
0000040
0000027
0000029
0000042
0000051
0000055
0000053
0000045
0000042
0000038
0000027
0000018
0000016
0000025
0000044
0000060
0000057
0000040
0000031
0000027
0000018
0000012
0000025
0000044
0000034
0000014
0000023
0000047
0000057
0000051
0000047
0000038
0000003
-000019
0000045
0000130
0000101
0000011
-000002
0000033
0000031
0000005
0000000
0000011
0000016
0000016
0000018
0000020
0000014
0000014
0000045
0000082
0000091
0000071
0000038
0000009
0000003
0000016
0000016
0000014
0000027
0000042
0000029
0000003
0000000
0000011
0000023
0000029
0000014
-000010
-000013
0000000
0000020
0000033
0000025
0000009
0000012
0000029
0000047
0000055
0000025
-000013
-000006
0000023
0000025
0000012
0000025
0000045
0000038
0000014
0000005
0000009
0000003
-000002
0000009
0000029
0000034
0000033
0000033
0000033
0000023
0000011
0000014
0000025
0000020
0000001
-000013
-000019
-000008
0000011
0000014
0000009
0000014
0000023
0000020
0000011
0000016
0000025
0000018
0000003
0000000
0000011
0000040
0000066
0000064
0000040
0000016
0000005
0000012
0000031
0000033
0000025
0000029
0000040
0000042
0000034
0000031
0000023
0000003
-000015
-000012
0000003
0000005
-000002
0000005
0000020
0000025
0000025
0000029
0000029
0000016
0000000
0000001
0000012
0000014
0000009
0000007
0000007
0000011
0000014
0000012
0000009
0000009
0000012
0000016
0000022
0000027
0000033
0000029
0000023
0000023
0000031
0000034
0000034
0000022
0000003
-000012
-000013
0000000
0000020
0000027
0000025
0000025
0000027
0000022
0000016
0000027
0000042
0000033
0000011
0000001
0000007
0000020
0000029
0000007
-000023
-000015
0000012
0000018
0000009
0000011
0000018
0000014
0000009
0000023
0000045
0000036
0000012
0000003
0000007
0000007
0000005
0000001
0000000
0000003
0000007
-000002
-000012
0000001
0000020
0000018
0000005
0000011
0000022
0000016
0000001
-000002
0000007
0000020
0000029
0000016
-000002
0000016
0000049
0000055
0000036
0000020
0000009
-000010
-000015
0000020
0000062
0000053
0000014
-000006
-000002
0000003
0000014
0000036
0000055
0000045
0000020
0000018
0000025
0000001
-000028
-000019
0000012
0000027
0000027
0000023
0000023
0000031
0000040
0000034
0000025
0000031
0000045
0000044
0000029
0000011
0000014
0000080
0000158
0000171
0000086
-000140
-000321
-000129
0000209
0000209
0000001
-000039
0000038
0000060
0000034
0000005
-000010
0000016
0000057
0000060
0000038
0000020
0000011
0000005
0000009
0000031
0000058
0000069
0000060
0000029
-000004
-000010
0000009
0000023
0000036
0000055
0000066
0000044
0000009
0000003
0000020
0000036
0000047
0000040
0000027
0000023
0000031
0000042
0000047
0000027
0000003
0000011
0000033
0000031
0000014
0000020
0000036
0000031
0000018
0000025
0000042
0000044
0000029
0000011
0000000
0000018
0000044
0000023
-000015
-000015
0000009
0000018
0000016
0000023
0000033
0000031
0000025
0000033
0000038
0000016
-000010
0000001
0000034
0000049
0000045
0000033
0000018
0000011
0000009
0000012
0000014
0000009
0000003
0000009
0000022
0000023
0000023
0000042
0000057
0000034
-000002
0000001
0000025
0000022
0000000
-000002
0000011
0000031
0000042
0000023
-000006
-000006
0000012
0000016
0000011
0000001
0000000
0000009
0000023
0000023
0000012
0000000
-000008
0000005
0000022
0000012
-000013
-000024
-000023
-000010
0000003
0000003
-000006
-000012
-000012
0000001
0000011
-000004
-000021
0000001
0000040
0000044
0000027
0000023
0000027
0000029
0000022
-000004
-000028
-000012
0000022
0000016
-000010
-000006
0000012
0000012
0000001
0000000
0000003
0000012
0000018
0000018
0000007
-000023
-000045
-000030
0000005
0000012
0000003
0000000
-000002
-000013
-000028
-000032
-000026
-000023
-000019
-000013
-000008
-000006
-000002
0000007
0000016
0000014
0000001
-000017
-000028
-000021
-000004
-000004
-000017
-000023
-000021
-000023
-000024
-000023
-000019
-000019
-000023
-000019
-000017
-000024
-000035
-000034
-000030
-000043
-000061
-000065
-000054
-000035
-000017
-000004
-000006
-000023
-000043
-000043
-000030
-000015
-000012
-000021
-000039
-000065
-000081
-000063
-000028
-000012
-000015
-000019
-000026
-000043
-000058
-000052
-000037
-000039
-000046
-000024
0000001
-000004
-000032
-000043
-000037
-000032
-000028
-000035
-000050
-000067
-000074
-000059
-000032
-000015
-000019
-000037
-000061
-000069
-000058
-000034
-000012
-000023
-000045
-000041
-000017
-000004
-000008
-000032
-000054
-000039
-000008
-000006
-000030
-000054
-000076
-000113
-000131
-000074
0000003
-000015
-000076
-000046
0000027
0000034
-000013
-000076
-000118
-000092
-000034
-000026
-000050
-000048
-000032
-000035
-000046
-000052
-000043
-000015
0000007
-000017
-000059
-000067
-000048
-000037
-000039
-000048
-000058
-000043
-000024
-000041
-000076
-000085
-000076
-000070
-000069
-000061
-000050
-000039
-000030
-000032
-000039
-000043
-000050
-000065
-000087
-000107
-000115
-000087
-000045
-000034
-000045
-000045
-000037
-000035
-000045
-000072
-000098
-000087
-000058
-000054
-000069
-000078
-000078
-000063
-000046
-000043
-000052
-000074
-000087
-000061
-000023
-000028
-000061
-000078
-000078
-000081
-000083
-000069
-000050
-000046
-000052
-000061
-000061
-000043
-000026
-000046
-000080
-000080
-000052
-000032
-000023
-000017
-000019
-000034
-000050
-000054
-000043
-000023
-000004
-000006
-000023
-000048
-000067
-000050
-000021
-000015
-000032
-000043
-000045
-000035
-000024
-000035
-000048
-000032
-000004
-000015
-000043
-000039
-000019
-000017
-000030
-000046
-000052
-000023
0000009
-000021
-000074
-000069
-000034
-000037
-000061
-000050
-000023
-000008
-000008
-000012
-000017
-000013
-000008
-000017
-000028
-000023
-000008
-000012
-000024
-000030
-000030
-000030
-000028
-000021
-000012
-000008
-000008
-000010
-000010
-000008
-000004
0000001
0000007
0000005
-000004
-000013
-000023
-000037
-000043
-000013
0000023
0000020
-000004
0000003
0000025
0000022
0000001
-000004
-000002
-000002
-000002
-000004
-000002
0000016
0000033
0000014
-000017
-000002
0000031
0000016
-000021
-000024
-000004
0000014
0000027
0000029
0000023
0000018
0000012
0000018
0000025
0000025
0000020
0000020
0000020
0000011
0000000
0000003
0000016
0000018
0000014
0000014
0000016
0000016
0000018
0000027
0000040
0000038
0000027
0000022
0000023
0000033
0000040
0000036
0000022
0000012
0000011
0000011
0000014
0000016
0000020
0000036
0000053
0000040
0000009
-000019
-000028
-000010
0000023
0000049
0000057
0000036
0000014
0000036
0000069
0000047
0000003
0000020
0000068
0000082
0000068
0000053
0000038
0000020
0000007
0000011
0000022
0000027
0000027
0000034
0000044
0000042
0000034
0000033
0000036
0000042
0000044
0000036
0000025
0000034
0000051
0000053
0000049
0000062
0000075
0000049
0000012
0000022
0000055
0000057
0000042
0000047
0000066
0000073
0000073
0000071
0000064
0000038
0000009
0000011
0000029
0000034
0000029
0000025
0000027
0000036
0000045
0000036
0000022
0000036
0000062
0000062
0000049
0000047
0000053
0000051
0000044
0000049
0000057
0000044
0000025
0000025
0000040
0000057
0000062
0000047
0000027
0000027
0000044
0000055
0000060
0000064
0000062
0000055
0000044
0000031
0000022
0000033
0000051
0000062
0000057
0000027
0000001
0000022
0000060
0000057
0000031
0000036
0000058
0000051
0000025
0000007
0000005
0000027
0000057
0000060
0000045
0000038
0000034
0000016
0000000
0000012
0000034
0000018
-000010
0000018
0000069
0000071
0000038
0000022
0000023
0000027
0000031
0000031
0000029
0000031
0000034
0000029
0000023
0000031
0000038
0000023
0000005
0000031
0000068
0000045
-000002
-000002
0000025
0000018
-000006
0000001
0000027
0000038
0000033
0000011
-000008
0000003
0000027
0000016
-000010
0000001
0000031
0000038
0000025
0000014
0000009
0000011
0000016
0000003
-000012
0000005
0000036
0000040
0000027
0000034
0000045
0000020
-000013
-000004
0000027
0000031
0000012
-000002
-000015
-000035
-000046
-000024
0000009
0000014
-000004
-000023
-000035
-000041
-000032
-000010
0000011
0000011
-000006
-000019
-000023
-000015
0000001
0000012
0000014
0000003
-000015
-000015
